Mg24	22335.8	0.208499	97423.1	622.799	622.39
Si28	26053.2	0.281878	98810.8	1417.89	1417.12
O16	14895.1	0.251524	99716.7	1937.92	1937.36
Si28	26053.2	0.199922	99216.4	1624.18	1623.82
Mg24	22335.8	0.181446	98857.4	1444.66	1444.29
O16	14895.1	0.197446	97277.8	411.345	410.605
Si28	26053.2	0.372691	97975.7	823.347	822.968
O16	14895.1	0.387464	96384.6	34.6162	33.8492
O16	14895.1	2.58416	99093.6	1592.69	1589.81
Mg24	22335.8	0.148498	99159.7	1342.56	1341.75
Si28	26053.2	0.264721	96561.5	123.533	122.537
Si28	26053.2	0.407152	98659.3	1308.28	1307.79
O16	14895.1	0.390002	97245.4	419.393	418.946
O16	14895.1	0.236839	98976.2	1559.91	1559.06
Mg26	24196.5	0.128872	99761.6	1946.08	1945.75
Mg26	24196.5	0.116957	98651.6	1361.9	1361.56
Si28	26053.2	0.122426	99103.7	1583.41	1583.28
Si28	26053.2	0.228941	99444.6	1781.55	1781.25
O16	14895.1	0.388223	99295.5	1713.47	1713.06
Si28	26053.2	0.109695	97406.8	394.848	394.54
O16	14895.1	0.289456	99405	1643.17	1642.79
O16	14895.1	0.308373	98440.2	1104.34	1103.6
Mg24	22335.8	0.660347	98501.8	1146.91	1146
Si28	26053.2	0.126152	97021.2	288.109	287.715
O16	14895.1	0.249909	97870.7	857.377	857.001
O16	14895.1	0.913631	96989.9	100.586	97.6493
Si28	26053.2	0.422161	98561	1172.76	1172.03
O16	14895.1	0.226347	99055.5	1495.34	1493.55
O16	14895.1	0.245929	98367.8	1003.91	1003.61
O16	14895.1	0.189724	96484.2	142.75	142.388
Si28	26053.2	0.129169	96833	336.343	336.006
O16	14895.1	0.993979	97632.5	475.825	474.566
Mg24	22335.8	0.167336	96764.4	79.4608	79.0538
Mg26	24196.5	0.133939	99326.9	1699.92	1699.7
O16	14895.1	0.34294	96813.4	213.544	211.746
Mg24	22335.8	0.985584	98965.7	1329	1327.57
Si28	26053.2	0.288455	99489.8	1779.82	1779.33
O16	14895.1	0.291752	99515	1800.32	1799.47
Fe56	52089.8	0.0891092	98514.3	1058.62	1058.43
O16	14895.1	0.307962	97816.3	806.2	805.857
O16	14895.1	0.19231	99164	1591.95	1591.63
O16	14895.1	0.207632	99046.1	1594.52	1594.08
Fe56	52089.8	0.0558177	98259.1	1072.36	1072
O16	14895.1	0.661171	96635.3	109.092	108.429
O16	14895.1	0.758331	98788.7	1428.18	1426.96
O16	14895.1	0.36391	98513.4	1207.02	1206.48
Si28	26053.2	0.237105	99220.2	1639.01	1638.64
O16	14895.1	0.376382	98157.6	1053.77	1052.89
O16	14895.1	0.199935	96735.3	141.818	141.522
Si28	26053.2	0.154206	97874.4	896.029	894.636
O16	14895.1	0.231194	99191.8	1636.82	1636.12
O16	14895.1	0.274486	97968.3	977.434	976.836
O16	14895.1	0.301429	99576	1848.82	1848.32
Mg24	22335.8	0.162104	97863.5	852.403	852.208
O16	14895.1	0.250384	99367.2	1695.11	1694.51
O16	14895.1	0.236532	99034	1521.69	1521.2
O16	14895.1	0.829026	98796.2	1318.27	1317.22
Fe56	52089.8	0.0673993	99381.2	1737.13	1736.96
O16	14895.1	0.21249	99813.9	1999.31	1998.98
O16	14895.1	0.825956	98538.4	1156.11	1154.98
O16	14895.1	0.737339	98595.7	1260.82	1259.91
O16	14895.1	0.240285	99407	1790.34	1789.69
O16	14895.1	0.601559	98510.2	1119.94	1119.18
Si28	26053.2	0.154748	98458.6	1268.79	1268.63
Si28	26053.2	0.147438	98653.2	1335.59	1335.4
O16	14895.1	0.230814	97010.8	367.032	366.427
Si30	27913.2	0.138283	98398.5	1195.49	1195.06
O16	14895.1	0.269337	99415	1713.59	1712.56
Mg24	22335.8	0.134598	97152.5	469.622	469.413
O16	14895.1	0.85351	98973	1539.77	1538.79
Si28	26053.2	0.223421	99303.7	1718.09	1717.22
Mg24	22335.8	0.837308	96589.2	185.082	184.116
Si28	26053.2	0.124582	97779.2	670.697	670.191
Si28	26053.2	0.122267	97314.3	536.584	536.165
O16	14895.1	0.22887	98043.9	921.256	920.122
O16	14895.1	0.205343	98601.5	1262.26	1261.93
O16	14895.1	0.369768	97451.6	544.309	543.264
Mg24	22335.8	0.133899	96942.5	275.948	275.228
O16	14895.1	0.220961	99544.8	1862.93	1862.7
Si28	26053.2	0.123455	96580.8	215.046	214.83
Fe56	52089.8	0.0980602	99657.5	1889.73	1889.01
O16	14895.1	0.561634	97032.9	455.582	455.015
Mg24	22335.8	0.394618	98498.4	1190.18	1189.24
Si28	26053.2	0.110715	97827.6	812.189	811.674
O16	14895.1	0.323212	96690.6	78.5088	78.1603
Si28	26053.2	0.332854	98126.5	1012.8	1011.32
O16	14895.1	0.690851	99676.1	1939.5	1938.47
Si28	26053.2	0.333644	98995.6	1591.67	1591.12
O16	14895.1	0.489511	99357.4	1580.54	1580
O16	14895.1	0.423454	96946.9	354.21	353.733
Si28	26053.2	0.2239	99449.4	1627.74	1626.81
O16	14895.1	0.282945	98557.6	1187.19	1186.59
Mg24	22335.8	0.309927	98828.2	1273.65	1272.83
Mg24	22335.8	0.230491	96536.9	94.81	94.5357
Si28	26053.2	0.130455	98893.7	1454.71	1454.17
O16	14895.1	0.25834	99505.8	1829.23	1828.97
O16	14895.1	0.228777	96548.8	56.9956	56.7163
O16	14895.1	0.48513	99882.8	2042.22	2041.66
O16	14895.1	0.405883	97280.9	580.151	579.736
O16	14895.1	0.307194	98908.6	1443.23	1442.66
Si28	26053.2	0.115838	97905.6	930.692	930.413
O16	14895.1	0.222388	96625.1	141.118	140.856
O16	14895.1	0.192466	99795.7	1984.77	1984.08
O16	14895.1	1.10504	98723	1401.86	1400.6
O16	14895.1	0.560823	98524.3	1244.02	1243.11
O16	14895.1	0.376765	97388.6	536.95	535.541
Mg25	23268	0.125527	96566.7	179.593	179.302
Si28	26053.2	0.26965	97351.5	427.704	427.359
Mg24	22335.8	0.314507	98728.6	1338.05	1337.72
O16	14895.1	0.208887	99509.2	1782.34	1781.73
Si28	26053.2	0.11395	99339.5	1724.77	1723.97
Mg24	22335.8	0.132834	99007.9	1483.55	1482.91
Mg24	22335.8	0.144256	96480.4	70.0631	69.8648
O16	14895.1	0.252398	96962.4	287.068	286.558
Mg24	22335.8	0.213225	96468.9	75.3928	75.0101
O16	14895.1	0.541721	98700.8	1317.85	1316.5
Mg24	22335.8	0.505855	97162.8	403.951	403.378
Mg24	22335.8	1.46181	98500	1214	1211.44
Mg24	22335.8	1.48073	99848.6	2020.18	2017.7
O16	14895.1	3.1295	98554.6	1156.83	1153.45
Mg24	22335.8	0.445853	97028.5	372.287	371.608
Mg24	22335.8	0.137148	99237.4	1602.61	1602.44
Fe56	52089.8	0.416257	97227.2	461.247	460.741
Si28	26053.2	0.24858	97454.6	496.28	495.739
Mg24	22335.8	0.355187	96983.2	267.889	266.891
O16	14895.1	0.213038	97860	938.23	937.555
Si28	26053.2	0.163196	99251.8	1597.16	1596.66
O16	14895.1	0.289842	97970.3	875.342	874.834
O16	14895.1	0.219411	98812.4	1443.94	1443.61
O16	14895.1	0.299186	97212.8	460.14	459.657
O16	14895.1	0.428234	98103.3	938.006	937.294
Mg24	22335.8	0.143434	96314.8	45.7051	45.1806
Si28	26053.2	0.111401	97240	492.287	492.054
O16	14895.1	0.275807	97969.9	915.838	915.531
O16	14895.1	0.211487	99201.9	1615.61	1614.68
O16	14895.1	0.341066	99135.6	1629.11	1628.58
O16	14895.1	0.189228	97113.6	408.834	408.267
Mg24	22335.8	0.206525	96864.3	256.519	256.236
Mg24	22335.8	0.166591	99347.2	1686.58	1685.62
Mg24	22335.8	0.133382	98413.9	1108.63	1108.37
O16	14895.1	0.218429	97698.4	785.069	784.344
Mg24	22335.8	0.395144	97736	732.288	731.366
Mg24	22335.8	1.11207	98263.2	1135.23	1133.57
Si28	26053.2	0.184321	98208.9	1105.58	1104.9
O16	14895.1	0.231591	98369.8	860.507	860.22
Si28	26053.2	0.254973	97080.7	356.661	356.303
O16	14895.1	0.363244	96755.9	245.318	244.105
O16	14895.1	0.199262	99675.4	1918.22	1916.69
O16	14895.1	0.221558	97723	787.482	787.176
Si28	26053.2	0.196779	99934.7	2068.93	2068.66
O16	14895.1	0.286114	97961.3	982.21	981.215
O16	14895.1	0.242336	97474.2	634.089	633.598
O16	14895.1	0.803558	97715.5	819.358	817.805
Si28	26053.2	0.117977	96596.9	143.714	143.259
Mg24	22335.8	0.155255	97781.5	708.56	708.24
O16	14895.1	0.412864	99499	1751.2	1750.52
Fe56	52089.8	0.0570807	97771.6	825.757	825.059
Si28	26053.2	0.368036	97991.6	936.43	935.86
Mg24	22335.8	0.2328	98845.2	1385.06	1384.61
O16	14895.1	0.341424	98223.7	1024.59	1024.24
O16	14895.1	0.496863	98358.7	1157.52	1156.21
O16	14895.1	0.324113	96762.2	249.577	249.132
Fe54	50231.2	0.0627882	97885.4	881.852	881.343
O16	14895.1	0.190559	98602	1189.16	1188.94
O16	14895.1	0.288494	98132.5	917.601	917.062
Mg24	22335.8	0.161765	99690.4	1790.63	1789.72
O16	14895.1	0.301285	97715.3	831.041	830.491
O16	14895.1	0.235094	97720.3	760.815	760.358
O16	14895.1	0.215511	97973.1	892.657	891.942
Si28	26053.2	0.110656	99172	1638.45	1638.04
Mg24	22335.8	0.25498	97515.4	591.212	590.676
Si28	26053.2	0.168658	97873.1	831.097	830.603
Mg24	22335.8	0.183883	98674.6	1343.42	1343.03
O16	14895.1	0.240445	97470	632.117	631.813
Si28	26053.2	0.278933	97771.6	858.816	858.154
Mg24	22335.8	0.688864	97268.8	556.591	555.898
Si28	26053.2	0.540208	98970.3	1495.12	1493.83
Si28	26053.2	0.218897	97406.2	452.023	451.681
Si28	26053.2	0.117469	98522	1281.77	1281.46
Si28	26053.2	0.137193	98517.3	1279.44	1279.04
Si28	26053.2	0.11288	99279.4	1719.72	1719.34
Mg24	22335.8	0.17052	99752.9	1929.27	1928.6
O16	14895.1	0.435684	97673	726.029	724.458
O16	14895.1	0.261034	97615.7	671.274	670.869
O16	14895.1	0.23031	98243.6	1130.89	1130.46
Si28	26053.2	0.343501	98153.3	1005.29	1003.9
O16	14895.1	0.317924	97088.6	417.194	416.713
O16	14895.1	0.239932	97850.4	916.416	916.079
O16	14895.1	0.266478	99448.8	1793.87	1793.36
O16	14895.1	0.377327	99333.3	1687.2	1686.6
Si28	26053.2	0.787743	99197.6	1644.21	1642.2
Si28	26053.2	0.229905	98898.3	1452.03	1451.77
O16	14895.1	0.298332	98593.8	1264.06	1263.03
Si28	26053.2	0.284381	96966.6	344.143	343.336
Mg26	24196.5	0.156473	98790.1	1335.59	1334.89
Mg24	22335.8	0.239369	96383.5	119.3	118.61
Fe56	52089.8	0.112156	96444.4	22.2573	21.6889
O16	14895.1	0.500401	98945.5	1500.97	1500.01
Si28	26053.2	0.116379	99738.5	1944.38	1942.56
O16	14895.1	0.357057	99429.7	1762.87	1760.65
O16	14895.1	0.708466	99303.1	1655	1654.19
Si28	26053.2	0.290948	96943.2	364.181	363.182
Si28	26053.2	0.753228	98790.4	1412.99	1411.96
O16	14895.1	0.248304	97377.8	591.969	591.376
Fe56	52089.8	0.0785189	99525.8	1795.87	1795.56
O16	14895.1	0.200186	97314.6	383.522	382.959
O16	14895.1	0.231409	96800.3	274.492	274.216
O16	14895.1	0.233811	99697.3	1941.73	1941.26
O16	14895.1	0.217844	97196	341.031	340.757
Si28	26053.2	0.116193	98094.1	684.425	683.983
Si28	26053.2	0.278603	98893.7	1517.9	1517.06
Si28	26053.2	0.126459	96898.6	292.281	292
O16	14895.1	0.303575	98662.6	1276.93	1276.25
Mg26	24196.5	0.149399	99109.7	1505.56	1505.38
Fe56	52089.8	0.195101	97360.7	492.507	492.182
O16	14895.1	0.189762	96864.5	373.605	373.382
O16	14895.1	0.225588	98343.2	1162.74	1162.51
Mg24	22335.8	0.156327	97982.2	766.491	766.202
O16	14895.1	0.453997	97476.8	581.137	580.525
Mg24	22335.8	0.136055	96763.8	15.0023	14.7657
O16	14895.1	0.593554	98475.1	1235.95	1235.35
O18	16762	0.169873	98022.8	951.695	950.873
O16	14895.1	0.425204	98866.1	1355.48	1354.82
Si28	26053.2	0.160366	98504.3	1203.88	1203.72
O16	14895.1	0.607323	96869.5	269.081	268.471
Fe56	52089.8	0.0835497	98354	1041.65	1039.91
Mg26	24196.5	0.226399	97696.2	770.839	769.904
O18	16762	0.337226	97092.4	418.508	418.019
Si28	26053.2	0.426026	97956.5	891.038	890.533
O16	14895.1	0.19433	99525.6	1856.56	1856
Si28	26053.2	0.136529	98517.9	1221.3	1220.95
Si28	26053.2	0.14926	97660.5	804.793	803.999
O16	14895.1	0.577033	98684.9	1293.36	1292.27
Si30	27913.2	0.140484	97011.1	294.941	294.478
O16	14895.1	0.44503	99907	2041.81	2039.89
O16	14895.1	0.270563	97921.9	727.535	727.23
Si28	26053.2	0.164599	98376.4	1149.1	1148.93
Si30	27913.2	0.107787	98166.6	981.654	981.161
O16	14895.1	0.943839	96931.4	270.705	269.234
O16	14895.1	0.366575	99426.5	1751.5	1750.86
Si28	26053.2	0.136028	97611.9	705.74	705.469
Si28	26053.2	0.152368	99007.6	1496.99	1496.8
O16	14895.1	0.869183	98388.7	1178.82	1177.93
Si28	26053.2	0.262855	98184.6	1056.17	1055.15
Si28	26053.2	0.502953	96623.7	54.9616	54.3491
Si28	26053.2	0.108839	98671.3	1354.41	1353.98
O16	14895.1	0.451485	97035.3	420.764	419.688
O16	14895.1	0.717565	98007.2	767.372	766.486
O16	14895.1	0.205434	99086.8	1594.27	1593.62
O16	14895.1	0.285085	98011.7	965.501	965.128
Si28	26053.2	0.13338	96840.4	283.121	282.817
Si30	27913.2	0.394251	99717.5	1941.07	1940.63
O16	14895.1	0.546891	98638.1	1354.44	1353.62
O16	14895.1	1.17995	99870.5	2040.31	2038.23
Si28	26053.2	0.127832	99737.7	1962.48	1961.56
Si28	26053.2	0.224815	97020.6	375.594	374.615
O16	14895.1	0.262498	99793.3	1987.81	1987.42
O16	14895.1	1.26127	97769.1	833.26	831.744
O16	14895.1	1.82935	97069.4	379.02	376.84
Si28	26053.2	0.12427	97153.1	371.024	369.929
O16	14895.1	0.25902	99185.7	1621.21	1620.58
O16	14895.1	0.523152	99249.3	1591.32	1590.41
O16	14895.1	0.19851	97242.7	420.797	420.206
O16	14895.1	0.22168	99386	1682.08	1681.7
O16	14895.1	0.341087	96794	239.377	238.84
Si28	26053.2	0.178206	96448.2	40.5808	40.3809
O16	14895.1	0.195424	97841.6	744.219	743.823
O16	14895.1	0.370041	97384.9	514.059	513.221
Si28	26053.2	0.126594	99684.6	1908.63	1908.33
O16	14895.1	0.206473	98888.5	1381.16	1380.42
Mg24	22335.8	0.275012	97882.5	767.533	766.33
O16	14895.1	0.253652	96566.9	163.512	163.198
Si28	26053.2	0.202964	96753.6	214.608	214.275
Mg24	22335.8	0.546325	97067.1	334.327	333.454
O16	14895.1	0.354895	97651.1	700.774	699.807
Mg24	22335.8	0.587816	97590.5	445.821	445.183
O16	14895.1	0.479955	98294.1	1113.11	1112.61
O16	14895.1	0.751433	97316.9	549.316	548.518
O16	14895.1	0.212859	96423.4	99.0965	98.5272
O16	14895.1	0.369321	96703.7	114.177	113.495
Si28	26053.2	0.201494	99518.2	1840.26	1839.28
Si28	26053.2	0.18238	99598.6	1876.46	1876.12
Mg24	22335.8	0.173024	98329.6	1207.01	1206.77
Si28	26053.2	0.225502	96862	359.415	358.85
O16	14895.1	1.15754	97041.7	309.201	308.014
Si28	26053.2	0.12048	96952.3	193.77	193.384
Si28	26053.2	0.156545	98098.2	985.401	985.166
Si28	26053.2	0.125322	98860.7	1485.84	1485.42
O16	14895.1	0.423363	98333.6	1053.56	1052.49
Mg24	22335.8	0.403989	96842.1	279.095	278.26
Mg24	22335.8	0.141047	99347.1	1695.52	1694.84
O16	14895.1	0.249093	97519.3	633.398	632.816
O16	14895.1	0.226615	99582.8	1778.5	1777.86
Si28	26053.2	0.313447	99256.4	1590.27	1589.64
O16	14895.1	0.260662	97377.4	520.646	520.109
Mg24	22335.8	0.443015	98730.2	1327.13	1326.65
O16	14895.1	0.218817	96952.4	356.195	355.79
Mg24	22335.8	0.316407	99002.5	1468.27	1467.94
Mg24	22335.8	0.128473	99800	1958.77	1958.16
O16	14895.1	0.276691	98328.8	1051.91	1051.58
Si28	26053.2	0.109859	98517.1	1113.36	1112.75
O16	14895.1	0.295094	97229.4	474.233	473.422
O16	14895.1	0.260314	99941.2	2075.02	2073.51
O16	14895.1	1.22618	96879.2	248.74	247.478
O16	14895.1	0.280771	99082.2	1516.66	1515.4
O16	14895.1	0.236403	97126	394.334	393.978
O16	14895.1	3.5163	99437.1	1779.69	1775.07
Mg24	22335.8	0.471713	97618.4	671.889	670.335
Si28	26053.2	0.181573	96693	218.165	217.551
Si28	26053.2	0.186374	96588.1	164.268	163.449
O16	14895.1	0.202063	96985	387.451	387.086
Fe56	52089.8	0.0982611	99616.5	1902.49	1902.11
O16	14895.1	0.232078	99790.4	1993.75	1993.09
O16	14895.1	0.345782	97355.4	463.068	462.366
Si28	26053.2	0.507789	99606.6	1884.45	1883.59
O16	14895.1	0.483434	97141.8	469.68	468.601
Si28	26053.2	0.539565	99504.9	1825.24	1824.39
Si28	26053.2	0.123311	99760.1	1955.15	1954.65
Si28	26053.2	0.114448	96846.8	109.771	109.544
Si28	26053.2	0.114105	98627.1	1077.55	1077.25
Si29	26984.3	0.221714	99898	2037.11	2036.8
O16	14895.1	0.413023	98002.2	521.275	520.818
Si28	26053.2	0.236681	96640	135.935	135.561
O16	14895.1	0.246598	99802.8	1999.08	1998.68
Si28	26053.2	0.153775	99710.7	1942.42	1942.2
Si28	26053.2	0.136622	97536.8	603.917	603.78
Si28	26053.2	0.177976	97098.4	367.63	367.218
O16	14895.1	0.261791	96600.6	109.441	108.385
Mg26	24196.5	0.172183	97367	548.362	547.712
O16	14895.1	1.26731	99342.9	1706.4	1705.11
O16	14895.1	0.410686	98634.4	1287.37	1286.9
O16	14895.1	0.417477	99924	2065.3	2064.85
O16	14895.1	0.253183	99465.5	1793.58	1793.25
O16	14895.1	0.358125	97155	505.807	505.335
Si28	26053.2	0.189651	99047.9	1474.94	1474.51
Si28	26053.2	0.146944	96918.2	299.669	299.233
O16	14895.1	0.406587	98908.6	1403.16	1402.75
O16	14895.1	0.540434	98869.5	1431.3	1430.47
Mg24	22335.8	1.2512	98686.1	1324.96	1323.63
O16	14895.1	0.92604	98038.9	1004.87	1003.41
Fe54	50231.2	0.069005	98603.1	1247.18	1246.58
O16	14895.1	0.606508	99490.6	1791.79	1790.63
Si28	26053.2	0.128581	96294.6	23.929	23.7892
O16	14895.1	0.348611	97369.5	593.015	591.722
O16	14895.1	0.412325	96980	251.277	250.714
Mg24	22335.8	0.495267	99352.3	1743.29	1742.45
Si28	26053.2	0.360667	97698.9	700.617	699.891
Mg25	23268	0.773111	98382.5	1181.73	1180.94
Si28	26053.2	0.135627	98738.7	1392.92	1392.08
Mg24	22335.8	0.476787	97765.1	820.371	819.861
O16	14895.1	0.281711	96606.4	163.442	163.104
Fe56	52089.8	0.0658287	99795.2	1989.82	1988.05
O16	14895.1	0.574411	97181.6	383.871	382.979
O16	14895.1	0.367213	98813.1	1304.99	1304.6
O16	14895.1	0.262922	98663.1	1169.73	1169.17
O16	14895.1	0.367348	98944.8	1394.07	1393.44
Si28	26053.2	0.154183	97959.2	938.285	938.027
Mg26	24196.5	0.139247	98304.7	1090.45	1090.31
Si29	26984.3	0.233897	99672.3	1903.31	1902.34
O16	14895.1	0.302297	98691.5	1322.36	1321.32
Mg24	22335.8	0.313922	96761.1	203.353	202.014
Si28	26053.2	0.855619	96368.3	53.1664	51.8977
O16	14895.1	0.644182	98327.9	930.421	929.721
O16	14895.1	0.309916	96986.3	412.971	412.313
O16	14895.1	0.895379	98661.8	1315.66	1314.73
O16	14895.1	0.207321	99159.5	1604.68	1604.37
Mg24	22335.8	0.162386	97483.6	624.589	624.298
Si28	26053.2	0.231396	96530.6	25.4216	25.1395
Mg24	22335.8	0.18339	98344.6	1132.58	1132.23
O16	14895.1	0.468987	99209.4	1676.14	1675.32
Si28	26053.2	0.153503	97209.2	501.998	501.293
Si28	26053.2	0.114051	99936.9	2055.7	2055.25
Fe57	53021.7	0.154978	97536.5	622.2	621.97
O16	14895.1	0.223916	99382.1	1744.55	1744.2
Si28	26053.2	0.172333	97716	714.068	713.726
Mg24	22335.8	1.83746	99468.7	1764.94	1762.83
Mg24	22335.8	0.21612	97131.7	564.521	564.225
Mg24	22335.8	0.324773	98923.8	1283.84	1282.9
Si28	26053.2	0.258334	98436.4	1047.22	1046.71
O16	14895.1	0.269585	99630.1	1876.9	1875.99
Mg24	22335.8	0.502315	99198.2	1637.31	1636.02
Mg24	22335.8	0.80243	98669.8	1326.19	1325.38
Si28	26053.2	0.121601	97341.3	456.638	456.395
O16	14895.1	0.210312	99441.2	1611.93	1611.69
O16	14895.1	1.32385	98689.6	1370.76	1368.85
Mg25	23268	0.197545	98672.2	1352.38	1351.36
O16	14895.1	0.265241	98911.3	1345.4	1344.78
Mg24	22335.8	0.136507	99033.9	1475.9	1475.72
Si28	26053.2	0.300263	99342.3	1752.2	1751.29
O16	14895.1	0.203866	99053.7	1556.87	1556.33
Mg24	22335.8	0.603516	97712.2	657.655	656.989
O16	14895.1	0.510332	96853	312.244	311.637
Si28	26053.2	0.140316	98476.7	1190.16	1189.81
O16	14895.1	0.360891	96968.3	411.882	411.213
O16	14895.1	0.38844	99364.3	1740.12	1738.99
Si28	26053.2	0.111445	98804.2	1294.99	1294.77
Si28	26053.2	0.121432	98496.9	1232.69	1232.24
Mg24	22335.8	0.137448	98197.6	1061.05	1060.79
O16	14895.1	0.683464	99205.3	1637.2	1636.29
O16	14895.1	0.239701	96380.9	35.5286	35.177
O16	14895.1	0.28324	96948	291.136	290.789
O16	14895.1	0.315788	96912.9	276.123	275.475
Mg24	22335.8	0.200158	99386.1	1678.36	1677.58
O16	14895.1	0.51479	96850.8	260.326	259.358
O16	14895.1	0.261757	98245.4	1045.68	1045.23
O16	14895.1	0.193619	99780.8	1984.6	1984.21
Si28	26053.2	0.40043	97136.9	459.587	459.181
Fe56	52089.8	0.316875	99762.7	1978.38	1978.02
O16	14895.1	0.35616	98705.5	1183.19	1182.81
Fe56	52089.8	0.057255	99987.3	2098.42	2096.91
O16	14895.1	0.19971	97024.7	385.637	385.383
O16	14895.1	0.233552	97084.6	294.051	293.734
Si28	26053.2	0.125205	96991.5	347.555	346.521
Si28	26053.2	0.110566	97358.8	557.784	557.58
O16	14895.1	0.46143	96927.8	353.951	353.119
Si28	26053.2	0.142665	99763.4	1966.18	1965.97
O16	14895.1	0.222267	99222.9	1540.06	1539.56
Si28	26053.2	0.113963	98741.7	1276.17	1275.88
O16	14895.1	0.811616	99855.8	2024.17	2023
O16	14895.1	0.38825	99344.7	1677.65	1676.84
Mg24	22335.8	0.146545	98763.1	1342.57	1342.14
O16	14895.1	0.207952	98972.7	1423.86	1422.72
Mg26	24196.5	0.301138	99834.4	2018.3	2017.26
Mg24	22335.8	0.274269	96831.8	205.723	205.435
Mg24	22335.8	0.218943	96762	90.7835	90.1886
O16	14895.1	1.53431	97412.5	455.194	453.263
Si28	26053.2	0.145618	97985.7	895.018	894.54
Mg26	24196.5	0.15276	97825	753.042	751.885
O16	14895.1	0.280062	97510.8	653.072	652.207
O16	14895.1	0.254583	97634.4	671.285	670.422
Si29	26984.3	0.12429	98998.1	1526.29	1525.79
Mg25	23268	0.128674	97115.1	468.606	468.027
O16	14895.1	0.243282	97096.8	426.682	426.412
Mg24	22335.8	0.198999	96924.6	314.321	313.703
O16	14895.1	0.302622	99886	2041.81	2041.21
O16	14895.1	0.217447	99214.2	1516	1515.66
O16	14895.1	0.322951	97897.7	787.846	786.619
O16	14895.1	0.238315	97939.9	949.1	948.861
O16	14895.1	0.21543	98915.2	1459.33	1458.97
Mg24	22335.8	0.352105	97652.3	772.79	771.638
O16	14895.1	0.240582	96565	160.113	159.832
O16	14895.1	0.256515	96502	41.0153	40.6566
O16	14895.1	0.2747	99948.6	2076.73	2076.12
O16	14895.1	0.358106	98684.2	1369.84	1369.21
O16	14895.1	0.412436	97036.7	348.169	347.503
O16	14895.1	0.627061	99063.7	1593.27	1592.54
O16	14895.1	0.235784	98026.4	793.844	793.461
O16	14895.1	0.32745	96775.9	269.347	267.923
Si28	26053.2	0.235373	96701.2	203.036	202.531
Si29	26984.3	0.11063	97459.8	586.722	586.006
Mg24	22335.8	0.522925	98704.8	1348.08	1346.76
Si28	26053.2	0.117046	99846	1998.97	1998.62
Si28	26053.2	0.254932	98180.6	914.156	913.721
Mg24	22335.8	0.204939	97351.5	479.556	479.301
Si28	26053.2	0.215546	97627.9	729.364	729.115
Mg26	24196.5	0.271855	99126	1537.56	1537.02
O16	14895.1	0.239326	98583.8	1212.17	1211.66
Si28	26053.2	0.518557	98469.4	1250.83	1250.23
O16	14895.1	0.469235	97535.3	570.458	569.6
Si28	26053.2	0.124427	98271.2	934.695	934.254
Si28	26053.2	0.121275	96941	367.911	367.435
O16	14895.1	0.596933	97784.5	677.298	676.222
O16	14895.1	0.500596	99095.4	1570.35	1569.65
O16	14895.1	0.347358	99778.2	1988.3	1987.42
Si28	26053.2	0.152539	98998.8	1384.62	1384.15
O16	14895.1	0.429854	98122.8	1019.01	1018.52
Si28	26053.2	0.112736	96377.1	11.6258	11.3869
O16	14895.1	0.212104	98669.9	1265.24	1264.58
Fe56	52089.8	0.0616237	99129.2	1571.47	1571.35
Si28	26053.2	0.230509	99949.5	2079.16	2078.48
O16	14895.1	0.214805	99525	1832.16	1831.71
Mg24	22335.8	0.401582	96918.7	338.362	337.831
O16	14895.1	0.398092	98778.9	1416.25	1415.83
O16	14895.1	0.55877	98581.4	1129.4	1128.67
Si28	26053.2	0.306045	99514.8	1797.66	1795.95
Si30	27913.2	0.11952	98351.5	1145.83	1145.5
O16	14895.1	0.272331	99127.1	1602.27	1600.8
O16	14895.1	0.699647	97265.4	373.152	372.359
Si28	26053.2	0.137089	96359.9	14.6819	14.0473
O16	14895.1	0.406828	99837.3	1997.3	1996.74
Si28	26053.2	0.177551	98006.9	808.258	807.389
Si28	26053.2	0.129394	97806.6	701.098	700.697
O16	14895.1	0.205433	99290.7	1693.41	1693.16
O16	14895.1	0.359773	98515.9	1202.29	1201.93
Mg24	22335.8	0.201447	97555.3	730.396	729.689
Si28	26053.2	0.286198	98988.9	1479.44	1478.58
Mg24	22335.8	0.301598	97944.5	908.859	908.351
Si28	26053.2	0.459449	97778.4	745.708	745.156
Si28	26053.2	0.21324	98674.3	1359.2	1357.79
O16	14895.1	0.191787	96463.8	103.879	103.275
Mg24	22335.8	0.316401	96365.9	34.5814	34.2364
Si28	26053.2	0.117347	99140.1	1559.3	1558.66
O16	14895.1	0.18999	96618.3	203.664	202.795
O16	14895.1	0.726205	97538.6	564.605	563.134
Si28	26053.2	0.192285	98347.1	1046.69	1046.25
Mg24	22335.8	0.499148	99217.6	1650.82	1650.06
Mg24	22335.8	0.127785	98197.5	1081.51	1081.2
Si28	26053.2	4.6924	99022.2	1553.39	1547.86
Si28	26053.2	0.113401	96946.2	341.386	341.163
Si30	27913.2	0.104988	97155.8	460.005	459.781
Fe56	52089.8	0.0940738	98347.7	988.036	987.581
O16	14895.1	0.835358	96653.6	187.802	186.884
Si28	26053.2	0.120547	98478.6	987.876	987.435
O16	14895.1	0.264252	97125.7	487.937	487.419
O16	14895.1	0.225539	98522.9	1212.15	1211.7
O16	14895.1	0.239774	98098.2	810.458	808.695
Si28	26053.2	1.16595	98228.3	1001.76	1000.33
Fe56	52089.8	0.0747106	99820.8	2002.74	2002.47
Si28	26053.2	0.11084	97754.1	863.973	863.383
O16	14895.1	0.207208	97374.4	557.561	557.157
Mg26	24196.5	1.05127	96616.3	82.8344	81.327
Si28	26053.2	0.132136	97572.7	750.276	749.601
O16	14895.1	0.277485	97732.8	813.318	812.368
Si28	26053.2	0.116152	96817.3	235.862	235.739
Fe56	52089.8	0.0976465	97071.5	386.374	386.225
Si28	26053.2	0.440743	99001.2	1346.63	1345.81
Fe56	52089.8	0.0541289	97243.4	533.393	533.126
Si29	26984.3	0.120719	98723.9	1340.94	1340.57
O16	14895.1	0.787406	97652.6	687.56	686.361
Si28	26053.2	0.112663	97680.7	773.926	773.564
O16	14895.1	0.295188	97196.6	364.65	364.246
Mg25	23268	0.172456	96867.4	309.11	308.487
Si28	26053.2	0.325346	97879.3	759.066	758.532
O16	14895.1	0.206142	97664.2	645.029	644.626
Mg24	22335.8	0.216352	99694.3	1929.8	1929.45
Si29	26984.3	0.21916	99213.1	1554.03	1553.59
O16	14895.1	0.493008	97721	838.005	837.426
O16	14895.1	0.385783	97890.6	942.48	941.604
Mg26	24196.5	0.168507	98672.4	1235.76	1235.51
Si29	26984.3	0.584242	98766.7	1409.23	1408.54
Mg24	22335.8	0.200161	97086.5	354.726	354.37
Si28	26053.2	0.144605	96767.8	188.966	188.657
Mg24	22335.8	0.205937	96726.5	195.625	194.231
O16	14895.1	0.19288	98289	1122.1	1121.42
O16	14895.1	0.551804	99506.3	1805.9	1805.27
O16	14895.1	0.767178	96962.6	262.057	260.839
O16	14895.1	0.41807	98771.8	1403.38	1401.24
O16	14895.1	0.23971	96592	115.76	114.683
O16	14895.1	0.229945	97612.6	670.758	670.211
O16	14895.1	0.194714	99552.3	1785.74	1785.11
O16	14895.1	0.206421	96929.6	192.607	191.928
O16	14895.1	0.310306	98640.7	1227.51	1226.36
O16	14895.1	0.529872	96620.2	56.5855	55.6889
Si28	26053.2	0.216646	98028.8	1014.33	1014.01
O16	14895.1	0.395606	97377.8	550.322	549.638
O16	14895.1	0.189222	98114	986.069	985.509
Fe56	52089.8	0.112726	99198.1	1631.48	1630.72
O16	14895.1	0.243653	97536.3	636.907	636.653
Si28	26053.2	0.218495	96782	243.702	243.472
Mg24	22335.8	0.137508	98153.2	1020.41	1019.78
O16	14895.1	0.369377	96354.2	31.8829	31.2988
O16	14895.1	0.535272	96821.7	151.754	151.108
O16	14895.1	0.294501	98035.7	947.1	946.445
Mg24	22335.8	0.335697	98438.4	1196.21	1194.89
Fe54	50231.2	0.0762346	98762.5	1362.15	1361.95
O16	14895.1	1.70934	96628	133.473	131.307
Mg24	22335.8	0.149587	98986.2	1491.12	1490.81
O16	14895.1	0.259653	98851.3	1413.41	1412.84
O16	14895.1	0.461026	99737.5	1923.14	1922.19
O16	14895.1	0.433301	97867	795.137	794.422
Si28	26053.2	0.129259	98973.4	1439.54	1439.38
Fe56	52089.8	0.107047	96614.2	38.2144	37.7747
O16	14895.1	0.315012	96818.7	288.651	288.176
O16	14895.1	0.25324	99035.4	1574.02	1573.54
O16	14895.1	0.306775	99780.2	1956.34	1955.98
Mg24	22335.8	0.172707	97241.1	574.711	573.68
Si28	26053.2	0.111567	96976.6	430.431	430.007
Si28	26053.2	0.132245	97226.4	398.512	398.176
Si28	26053.2	0.110035	99587.4	1879.15	1879.02
O16	14895.1	0.324749	99693.6	1907.07	1906.49
Mg24	22335.8	0.371077	96652.8	164.678	164.302
Si28	26053.2	0.141482	99716.2	1822.05	1821.3
Si28	26053.2	0.108794	98024.1	880.293	879.784
O16	14895.1	0.196125	97264.1	572.497	572.212
Fe56	52089.8	0.0806139	98943.2	1510.22	1510.01
Mg24	22335.8	0.703587	99509.5	1822.62	1821.77
O16	14895.1	0.353733	96650.1	73.7084	73.3467
Si28	26053.2	0.453712	97418.5	595.761	595.07
Mg24	22335.8	0.364774	98107.8	994.134	992.897
Si28	26053.2	0.190419	97848.5	709.043	708.64
O16	14895.1	0.665889	98915.4	1314.14	1313.46
Mg24	22335.8	0.150651	98584.3	1290.2	1289.84
O16	14895.1	0.256799	98204.2	1063.31	1062.64
Si28	26053.2	0.259405	96955.3	269.276	268.768
Si28	26053.2	0.586379	97503.8	671.193	669.976
Si28	26053.2	0.299823	96478.6	53.8949	53.2125
Si28	26053.2	0.175841	99080	1583.78	1582.76
O16	14895.1	0.218198	97752.4	577.416	576.881
O16	14895.1	0.370762	98347.6	1201.76	1201.34
Mg24	22335.8	0.213142	99486.2	1788.32	1787.54
Si28	26053.2	0.166106	98399.8	1114.32	1113.68
O16	14895.1	0.198918	99445.6	1797.61	1797.41
O16	14895.1	0.289286	99428.5	1621.48	1620.21
Si28	26053.2	0.284606	98088.3	980.564	979.157
Fe56	52089.8	0.0780402	97234.6	462.669	462.367
Si28	26053.2	0.379869	96846.5	285.643	285.199
Si28	26053.2	0.147665	96726	297.928	297.271
Si28	26053.2	0.152757	99857.6	2026.94	2026.58
Si28	26053.2	0.186044	97519.4	641.313	640.807
O16	14895.1	0.259044	98038.7	826.973	826.437
Mg24	22335.8	0.13293	97990.5	803.843	803.587
O16	14895.1	0.326858	96616	267.693	267.109
Si28	26053.2	0.179569	99079.8	1561.53	1561.24
Mg24	22335.8	0.280971	98768.5	1401.6	1401.09
O16	14895.1	0.236338	96692.8	218.083	217.685
Si28	26053.2	0.118207	98558	1221.34	1220.86
O16	14895.1	0.283685	99643.2	1889.5	1888.83
O16	14895.1	0.357121	96347.6	16.0232	15.6576
Mg24	22335.8	0.245182	98978.9	1549.47	1549.02
O16	14895.1	0.361682	98381.5	1145.39	1144.95
O16	14895.1	0.666037	98419.3	1215.04	1214.23
Mg26	24196.5	0.133833	99604.7	1862.39	1861.14
Si28	26053.2	0.113479	99564.2	1821.04	1820.53
Si28	26053.2	0.499525	98333.9	1057.85	1057.29
Mg26	24196.5	0.572352	96582.5	66.6926	65.6702
Si28	26053.2	0.248415	98810.4	1289.28	1288.85
Mg24	22335.8	0.16399	97207.7	462.57	462.261
Fe56	52089.8	0.0564141	98643.4	1316.89	1316.76
Fe56	52089.8	0.265103	97030.9	412.517	411.092
O16	14895.1	1.51062	98051	969.244	967.712
Fe56	52089.8	0.103816	98180.5	948.795	948.336
Mg24	22335.8	0.15984	97311.9	513.291	512.744
O16	14895.1	0.223882	98685.4	1298.76	1298.12
O16	14895.1	0.2503	96880	249.977	249.679
O16	14895.1	0.380505	97947	900.936	900.32
Fe56	52089.8	0.0579613	97313.8	470.562	470.363
O16	14895.1	0.505955	98729.6	1388.05	1387.36
O16	14895.1	0.374077	96785.3	209.375	208.835
O16	14895.1	0.27936	99828.3	2008.06	2007.56
Mg24	22335.8	0.156465	99766.5	1980.03	1979.13
Si28	26053.2	0.308175	98012.9	962.464	962.132
O16	14895.1	0.357357	96513.4	137.744	137.102
Si28	26053.2	0.283159	99599.2	1875.04	1874.42
O16	14895.1	0.286409	97507.1	587.728	587.046
Si30	27913.2	0.423986	96963	328.638	326.806
Si28	26053.2	0.12447	99616.9	1881.74	1881.46
O16	14895.1	0.198637	97435.6	558.532	558.194
Si28	26053.2	0.158343	98384.3	1174.38	1172.95
Mg24	22335.8	0.39171	97918.8	864.023	863.446
Mg24	22335.8	0.694076	98890.8	1475.14	1474.31
Si28	26053.2	0.178644	98013.2	882.892	882.031
Mg24	22335.8	0.21079	99459.2	1795.91	1795.63
Fe56	52089.8	0.0685771	97819.8	727.528	726.873
Si28	26053.2	0.262618	97749.8	842.932	842.654
O16	14895.1	0.286821	98974.7	1442.65	1441.85
Si28	26053.2	0.118832	97780.8	583.278	582.869
O16	14895.1	0.281441	97422.7	628.004	627.521
O16	14895.1	0.486189	96783.6	147.763	146.919
O16	14895.1	0.323383	97244.7	238.83	237.286
O16	14895.1	0.694787	98174.9	1012.6	1011.88
Si28	26053.2	0.150213	96757.2	211.582	211.333
Si28	26053.2	0.109867	98544	1000.47	1000.34
Si28	26053.2	0.30602	96577	68.4051	68.0445
O16	14895.1	1.02672	97731.8	766.014	763.978
Mg25	23268	0.137789	99857.4	2025.2	2024.49
O16	14895.1	0.291918	97719.1	701.418	701.081
Si28	26053.2	0.156823	98948	1508.41	1507.91
O16	14895.1	0.258372	97630.1	817.729	817.447
O16	14895.1	0.51863	98809.3	1370.82	1370.29
Si28	26053.2	0.180314	97996.2	1005	1004.78
O16	14895.1	0.759366	99176.8	1606.58	1605.4
Si28	26053.2	0.109267	98154.5	999.102	998.739
O16	14895.1	0.435623	97143.3	449.198	447.908
O16	14895.1	0.211916	97895	713.018	712.492
neutron	939.565	5.21781	97715.3	763.972	501.928
N14	13040.2	3.21657	97715.3	763.972	501.928
O16	14895.1	0.256446	98027.7	931.963	931.426
Si28	26053.2	0.184846	98362.1	1191.54	1191.29
O16	14895.1	0.244584	98262.8	962.308	962.058
O16	14895.1	1.28218	97993.4	868.868	867.489
Mg24	22335.8	0.174862	97167.4	413.348	412.761
O16	14895.1	0.198902	98839.1	1486.87	1486.3
Si28	26053.2	0.295088	96607.9	249.727	248.443
O16	14895.1	0.338525	96814.6	335.563	334.413
O16	14895.1	0.616802	99102.2	1607.5	1606.48
Si28	26053.2	0.11536	97123.4	429.006	428.758
Si28	26053.2	0.279762	98284.2	1053.5	1052.48
Si28	26053.2	0.404502	98097.3	924.76	923.652
Si28	26053.2	0.110934	96443.2	34.224	33.9766
Mg24	22335.8	0.274385	97012.8	453.962	453.341
Mg24	22335.8	0.299613	99238.9	1663.23	1662.88
Si28	26053.2	0.318733	98922.3	1447.81	1446.02
O16	14895.1	1.13492	99654.1	1912.11	1909.81
Si28	26053.2	0.150203	97170.5	502.363	501.421
Si28	26053.2	0.127094	97317.5	505.413	505.202
O16	14895.1	0.220859	98020.8	980.132	979.372
Si28	26053.2	0.126658	98762	1413.75	1413.24
O16	14895.1	0.226512	98246.3	997.361	996.329
O16	14895.1	0.4623	97131.1	375.04	373.978
Mg24	22335.8	0.244017	98472.9	1255.62	1253.85
Si28	26053.2	0.137823	98016.7	843.09	841.953
Si28	26053.2	0.130402	96542.7	137.853	137.545
O16	14895.1	0.323378	99534.4	1837.68	1836.75
O16	14895.1	0.359108	97500.7	675.989	674.645
O16	14895.1	0.217099	98222.7	1081.01	1080.26
Mg24	22335.8	0.503306	97856.3	821.267	820.565
O16	14895.1	0.263582	97251.9	401.754	400.854
O16	14895.1	0.848707	96325	29.9306	28.9008
Mg24	22335.8	0.140737	96868.1	269.922	269.653
O16	14895.1	0.951052	97255.4	573.29	571.818
O16	14895.1	0.430802	97195.8	537.061	536.306
O16	14895.1	0.280181	97896.7	762.298	761.958
Mg24	22335.8	2.48268	97268.1	400.796	397.035
O16	14895.1	0.442113	98556.9	1200.82	1200.37
Mg26	24196.5	0.222404	97985.9	969.496	969.093
Mg24	22335.8	0.599367	97810.3	748.483	747.551
O16	14895.1	0.236372	98468.2	1224.67	1224.07
O16	14895.1	0.22362	97080.4	348.723	348.037
Fe56	52089.8	0.0736863	96849.1	248.941	248.752
Si28	26053.2	0.151142	99872.5	2027.78	2026.87
O16	14895.1	0.190234	97711.4	783.056	782.259
Mg26	24196.5	0.217996	99613.2	1901.76	1901.03
O16	14895.1	0.517921	97143.9	367.604	367.064
Mg26	24196.5	0.126465	98794.1	1382.1	1381.73
Mg24	22335.8	0.20722	97690.1	619.959	619.538
Mg25	23268	0.130298	98256.8	905.416	905.197
O16	14895.1	0.281158	96919.6	279.722	279.388
Mg24	22335.8	0.138784	99076	1564.05	1563.79
O16	14895.1	0.193471	97574.2	601.165	600.609
O16	14895.1	0.195263	99305	1564.43	1564.18
O16	14895.1	0.212828	97250.6	582.717	580.685
O16	14895.1	0.296547	99906.7	2057.73	2057.41
Mg24	22335.8	0.201084	99848.1	2031.02	2030.8
O16	14895.1	0.218442	99389.7	1702.89	1702.37
neutron	939.565	12.2699	99717.3	1963.21	1646.56
alpha	3727.38	4.34688	99717.3	1963.21	1646.56
Be8	7454.85	7.96575	99717.3	1963.21	1646.56
O16	14895.1	1.32597	96624.5	57.1952	54.9945
O16	14895.1	0.717196	97323.5	489.35	487.938
O16	14895.1	0.250191	98448.4	1100.51	1100.26
Si30	27913.2	0.119869	97955.6	904.482	904.046
Mg24	22335.8	0.976113	99869.7	2040.06	2038.86
Fe56	52089.8	0.0927936	96464.5	25.6319	25.4397
O16	14895.1	0.19518	99104.9	1564.7	1564.4
O16	14895.1	0.262451	99835.4	1844.43	1844.04
O16	14895.1	0.328277	98230.2	966.749	966.348
O16	14895.1	5.31393	97976.4	905.647	899.716
O16	14895.1	0.264397	99123.1	1597.96	1597.14
O16	14895.1	0.460977	99407.2	1768.99	1767.82
Si28	26053.2	0.114665	99775.9	1873.91	1873.16
Si28	26053.2	0.226837	99143.7	1494.66	1494.39
O16	14895.1	0.730678	98874.8	1486.49	1485.74
O16	14895.1	1.81178	99404.7	1748.27	1745.5
Mg24	22335.8	0.213547	98780.7	1381.5	1381.12
O16	14895.1	0.720537	97250.1	498.032	496.752
O16	14895.1	0.241647	99883.2	2040.32	2039.64
O16	14895.1	0.445687	99380	1745.99	1744.96
O16	14895.1	0.218058	97419.4	594.451	592.872
O16	14895.1	0.454399	97248.9	469.509	468.968
Mg24	22335.8	0.182654	98169.3	1075.76	1074.05
O16	14895.1	1.71534	99873.2	2019.61	2017.75
O16	14895.1	0.985992	97937.4	903.043	901.886
O16	14895.1	0.591513	99031.9	1517.02	1516.4
Si28	26053.2	0.109223	99825.7	1997.35	1996.78
O16	14895.1	0.19644	98049.8	823.643	822.997
Mg25	23268	0.319619	97887.8	936.052	934.673
Mg24	22335.8	0.541306	97842.3	733.615	732.797
O16	14895.1	0.195534	97010.6	431.385	431.161
C14	13040.9	1.98984	99432.1	1783.37	1550.03
O16	14895.1	0.202612	99121.2	1615.1	1614.75
Mg24	22335.8	0.23234	98656.2	1379.98	1379.48
O16	14895.1	0.782809	97342.3	489.894	489.107
Si28	26053.2	0.209912	99710.4	1945.85	1945.1
O16	14895.1	0.620561	97755.4	781.824	780.971
Mg24	22335.8	0.155444	97170.9	372.685	372.149
O16	14895.1	0.729829	99507	1812.32	1811.34
O16	14895.1	0.200465	97350.5	442.973	442.67
Si28	26053.2	0.140694	98999	1465.47	1464.79
O16	14895.1	0.263429	98148.8	976.933	976.646
O16	14895.1	0.325574	99640.1	1906.03	1905.32
Si28	26053.2	0.112354	96630.3	99.1994	98.8222
Si29	26984.3	0.234284	98827.2	1389.88	1389.51
O16	14895.1	0.297153	98416.6	1189.29	1188.57
Fe56	52089.8	0.0566682	96414.1	20.5462	20.1907
O16	14895.1	0.199561	98353.7	951.628	951.411
Si28	26053.2	0.180451	96515.2	161.693	160.922
Si28	26053.2	0.169357	99640.8	1832.05	1830.42
O16	14895.1	0.767309	99423.9	1653.74	1652.5
O16	14895.1	0.520002	97529.4	566.909	566.008
Si28	26053.2	0.20646	97238.4	479.128	478.846
Fe56	52089.8	0.191792	96914.6	208.165	207.635
O16	14895.1	0.345433	97775.7	764.035	763.121
Si28	26053.2	0.116732	99102.3	1625.02	1624.88
Si28	26053.2	0.274964	99218.3	1608.36	1607.41
O16	14895.1	0.6419	97560	520.046	519.317
O16	14895.1	0.199995	96558.8	153.806	153.105
O16	14895.1	1.2687	97948.7	874.016	872.669
Mg24	22335.8	0.207074	98858.2	1399.72	1399.26
Si28	26053.2	0.141336	99529.7	1785.25	1784.72
O16	14895.1	0.239884	99487.2	1761.78	1761.12
Fe56	52089.8	0.0711913	96460.6	13.0548	12.5745
Si28	26053.2	0.267686	99240.8	1492.92	1492.56
O16	14895.1	0.283197	97690.3	681.46	681.168
Mg24	22335.8	0.14258	99399.5	1712.06	1711.86
O16	14895.1	0.297927	98614.5	1315.97	1315.04
Mg25	23268	0.27885	96586.8	198.989	198.663
O16	14895.1	0.430653	99133.8	1588.03	1587.55
Si28	26053.2	0.178329	97167.7	478.126	477.418
O16	14895.1	0.212575	97125.8	552.221	551.925
Mg24	22335.8	0.157667	96864.2	312.158	311.947
Si28	26053.2	0.141532	96529.9	128.173	127.501
Si28	26053.2	0.196837	99365.4	1726.93	1726.54
Si28	26053.2	0.123313	97227.5	412.668	412.375
Mg24	22335.8	0.132718	98924.9	1489.46	1489.04
O16	14895.1	0.331033	99078.5	1561.7	1561.36
O16	14895.1	0.320792	99097.8	1562.45	1561.71
O16	14895.1	2.78806	99517.6	1844.8	1841.67
O16	14895.1	0.487326	98923.6	1412.09	1411.56
O16	14895.1	0.263666	98341.2	1161.43	1160.16
Fe56	52089.8	0.107099	98200.6	956.33	955.901
O16	14895.1	0.654532	98793.3	1421.38	1420.32
Mg24	22335.8	0.161333	98718.4	1357.69	1357.04
O16	14895.1	0.342538	99606.2	1855.03	1854.6
O16	14895.1	0.529623	98480.1	1137.47	1135.97
O16	14895.1	0.433755	98855	1440.84	1440.37
O16	14895.1	0.280977	98406.4	1178.97	1178.67
O16	14895.1	0.248801	97443.4	631.872	631.325
Si28	26053.2	0.108112	96399.7	75.5197	75.3525
Mg25	23268	0.355819	99696	1850.78	1850.42
Si28	26053.2	0.115147	98931.2	1536.07	1534.13
O16	14895.1	0.889724	97828.2	659.34	658.161
Si28	26053.2	0.153036	98953.2	1527.76	1527.22
O16	14895.1	0.22488	98732.3	1361.3	1360.11
Si28	26053.2	0.114566	99152.1	1621.69	1620.95
O16	14895.1	0.485586	99607.7	1846.18	1845.43
Mg24	22335.8	0.145489	99964.4	2085.73	2085.22
O16	14895.1	0.272317	98108.5	917.044	916.627
O16	14895.1	0.190146	96873.3	108.326	107.809
O16	14895.1	0.339519	96789.8	164.885	164.373
Si28	26053.2	0.875415	98873.8	1381.27	1380.33
O16	14895.1	1.3459	99765.7	1974.81	1972.66
O16	14895.1	0.211305	99444.8	1794.18	1793.82
O16	14895.1	0.512962	98320.6	1098.07	1097.53
O16	14895.1	0.284759	99905.4	2047.42	2047.05
O16	14895.1	0.318983	96569.2	112.846	112.408
O16	14895.1	1.71402	98051.5	908.935	906.351
O16	14895.1	0.281947	96372.1	57.9687	57.4882
O16	14895.1	0.299962	99858	2021.72	2021.28
O16	14895.1	0.468683	98226.8	993.524	993.012
Si28	26053.2	0.158737	97239.5	371.535	370.946
Si28	26053.2	0.813782	98402.6	1110.13	1108.5
Mg26	24196.5	0.142709	99469	1587.26	1586.92
Si28	26053.2	0.399722	96399.2	90.4508	89.8496
O16	14895.1	0.631945	98527.2	1102.87	1101.77
O16	14895.1	0.628521	98131.1	969.482	968.795
Si28	26053.2	1.88782	96639.3	269.412	267.16
Mg24	22335.8	1.45399	97795.6	801.134	798.829
Mg26	24196.5	0.234524	98075.5	949.774	949.315
Si28	26053.2	0.449281	97489.7	548.351	547.702
Mg24	22335.8	0.183665	97890.7	867.567	867.056
Mg24	22335.8	0.126776	96492.5	25.4793	25.0664
O16	14895.1	0.191955	97510.7	613.149	612.874
O16	14895.1	0.390083	99190.8	1637.78	1637.34
Si28	26053.2	0.157179	98015.4	889.574	889.018
Fe56	52089.8	0.146494	98186.8	1080.14	1079.99
O16	14895.1	0.302416	97024.5	392.358	391.906
O15	13971.2	1.29937	97642	714.172	497.122
O16	14895.1	0.279094	97048.4	492.308	491.863
O16	14895.1	0.312709	99214.3	1593.73	1592.72
O16	14895.1	0.227894	99857.1	2030.14	2029.78
O16	14895.1	0.281665	96769.4	94.6939	94.1953
Si28	26053.2	0.112414	99977.9	2089.65	2089.36
Mg24	22335.8	1.21755	96733.2	142.361	140.691
O16	14895.1	0.424711	99777.8	1950.54	1949.77
O16	14895.1	0.383467	98413.8	1144.36	1143.86
O16	14895.1	0.418475	99302.9	1717.38	1715.11
Si28	26053.2	0.14689	96711.6	266.024	264.948
O16	14895.1	0.484128	97816.8	753.428	752.183
O16	14895.1	0.721463	98304.9	1109.32	1108.43
Mg24	22335.8	0.166455	97159.4	457.132	456.924
Mg24	22335.8	0.156818	99870.1	2034.71	2034.2
O16	14895.1	1.53919	97655.2	659.818	658.248
Mg24	22335.8	0.200595	98636.8	1259.4	1258.07
O16	14895.1	0.197612	96600.7	224.721	224.296
O16	14895.1	0.20304	99486.3	1805.41	1805.16
Mg24	22335.8	0.260591	97704.2	782.105	781.539
neutron	939.565	12.4734	99644.9	1750.21	1505.54
neutron	939.565	8.80369	99644.9	1750.21	1505.54
neutron	939.565	1.90071	99644.9	1750.21	1505.54
alpha	3727.38	27.4829	99644.9	1750.21	1505.54
alpha	3727.38	1.12539	99644.9	1750.21	1505.54
alpha	3727.38	15.9335	99644.9	1750.21	1505.54
O16	14895.1	0.280888	97851.4	766.019	765.171
O16	14895.1	0.307225	98003.1	670.418	669.774
Si28	26053.2	0.135942	99370.7	1697.58	1696.77
Si28	26053.2	0.337054	96619.5	145.458	145.044
O16	14895.1	0.34769	96760.5	196.658	196.096
O16	14895.1	0.377081	97452.5	573.822	573.44
O16	14895.1	0.532685	98014.2	964.994	964.288
Mg24	22335.8	0.20769	99818.7	2008.34	2007.85
O16	14895.1	0.293598	97280.9	498.674	498.18
Si28	26053.2	0.168755	98616.3	1087.59	1087.04
O16	14895.1	0.278298	97062.8	313.348	313.002
O16	14895.1	0.450237	96909.3	278.189	277.659
O16	14895.1	0.204606	99367	1729.52	1729.11
Si28	26053.2	0.155585	98995.9	1438.81	1438.42
Si28	26053.2	0.143042	98467.3	1142.4	1141.38
Mg24	22335.8	0.167408	96601.5	87.2453	86.9577
O16	14895.1	0.240427	97675.2	748.621	747.197
Mg24	22335.8	0.427384	98114.6	937.4	936.957
O16	14895.1	0.202429	97611	713.458	712.841
Mg24	22335.8	0.196937	99358	1720.45	1719.38
O16	14895.1	0.840105	96666.5	138.777	137.589
Mg24	22335.8	0.157269	97738.8	794.395	793.673
O16	14895.1	0.41255	96778	275.834	275.396
O16	14895.1	0.191495	98931.1	1527.06	1525.39
O16	14895.1	0.682565	99850.6	2021.92	2020.89
Fe56	52089.8	0.0629527	97732.5	863.073	862.928
Si30	27913.2	0.15535	99630	1882.72	1882.46
Mg25	23268	1.12828	98297.2	1123.31	1121.96
Si28	26053.2	0.156376	99188.9	1610.82	1610.63
O16	14895.1	0.796747	99270.9	1468.26	1467.11
Fe56	52089.8	0.113247	98220	1037.86	1034.11
O16	14895.1	0.312368	99376.5	1670.2	1669.19
Si28	26053.2	0.207557	97120.6	377.735	377.303
O16	14895.1	0.2405	96652.1	33.1077	32.7529
Fe56	52089.8	0.158184	97484.2	660.239	659.981
Mg24	22335.8	0.136118	99208	1612.76	1612.38
O16	14895.1	0.27873	99434.6	1765.29	1765
O16	14895.1	0.251846	97716.5	794.397	793.917
Fe56	52089.8	0.0998468	99291.2	1718.57	1718.29
Si28	26053.2	0.12006	98700.9	1343.5	1341.7
Mg24	22335.8	0.198967	97402.1	652.613	652.199
O16	14895.1	0.413333	96604	96.4661	95.9376
Si28	26053.2	0.250901	96499.6	71.4309	71.1068
Si28	26053.2	0.341707	96903.3	227.959	227.464
Fe56	52089.8	0.140446	97076	447.327	446.592
Si28	26053.2	0.160829	97548.5	559.909	559.74
Si28	26053.2	0.166658	96801	290.384	290.192
Mg24	22335.8	0.145879	99377.4	1676.79	1676.51
O16	14895.1	0.386116	98155.8	845.982	845.19
neutron	939.565	1.84048	98082.6	981.298	762.549
C13	12109.5	0.877611	98082.6	981.298	762.549
O16	14895.1	0.190626	98497.1	1083.59	1082.41
Mg24	22335.8	0.196287	99431.2	1775.89	1775.28
Si28	26053.2	0.188314	98884.4	1465.42	1464.97
O16	14895.1	0.351478	99007.9	1542.35	1541.3
Mg24	22335.8	0.36852	96648.2	145.774	145.108
Si28	26053.2	0.143372	97488.3	584.246	583.702
Si28	26053.2	0.252699	97754.8	581.077	580.401
Mg24	22335.8	0.162719	97069.1	365.903	365.571
Si28	26053.2	0.574542	98389	1126.82	1126.18
O16	14895.1	0.235498	97783.9	819.958	819.212
O16	14895.1	0.723123	98745.6	1324.56	1323.6
O16	14895.1	0.483278	98016.2	768.973	768.383
O16	14895.1	0.194044	96628.8	158.169	157.688
O16	14895.1	0.2161	97440.2	580.151	579.649
neutron	939.565	2.29214	99563.9	1843.24	759.483
N14	13040.2	0.488931	99563.9	1843.24	759.483
O16	14895.1	0.708159	99936.2	2064.39	2063.47
Si28	26053.2	0.146734	98527.4	1246.1	1245.51
Mg24	22335.8	0.186829	99644	1882.75	1882.41
O16	14895.1	0.227137	96847.5	283.506	283.087
Mg24	22335.8	0.127651	99757.5	1962.64	1962.36
Mg24	22335.8	0.566131	98503.7	1225.19	1223.93
Si28	26053.2	0.112191	97278.9	586.052	585.828
Fe56	52089.8	0.124094	99396.3	1792.25	1791.91
Mg26	24196.5	0.264817	96861.6	272.328	271.887
Mg24	22335.8	0.854844	98709.8	1303.91	1300.22
Mg24	22335.8	0.76118	97180.1	509.555	508.736
O16	14895.1	0.280599	96749.9	234.139	233.653
Mg24	22335.8	0.196263	97168.8	449.433	448.926
O16	14895.1	0.280991	97344.3	535.599	535.19
neutron	939.565	49.2786	98624.5	1300.79	1087.61
neutron	939.565	8.49655	98624.5	1300.79	1087.61
C12	11174.9	4.80667	98624.5	1300.79	1087.61
O16	14895.1	0.331729	96753.8	32.5846	31.6469
O16	14895.1	0.449676	97775.6	715.345	714.501
O16	14895.1	0.258486	99204.6	1626.32	1625.85
Si28	26053.2	0.165726	98354	1172.54	1171.06
O16	14895.1	0.217308	99689.4	1702.99	1702.58
Mg24	22335.8	0.190979	99155	1573.23	1572.21
O16	14895.1	0.320413	97128.7	434.03	433.527
O16	14895.1	1.13037	99003	1573.39	1571.68
O16	14895.1	0.341418	97898.7	780.619	780.163
Si28	26053.2	0.148139	98805.6	1417.07	1416.21
O16	14895.1	0.284499	97513.5	685.948	684.467
O16	14895.1	2.70527	97568.2	709.978	705.79
Fe56	52089.8	0.0579124	99328.5	1696.94	1696.77
O16	14895.1	0.189934	98190.7	1063.76	1063.53
Mg24	22335.8	0.379194	98362	971.775	971.276
O16	14895.1	0.28395	97260.9	377.893	377.603
O16	14895.1	0.305235	99569.5	1840.69	1840
Si28	26053.2	0.389846	96544.3	34.2577	33.4332
N15	13968.9	1.02786	98712.8	1253.26	962.894
O16	14895.1	1.45376	99143	1581.95	1579.36
O16	14895.1	0.451194	99061.1	1507.72	1507.23
Mg24	22335.8	0.133273	99067.9	1492.37	1491.87
Mg26	24196.5	0.135133	99183.7	1670.9	1670.14
Mg24	22335.8	0.408937	97543.4	695.162	694.712
Mg24	22335.8	0.127389	96827.3	87.0984	86.4701
O16	14895.1	0.310751	98604.9	1304.94	1304.23
O16	14895.1	0.231359	97393.9	594.302	593.614
O16	14895.1	1.57048	99268.6	1676.54	1674.07
O16	14895.1	0.428219	98977.1	1460.61	1458.81
Mg24	22335.8	0.131795	97461.7	572.944	572.672
Si28	26053.2	0.786526	96545.6	136.456	135.268
O16	14895.1	0.34855	97605.6	672.618	672.068
Si28	26053.2	0.187473	97461.9	504.291	503.909
Si28	26053.2	0.114382	97992.9	939.144	938.848
O16	14895.1	0.811418	98067.2	887.351	886.522
Si28	26053.2	0.564136	99422.7	1799.07	1798.49
Mg24	22335.8	0.156348	97407.9	461.703	461.487
O16	14895.1	0.416682	96383.6	52.5387	51.6939
O16	14895.1	1.18423	97110.9	318.102	316.583
Si28	26053.2	0.282882	99862.9	2016.07	2014.67
Si28	26053.2	0.283057	99292.7	1587.39	1585.32
O16	14895.1	0.524467	99333.9	1698.54	1697.53
Si29	26984.3	0.764412	98648.2	1335.41	1333.87
O16	14895.1	0.259194	96900	275.805	275.539
O16	14895.1	0.317968	98565.4	1296.3	1295.97
Mg26	24196.5	0.133964	97673.8	585.433	584.243
Si28	26053.2	0.232404	99968	2087.6	2086.52
Si30	27913.2	0.269803	99625.5	1886.53	1885.93
Mg24	22335.8	0.167166	96621.7	107.756	107.338
Si28	26053.2	0.183553	99211.7	1652.32	1651.69
O16	14895.1	0.34162	97174.1	490.008	489.62
Mg25	23268	0.137412	97106.4	262.644	262.134
O16	14895.1	0.198925	99721	1925.6	1925.11
O16	14895.1	0.319223	97878.2	869.082	868.298
Mg24	22335.8	0.127592	97046.9	483.283	483.076
O16	14895.1	0.465439	98003.1	980.991	980.337
Mg24	22335.8	0.307312	99861.3	1934.42	1932.75
Si28	26053.2	0.218879	98286.9	1129.42	1129.17
O16	14895.1	0.387234	99543.4	1859.72	1858.87
Si28	26053.2	0.191633	96805.3	137.01	136.4
Mg24	22335.8	0.485126	99642.1	1900.53	1899.71
O16	14895.1	0.486904	99967.4	2086.36	2085.62
O16	14895.1	0.201687	97005.8	322.439	322.2
O16	14895.1	0.35628	97909.5	729.737	728.846
Si28	26053.2	1.29721	97389.6	589.919	588.618
O16	14895.1	0.249137	96591.2	110.065	109.666
O16	14895.1	0.383039	99993.1	2102.13	2101.29
Si28	26053.2	0.16057	99515.1	1811.99	1811.36
Mg24	22335.8	0.382587	97543.4	683.862	682.869
O16	14895.1	0.373316	98173.5	1026.87	1025.99
Mg24	22335.8	0.546079	96452.5	86.5208	84.725
O16	14895.1	0.258236	97830.4	787.375	786.749
O16	14895.1	0.210222	99085.6	1524.59	1523.95
