C12	11174.9	0.700079	99067.5	364.683	363.622
C12	11174.9	0.70212	99228.8	420.803	419.606
C12	11174.9	0.385018	99683.2	733.341	732.871
C12	11174.9	1.0657	99857	854.611	853.461
C12	11174.9	0.414603	99652.5	714.412	713.696
C12	11174.9	0.376584	98748.7	185.604	184.833
C12	11174.9	0.401826	99329.5	494.817	494.011
C12	11174.9	0.78739	99069.4	345.249	344.133
C12	11174.9	0.335136	99607.8	696.978	695.499
C12	11174.9	0.761657	99309.8	515.225	514.278
C12	11174.9	1.0394	99649.3	709.259	707.69
C12	11174.9	1.43539	99378.9	530.78	529.217
C12	11174.9	0.722497	99962.2	909.231	908.344
C12	11174.9	0.504304	99122.6	393.487	392.131
C12	11174.9	0.356249	99832.7	826.719	826.173
C12	11174.9	0.339915	98781.3	217.977	217.158
C12	11174.9	0.391898	98610	78.617	77.8083
C12	11174.9	0.369051	99037.4	345.052	344.301
C12	11174.9	0.393304	98824.8	169.215	168.792
C12	11174.9	0.386556	98839.8	210.01	208.558
C12	11174.9	0.906575	99785.2	811.707	810.674
C12	11174.9	0.758201	99990.8	927.265	926.317
C12	11174.9	0.743634	99787	802.382	801.467
C12	11174.9	0.78542	99510	636.539	634.797
C12	11174.9	0.424014	99043.5	345.936	345.233
C12	11174.9	0.987432	99373.8	551.097	549.827
C12	11174.9	0.349636	99307.4	508.084	507.338
C12	11174.9	2.06521	99282.6	502.592	498.347
C12	11174.9	0.43148	98572.9	58.5855	57.8956
C12	11174.9	0.742588	98814	158.284	157.373
C12	11174.9	0.555762	98641.6	112.815	111.377
C12	11174.9	0.446475	99558.6	602.545	602.074
C12	11174.9	0.582461	99054.8	282.034	281.156
C12	11174.9	0.377113	99775.8	814.346	813.542
C12	11174.9	0.526246	99212.3	386.853	385.596
C12	11174.9	0.337907	98783	197.37	195.354
C12	11174.9	1.45129	98714.5	138.981	137.381
C12	11174.9	0.693499	99097.6	386.68	384.863
C12	11174.9	0.364353	99584.7	635.606	634.971
C12	11174.9	1.28071	98767	186.746	185.067
C12	11174.9	1.30612	99829.6	841.778	839.882
C12	11174.9	0.977567	99714.8	758.325	756.722
C12	11174.9	0.545081	99771.4	782.336	781.14
C12	11174.9	0.352172	98659.2	63.8265	62.8552
C12	11174.9	1.03722	99978.7	920.911	919.382
C12	11174.9	0.388664	99483.3	608.492	607.831
C12	11174.9	0.522361	99062.4	362.438	360.604
C12	11174.9	0.920544	99355.5	450.653	449.244
C12	11174.9	2.24593	99026.6	335.953	333.321
C12	11174.9	1.00699	99067.1	357.907	356.734
C12	11174.9	1.06779	98938.8	306.651	305.498
C12	11174.9	0.558329	99895.9	856.294	855.481
C12	11174.9	0.48155	98606	29.8175	29.2531
C12	11174.9	0.982088	98591	68.442	66.9701
C12	11174.9	0.741629	99371.7	551.609	550.496
C12	11174.9	0.779944	98734.1	166.938	165.915
C12	11174.9	1.31235	98919.2	257.106	255.624
C12	11174.9	1.01519	98617.2	105.036	103.792
C12	11174.9	0.574909	99916.5	888.627	886.703
C12	11174.9	0.653925	98983.6	301.089	299.8
C12	11174.9	0.924119	99902.5	877.269	876.335
C12	11174.9	1.25816	99459.2	633.479	630.468
C12	11174.9	0.825909	98741.3	132.887	130.729
C12	11174.9	0.340598	98647.3	24.8418	24.3582
C12	11174.9	0.982401	99956.9	908.203	906.902
C12	11174.9	0.408465	99043	341.331	340.18
C12	11174.9	0.404022	99277.2	503.882	501.848
C12	11174.9	1.03957	99514.8	602.753	601.335
C12	11174.9	0.347195	99969.6	915.098	914.743
C12	11174.9	1.21414	98932.7	284.674	283.343
C12	11174.9	1.65209	98723	159.232	157.406
C12	11174.9	0.39321	98953.5	276.886	275.997
C12	11174.9	0.371267	98942.4	265.839	264.514
C12	11174.9	3.20517	99663	732.844	729.556
C12	11174.9	0.333542	98980.2	327.603	327.039
C12	11174.9	2.09506	99758.1	769.819	767.512
C12	11174.9	0.392785	98966.4	318.393	317.893
C12	11174.9	0.421529	98564.6	41.3483	40.1206
C12	11174.9	0.660127	99690.5	724.722	724.049
C12	11174.9	1.05306	98627.8	35.1019	33.9814
C12	11174.9	1.51548	99620.4	687.959	686.322
C12	11174.9	0.798554	99464	606.843	605.959
C12	11174.9	0.343934	99706.2	759.481	758.813
C12	11174.9	0.543359	98818.8	211.691	210.945
C12	11174.9	0.526997	99615.3	716.553	715.787
C12	11174.9	0.446608	99585.7	668.536	666.838
C12	11174.9	0.447911	99832.1	826.953	826.504
C12	11174.9	0.541153	99013.8	350.672	349.762
C12	11174.9	0.617376	98885.2	225.537	224.539
C12	11174.9	0.523332	99294.9	513.89	512.822
C12	11174.9	0.848728	98743.4	225.286	224.154
C12	11174.9	0.433031	98659.6	127.383	126.541
C12	11174.9	1.75281	98627.7	102.471	100.715
C12	11174.9	1.16422	99662.5	727.169	725.963
C12	11174.9	2.92289	99158.4	391.37	388.341
C12	11174.9	0.465802	99029.6	324.901	324.369
C12	11174.9	1.35507	98957.9	264.681	262.36
C12	11174.9	0.333469	98935.1	306.415	305.69
C12	11174.9	0.635015	99023.9	345.474	344.481
C12	11174.9	0.528916	99896.9	864.461	863.099
C12	11174.9	0.39401	99099.8	379.2	378.597
C12	11174.9	1.12183	99896.7	866.248	865.042
C12	11174.9	0.740341	99614.9	703.108	702.367
C12	11174.9	0.681232	98980.6	244.311	243.525
C12	11174.9	1.58355	99133.5	394.129	392.281
C12	11174.9	2.19288	99390.3	580.06	577.785
C12	11174.9	0.615263	99228.4	467.172	465.993
C12	11174.9	1.07847	99456.5	586.865	585.612
C12	11174.9	0.533825	98656.7	104.547	103.64
C12	11174.9	0.637254	98770.9	182.867	181.288
C12	11174.9	0.460542	99123	375.362	374.737
C12	11174.9	0.946842	99574.1	676.427	675.181
C12	11174.9	0.406601	99249.3	494.723	493.514
C12	11174.9	2.52932	99846.5	848.846	845.533
C12	11174.9	0.599743	99060.9	383.282	382.427
C12	11174.9	0.344227	99918.8	881.494	880.501
C12	11174.9	0.550655	98728.2	151.3	150.499
C12	11174.9	0.475408	98869.1	229.655	229.001
C12	11174.9	1.26648	98958.7	315.147	313.74
C12	11174.9	0.37357	99249.3	467.42	466.85
C12	11174.9	0.606567	99049.6	370.021	368.945
C12	11174.9	0.872409	98742.2	149.141	147.447
C12	11174.9	0.813906	98555	32.2246	31.3655
C12	11174.9	1.46373	98726.7	200.221	198.484
C12	11174.9	0.480511	99931.9	888.232	887.587
C12	11174.9	0.503448	99817.9	824.314	823.093
C12	11174.9	1.15792	98776.8	174.196	172.318
C12	11174.9	0.357897	98641.4	140.54	139.537
C12	11174.9	0.860456	98971	306.573	305.632
C12	11174.9	0.529772	99728.1	741.307	739.984
C12	11174.9	2.66499	98698.6	169.896	167.17
C12	11174.9	0.501393	99684.7	718.422	717.578
C12	11174.9	0.639535	99718.5	741.131	740.459
C12	11174.9	2.65267	99615.2	702.922	700.002
C12	11174.9	0.476065	99462.5	609.15	608.653
C12	11174.9	1.19399	98740	162.983	161.308
C12	11174.9	0.463145	98762.1	197.088	196.487
C12	11174.9	0.385327	98700.3	170.981	170.464
C12	11174.9	0.630391	99877.5	844.63	843.689
C12	11174.9	0.375237	98607.8	52.4724	51.2976
C12	11174.9	0.528259	99942.7	902.01	901.017
C12	11174.9	0.394758	99411.4	522.912	522.035
C13	12109.5	1.10775	99851.3	849.751	848.641
C12	11174.9	0.343069	99157.8	391.771	391.377
C12	11174.9	0.343087	98898	250.796	250.409
C12	11174.9	0.535364	99758.1	785.373	784.792
C12	11174.9	0.536926	99329.8	500.819	500.137
C12	11174.9	0.521375	98544.1	41.1702	40.4774
C12	11174.9	0.509209	99357.1	553.636	551.235
C12	11174.9	0.343465	99992.2	929.449	928.525
C12	11174.9	0.882157	98628.6	87.8626	86.9795
C12	11174.9	0.348616	99747.6	769.415	767.656
C12	11174.9	0.85198	99141.4	418.966	418.019
C12	11174.9	2.30317	98704.4	91.862	89.515
C12	11174.9	0.376893	99303.1	517.704	517.284
C12	11174.9	0.414594	98770.8	151.761	151.121
C12	11174.9	0.418291	98922	254.922	254.171
C12	11174.9	0.607037	99731.8	740.771	739.412
C12	11174.9	0.598131	98877.8	232.553	230.97
C12	11174.9	0.388658	99102.4	411.813	411.413
C12	11174.9	0.599703	98752.9	136.491	135.731
C12	11174.9	0.604994	99897.7	864.671	863.825
C12	11174.9	0.514235	99233.5	427.252	426.369
C12	11174.9	0.52163	99653.1	715.185	714.56
C12	11174.9	0.456559	98855.2	238.862	238.392
C12	11174.9	0.351071	98664.7	106.395	106.008
C12	11174.9	0.47689	99969.7	916.115	915.54
C12	11174.9	0.404306	99620.6	713.137	711.952
C12	11174.9	0.521572	99261.4	511.876	510.877
C12	11174.9	0.527354	99604.6	705.545	704.186
C12	11174.9	0.628991	98811.5	218.287	216.94
C12	11174.9	0.413366	98666.1	92.6046	91.476
C12	11174.9	2.14675	99887.3	866.371	861.899
C12	11174.9	1.0374	99093.7	380.474	379.243
C12	11174.9	0.502117	99693.8	738.541	737.717
C12	11174.9	1.09316	99378.4	561.082	559.741
C12	11174.9	1.68271	99266.5	453.465	451.357
C12	11174.9	0.554389	99537.6	651.905	650.636
C12	11174.9	1.65406	99487.5	602.05	600.369
C12	11174.9	0.394533	99022.4	348.594	347.914
C12	11174.9	0.789307	99033.7	307.899	307.048
C12	11174.9	0.394376	99614	636.036	635.613
C12	11174.9	0.833419	99511.7	607.454	605.416
C12	11174.9	1.83394	98587.3	64.5961	62.4849
C12	11174.9	0.710731	99864.1	857.296	856.186
C12	11174.9	0.347269	98757	157.134	156.694
C12	11174.9	0.476987	98577.9	56.0956	54.3039
C12	11174.9	0.62702	99628.2	704.802	704.048
C12	11174.9	0.42162	99355.5	533.722	532.667
C12	11174.9	0.403945	98796.2	237.964	237.082
C12	11174.9	0.379291	99825.1	825.56	823.962
C12	11174.9	0.44094	98671.7	116.698	115.754
C12	11174.9	0.464278	99716.7	760.147	758.956
C12	11174.9	0.762496	99868.4	857.915	856.27
C12	11174.9	0.546221	99635.7	718.686	718.042
C12	11174.9	0.457726	99546.7	673.154	672.644
C12	11174.9	1.27263	99217.6	445.015	443.298
C12	11174.9	0.5024	98974.9	297.79	297.162
C12	11174.9	0.765319	98533	57.7206	56.7604
C12	11174.9	0.589781	99358.2	554.265	553.239
C12	11174.9	0.516689	99835.9	831.958	830.64
C12	11174.9	1.31569	98671.6	127.933	126.47
C12	11174.9	2.5942	98626.7	134.329	131.514
C12	11174.9	1.21363	99510.5	639.583	638.118
C12	11174.9	0.638367	98866.8	233.231	232.003
C12	11174.9	2.78958	99076.9	329.646	325.901
C12	11174.9	0.973964	98795.8	196.587	194.848
C12	11174.9	0.621414	99413.8	578.962	577.983
C12	11174.9	0.478893	98907.9	281.799	279.589
C12	11174.9	0.336528	98677.2	105.644	105.058
C12	11174.9	0.395519	99006.5	343.498	342.936
C12	11174.9	0.638751	99615	698.638	697.8
C12	11174.9	0.87037	98591.5	53.8787	52.2523
C12	11174.9	1.16468	99545.9	660.795	659.51
C12	11174.9	0.504734	99612.8	721.01	720.304
C12	11174.9	0.48959	99929.2	891.809	891.265
C12	11174.9	0.941404	99175.1	430.501	429.196
C12	11174.9	0.400389	98629.5	36.4897	35.4086
C12	11174.9	3.4283	99803.2	775.183	771.179
C12	11174.9	0.515538	99566.6	603.748	603.115
C12	11174.9	0.717801	98820.5	206.628	205.614
C12	11174.9	0.332527	99850.8	849.1	848.561
C12	11174.9	0.788291	99720.8	759.619	757.508
C12	11174.9	1.8802	99327.3	524.173	522.291
C12	11174.9	0.582271	98690.6	143.788	143.194
C12	11174.9	0.555095	99472.8	606.597	605.908
C12	11174.9	0.507566	99563	680.503	679.008
C12	11174.9	0.66942	99487.6	599.337	597.956
C12	11174.9	0.33386	98921.4	285.091	283.79
C12	11174.9	0.376572	98740.5	171.49	170.953
C12	11174.9	0.588924	99221	477.956	476.732
C12	11174.9	0.388529	99026.5	361.279	360.772
C13	12109.5	1.05361	99020.5	321.883	320.609
C12	11174.9	1.04057	99546	644.696	642.231
C12	11174.9	0.776782	99972.8	916.142	915.159
C12	11174.9	0.369677	99304.6	507.264	506.393
C12	11174.9	0.496006	99604.1	688.68	687.973
neutron	939.565	138.642	99529	592.629	368.79
neutron	939.565	41.3228	99529	592.629	368.79
Be8	7454.85	0.430723	99529	592.629	368.79
C12	11174.9	0.342575	98993.5	334.535	333.564
C12	11174.9	0.504245	99701.2	758.795	758.178
C12	11174.9	0.392671	99088.8	396.442	395.929
C12	11174.9	0.373083	98871.5	270.555	270.082
C12	11174.9	0.524404	98666.9	124.029	123.334
C12	11174.9	0.864776	99276.6	430.932	429.228
