C12	11174.9	0.506596	98965.4	34.6854	34.1067
C12	11174.9	0.375719	99773.7	542.677	541.811
C12	11174.9	0.42026	99292	250.641	249.989
C12	11174.9	0.369921	99408.9	318.75	318.367
C12	11174.9	0.444642	99737.8	493.378	490.811
C12	11174.9	0.6734	99499.6	369.491	368.764
C12	11174.9	1.55777	99020.5	62.792	60.9867
C13	12109.5	2.53971	99729.4	505.608	502.991
C12	11174.9	0.424244	99527.7	379.279	378.659
C12	11174.9	0.470641	99610.7	453.875	451.845
C12	11174.9	0.864254	99282.3	207.501	206.279
C12	11174.9	0.767734	99230.7	223.318	221.479
C12	11174.9	1.80011	99453.2	353.977	351.843
C12	11174.9	0.927603	99064.5	128.521	127.019
C12	11174.9	0.481435	99636	419.224	418.051
C12	11174.9	0.6261	99420.4	322.019	319.63
C12	11174.9	0.385039	99888.3	610.573	610.001
C12	11174.9	0.406427	99088.7	78.9415	78.4441
C12	11174.9	0.855922	99588.3	427.043	424.96
C12	11174.9	0.388308	99718	520.004	519.321
C12	11174.9	0.360685	99048.2	112.356	110.86
C12	11174.9	0.494119	99112.6	130.509	129.815
C12	11174.9	1.69487	99526.2	376.697	373.876
C12	11174.9	0.49311	99069.5	109.492	108.81
C12	11174.9	0.330653	99000.4	23.8723	22.8082
C12	11174.9	0.370293	99524.5	366.573	365.996
C12	11174.9	0.905844	99252.4	221.2	220.228
C12	11174.9	0.448604	99470.4	365.886	364.699
C12	11174.9	0.820441	99092.9	103.037	102.128
C12	11174.9	1.54001	99252.4	194.934	193.238
C12	11174.9	0.376389	99081.1	121.683	121.254
C12	11174.9	0.392418	99993.4	669.563	669.142
C12	11174.9	0.476249	99472.7	343.991	343.377
C12	11174.9	0.535955	99511.1	385.879	385.265
C12	11174.9	1.75989	99343.5	259.941	257.993
C12	11174.9	0.781163	99990.4	669.298	667.307
C12	11174.9	4.84754	99733.5	504.12	498.302
C12	11174.9	0.518519	99025.6	69.6966	68.9489
C12	11174.9	0.380914	99953.5	646.621	645.858
C12	11174.9	0.377095	99502.5	384.459	383.36
C12	11174.9	3.24568	99671.3	477.108	473.533
C12	11174.9	0.819775	99220.6	141.163	140.279
C12	11174.9	0.752939	99016.7	38.8782	36.956
C12	11174.9	0.372606	99139.5	122.624	122.124
C12	11174.9	0.787916	99647.9	428.399	427.012
C12	11174.9	0.531361	99778.2	532.241	531.679
C12	11174.9	1.07453	99347.1	274.592	273.502
C12	11174.9	1.5666	99497.2	377.263	375.182
C12	11174.9	0.347809	99582.8	426.324	425.89
C12	11174.9	0.435579	99829.5	580.536	580.005
C12	11174.9	0.866383	99388.5	293.725	291.167
C12	11174.9	0.359064	99366.9	268.733	267.726
C12	11174.9	0.839717	99560.9	404.237	403.335
C12	11174.9	1.28179	99560.8	404.081	402.609
C12	11174.9	0.397399	99917	619.678	618.503
C12	11174.9	0.332089	99026.9	51.4501	50.8356
C12	11174.9	0.454587	99376.6	320.879	320.408
C12	11174.9	1.47197	99623.2	438.422	436.8
C12	11174.9	0.382494	99136	136.805	136.175
C12	11174.9	0.480777	99106.7	100.758	99.9515
C12	11174.9	0.507071	99214.7	150.806	150.239
C12	11174.9	0.557036	99545.8	384.452	383.572
C12	11174.9	0.358777	99761.3	538.064	537.564
C12	11174.9	0.486726	99135.9	125.236	124.346
C12	11174.9	0.622141	99268.9	251.531	250.592
C12	11174.9	0.732019	99663.1	440.688	439.866
C12	11174.9	0.380116	99826.4	580.244	579.309
C12	11174.9	0.802912	99778.9	530.035	528.987
C12	11174.9	0.813805	99402	323.032	322.167
C12	11174.9	0.386145	99021.8	16.2879	15.1892
C12	11174.9	0.665437	99207.8	204.7	203.893
C12	11174.9	0.423507	98937.1	23.2676	22.6353
C12	11174.9	0.599088	98970.4	21.1465	20.4794
C12	11174.9	1.40308	99997.6	672.453	670.74
C12	11174.9	0.583063	99139.9	174.49	173.765
C12	11174.9	3.35568	99888.1	606.366	602.618
C12	11174.9	0.514795	99790.8	514.585	513.856
C12	11174.9	0.745054	98990.2	77.2583	76.1684
C12	11174.9	0.339909	99135.4	129.249	128.665
C12	11174.9	0.344521	99942.2	639.665	639.201
C12	11174.9	0.637037	99035.4	89.5116	88.7369
C12	11174.9	0.630943	99547.7	361.959	360.946
C12	11174.9	0.472403	99991.5	665.234	664.395
C12	11174.9	0.390458	99023.3	69.8521	69.4306
C12	11174.9	0.577466	99805.8	562.989	562.303
C12	11174.9	0.550187	99834.8	586.788	586.198
C12	11174.9	0.511226	99150.9	179.972	179.032
C12	11174.9	1.56902	99115.5	148.068	145.899
C12	11174.9	0.480279	99688.3	481.915	481.116
C12	11174.9	0.596987	99042.9	71.2742	70.6055
C12	11174.9	0.405734	99080.2	115.721	114.788
C12	11174.9	0.668974	99006.8	47.8407	46.9715
C12	11174.9	0.536232	99398.3	329.823	329.115
C12	11174.9	0.577194	98992.5	55.7975	54.2123
C12	11174.9	0.387459	99123.3	104.761	104.33
C12	11174.9	0.365416	99727.4	501.549	501
C12	11174.9	0.559341	99554.9	405.623	404.625
C12	11174.9	0.552864	99178.9	170.451	169.505
C12	11174.9	4.59191	99770.6	530.399	525.61
C12	11174.9	0.729591	99722.2	516.541	515.63
C12	11174.9	0.37772	99546.2	394.614	392.762
C12	11174.9	0.749762	99265.6	239.637	238.608
C12	11174.9	1.49196	99568.6	424.881	423.334
C12	11174.9	0.354484	99157.2	160.037	159.556
C12	11174.9	1.05738	99411.2	309.094	307.902
C12	11174.9	0.947963	99142.9	176.227	174.909
C12	11174.9	0.37322	99517.2	371.312	370.182
C12	11174.9	1.8392	99900.5	618.691	616.189
C12	11174.9	0.585861	99432	331.429	330.77
C12	11174.9	0.479399	99231.3	206.245	205.648
C12	11174.9	1.66123	99253.2	236.868	234.975
C12	11174.9	0.589575	99421.6	295.085	293.81
C12	11174.9	0.408822	99158.5	186.205	185.757
C12	11174.9	0.420507	99831	574.223	573.452
C12	11174.9	1.2448	99274.4	225.63	224.212
C12	11174.9	0.609624	99079.1	71.3354	70.7209
C12	11174.9	0.48851	99270.1	230.666	229.829
C12	11174.9	0.780627	99158.5	172.949	172.108
C12	11174.9	3.47717	99723.5	489.428	485.521
C12	11174.9	0.396899	99368.6	301.744	301.333
C12	11174.9	0.860267	99222.6	213.781	212.84
C12	11174.9	1.32365	99656.6	468.055	466.487
C12	11174.9	2.20039	99707.2	493.334	491.102
C12	11174.9	0.614036	99170.5	187.031	186.084
C12	11174.9	1.05793	99226.1	195.719	194.596
C12	11174.9	0.39347	99266.4	241.508	240.739
C12	11174.9	0.471344	99382.4	315.925	314.789
C12	11174.9	0.753714	99057.5	67.3849	66.4371
C12	11174.9	2.34296	99369.6	271.67	269.171
C12	11174.9	0.420454	99217.4	175.709	175.023
C12	11174.9	0.397072	99614.2	440.135	439.667
C12	11174.9	0.831868	99218.6	214.483	212.2
C12	11174.9	0.355251	99146.7	157.596	157.228
C12	11174.9	0.977654	99115.5	120.803	119.716
C12	11174.9	0.386763	99661.8	465.345	464.692
C12	11174.9	0.458749	99537	420.578	419.73
C12	11174.9	0.379001	98895	28.7626	28.2014
C12	11174.9	0.528493	99157.9	167.048	166.426
C12	11174.9	0.400895	99760.5	530.644	530.196
C12	11174.9	1.01996	99116.8	139.492	138.276
C12	11174.9	1.31134	99348.4	246.36	244.272
C12	11174.9	0.38901	99561.6	418.428	417.849
C12	11174.9	0.878854	99820.6	562.869	561.763
C12	11174.9	0.436951	99633.3	459.023	458.541
C12	11174.9	1.36697	99224.5	218.837	217.29
C12	11174.9	0.398326	99325.8	263.826	263.232
C12	11174.9	0.458192	99292	245.633	244.837
C12	11174.9	0.470003	99888.9	605.574	605.002
C12	11174.9	1.62487	99013.2	81.9833	79.2873
C12	11174.9	0.337598	98991.6	11.4558	11.0938
C12	11174.9	0.402586	99245.5	211.67	211.095
C12	11174.9	0.487406	99450.2	331.825	330.885
C12	11174.9	0.673957	99462.4	378.952	378.206
C12	11174.9	0.538455	99151.6	138.862	138.152
