C12	11174.9	0.366893	97869.5	1583.13	1582.52
C12	11174.9	0.643433	99240.6	2456.06	2455.21
C12	11174.9	0.389291	98346.3	1824.2	1823.17
C12	11174.9	0.581238	96413.1	622.582	621.378
C12	11174.9	0.551116	96006.4	187.921	187.296
C12	11174.9	0.475895	98904.6	2203.45	2202.56
C12	11174.9	0.390068	99801.1	2799.34	2797.96
C12	11174.9	0.392521	96686.9	796.67	795.217
C12	11174.9	1.05212	95523.2	179.871	178.241
C12	11174.9	0.350444	97772	1458.55	1457.96
neutron	939.565	212.026	99232.1	2358.86	1848.8
Be8	7454.85	1.13838	99232.1	2358.86	1848.8
C12	11174.9	2.05837	99860.2	2814.43	2812.16
C12	11174.9	0.456819	97817.3	1529.78	1528.95
C12	11174.9	0.761116	99543.3	2640.17	2639.22
C12	11174.9	0.613508	95582.8	49.3934	48.338
C12	11174.9	0.623988	99748	2491.58	2490.2
C12	11174.9	0.606	98514	1867.37	1866.28
C12	11174.9	0.609483	95802.1	149.764	149.111
C12	11174.9	0.346817	95816.1	275.841	274.959
C12	11174.9	1.54622	96398.4	488.394	486.487
C12	11174.9	0.93131	97022.7	1089.85	1088.56
C12	11174.9	0.339418	98365.8	1712.71	1711.37
C12	11174.9	1.17219	96987.6	1009.05	1007.85
C12	11174.9	0.435331	99709.6	2757.62	2756.16
C12	11174.9	0.555377	99402.7	2460.56	2459.2
C12	11174.9	0.523721	96064.8	395.655	395.062
C12	11174.9	1.13195	97904.7	1354.33	1352.37
C12	11174.9	1.09094	98014.2	1597.25	1596.13
C12	11174.9	4.11427	96955.3	832.03	827.453
C12	11174.9	1.12314	97653.6	1377.99	1376.83
C12	11174.9	0.449303	97067.5	1151.45	1150.64
C12	11174.9	0.396181	98638.3	2026.37	2025.93
C12	11174.9	0.613136	98439.8	1733.83	1732.58
neutron	939.565	226.154	98593.7	1907.11	1531.97
Be8	7454.85	3.88657	98593.7	1907.11	1531.97
C12	11174.9	0.873735	98543.5	1956.54	1955.54
C12	11174.9	0.891091	95450.8	59.9524	58.1934
C12	11174.9	0.984063	96806.9	839.819	838.243
neutron	939.565	100.945	96718.1	674.2	454.478
neutron	939.565	1.42581	96718.1	674.2	454.478
alpha	3727.38	1.25022	96718.1	674.2	454.478
alpha	3727.38	4.58529	96718.1	674.2	454.478
C12	11174.9	1.50675	96959.7	925.076	923.054
C12	11174.9	0.42218	96481	653.434	652.841
C12	11174.9	2.21307	95863.5	320.852	318.509
C12	11174.9	0.934812	96135.1	432.186	431.218
C12	11174.9	0.35556	98201.7	1427.88	1427.45
C12	11174.9	0.505562	96396.8	496.829	496.281
C12	11174.9	0.524831	99988.5	2899.28	2898.75
C12	11174.9	0.51822	99105.9	2263.13	2261.3
C12	11174.9	0.616199	99953.7	2880.87	2880.06
C12	11174.9	0.926016	97573.8	1372.06	1370.65
neutron	939.565	475.873	98958.6	2270.05	1127.07
neutron	939.565	1.33531	98958.6	2270.05	1127.07
Be8	7454.85	0.35622	98958.6	2270.05	1127.07
C12	11174.9	0.341753	98212.5	1826.34	1824.74
C12	11174.9	2.31684	99576.9	2654.07	2651.62
C12	11174.9	0.833105	99134.1	2353.61	2352.51
C12	11174.9	0.33668	98390.8	1821.35	1820.78
C12	11174.9	0.361747	99018.5	2134.17	2133.72
C12	11174.9	0.614761	98473.2	1679.79	1677.1
C12	11174.9	0.772573	99082.4	2376.06	2374.72
C12	11174.9	1.30187	97504.8	1340.88	1339.47
C12	11174.9	0.5246	99226.2	2421.7	2420.57
C12	11174.9	0.434163	96144.4	494.691	493.673
C12	11174.9	0.44444	97453.9	1110.68	1109.91
B10	9324.44	2.29336	97256.2	1188.35	925.109
C12	11174.9	0.521962	97573.2	1234.05	1233.04
C12	11174.9	0.374361	97210.1	1064.86	1064.08
C12	11174.9	1.03695	97481.5	1202.94	1201.4
C12	11174.9	0.80421	95946.5	320.253	319.448
C12	11174.9	0.372416	96963.8	904.15	903.758
C12	11174.9	0.693427	99818.5	2810.79	2809.65
C12	11174.9	0.601712	99051.6	2327.13	2326.22
C12	11174.9	0.444156	99526.8	2470.6	2469.99
C12	11174.9	0.538657	98387.6	1862.66	1861.72
B11	10252.5	2.27911	98191.1	1580.94	1305.24
C12	11174.9	0.410138	98311.5	1863.13	1861.61
C12	11174.9	3.45831	99654	2693.17	2689.71
C12	11174.9	6.45558	96948.7	699.227	691.975
C12	11174.9	0.600169	97113.9	982.268	981.233
C12	11174.9	0.749033	96456.5	662.501	661.334
C12	11174.9	0.559434	97945.2	1510.68	1510.03
C12	11174.9	0.608279	95892.3	199.729	198.925
C12	11174.9	0.804263	98300.6	1847.8	1846.73
C12	11174.9	0.359042	96802.4	828.638	827.983
C12	11174.9	0.45584	95852.9	156.791	155.908
C12	11174.9	0.984432	99174.8	2274.96	2273.02
C12	11174.9	1.22013	99128.6	2336.48	2335.07
alpha	3727.38	6.05183	99874.3	2658.8	1865.23
alpha	3727.38	9.16264	99874.3	2658.8	1865.23
alpha	3727.38	0.875366	99874.3	2658.8	1865.23
C12	11174.9	1.05554	96233.7	593.781	592.553
C12	11174.9	0.494418	96496.3	630.694	630.152
C12	11174.9	0.49151	99530	2581.74	2581.17
C12	11174.9	0.543351	99212.2	2399.87	2399.02
C12	11174.9	0.345701	96616.1	667.174	666.771
C12	11174.9	1.04569	97919	1568.97	1566.98
C12	11174.9	0.542736	96105.2	403.973	402.206
C12	11174.9	1.50923	96209.2	309.064	307.441
C12	11174.9	0.619306	99233.5	2420.36	2419.28
C12	11174.9	0.40892	98417.3	1934.14	1933.68
C12	11174.9	1.15508	97952.5	1573.5	1572.22
C12	11174.9	1.16784	98569.3	1997.49	1996.15
C12	11174.9	2.54066	98108.4	1687.6	1684.7
C12	11174.9	8.43604	96796.4	945.224	932.895
C12	11174.9	0.646415	98701.9	2108.21	2106.9
C12	11174.9	0.67031	97190.9	1173	1172.15
C12	11174.9	0.403281	98033.5	1483.61	1483.15
C12	11174.9	0.447407	98251.4	1685.05	1683.75
C12	11174.9	0.75978	97470.4	1260.7	1259.91
C12	11174.9	0.802538	96062.6	389.705	388.508
C12	11174.9	0.788348	99732	2737.01	2735.87
C12	11174.9	0.792651	99791.5	2790.81	2788.93
C12	11174.9	0.56556	98023.9	1648.31	1647.58
C12	11174.9	1.51501	98027.7	1609.73	1607.28
C12	11174.9	0.337786	96354.8	548.38	547.152
C12	11174.9	0.781775	99009.3	2341.12	2340.34
C12	11174.9	0.627733	99382	2544.86	2543.85
C12	11174.9	1.42375	99520.7	2571.35	2569.69
C12	11174.9	0.482448	96684.5	750.083	749.381
C12	11174.9	0.458926	97812.1	1420.28	1419.4
C12	11174.9	0.409912	99947.6	2882.62	2881.05
C12	11174.9	0.442612	96387.4	478.124	477.49
C12	11174.9	0.395496	98071	1720.06	1718.94
C13	12109.5	0.789758	98391.9	1662.96	1661.84
C12	11174.9	0.694811	98683.1	2073.38	2071.94
C12	11174.9	0.347258	96947	996.36	995.384
C12	11174.9	0.660618	99340.8	2367.79	2366.2
C12	11174.9	0.351647	97087.2	948.063	947.591
C12	11174.9	0.358391	96626.5	939.443	939.051
C12	11174.9	2.33762	98265.9	1605.94	1603.28
C12	11174.9	0.609721	98122.4	1729.72	1728.17
C12	11174.9	0.333541	96624.5	704.115	701.511
C12	11174.9	0.332642	97965.9	1541.88	1541.06
C12	11174.9	0.336886	97055.3	857.414	856.963
C12	11174.9	0.356398	99966.4	2855.64	2854.91
C12	11174.9	0.717222	97305.5	904.873	904.066
C11	10254	1.53508	99750.4	2575.74	2077.52
C12	11174.9	0.587753	96681.1	566.731	565.803
C12	11174.9	0.64802	98839.8	2071.13	2070.41
C12	11174.9	0.494449	96396.9	642.131	641.21
C12	11174.9	0.486284	99282.9	2419.16	2417.77
C12	11174.9	3.88462	97666	1357.09	1353.17
C12	11174.9	0.463529	97000.6	959.262	958.645
C12	11174.9	0.602144	98079.5	1508.63	1507.77
C12	11174.9	1.01374	99413.1	2536.67	2533.95
C12	11174.9	0.391832	96893	979.105	978.652
C13	12109.5	0.399134	97339.8	1140.59	1139.82
C12	11174.9	0.367311	98673.7	2026.39	2025.9
C12	11174.9	0.402266	97616.5	1052	1051.3
C12	11174.9	0.972304	99295.5	2461.83	2460.32
C12	11174.9	0.654001	95913.4	241.74	240.643
C12	11174.9	0.637142	97409.8	1204.08	1202.88
C12	11174.9	0.64784	99488.6	2563.8	2562.68
C12	11174.9	0.366597	98549	1953.46	1951.34
C12	11174.9	0.500511	99729	2752.86	2752.33
C12	11174.9	0.365086	96573.3	396.779	396.41
C12	11174.9	0.844965	97473.7	1337.71	1336.37
C12	11174.9	1.53962	97055.5	996.269	993.117
C12	11174.9	0.459521	96555.5	425.937	424.747
C12	11174.9	0.365617	96901.3	886.456	885.659
C12	11174.9	0.431854	95520.4	57.5931	56.8814
C12	11174.9	1.58059	98373.4	1736.12	1734.18
C12	11174.9	1.29569	99327.2	2502.87	2501.57
C12	11174.9	2.06322	98831.3	1917.85	1915.25
C12	11174.9	0.611372	99738.5	2751.24	2750.16
C12	11174.9	0.558446	99974.8	2901.36	2900.53
C12	11174.9	0.523994	98864.6	2170.83	2170.02
C12	11174.9	1.04823	99883.4	2761.77	2759.75
C12	11174.9	0.699179	95815.3	136.662	135.909
C12	11174.9	0.810003	97699.8	1501.45	1500.64
C12	11174.9	0.419823	99213.1	2259.73	2258.92
C12	11174.9	0.624271	97723.5	1450.17	1448.83
C12	11174.9	0.403149	98471.6	1904.03	1902.95
C12	11174.9	2.31646	98310.6	1574.04	1570.77
C12	11174.9	0.788586	96614.5	701.955	701.018
C12	11174.9	0.355123	96099.6	330.419	329.453
C12	11174.9	0.385343	97944.4	1565.46	1565.01
C12	11174.9	0.417815	95978.8	129.929	129.487
C12	11174.9	0.608565	96503.7	653.835	653.085
C12	11174.9	0.847698	95899.6	149.012	148.009
C12	11174.9	1.02332	97956.1	1556.65	1555.19
C12	11174.9	0.531293	99030.1	2289.26	2288.72
C12	11174.9	0.870828	99028	2301.86	2300.67
C12	11174.9	0.840556	96320.6	276.601	275.627
C12	11174.9	0.771181	99122	2236.47	2235.44
C12	11174.9	0.671011	96492.1	507.28	506.384
C12	11174.9	1.23357	96326	442.852	441.379
C12	11174.9	0.450279	98233.7	1759.73	1759.26
C12	11174.9	0.477095	98568.4	1998.42	1997.21
C12	11174.9	0.704547	99190.9	2154.34	2153.59
C12	11174.9	0.399902	98261.5	1841.28	1839.8
C12	11174.9	0.411567	99972.8	2898.98	2898.27
C12	11174.9	0.397209	96111.5	429.708	429.133
C12	11174.9	0.336541	99845	2825.82	2825.01
C12	11174.9	0.390483	99196.6	2367.45	2366.86
C12	11174.9	0.652143	98789.7	2144.33	2143.13
neutron	939.565	316.006	98342.6	1706.12	1225.66
neutron	939.565	118.223	98342.6	1706.12	1225.66
Be8	7454.85	0.482389	98342.6	1706.12	1225.66
C12	11174.9	0.452144	95750	166.848	166.155
C12	11174.9	0.401385	97809.9	1358.3	1357.51
neutron	939.565	161.302	99422.9	2501.58	2062.96
neutron	939.565	20.0502	99422.9	2501.58	2062.96
neutron	939.565	10.5721	99422.9	2501.58	2062.96
alpha	3727.38	9.02919	99422.9	2501.58	2062.96
C12	11174.9	0.950569	99355.9	2336.07	2333.81
C12	11174.9	0.364178	98866.9	2146.99	2146.51
C12	11174.9	0.334026	97450.2	1196.48	1196.08
C12	11174.9	0.425462	98751.5	2125.19	2124.66
C12	11174.9	0.451418	97933.6	1631.22	1630.03
C12	11174.9	0.363692	98987.7	2191.53	2191.12
C12	11174.9	0.350491	96331.4	581.27	580.135
C12	11174.9	0.5593	95957.9	281.711	280.951
C12	11174.9	0.423755	95459.1	60.9331	60.4269
C12	11174.9	0.391893	99264.3	2450.34	2449.55
C12	11174.9	0.727041	95473.3	96.6749	95.6498
C12	11174.9	0.366225	97714.4	1301.19	1300.36
C12	11174.9	0.469207	99793.2	2793.71	2793.15
C12	11174.9	0.949756	95630.1	145.848	144.833
C12	11174.9	0.60433	97640.3	1339.82	1339.2
C12	11174.9	0.346198	96290.7	456.218	455.709
C12	11174.9	0.867982	99703.5	2738.01	2737.03
C12	11174.9	1.55867	96243.4	447.107	445.214
C13	12109.5	0.400268	96664.6	586.147	585.487
C12	11174.9	0.347427	97896.4	1392.4	1391.8
C12	11174.9	0.492916	95793.4	195.532	194.069
C12	11174.9	0.349961	96431.2	652.944	652.461
C12	11174.9	0.386117	99997.4	2914.09	2913.42
C12	11174.9	0.654655	97899.5	1429.76	1428.67
C12	11174.9	0.369617	96198.2	506.799	506.368
C12	11174.9	1.31064	96742.3	746.16	744.027
C12	11174.9	0.336014	99054.9	2138.52	2137.4
C12	11174.9	0.358054	95963.6	55.4632	55.0779
C12	11174.9	0.336373	99785.1	2796.35	2795.13
C12	11174.9	0.4566	97914	1584.37	1583.65
C12	11174.9	3.19462	99650.1	2694.94	2691.31
C12	11174.9	0.466334	99115	2372.85	2372.23
C12	11174.9	2.52085	96122.6	456.341	453.443
C12	11174.9	2.50181	97529.8	928.579	925.741
C12	11174.9	0.435527	95721.9	48.0043	47.4933
C12	11174.9	5.00073	99898.2	2836.36	2831.3
C12	11174.9	0.691621	97206	938.564	937.683
C12	11174.9	0.66415	99198.1	2272.94	2271.56
C12	11174.9	1.09487	99851.5	2822.77	2821.57
C12	11174.9	0.964404	98722.5	1772.54	1770.97
alpha	3727.38	12.4741	99085.4	2362.21	2060.1
alpha	3727.38	4.51327	99085.4	2362.21	2060.1
C12	11174.9	0.342165	97775.5	1440.08	1439.71
C12	11174.9	0.446225	97568.5	1122.62	1121.93
C12	11174.9	0.432299	96205.4	259.59	259.02
C12	11174.9	0.511234	98672.3	2001.59	2000.95
C12	11174.9	0.533347	98384.1	1824.38	1823.82
C12	11174.9	0.404753	98289.7	1816.74	1815.98
C12	11174.9	0.491705	97753.3	1504.9	1503.52
C12	11174.9	0.33452	96742.6	660.555	659.047
C12	11174.9	2.81379	96906.9	774.316	770.553
C12	11174.9	1.26273	99750.3	2692.38	2690.95
C12	11174.9	0.351986	97586.8	1340.46	1339.84
C12	11174.9	0.554018	99581.3	2584.9	2584.27
C12	11174.9	0.495293	97603.7	1411.4	1410.54
neutron	939.565	116.252	97166.6	765.122	499.298
neutron	939.565	105.217	97166.6	765.122	499.298
Be8	7454.85	1.58276	97166.6	765.122	499.298
C12	11174.9	0.423709	95849.1	277.486	276.977
C12	11174.9	0.575508	97348.6	1253.19	1252.55
C12	11174.9	0.445667	99906.3	2846.91	2846.29
C13	12109.5	0.627597	97926.9	1551.41	1550.45
C12	11174.9	0.37159	98947.9	2263.24	2261.97
C12	11174.9	0.502239	95802.8	56.4511	55.8847
C12	11174.9	0.444746	95937.9	117.847	117.241
C12	11174.9	0.495382	96530.7	707.266	705.142
C12	11174.9	1.24702	95631.7	98.1886	96.4533
C12	11174.9	0.773616	97971	1515.46	1514.5
C12	11174.9	0.541166	98982.1	2216.47	2215.18
C12	11174.9	0.356384	96965.4	1013.17	1012.72
C12	11174.9	0.652621	98032.7	1451.66	1450.93
C12	11174.9	1.07544	96979.1	1009.09	1007.3
C12	11174.9	0.342756	97502.7	1272.34	1271.66
C12	11174.9	0.403834	97326.8	1160.58	1159.95
C12	11174.9	0.816519	96143.1	351.945	350.771
C12	11174.9	0.394347	96981.4	886.931	885.657
neutron	939.565	94.2981	98899.5	2023.4	1687.78
B10	9324.44	0.739966	98899.5	2023.4	1687.78
C12	11174.9	0.742459	96062.4	351.687	350.804
C12	11174.9	0.792945	98906.1	2256.07	2254.34
C12	11174.9	0.407176	97344.4	1177.95	1177.44
C12	11174.9	0.612683	98977.3	2248.39	2245.36
C12	11174.9	0.359723	99946.7	2861.38	2860.95
C12	11174.9	1.10842	97193.2	1091.36	1090.2
C12	11174.9	0.519151	99566.6	2645.46	2644.94
C12	11174.9	3.88653	98419.7	1956.28	1952.29
C12	11174.9	0.375514	97189.9	1029.55	1029.12
C12	11174.9	1.26327	99572.7	2649.3	2647.22
C12	11174.9	0.4649	99319.8	2475.95	2474.97
C12	11174.9	0.528291	96482.9	584.376	581.839
C12	11174.9	0.345834	96887.7	696.839	695.175
C12	11174.9	0.553226	97778.3	1041.15	1040.17
C12	11174.9	0.854221	96066.4	324.094	322.527
C12	11174.9	0.368379	96575.1	712.025	711.008
C12	11174.9	0.414567	98795.2	2151.84	2150.8
C12	11174.9	0.784559	98582	1911.7	1910.74
C12	11174.9	0.52966	95683.2	124.582	123.589
C12	11174.9	1.8264	99697.8	2717.16	2714.51
C13	12109.5	1.50759	98968.8	2171.77	2169.85
C12	11174.9	1.33741	99767.2	2761.61	2760.27
C12	11174.9	0.620256	96440.1	534.605	532.78
C12	11174.9	1.24368	96916.7	918.423	916.658
C12	11174.9	0.497152	99488.2	2609.44	2606.33
C12	11174.9	1.03266	96026.3	354.425	352.603
C12	11174.9	0.441941	96243.4	514.984	514.034
C12	11174.9	0.374743	99682.6	2702.22	2701.79
C12	11174.9	0.530918	97532.8	1340.08	1338.35
C12	11174.9	0.398929	96085.8	552.081	550.758
C12	11174.9	0.604459	98692.5	1929.53	1928.83
C12	11174.9	0.86929	98623.5	1974.27	1972.95
C12	11174.9	0.775176	95837	234.527	233.721
C12	11174.9	0.743795	96126.6	306.679	305.716
C12	11174.9	0.395912	96499.3	701.879	701.455
C12	11174.9	1.1775	96634.1	564.725	561.411
C12	11174.9	0.7388	97629.8	1361.75	1360.19
C12	11174.9	0.637145	97426.7	1076.14	1075.42
C12	11174.9	0.476449	95999	372.561	372.066
C12	11174.9	0.479536	97443.7	1229.03	1228.19
C12	11174.9	0.988926	97519.7	1308.01	1307.02
C12	11174.9	0.39837	99678.8	2692.62	2691.89
C12	11174.9	0.553231	95700.7	185.855	184.801
C12	11174.9	1.01793	96261.9	426.68	425.005
C12	11174.9	1.05953	98107.9	1674.63	1673.25
C12	11174.9	1.24367	95674.2	95.0282	93.081
C13	12109.5	2.35858	98209.5	1735.53	1732.79
C12	11174.9	0.407338	97000.5	880.566	879.507
C12	11174.9	0.517894	98212.1	1756.29	1755.63
C12	11174.9	0.736928	99699.5	2705.24	2704.38
C12	11174.9	0.572281	99136.6	2328.44	2327.09
C12	11174.9	0.341912	96530.7	702.312	701.84
C12	11174.9	0.342673	99732.2	2756.26	2755.85
C12	11174.9	0.671236	99788.7	2753.52	2752.74
C12	11174.9	0.374741	96160	455.858	455.276
C12	11174.9	0.375748	99211.5	2408.79	2407.57
C12	11174.9	0.483835	97173.6	1076.85	1076.33
C12	11174.9	0.445104	95751.7	118.618	117.184
C12	11174.9	0.44734	97016.8	923.944	922.905
C12	11174.9	0.946236	98890.4	2157.01	2155.77
C12	11174.9	0.506118	97448.7	1198.81	1198.28
C12	11174.9	2.62182	98033.3	1674.24	1670.81
C12	11174.9	0.587416	98528.3	1953.75	1953.11
C12	11174.9	0.349934	96620	761.276	759.372
C12	11174.9	0.393799	99509.4	2632.11	2631.62
C12	11174.9	1.2888	99011.4	2073.3	2071.78
C12	11174.9	0.463105	97138.9	920.483	919.918
C12	11174.9	0.486717	95813.8	196.252	195.732
C12	11174.9	2.26261	99311.8	2438.84	2435.81
C12	11174.9	0.687759	98398.9	1833.02	1830.39
C12	11174.9	1.28967	98167.6	1761.72	1760.24
C13	12109.5	0.489122	96931.4	773.398	772.463
C12	11174.9	0.416977	97034.9	802.291	801.8
C12	11174.9	0.566443	99940.2	2883.95	2882.54
C12	11174.9	1.25073	96021.6	349.884	347.881
C12	11174.9	0.37106	98092.5	1645.02	1643.4
C12	11174.9	0.419908	97655.4	1382.57	1382.04
C12	11174.9	0.356139	98736.7	1810.18	1809.71
C12	11174.9	0.462369	98047.2	1706.86	1705.36
C12	11174.9	0.339101	99080.3	2279.92	2279.4
C12	11174.9	1.38573	98859.4	2179.03	2177.01
C12	11174.9	1.75397	99964.7	2896.11	2893.96
C12	11174.9	0.388443	97592.8	1352.7	1351.85
C12	11174.9	0.748739	95841	301.14	300.34
C12	11174.9	0.389339	97032.3	999.303	998.584
C12	11174.9	2.10589	97442.4	1196.84	1194.34
C12	11174.9	0.379202	99918.7	2865.86	2865.12
C12	11174.9	0.357326	97850.8	1536.12	1535.22
C12	11174.9	0.928139	96145.3	402.395	401.091
C12	11174.9	0.362363	98399.2	1933.18	1932.63
C12	11174.9	2.03444	95918.1	248.494	246.27
C12	11174.9	0.334361	98336.8	1731.47	1730.8
C12	11174.9	0.613	99546.7	2639.59	2638.58
C12	11174.9	2.39514	98001	1380.87	1378.29
C12	11174.9	1.37777	96138.9	492.148	490.509
C12	11174.9	1.12489	97626.9	1338.94	1337.35
C12	11174.9	0.348921	99168	2307.94	2307.22
C12	11174.9	1.3488	98050.4	1559.45	1557.72
C12	11174.9	0.432356	96063.3	463.711	463.263
C12	11174.9	0.845987	98074.8	1735.58	1734.16
C12	11174.9	0.635523	99478.6	2460.2	2459.42
C12	11174.9	0.677779	95535.6	71.3294	70.505
C12	11174.9	2.04629	97847.4	1386.18	1384.09
C12	11174.9	0.489336	98835.8	1975.07	1974.02
C12	11174.9	0.554794	95883.6	172.15	171.452
C12	11174.9	0.767636	97994.3	1447.49	1446.53
C12	11174.9	0.449194	96043.2	382.678	382.11
C12	11174.9	0.655992	99894.7	2850.4	2849.72
C12	11174.9	5.17991	95762.1	222.962	217.272
C12	11174.9	0.560669	98152.3	1751.39	1750.31
C12	11174.9	0.778591	97624.1	1189.15	1187.87
C12	11174.9	0.506499	96108.2	415.187	414.52
C12	11174.9	0.386919	99829.4	2793.34	2792.59
C12	11174.9	0.958059	96063.8	444.871	443.1
C12	11174.9	0.959782	99441.6	2481.24	2479.69
C12	11174.9	0.563435	97764.5	1543.84	1542.75
C12	11174.9	0.403652	97411	1170.98	1170.27
C12	11174.9	0.425084	98767.2	2060.22	2059.2
C12	11174.9	0.766712	96143.2	357.604	356.825
C12	11174.9	0.80301	98867.4	2147.26	2146.19
C12	11174.9	0.72086	96746.1	754.258	752.542
C12	11174.9	0.609325	99614.2	2633.04	2632.39
C12	11174.9	0.621572	96076.2	426.523	425.435
C12	11174.9	0.373719	97964.7	1632.71	1632.12
C12	11174.9	0.457592	98808.3	2149.72	2148.88
C12	11174.9	1.62032	98406	1964.68	1962.9
C12	11174.9	0.55349	98379.7	1819.3	1817.61
C12	11174.9	0.517881	98914.3	2222.31	2221.7
C12	11174.9	0.507632	97630.9	1387.37	1385.81
C12	11174.9	0.482079	98168.4	1589.05	1588.3
C12	11174.9	3.39443	98708.1	2099.77	2096.31
C12	11174.9	0.690554	95712	125.695	124.585
C12	11174.9	0.734875	96256.5	380.325	379.393
C12	11174.9	0.930917	95697.8	228.206	226.774
C12	11174.9	0.458555	95604.6	161.026	160.488
neutron	939.565	7.94168	98366.4	1702.07	1468.21
neutron	939.565	1.65522	98366.4	1702.07	1468.21
alpha	3727.38	2.42508	98366.4	1702.07	1468.21
alpha	3727.38	5.09509	98366.4	1702.07	1468.21
C12	11174.9	0.910865	96715.3	727.622	726.297
C12	11174.9	0.518112	99763.1	2738.26	2737.61
C12	11174.9	0.493912	97439.3	1244.46	1243.63
C12	11174.9	0.508056	98390	1947.71	1945.78
C12	11174.9	0.349052	98383.4	1877.61	1876.98
C12	11174.9	0.669015	99616.7	2696.33	2694.56
C12	11174.9	0.791487	98160.7	1737.39	1736.43
C12	11174.9	0.392268	99818.9	2801.61	2799.79
C12	11174.9	0.640863	95821.9	132.942	131.668
C12	11174.9	4.38122	96036.5	369.859	365.477
C12	11174.9	4.37482	99819.8	2804.85	2800.02
C12	11174.9	1.15121	96603.1	779.829	778.459
C12	11174.9	0.961664	99791.3	2789.91	2788.18
C12	11174.9	0.36312	98427.3	1877.58	1877.16
C12	11174.9	0.75589	99839.3	2743.72	2742.59
C12	11174.9	0.48945	96708.2	691.957	690.609
C12	11174.9	0.931527	99069.7	2195.13	2194.05
C12	11174.9	0.495182	97007.9	749.893	748.818
C12	11174.9	0.6766	95978.2	197.042	196.105
C12	11174.9	0.340073	95722.8	130.434	129.555
C12	11174.9	0.472579	99510.8	2609.55	2607.89
C12	11174.9	1.97086	97827.1	1544.06	1541.32
C12	11174.9	0.458995	96755	723.266	722.711
C12	11174.9	0.96878	99200.3	2438.33	2436.88
C12	11174.9	0.936701	99414.2	2511.55	2510.49
C12	11174.9	0.515037	97908.3	1276.19	1274.95
C12	11174.9	0.48305	98234.1	1448.65	1448.07
C12	11174.9	0.417432	99308.3	2513.52	2511.98
C12	11174.9	0.336455	98346.1	1948.18	1947.32
C12	11174.9	0.405514	98993.5	2179.75	2179.31
C12	11174.9	0.532994	96378.6	608.051	607.186
C12	11174.9	2.22346	97714	1504.29	1501.91
C12	11174.9	0.47071	98371.2	1905.48	1904.86
C12	11174.9	0.332405	95919	48.7662	46.8044
C12	11174.9	0.43021	98460	1854.68	1854.23
C12	11174.9	1.10307	97334.6	1229.02	1226.82
C12	11174.9	0.358082	98213.3	1817.78	1815.99
C12	11174.9	1.10805	99648.6	2685.55	2684.08
C12	11174.9	0.333808	99730.5	2759.99	2758.78
neutron	939.565	575.84	98491.4	1797.06	1028.69
alpha	3727.38	0.197537	98491.4	1797.06	1028.69
alpha	3727.38	7.81861	98491.4	1797.06	1028.69
C12	11174.9	1.45612	98573.8	1975.93	1974.3
C12	11174.9	1.8382	97400	1199.32	1197.42
C12	11174.9	0.343291	97335.3	1008.69	1007.7
neutron	939.565	2.17504	96508.9	753.203	535.834
B11	10252.5	1.43838	96508.9	753.203	535.834
C12	11174.9	0.351235	99143.3	2422.3	2421.45
C12	11174.9	1.45296	96594.3	735.643	733.728
C12	11174.9	0.348956	99846.6	2810.85	2809.9
C12	11174.9	1.88031	99114.5	2281.37	2279.31
C12	11174.9	0.454284	98868.4	2202.95	2202.09
C12	11174.9	0.336709	99751.6	2730.54	2730
C12	11174.9	0.336272	97988.6	1371.42	1371.06
C12	11174.9	0.358924	99223.1	2394.25	2393.37
C12	11174.9	0.519436	98761	2120.65	2119.58
C12	11174.9	1.14075	97523.3	1193.07	1191.84
C12	11174.9	0.504894	97021.1	1019.03	1017.78
C12	11174.9	1.05862	97027.1	968.342	966.892
C12	11174.9	0.574528	97227.6	1116.59	1115.95
C12	11174.9	2.09006	95906.9	382.514	380.364
C12	11174.9	0.335734	95704.2	119.767	118.959
C12	11174.9	0.563258	96477.3	147.993	146.71
C12	11174.9	0.543771	96564.6	688.475	687.312
C12	11174.9	0.927529	99050.7	2343.51	2342.16
neutron	939.565	140.177	98488.2	1889.45	845.509
neutron	939.565	0.950709	98488.2	1889.45	845.509
B10	9324.44	4.29155	98488.2	1889.45	845.509
C12	11174.9	0.410725	98173.7	1648.73	1648.07
C12	11174.9	2.09096	98045.4	1726.69	1724.28
C12	11174.9	0.711788	99162.3	2421.1	2418.32
C12	11174.9	0.913589	97615.4	1418.79	1417.58
C12	11174.9	0.957114	99094.3	2367.22	2366.17
C12	11174.9	0.360682	98507.5	1848.32	1847.19
C12	11174.9	0.35212	97641.3	1405.21	1404.81
C12	11174.9	0.7604	95577.1	74.7977	73.9467
C12	11174.9	0.354082	99053.6	2310.12	2309.42
C12	11174.9	0.805059	95732.8	79.1725	77.9507
C12	11174.9	1.23198	96516.3	638.513	636.47
C12	11174.9	0.341144	97875.1	1494.16	1493.15
C12	11174.9	0.476331	99359.7	2472.26	2470.37
C12	11174.9	0.807924	96820.3	962.777	961.901
C12	11174.9	0.468165	96588.8	706.64	705.86
C12	11174.9	3.43156	98223.5	1688.16	1683.83
C12	11174.9	0.337865	96663.6	809.054	808.539
C12	11174.9	3.37643	97806	1301.97	1297.48
C12	11174.9	0.359847	99744	2468.37	2467.82
C12	11174.9	0.678622	99031.4	2304.6	2303.82
C12	11174.9	0.348957	98136.8	1656	1655.23
C12	11174.9	0.473842	98042.5	1640.75	1639.92
C12	11174.9	0.578648	99557.9	2638.72	2637.98
C12	11174.9	0.666156	99973.5	2882.3	2881.55
C12	11174.9	1.94398	98239.8	1805.79	1803.21
C12	11174.9	0.346164	97472.1	1295.49	1295.13
C12	11174.9	0.530232	96989.5	862.084	861.361
C12	11174.9	0.353953	95442.4	55.8517	54.1012
C12	11174.9	3.00161	96027.7	299.33	296.097
C12	11174.9	1.80867	98004.7	1536.27	1534.4
C12	11174.9	1.83069	99494.8	2524.87	2522.96
C12	11174.9	0.391079	96341.3	323.738	323.243
C12	11174.9	0.675627	98000.7	1564.37	1563.45
neutron	939.565	156.18	99934.5	2879.35	2563.3
neutron	939.565	92.731	99934.5	2879.35	2563.3
alpha	3727.38	0.905451	99934.5	2879.35	2563.3
alpha	3727.38	7.48944	99934.5	2879.35	2563.3
C12	11174.9	0.36877	97635.3	1414.49	1413.38
C12	11174.9	0.577422	98218.7	1699.81	1699.22
C12	11174.9	0.675446	96048.9	401.499	400.254
C12	11174.9	1.22596	99121.7	2362.72	2360.92
C12	11174.9	0.550315	99043.1	2201.07	2200.49
C12	11174.9	0.400401	95909.1	434.336	433.817
C12	11174.9	0.338427	98801.5	2045.22	2044.83
C12	11174.9	0.54772	96339.3	484.484	483.505
C12	11174.9	0.924214	96287.8	320.622	319.64
C12	11174.9	0.907017	96244.4	538.589	537.383
C12	11174.9	0.380089	99707.8	2736.07	2734.62
C12	11174.9	0.567026	96765.2	852.523	850.28
C12	11174.9	0.85638	96923.9	743.71	742.777
C12	11174.9	0.402934	96912.2	1005.75	1005.32
C12	11174.9	1.34197	97985	1559.58	1558.09
C12	11174.9	2.30406	96068.1	371.926	368.395
C12	11174.9	2.90035	95741	216.906	213.898
C12	11174.9	0.522506	97359.4	1067.83	1066.19
C12	11174.9	0.349984	98450.5	1967.67	1967.12
C12	11174.9	0.983546	96108.6	339.57	336.812
C12	11174.9	0.36982	98701.2	1930.95	1929.69
C12	11174.9	0.337662	97635.6	1276.93	1276.57
C12	11174.9	0.416107	96402.2	476.411	475.83
C12	11174.9	0.421567	99670	2719.11	2718.67
C12	11174.9	1.02048	96296.6	556.371	553.568
C12	11174.9	1.15778	96463.7	673.51	672.275
C12	11174.9	0.81164	99345.7	2432.75	2430.65
C12	11174.9	0.51525	99902.7	2792.52	2791.99
C12	11174.9	1.00187	98583.4	2014.79	2013.48
C12	11174.9	0.673226	96465.5	667.188	666.507
C12	11174.9	0.754399	98551.2	1959.77	1956.22
C12	11174.9	1.81175	99638.3	2689.67	2687.48
C12	11174.9	0.349352	99744.5	2751.82	2750.72
C12	11174.9	0.548125	96067.5	165.786	164.572
C12	11174.9	0.875247	97027.5	886.177	884.757
C12	11174.9	2.81017	96286.5	383.042	380.093
C12	11174.9	0.692773	98394.3	1795.86	1794.94
C12	11174.9	0.571206	98497.2	1922.66	1921.87
C12	11174.9	0.644865	98651.7	2005.8	2005.02
C12	11174.9	0.368736	96848.8	948.103	946.938
C12	11174.9	0.355401	99519	2607.6	2607.19
C12	11174.9	0.336878	99458.9	2542.61	2541.51
C12	11174.9	2.23678	97845.1	1598.29	1594.32
C12	11174.9	0.451172	97421.2	1227.88	1227.05
C12	11174.9	1.39007	97500.9	1259.54	1257.08
C12	11174.9	0.418651	99643.8	2712.01	2710.52
C12	11174.9	0.345919	97722.2	1449.34	1448.09
C13	12109.5	0.498696	95478.9	29.9482	29.2779
C12	11174.9	4.15679	99167.9	2338.17	2333.98
C12	11174.9	1.1687	97791.4	1076.93	1075.7
neutron	939.565	341.39	98875.1	2224.27	1319.56
B10	9324.44	0.0493952	98875.1	2224.27	1319.56
C12	11174.9	0.524033	96502.3	660.333	659.494
C12	11174.9	1.36449	97414.5	1126.65	1124.5
C12	11174.9	0.369496	97552.8	1322.58	1322.19
C12	11174.9	2.24922	97454.6	1360.65	1358.08
C12	11174.9	0.528122	98231.8	1771.29	1770.48
C12	11174.9	0.342136	98403.5	1778.31	1777.58
C12	11174.9	1.14513	99782.7	2771.54	2770.1
C12	11174.9	0.378391	98484.3	1961.1	1960.01
C12	11174.9	0.363956	98763.7	2124.41	2123.95
C12	11174.9	0.501734	97066.6	669.003	668.269
C12	11174.9	1.21453	96330.1	408.835	407.258
C12	11174.9	0.898068	99264.4	2301.43	2300.08
C12	11174.9	2.3628	95923.5	314.151	310.728
C12	11174.9	0.715252	98671	2104.89	2104.07
neutron	939.565	3.1957	99758.8	2772.78	2095.29
Be10	9325.5	1.3465	99758.8	2772.78	2095.29
C12	11174.9	0.98526	98719.2	2100.61	2099.26
C12	11174.9	0.848324	98666.4	2045.04	2043.74
C12	11174.9	0.54719	96936.3	933.88	932.741
C12	11174.9	2.35086	98437.9	1924.22	1921.57
neutron	939.565	118.401	98573.9	2021.52	1813.06
neutron	939.565	45.842	98573.9	2021.52	1813.06
Be8	7454.85	3.00225	98573.9	2021.52	1813.06
C12	11174.9	0.406196	96945	913.462	912.105
C12	11174.9	0.401043	96000.2	304.105	303.622
C12	11174.9	0.474612	95609.9	206.352	205.734
C12	11174.9	0.423294	98444.1	1947.28	1946.83
C12	11174.9	0.616218	96016.2	297.676	297.039
C12	11174.9	0.486359	99933.4	2879.51	2878.42
C12	11174.9	0.518759	97478	1073.18	1072.5
C12	11174.9	0.448149	96303.8	533.546	533.013
C12	11174.9	1.6592	98998.5	2238.95	2237.25
C12	11174.9	0.477087	96409.1	585.747	584.611
C12	11174.9	0.338829	99332.2	2444.04	2443.4
alpha	3727.38	2.96654	97749	1324.06	387.047
Li7	6533.83	1.32565	97749	1324.06	387.047
C12	11174.9	0.664374	95479.8	29.3639	28.2917
C12	11174.9	0.412358	98674.7	1985.76	1984.36
C12	11174.9	0.336774	98861.5	2247.68	2245.24
C12	11174.9	1.75107	96986.6	1056.16	1054.34
C12	11174.9	0.823291	96248.5	358.398	356.909
C12	11174.9	0.399684	99647.7	2700.01	2699.53
C12	11174.9	0.336946	96646.6	776.829	775.931
C12	11174.9	0.534422	98983.7	2219.82	2219.14
C12	11174.9	0.334193	98795.5	2158.59	2157.88
C12	11174.9	0.628326	96020.9	391.257	389.154
C12	11174.9	0.480575	99031.2	2173.58	2172.73
C12	11174.9	0.641966	98947	2126.76	2125.53
C12	11174.9	0.489833	98121.6	1594.64	1593.25
C12	11174.9	0.335054	97616.6	1164.99	1163.14
C12	11174.9	0.442103	99003.9	2312.76	2312.26
C12	11174.9	0.555324	96156	479.26	478.116
C12	11174.9	0.37375	96750.7	712.216	711.453
C12	11174.9	1.63676	99366.6	2535.65	2533.94
C12	11174.9	0.386832	95561.6	92.3893	91.988
C12	11174.9	1.99861	96004	250.545	248.145
C12	11174.9	2.34962	96860.4	585.127	582.632
C12	11174.9	0.4463	99201.7	2393.99	2393.54
C12	11174.9	0.335871	99743.2	2654.44	2653.6
C12	11174.9	0.338533	99178.1	2358.92	2358.5
C12	11174.9	0.506765	96822.9	774.616	774.012
C12	11174.9	1.5234	97020.6	891.523	889.688
C12	11174.9	0.40918	97674.9	1295.74	1294.56
C12	11174.9	0.376155	98511.6	1804.1	1803.42
C12	11174.9	0.847015	97740.2	1281.23	1280.28
C12	11174.9	0.392669	99816.2	2791.25	2790.85
C12	11174.9	2.02131	95995.1	332.794	330.266
C12	11174.9	0.505155	99194.2	2358.25	2357.44
C12	11174.9	0.347002	95838.1	143.536	141.887
C12	11174.9	0.551127	99480.7	2600.06	2599.05
C12	11174.9	0.99296	96798.1	643.586	642.463
C12	11174.9	0.468557	95790.9	35.0431	34.2167
C12	11174.9	1.62286	95848.6	319.386	316.603
C12	11174.9	1.13047	98353.7	1767.77	1765.5
