C12	11174.9	0.341458	98282.4	3632.18	3631.67
C12	11174.9	1.9738	99861.5	4636.51	4634.02
C12	11174.9	0.84674	95965.6	2061.03	2059.76
C12	11174.9	0.424985	93912.5	636.148	635.512
C12	11174.9	2.74008	93972.6	510.061	506.571
C12	11174.9	0.547635	97483	2870.47	2869.87
C12	11174.9	0.492585	95012.7	1353.47	1352.65
C12	11174.9	1.21789	93199.7	406.591	405.289
C12	11174.9	0.616772	95999.6	1920.01	1919.26
C12	11174.9	0.442593	96264	2316.06	2315.49
C12	11174.9	0.656315	93503.5	396.908	396.134
C12	11174.9	0.923031	99033.7	4070.56	4069.55
C12	11174.9	0.698508	93661	244.74	242.061
neutron	939.565	7.88697	95186.8	1745.27	1411.73
alpha	3727.38	1.68117	95186.8	1745.27	1411.73
He3	2808.39	1.61191	95186.8	1745.27	1411.73
alpha	3727.38	18.6873	95186.8	1745.27	1411.73
C12	11174.9	2.95303	96477.3	1941.98	1938.57
C12	11174.9	0.514116	97228.1	3007.81	3006.66
C12	11174.9	0.816237	93361.2	449.232	448.055
C12	11174.9	0.372016	93580.2	393.642	393.236
C12	11174.9	0.535031	98160.1	3428.99	3428.21
C12	11174.9	0.372991	98070.9	3515.3	3514.79
C12	11174.9	0.476352	93321.9	114.711	113.721
C12	11174.9	1.07334	97441.6	3105.7	3104.2
C12	11174.9	0.447487	98142.3	3446.01	3445.43
C12	11174.9	0.443554	94546.7	666.428	665.885
C12	11174.9	0.782209	93000.6	37.4883	36.3229
C12	11174.9	0.776181	99025.3	3730.37	3729.34
C12	11174.9	2.51079	96758.7	2541.14	2537.19
C12	11174.9	0.984047	93021.8	206.955	205.7
neutron	939.565	224.122	98093.2	3434.85	2596.8
neutron	939.565	18.2568	98093.2	3434.85	2596.8
neutron	939.565	2.98305	98093.2	3434.85	2596.8
alpha	3727.38	9.70677	98093.2	3434.85	2596.8
C12	11174.9	0.885532	98442.6	3779.79	3778.8
C12	11174.9	1.67897	97395.5	3098.5	3096.24
C12	11174.9	1.15165	96166.9	2178.89	2177.45
C12	11174.9	0.471759	99902.7	4688.1	4687.16
C12	11174.9	4.67161	99614.6	4515.5	4509.72
C12	11174.9	0.336894	96750.3	2359.83	2359.32
C12	11174.9	0.992875	95795.2	1336.62	1335.61
C12	11174.9	0.558093	96177.8	2006.02	2005.06
C12	11174.9	0.383106	97242.6	2637.8	2637.21
C12	11174.9	0.651519	93323.8	496	495.348
C12	11174.9	0.870018	94945.9	1023.36	1022.33
C12	11174.9	0.463678	97087.5	2772.49	2771.11
C12	11174.9	0.447556	93680.4	600.907	599.552
C12	11174.9	0.403468	99739.4	4560.97	4560.3
C12	11174.9	0.458064	93299.3	357.036	355.275
C12	11174.9	1.06888	98037.2	3042.89	3041.21
C12	11174.9	0.345441	98988	4032.2	4031.79
C12	11174.9	0.413903	95634.8	1865.36	1864.94
C12	11174.9	0.405919	98052.6	2977.15	2976.68
C12	11174.9	0.395445	96478.8	1363.63	1363.1
C12	11174.9	0.498521	99430.4	4400.28	4399.78
C12	11174.9	0.340481	99251.8	4307.28	4306.3
C12	11174.9	0.67186	93555.2	419.282	418.518
C12	11174.9	0.404873	93776.4	661.187	660.409
C12	11174.9	0.411654	94488.3	1072.51	1071.44
alpha	3727.38	10.4648	97735.4	3363.78	3123.49
alpha	3727.38	3.23342	97735.4	3363.78	3123.49
alpha	3727.38	11.033	97735.4	3363.78	3123.49
C12	11174.9	0.859703	98428.8	3559.93	3559.05
C12	11174.9	0.337651	96356.1	2275.78	2274.92
C12	11174.9	0.376038	99373.5	4333.26	4332.67
C12	11174.9	0.585394	98740	3942.7	3941.07
C12	11174.9	0.579922	96059.4	1937.31	1936.49
C12	11174.9	0.444803	96200.4	2037.36	2036.87
C12	11174.9	0.744271	93299.5	447.736	446.619
C12	11174.9	0.477517	97852.3	2855.32	2854.45
C12	11174.9	0.379734	96417.3	2347.46	2345.5
C12	11174.9	0.37248	96093	1794.46	1793.41
C12	11174.9	0.756406	97780.8	3281.09	3279.72
C12	11174.9	0.335492	97862.7	3356.88	3355.47
neutron	939.565	41.4289	97258.6	2396.58	1846.04
neutron	939.565	26.0476	97258.6	2396.58	1846.04
neutron	939.565	11.7248	97258.6	2396.58	1846.04
alpha	3727.38	4.16296	97258.6	2396.58	1846.04
C12	11174.9	0.863525	95132.9	1531.54	1530.09
C12	11174.9	0.411262	93054.5	51.82	50.6192
C12	11174.9	0.517116	96181.6	2186.63	2185.96
C12	11174.9	0.559308	97480.4	3148.33	3147.36
neutron	939.565	9.6918	99169	3986.22	3699.16
B10	9324.44	1.73736	99169	3986.22	3699.16
C12	11174.9	1.47189	95508.6	1829.38	1827.77
C12	11174.9	0.449323	99730.4	4582.74	4582.26
C12	11174.9	0.651351	94430.1	1232.34	1231.32
C12	11174.9	0.491439	97037.3	2585.27	2584.11
C12	11174.9	0.821071	99489	4396.97	4395.55
C12	11174.9	0.413013	97123.6	2842.36	2841.59
C12	11174.9	0.396679	96420.9	2248.91	2247.81
C12	11174.9	0.42576	95635.7	1417.39	1416.39
neutron	939.565	0.942971	96715.7	2564.43	2009.87
neutron	939.565	0.679789	96715.7	2564.43	2009.87
Be8	7454.85	2.67552	96715.7	2564.43	2009.87
C12	11174.9	3.9936	99346	4338	4333.81
C12	11174.9	0.40514	97159.1	1950.92	1949.14
C12	11174.9	0.437018	94958.1	485.607	484.445
C12	11174.9	0.685371	99175	4083.58	4082.89
C12	11174.9	0.458421	92906	296.839	296.144
C12	11174.9	0.798299	97331.1	2995.77	2994.29
B11	10252.5	1.03301	99827.1	4496.74	4254.21
C12	11174.9	0.458705	95077.2	1581.06	1580.24
C12	11174.9	2.0517	96188	2011.48	2008.77
C12	11174.9	1.30763	95190.8	1486.77	1485.37
C12	11174.9	2.3631	94784.6	1326.97	1321.74
C12	11174.9	0.671937	98411.7	3745.86	3745.07
C12	11174.9	0.885602	93768.7	399.368	398.444
C12	11174.9	0.462651	98294.3	3412.2	3411.21
C12	11174.9	0.648255	93318.4	316.574	315.738
C12	11174.9	0.540045	96032.7	2061.23	2059.93
neutron	939.565	198.899	98255.1	3555.48	2967.89
Be8	7454.85	2.85544	98255.1	3555.48	2967.89
C12	11174.9	0.933261	99673.2	4541.27	4537.97
C12	11174.9	0.362946	96487.9	2345.46	2343.98
alpha	3727.38	2.50955	93873.2	706.336	498.958
Be8	7454.85	1.86421	93873.2	706.336	498.958
C12	11174.9	0.433545	96418.5	2276.25	2275.3
C12	11174.9	0.385671	93673.5	605.146	604.161
C12	11174.9	0.66098	99023	4149.56	4148.87
C12	11174.9	1.07985	97221.3	2915.79	2914.52
C12	11174.9	0.367404	95920.4	1647.52	1646.99
C12	11174.9	0.517854	95804.3	1584.39	1583.75
C13	12109.5	0.510258	98251.9	3666.98	3666.1
C12	11174.9	0.98116	96960	2649.21	2648.16
C12	11174.9	0.697238	95085.9	1289.58	1287.7
C12	11174.9	0.622522	95040.1	1221.69	1220.66
C12	11174.9	0.402404	93701.6	649.247	648.622
C12	11174.9	0.636024	96171.3	1942.16	1941.11
C12	11174.9	1.89273	95121.1	1489.17	1487.09
C12	11174.9	0.41335	95154	1497.21	1496.38
C12	11174.9	0.571753	95166.2	1606.93	1605.66
C12	11174.9	0.564142	93579.6	262.556	261.988
C12	11174.9	0.817332	99064.9	4128.13	4127.2
C12	11174.9	0.528017	97106.8	2804.71	2803.78
C12	11174.9	0.336201	94996.9	1310.59	1310.16
C12	11174.9	0.688293	96636.8	2536.72	2535.86
C12	11174.9	0.483201	93839.1	771.737	770.902
C12	11174.9	0.569176	97200.6	2926.07	2925
C12	11174.9	0.60383	94651.8	1231.22	1229.54
C12	11174.9	0.413103	99744.1	4586.66	4585.7
C12	11174.9	0.514592	93131.8	206.516	205.828
C12	11174.9	0.896536	97467.4	3036.74	3035.4
C12	11174.9	0.431731	96350	2289.39	2288.68
C12	11174.9	1.08288	99357.5	4326.72	4325.64
C12	11174.9	1.29217	98300	3736.94	3735.31
C12	11174.9	0.787639	97379.5	3048.23	3047
C12	11174.9	0.353506	98645	3900.48	3899.68
C12	11174.9	0.619254	92762.2	69.169	68.1415
C12	11174.9	0.339277	99701.4	4566.87	4565.8
C12	11174.9	1.02827	99352.6	4355.84	4354.51
C12	11174.9	0.979945	99812.9	4643.13	4642.03
C12	11174.9	0.450658	96261.2	2351.71	2350.92
C12	11174.9	0.502518	94280.9	1043.9	1042.89
C12	11174.9	0.61639	94784.2	1009.47	1008.55
C12	11174.9	0.857669	96118.7	1707.68	1706.46
C12	11174.9	0.432813	92954.7	337.036	336.411
C12	11174.9	0.368721	99789.4	4555.3	4554.74
C12	11174.9	0.344897	96361.4	2429.82	2428.98
C12	11174.9	0.332974	97053.6	2548.42	2547.46
C12	11174.9	0.582402	99686	4563.12	4561.88
C12	11174.9	0.375196	94092.9	846.814	846.356
C12	11174.9	0.361761	93079.6	351.349	350.952
C12	11174.9	0.717545	95071	1246.06	1244.95
C12	11174.9	3.25455	93901.8	484.96	481.686
C12	11174.9	0.725989	94972.6	1353.62	1352.39
C12	11174.9	0.376852	94550.6	758.679	757.158
C12	11174.9	0.336831	95693.3	1976.88	1976.48
C12	11174.9	0.649017	99952.3	4721.88	4721.03
C12	11174.9	2.11572	99997	4749.3	4747.04
C12	11174.9	0.385894	99210.1	3916.37	3915.98
C12	11174.9	0.527336	97821.7	3323.86	3322.95
C12	11174.9	0.564009	99205.9	4153.96	4152.46
C12	11174.9	0.572909	99667.7	4359.06	4357.5
C12	11174.9	0.404671	93944.5	899.647	898.641
C12	11174.9	0.448123	99267.2	4251.55	4250.7
C12	11174.9	0.431001	93554.5	446.525	445.857
C12	11174.9	0.381194	95894.5	2010.83	2010.04
C12	11174.9	0.961455	96768.7	2516.92	2515.74
C12	11174.9	0.453492	95902.6	2148.09	2147.49
C12	11174.9	0.365258	92847.9	206.339	205.453
neutron	939.565	49.7353	99772.9	4590.26	4281.99
neutron	939.565	2.14462	99772.9	4590.26	4281.99
alpha	3727.38	1.39431	99772.9	4590.26	4281.99
C12	11174.9	0.763401	97638.5	3258.61	3257.41
C12	11174.9	0.384577	95875.3	2035.72	2034.88
C12	11174.9	0.37757	93256.6	219.625	218.899
C13	12109.5	0.397391	98688.5	3839.73	3839.27
C12	11174.9	0.483845	95978.8	1613.5	1612.95
C12	11174.9	0.789284	95373.6	1388.07	1386
C12	11174.9	0.369915	94942.2	1123.95	1123.06
C12	11174.9	0.61365	95263.3	1478.46	1477.37
C12	11174.9	0.73078	96761.9	2752.02	2750.84
C12	11174.9	0.98409	99031.3	4117.13	4116.02
C12	11174.9	0.41185	94243.4	610.056	608.522
C12	11174.9	0.467967	98958.5	3880.73	3879.05
C12	11174.9	3.36689	95982.1	1706.27	1702.14
C12	11174.9	0.919581	99020.3	3503.91	3502.49
C12	11174.9	1.02766	94802.9	1190	1188.86
C12	11174.9	2.30132	93868.7	481.679	478.904
C12	11174.9	0.800654	93629.1	217.861	216.703
C12	11174.9	0.702274	99113.2	4203.73	4202.82
C12	11174.9	0.738059	96086.3	2175.95	2174.98
C12	11174.9	0.506036	94872.4	1474.72	1474.19
C12	11174.9	0.986568	94024.8	585.879	584.793
C12	11174.9	0.821112	98964.1	3907.08	3906.24
C12	11174.9	0.481554	93426.2	399.281	398.65
C12	11174.9	0.813223	98923.9	4108.37	4106.88
C12	11174.9	0.616821	99160.5	4179.03	4177.54
C12	11174.9	1.37985	94447.5	828.919	827.406
C12	11174.9	0.95986	97605.5	3088.02	3085.99
C12	11174.9	0.554294	95076.1	1561.09	1560.19
C12	11174.9	0.483661	96616.9	2306.56	2305.42
C12	11174.9	0.533704	98582.6	3745.12	3744
C12	11174.9	1.27419	97800.9	3235.36	3233.93
C12	11174.9	0.338829	99446.2	4282.08	4281.64
C12	11174.9	0.775712	94023.1	683.503	682.31
C12	11174.9	0.359268	99138.8	4199.72	4199.25
C12	11174.9	0.450267	93336.6	216.765	216.03
C12	11174.9	0.393517	94518.4	1118.43	1117.56
C12	11174.9	0.455964	99321.6	4341.81	4340.43
C12	11174.9	0.747695	94374.2	849.644	848.819
C12	11174.9	0.655542	96024	1799.6	1798.63
neutron	939.565	68.1781	97594.7	3177.97	2967.54
neutron	939.565	1.41866	97594.7	3177.97	2967.54
Be8	7454.85	2.37564	97594.7	3177.97	2967.54
C12	11174.9	0.413159	96524.1	2182.23	2181.76
neutron	939.565	114.456	94890.5	1271.15	979.72
neutron	939.565	21.1547	94890.5	1271.15	979.72
alpha	3727.38	3.98224	94890.5	1271.15	979.72
alpha	3727.38	6.57909	94890.5	1271.15	979.72
C12	11174.9	1.0925	99884.2	4671.18	4670.08
C12	11174.9	0.514763	94459.5	861.331	860.474
C12	11174.9	0.381435	99274.4	4309.83	4309.18
C12	11174.9	0.864992	95439.7	1689.64	1687.73
C12	11174.9	0.336829	94716	1266	1264.65
C12	11174.9	0.764903	98366.1	3329.2	3328.37
C12	11174.9	0.377059	93279.4	134.569	133.886
C12	11174.9	0.727138	97794.6	3284.29	3283.41
C12	11174.9	0.42881	99015.9	4053.56	4053.12
C12	11174.9	0.516313	95693.3	1885.7	1884.55
C12	11174.9	0.765514	99674.8	4536.59	4535.65
C12	11174.9	0.547208	96816.6	2664.07	2662.45
C12	11174.9	0.46249	96245.7	2125.75	2124.56
C12	11174.9	0.528967	99710	4571.88	4570.78
C12	11174.9	0.401263	92704.5	15.1837	13.9151
C12	11174.9	0.364958	94086.3	729.028	728.524
C12	11174.9	0.366054	93332.2	281.843	281.472
C12	11174.9	0.377338	99595.2	4460.84	4459.55
C12	11174.9	0.540368	95664.6	1911.06	1909.94
C12	11174.9	0.392454	99065.8	4116.9	4115.51
C12	11174.9	0.337647	95539.3	1777.39	1776.88
C12	11174.9	0.83962	95168.1	1602.78	1600.78
C12	11174.9	0.795387	94734.3	1256.74	1255.76
neutron	939.565	144.225	97496.4	3036.25	1910.65
neutron	939.565	82.3716	97496.4	3036.25	1910.65
neutron	939.565	2.16797	97496.4	3036.25	1910.65
alpha	3727.38	1.77741	97496.4	3036.25	1910.65
C12	11174.9	0.421208	93173.2	184.245	183.382
C12	11174.9	0.463818	95863.9	2096.6	2095.91
C12	11174.9	0.405264	98418.8	3672.06	3670.51
C12	11174.9	0.589254	94363.6	938.249	937.631
C12	11174.9	0.587418	94005.7	808.712	807.888
C12	11174.9	0.713164	98284.3	3688.72	3686.74
neutron	939.565	24.4673	98825.9	3957.47	3259.83
neutron	939.565	0.709161	98825.9	3957.47	3259.83
alpha	3727.38	7.36862	98825.9	3957.47	3259.83
alpha	3727.38	0.882982	98825.9	3957.47	3259.83
C13	12109.5	2.79664	95921.8	1764.84	1761.82
C12	11174.9	0.428789	94372.2	671.319	670.381
C12	11174.9	0.386515	97462	3029.78	3028.44
C12	11174.9	1.85526	95319.1	1313.25	1310.52
neutron	939.565	168.556	99397.6	4374.53	3517.19
neutron	939.565	4.89612	99397.6	4374.53	3517.19
alpha	3727.38	8.76853	99397.6	4374.53	3517.19
alpha	3727.38	5.22251	99397.6	4374.53	3517.19
C12	11174.9	0.33675	99374.5	4346.17	4345.67
C12	11174.9	1.36069	97667.6	3233.24	3231.45
C12	11174.9	0.594797	93717.5	604.271	603.519
C12	11174.9	0.554497	96590.8	2383.12	2382.37
C12	11174.9	0.526843	93674.7	508.165	507.174
C12	11174.9	1.16282	96965.6	2750.37	2749.11
C12	11174.9	0.469698	95939.1	2171.56	2170.81
C12	11174.9	0.422278	93304.2	261.204	260.779
C12	11174.9	1.15526	97800.4	3271.41	3269.81
C12	11174.9	1.36652	99692.1	4537.15	4535.57
C12	11174.9	0.837382	96419.4	1714.52	1713.44
C12	11174.9	0.837346	98348	3390.65	3389.77
C12	11174.9	0.746875	96254.5	2291.58	2289.55
C12	11174.9	0.747497	95902.2	1908.86	1907.93
C12	11174.9	0.979128	94001.7	268.835	267.689
neutron	939.565	4.60052	95984.5	2064.24	1852.86
C11	10254	2.72905	95984.5	2064.24	1852.86
C12	11174.9	1.46274	99346	4177.55	4174.45
C12	11174.9	0.974141	95004.6	1383.41	1382.12
C12	11174.9	0.485723	93839	760.669	760.119
C12	11174.9	0.533583	94891.2	1486.32	1485.66
C12	11174.9	0.690744	98372.8	3736.38	3735.51
C12	11174.9	0.737088	96679.5	2630.81	2630.07
C12	11174.9	0.52314	99283.9	4297.47	4296.84
C12	11174.9	0.810371	93419.4	443.523	442.615
C12	11174.9	1.48701	96087.6	2333.42	2331.88
C12	11174.9	0.505967	97489.7	2784.96	2784.28
C12	11174.9	0.517389	94754.6	1334.54	1332.14
C12	11174.9	0.392116	95412.5	1853.14	1851.58
C12	11174.9	1.76062	94140.8	967.383	965.387
C12	11174.9	0.387093	97035.5	2520.9	2519.78
B11	10252.5	0.990996	99531.6	4480.5	4123.13
C12	11174.9	0.676072	97659.3	3183.7	3182.87
C12	11174.9	0.505439	96008.6	2107.07	2106.17
C12	11174.9	0.839305	93091.7	45.2945	44.0332
C12	11174.9	0.377207	93848.3	496.889	495.012
C12	11174.9	0.50975	95474.9	1744.92	1743.02
C12	11174.9	0.398486	99926.8	4709.87	4709.39
C12	11174.9	0.439445	93131.5	199.155	198.353
C12	11174.9	0.403693	99217.7	4192.9	4191.1
C12	11174.9	0.370193	98937.6	4048.68	4048.09
C12	11174.9	1.26052	97703	2949.86	2947.78
C12	11174.9	0.672733	99597.3	3670.21	3669.16
C12	11174.9	0.500494	95618.3	1908.84	1908.32
C12	11174.9	0.357226	93187.5	221.067	220.267
C12	11174.9	0.378907	93882	407.149	406.767
C12	11174.9	0.565321	93384.4	392.296	391.458
C12	11174.9	0.334547	95389.1	1713.39	1712.9
C12	11174.9	0.549679	96444	1982.72	1981.28
C12	11174.9	0.825401	98802.3	3934.2	3933.31
C12	11174.9	2.1711	95772.7	1956.42	1953.32
C12	11174.9	0.382667	95997.1	2087.37	2086.23
C12	11174.9	0.40118	98183.8	3528.03	3527.53
C12	11174.9	0.388349	98701.9	2924.26	2923.71
C12	11174.9	1.71699	98088.4	3489.34	3487.15
C12	11174.9	1.39994	94641.1	1297.06	1295.09
C12	11174.9	0.724721	95934.4	2058.12	2057.32
C12	11174.9	0.723801	93796.4	515.786	514.828
C12	11174.9	2.06176	97564.5	3238.1	3235.61
C12	11174.9	0.376135	94925.1	1301.84	1301.46
C12	11174.9	0.40957	97894.5	3202.33	3201.74
C12	11174.9	1.34989	99020.5	3900.03	3898.64
C12	11174.9	0.463526	95611.7	1606.26	1605.78
C12	11174.9	1.44777	95336.8	1346.65	1344.6
C13	12109.5	0.331814	95751.8	1597.1	1596.57
C12	11174.9	0.753918	98007.2	3242.04	3241.11
C12	11174.9	1.69801	93027.6	186.275	184.052
C12	11174.9	0.488055	95936.3	1887.99	1887.2
C12	11174.9	1.50919	93951.3	583.197	581.651
C12	11174.9	0.546358	99764.3	4550.61	4549.82
C12	11174.9	0.622653	93135	20.6866	19.1332
C12	11174.9	0.348677	97788.3	3312.16	3311.56
C12	11174.9	0.920106	97505	3189.13	3187.69
C12	11174.9	0.935196	92853.8	275.995	274.353
C12	11174.9	0.365669	93695	601.604	600.973
C12	11174.9	0.340939	93097.3	181.718	181.192
C12	11174.9	0.628841	98959.5	4115.56	4114.75
C12	11174.9	0.489312	97629.6	2166.76	2165.88
C12	11174.9	0.43998	97922.8	3386.31	3385.8
C12	11174.9	0.449307	97506.2	2786.81	2785.34
neutron	939.565	110.604	98961.8	4043.34	3723.03
neutron	939.565	87.1135	98961.8	4043.34	3723.03
alpha	3727.38	10.5869	98961.8	4043.34	3723.03
alpha	3727.38	6.51328	98961.8	4043.34	3723.03
C12	11174.9	4.71312	95892.4	1940.45	1934.74
C12	11174.9	0.422439	94252.9	459.016	457.337
C12	11174.9	0.381668	96958.4	2345.75	2344.99
C12	11174.9	0.55733	93330.5	111.348	110.756
C12	11174.9	1.42342	98450.7	3730.6	3728.81
C12	11174.9	0.428771	94393.5	782.904	781.845
C12	11174.9	0.761819	95725.6	1776.68	1775.92
C12	11174.9	0.38013	96040.1	2144.89	2144.02
C12	11174.9	0.585654	94294	965.017	964.215
C12	11174.9	0.611174	98766.1	3989.39	3988.6
C12	11174.9	5.03696	99499.7	4464.34	4459.12
C12	11174.9	0.351666	96856.7	2242.05	2241.66
C12	11174.9	3.18394	94098.4	889.751	886.23
C12	11174.9	0.502758	93793.8	700.151	699.545
C12	11174.9	0.65419	96680.5	2403.75	2401.85
C12	11174.9	1.29753	99786.2	4622.53	4620.93
C12	11174.9	0.350574	99979	4740.08	4739.48
C12	11174.9	0.426372	99919.6	4688.08	4686.88
C12	11174.9	0.832395	96729.5	2229.54	2227.81
C12	11174.9	0.378	97605.1	3083.46	3082.19
C12	11174.9	0.442049	93762.7	603.747	603.143
C12	11174.9	0.40505	99827.9	4660.39	4659.81
C12	11174.9	0.925844	96410.2	2141.91	2140.61
C12	11174.9	0.524814	94066.2	816.805	816.004
C12	11174.9	0.637692	98836.9	3963.92	3962.82
C12	11174.9	0.385128	94722.9	1118.47	1117.96
C12	11174.9	0.381547	98035.4	3420.24	3419.82
C12	11174.9	0.739199	96077.2	1812	1810.75
C12	11174.9	0.729522	96954.1	2817.8	2816.84
C12	11174.9	0.742979	98488.4	3816.83	3815.37
C12	11174.9	0.411381	95683.2	1911.75	1911.12
C12	11174.9	0.468925	99185.2	4218.6	4218.05
C12	11174.9	0.376128	99011.4	4039.24	4038.47
C12	11174.9	0.836574	93650.1	222.796	221.492
C12	11174.9	0.401733	98030.1	3019.23	3017.53
C12	11174.9	0.861371	96424.1	2230.26	2229.3
C13	12109.5	0.317431	94103.6	857.032	856.588
C12	11174.9	0.443588	93930.3	609.778	608.756
C12	11174.9	0.867805	98176.4	3573.78	3572.89
C12	11174.9	0.435767	93177.1	136.335	135.824
C12	11174.9	0.417422	98277.7	3471.62	3470.84
C12	11174.9	0.386863	94013.9	587.802	586.812
C12	11174.9	1.24499	97795.6	3244	3242.42
C12	11174.9	0.882576	97855.6	3390.27	3388.9
C12	11174.9	0.784923	94826.1	1038.23	1037.18
C12	11174.9	0.520785	96679.3	2311.74	2310.68
C12	11174.9	0.332148	96224	1925.71	1925.07
C12	11174.9	0.373465	98986.5	4092.95	4092.45
C12	11174.9	0.361958	94034.4	456.76	455.815
C12	11174.9	0.66548	93104.3	25.3433	23.928
C12	11174.9	0.533486	97013.5	2252.67	2251.89
C12	11174.9	0.4071	93909.2	801.563	800.178
C12	11174.9	0.531741	93397.2	512.425	511.614
C12	11174.9	0.392881	98952.6	4104.53	4103.57
C12	11174.9	1.09685	99146.9	4134.08	4132.88
C12	11174.9	0.446317	95182.3	1542.59	1542.12
C12	11174.9	0.4362	97333.1	3007.6	3007.15
C12	11174.9	0.418666	96018.1	1950.84	1949.95
C12	11174.9	0.41445	95964.3	1650.78	1649.81
C12	11174.9	0.452748	94366.1	803.566	803.084
C12	11174.9	0.764315	93295.6	278.987	276.753
C12	11174.9	0.334083	93774.5	530.251	529.824
C12	11174.9	0.673794	95920	1849.02	1848.16
C12	11174.9	0.655452	93700.6	199.735	198.683
C12	11174.9	0.541539	95776	1972.12	1971.52
C12	11174.9	0.558651	98450.1	3749.64	3748.66
C12	11174.9	1.24648	97071.2	2816.06	2814
C12	11174.9	0.873034	94474.1	1083.92	1082.28
C12	11174.9	0.513849	94687	1166.95	1165.92
C12	11174.9	0.856898	95339.7	1513.56	1512.23
C12	11174.9	0.65704	95265.6	928.449	927.473
C12	11174.9	0.478185	99353	4309.73	4308.9
C12	11174.9	0.974478	95670.8	1857.19	1856.11
C12	11174.9	0.408189	93205.7	124.48	123.779
C12	11174.9	0.471224	93412.2	568.941	568.073
C12	11174.9	0.611664	97189.4	2831.74	2830.39
C12	11174.9	0.587905	98646.4	3770.01	3769.19
C12	11174.9	0.655081	96221	2173.76	2173.1
C12	11174.9	0.736154	95471.3	1860.57	1859.51
C12	11174.9	1.03798	93976	666.499	665.381
C12	11174.9	0.342783	95448	1370.23	1368.97
C12	11174.9	0.362596	95231.4	1131.75	1131.35
C12	11174.9	0.385095	95551.6	1721.91	1720.65
C12	11174.9	1.01971	99672.2	4566.59	4564.94
C12	11174.9	0.341228	96705.4	2630.59	2629.54
C12	11174.9	0.399569	99916.2	4696.92	4696.36
C12	11174.9	0.422101	95437	1669.83	1669.35
C12	11174.9	0.368492	94209.6	359.187	358.549
C12	11174.9	0.534398	98176.1	3597.53	3596.34
C12	11174.9	1.13827	95871.8	1805.5	1804.22
C12	11174.9	0.685622	99084.4	4168.08	4167.23
C12	11174.9	0.925078	94869.5	1045.09	1044.01
C12	11174.9	1.14554	95569	1756.55	1755.21
C12	11174.9	0.689456	93540	351.773	350.845
C12	11174.9	0.355255	94627.5	1218.22	1217.75
C12	11174.9	0.331621	92825.7	107.769	107.387
C12	11174.9	0.70601	99121.3	4033.82	4033.08
C12	11174.9	0.457768	98938.1	3944.5	3943.88
C12	11174.9	0.677681	94714.1	1232.09	1231.11
C12	11174.9	0.428863	97247.8	2929.82	2929.05
C12	11174.9	0.476042	95807.7	1927.4	1926.78
C12	11174.9	1.12467	96989.9	2689.26	2688.1
C12	11174.9	0.533341	96140.4	2236.18	2235.35
C12	11174.9	0.809537	95453.6	1421.32	1420.43
C12	11174.9	0.733312	98198.3	3564.37	3562.63
C12	11174.9	0.441259	99143.5	4166.62	4166.14
C12	11174.9	0.777121	96994.1	2827.32	2826.03
C12	11174.9	0.594166	97928.3	3255.48	3254.84
C12	11174.9	4.66343	97517.6	3029.6	3024.5
C13	12109.5	0.501772	93435.8	529.059	528.447
C12	11174.9	1.22776	98465.6	3720.26	3718.47
C12	11174.9	0.455725	93340.2	169.046	168.475
C12	11174.9	0.785236	96565.4	2490.76	2489.76
C12	11174.9	1.10298	94819.8	989.409	987.702
C12	11174.9	6.11267	95090.1	1362.98	1355.34
C12	11174.9	0.374262	99208.1	4242.74	4242.16
C12	11174.9	0.413804	95289.6	1719.76	1718.51
C12	11174.9	0.659585	95509.2	1521.85	1521.19
C12	11174.9	0.375219	97486.5	3151.94	3151.41
C12	11174.9	0.460144	97895.6	2829.44	2828.72
C12	11174.9	0.372571	97207.3	2310.23	2309.77
C12	11174.9	0.354186	96765.2	2473.91	2473.07
C12	11174.9	0.574541	97815.5	3217.56	3216.87
C12	11174.9	0.966149	95694.4	1750.54	1749.13
C12	11174.9	0.581376	96953.1	2545.26	2543.57
C12	11174.9	2.43467	97802.1	3123.45	3120.78
C12	11174.9	0.391367	94372.5	945.949	945.232
C12	11174.9	0.399507	94488.3	1130.71	1130.31
C12	11174.9	0.393983	98267.5	3578.12	3576.98
C12	11174.9	0.547631	99902.5	4697.02	4695.66
C12	11174.9	0.341784	99470.2	4363.7	4363.08
C12	11174.9	0.637431	94794.3	1114.98	1114.34
C12	11174.9	1.13084	96974.3	2519.46	2517.89
C12	11174.9	2.15447	96172	2138.68	2135.46
C12	11174.9	0.454815	93823.2	171.014	169.675
C12	11174.9	1.27789	98736.7	3445.02	3443.27
C12	11174.9	0.529412	99257.9	4256.07	4255.17
C12	11174.9	0.495573	96946.4	2614.14	2613.06
C12	11174.9	0.787899	98389.1	3552.26	3551.45
C12	11174.9	0.661065	92877.4	248.292	247.308
C12	11174.9	0.337413	99281.9	4264.78	4264.15
C12	11174.9	0.540606	98158.7	3611.41	3610.56
C12	11174.9	0.4555	99335.2	4273.6	4272.61
neutron	939.565	93.3303	97342	2949.21	2736.62
neutron	939.565	75.1673	97342	2949.21	2736.62
Be8	7454.85	0.763043	97342	2949.21	2736.62
neutron	939.565	285.976	96217.5	2238.7	1589.7
alpha	3727.38	5.16074	96217.5	2238.7	1589.7
alpha	3727.38	2.34872	96217.5	2238.7	1589.7
C12	11174.9	0.648042	93151.1	294.279	292.816
C12	11174.9	0.371967	93474	344.865	344.267
C12	11174.9	2.10466	93529.5	507.847	505.483
C12	11174.9	1.10987	93997.2	792.789	791.134
C12	11174.9	0.716358	94286.7	1123.2	1122.22
C12	11174.9	0.994232	96065	2036.6	2034.21
C12	11174.9	1.4397	94011	709.46	706.911
C12	11174.9	1.30316	93554	763.067	761.513
C12	11174.9	0.666912	96189.3	1802.7	1801.63
C12	11174.9	0.67818	96772	2767.91	2767.22
C12	11174.9	1.13115	95145.1	1527.8	1525.45
C12	11174.9	0.450635	98707.2	3856.53	3855.64
C12	11174.9	0.546352	94994.5	1324.04	1322.62
C12	11174.9	0.434091	93092.2	320.448	318.37
C13	12109.5	0.801026	94863.8	1439.2	1437.69
C13	12109.5	0.618433	99400.4	4309.53	4307.68
C12	11174.9	0.989048	97077.4	2910.78	2909.5
C12	11174.9	0.357353	94620.8	1048.69	1046.89
C12	11174.9	0.647011	97340.8	3036.36	3035.04
C12	11174.9	0.528089	97955.5	3083.04	3081.47
C12	11174.9	0.370426	93052	18.4859	18.0435
C12	11174.9	0.785926	94080.1	634.535	633.108
C12	11174.9	0.62664	96801	2598.25	2597.62
C12	11174.9	0.368402	95601	1781.23	1780.63
C12	11174.9	0.478499	98369.3	3617.57	3616.69
C12	11174.9	0.542808	95817.4	1633.68	1632.06
C12	11174.9	0.904631	96449.6	2412.15	2411.14
C12	11174.9	0.421976	98222	3514.81	3512.66
C12	11174.9	0.435259	97114.1	2790.31	2789.5
C12	11174.9	0.371765	94348	528.757	528.164
C12	11174.9	0.340113	97797.9	3349.72	3349
C12	11174.9	1.59415	93003.5	206.632	204.831
C12	11174.9	0.333238	93778.7	529.121	528.646
C12	11174.9	1.90538	96033.8	2168.31	2166.28
B11	10252.5	2.21379	97487.9	3080.22	2799.83
C12	11174.9	0.380118	95062.8	1306.05	1305.27
C12	11174.9	0.501073	93616.3	392.396	391.276
C12	11174.9	0.534865	93498.8	437.091	436.465
C12	11174.9	0.43052	99714.7	4584.38	4583.21
C12	11174.9	0.339697	93028.3	70.5978	69.449
C12	11174.9	0.672531	99234.2	4189.62	4188.79
C12	11174.9	0.490792	96774.6	2710.4	2709.86
C12	11174.9	0.500613	94487.4	1119.37	1118.13
C12	11174.9	1.71151	93814.9	655.288	652.961
C12	11174.9	3.19042	96815.7	2588.99	2585.45
C12	11174.9	0.62971	96630.6	2108.34	2107.63
C12	11174.9	0.496237	98138.8	3572	3571.29
C12	11174.9	0.567385	97989.6	3279.65	3278.77
C12	11174.9	0.332967	95289.4	1657.52	1657.07
C12	11174.9	0.38251	99915.1	4689.84	4689.01
C11	10254	0.346249	97971.9	3402.13	2717.42
C12	11174.9	0.404906	94991.9	1114.99	1114.56
C12	11174.9	0.417218	96242.6	2404.75	2403.48
C12	11174.9	1.36463	94662.8	1045.71	1043.89
C12	11174.9	0.575824	98068.5	3579.19	3578.48
C12	11174.9	0.483218	97293.6	3028.49	3026.39
C12	11174.9	1.59598	99524.4	4469.13	4466.7
C12	11174.9	0.373971	92971.3	71.3656	70.5522
C12	11174.9	0.478822	97673.6	3255.55	3254.28
neutron	939.565	318.42	99588.2	4493.83	3020.81
He3	2808.39	3.48011	99588.2	4493.83	3020.81
Be8	7454.85	2.0149	99588.2	4493.83	3020.81
C12	11174.9	0.431988	98154.1	2846.39	2845.21
C12	11174.9	1.86992	94921.9	1479.02	1477.02
C12	11174.9	0.550537	98385.7	3678.3	3677.57
C12	11174.9	0.672337	96463.3	2203.46	2202.38
C12	11174.9	0.494843	95700.7	1732.45	1731.91
C12	11174.9	0.542211	93531	450.581	450.004
C12	11174.9	1.10986	97517.6	2788.69	2787.21
C12	11174.9	0.457887	97376.8	2439.12	2438.54
C12	11174.9	0.899982	96693.5	2524.2	2522.73
C12	11174.9	0.361024	97766	3219.45	3218.3
C12	11174.9	0.553065	97658.9	3309.3	3308.63
C12	11174.9	0.393657	94820.6	1331.18	1330.55
C12	11174.9	0.406377	96829.9	2625.47	2624.29
C12	11174.9	0.34686	99094.5	3884.15	3882.7
C12	11174.9	0.368618	94829.9	916.374	915.734
C12	11174.9	1.54563	93271.4	429.547	427.904
C12	11174.9	0.753879	97968.4	3118.58	3117.73
C12	11174.9	0.587832	99091.1	4108.73	4107.51
C12	11174.9	0.711107	99493.1	4410.67	4409.61
neutron	939.565	54.3371	99898	4693.06	4324.25
alpha	3727.38	4.58181	99898	4693.06	4324.25
alpha	3727.38	1.07312	99898	4693.06	4324.25
C12	11174.9	0.494073	97393.5	3040.1	3038.49
neutron	939.565	63.615	99299.1	4295.37	4044.71
neutron	939.565	35.3242	99299.1	4295.37	4044.71
neutron	939.565	19.1332	99299.1	4295.37	4044.71
alpha	3727.38	14.3057	99299.1	4295.37	4044.71
C12	11174.9	0.467151	97071	2665.25	2664.38
C12	11174.9	0.642211	96125.1	2086.67	2085.82
C12	11174.9	0.342257	98756.3	3916.32	3915.75
C12	11174.9	0.944158	96923.7	2301.42	2299.5
C12	11174.9	0.833742	99944.8	4716.23	4715.38
C12	11174.9	0.528844	94037.8	1027.9	1026.96
C12	11174.9	0.347134	98364.9	3567.78	3566.02
C12	11174.9	0.593585	98856.6	3961.05	3960.32
C12	11174.9	0.784338	94035.5	785.889	784.11
C12	11174.9	0.384059	95973	1884.59	1883.48
C12	11174.9	0.562432	95868.4	2025.17	2023.23
C12	11174.9	0.493867	96190.7	2291.26	2290.31
C12	11174.9	0.335429	96362.7	2398.94	2397.82
C12	11174.9	0.423269	99823.5	4646.43	4645.51
C12	11174.9	0.35975	93910.8	483.637	483.241
C12	11174.9	0.41951	93560	558.218	556.234
C12	11174.9	0.4842	93851.7	637.414	636.407
C13	12109.5	0.418537	95261.2	1451.48	1450.83
C12	11174.9	0.677073	97848.6	2938	2936.96
C12	11174.9	0.705324	97849.1	3151.86	3149.26
C12	11174.9	1.76056	95439	1511.69	1508.67
C12	11174.9	0.51031	96439.2	2257.13	2256.6
C12	11174.9	0.392176	94773.3	1223.22	1222.65
C12	11174.9	0.420607	97406	2835.4	2834.74
C12	11174.9	0.659805	96731.4	2405.35	2403.11
C12	11174.9	0.375467	94627.3	1117.45	1117.06
C12	11174.9	0.941549	99342.1	4330.8	4329.74
C12	11174.9	0.365995	99724.2	4505.86	4505.13
C12	11174.9	0.395264	96261.9	1994.56	1993.94
C12	11174.9	0.406505	96243.7	2198.69	2197.84
C12	11174.9	0.388391	97040.1	2843.45	2841.54
C12	11174.9	0.594505	99039.1	3895.95	3895.01
C12	11174.9	0.360376	97965.8	3383.83	3383.17
C12	11174.9	0.712029	94120.7	709.772	708.896
C12	11174.9	0.3853	96550	2466.2	2465.43
C12	11174.9	0.417365	98866.1	3952.88	3952.43
C12	11174.9	0.375227	93203.4	303.666	303.229
C12	11174.9	0.513742	96374.4	2230.93	2230.23
C12	11174.9	0.492986	97370.4	3159.75	3159.03
C12	11174.9	0.411607	94675.6	802.253	801.121
C12	11174.9	0.360035	99147.4	4193.13	4192.46
C12	11174.9	0.399934	99541.7	4447.5	4446.67
C12	11174.9	0.662616	95132.3	1305.84	1304.9
C12	11174.9	0.373269	93798	491.769	491.272
C12	11174.9	0.407341	99929.1	4710.65	4710.17
C12	11174.9	0.449728	98701.4	3781.1	3780.08
C12	11174.9	0.461957	98300.8	3675.8	3675.24
neutron	939.565	286.135	98575.3	3633.37	2665.55
B11	10252.5	0.817407	98575.3	3633.37	2665.55
C12	11174.9	1.20564	98519.9	3589.62	3588.36
C12	11174.9	1.04582	97968.3	3210.49	3209.13
C12	11174.9	0.428001	97743.9	3005.56	3005.05
C12	11174.9	1.42035	98629.7	3657.72	3656.04
C12	11174.9	0.562752	98418.6	3752.26	3751.04
C12	11174.9	1.90297	95462.5	1272.91	1270.92
C12	11174.9	0.349897	92894	45.5531	45.1225
C12	11174.9	0.512035	94786.9	1306.93	1306.39
C12	11174.9	0.568375	93547.1	572.6	571.982
C12	11174.9	0.438681	95564.5	1822.87	1820.77
C12	11174.9	0.517201	95108.6	1508.75	1505.99
C12	11174.9	0.356984	95162.1	1327.5	1326.75
C12	11174.9	0.369988	97716.6	2600.96	2599.9
C12	11174.9	0.335336	97803	3433.06	3432.41
C12	11174.9	1.4043	99625.1	4519	4515.96
C12	11174.9	0.558441	97440.4	2678.36	2677.73
C12	11174.9	1.27563	94495.4	915.828	914.163
C12	11174.9	0.477988	98051.1	3430.75	3430.24
C12	11174.9	0.347657	99286.8	4313.56	4312.64
C12	11174.9	1.41668	93161.3	290.565	288.481
C12	11174.9	0.361668	97660.7	3136.94	3136.52
C12	11174.9	0.473184	96692.6	2558	2557.53
C12	11174.9	0.766318	97753.7	3246.37	3244.85
neutron	939.565	35.1644	99659.7	4538.48	4326.86
C11	10254	2.58431	99659.7	4538.48	4326.86
C12	11174.9	0.38236	99903.9	4668.91	4667.68
neutron	939.565	144.539	97315.1	2642.23	1837.18
alpha	3727.38	11.6509	97315.1	2642.23	1837.18
alpha	3727.38	13.8488	97315.1	2642.23	1837.18
C12	11174.9	0.418699	93433.3	493.733	492.711
B11	10252.5	3.49109	98414.9	3631.01	3407.72
C12	11174.9	0.504156	95069.8	1105.51	1104.82
C12	11174.9	0.925261	95632.9	1948.24	1946.68
C12	11174.9	0.807656	96013.1	1936.65	1935.53
C12	11174.9	0.534337	94996.8	1616.05	1615.35
C12	11174.9	0.486285	94370.6	1186.39	1185.35
C12	11174.9	1.16748	97144.3	2871.93	2870.43
C12	11174.9	0.406335	95047.6	1393.82	1393.02
C12	11174.9	0.391566	94730.4	1395.33	1394.44
C12	11174.9	0.500267	93487.3	550.914	550.04
C12	11174.9	0.362734	99198.5	4250.16	4249.55
C12	11174.9	0.401308	98503.1	3637.89	3637.33
C12	11174.9	1.51425	97756.8	3203.26	3201.59
C12	11174.9	0.695831	96190.1	2144.91	2144.12
neutron	939.565	651.453	99717.4	4234.81	2291.01
Be9	8392.75	2.85282	99717.4	4234.81	2291.01
C12	11174.9	0.363945	95555.2	1641.22	1639.52
C12	11174.9	0.512315	93712.6	236.969	236.02
C12	11174.9	0.606321	94181.3	759.289	758.172
alpha	3727.38	4.23525	95448.3	1551.61	1311.01
Be8	7454.85	1.66383	95448.3	1551.61	1311.01
C12	11174.9	2.65444	93289.2	292.707	289.915
C12	11174.9	1.52245	97085.7	2772.14	2770.31
C12	11174.9	0.608244	92876.9	49.1357	48.3362
neutron	939.565	3.52466	99028.8	4041.55	3637.02
neutron	939.565	0.949431	99028.8	4041.55	3637.02
Be8	7454.85	0.153743	99028.8	4041.55	3637.02
C12	11174.9	0.434565	98910.2	3895.86	3895.11
C12	11174.9	0.378573	94660.3	1277.93	1276.89
C12	11174.9	0.781771	99140.2	4165.44	4164.57
C12	11174.9	0.342719	95780.4	1602.2	1600.37
C12	11174.9	0.938682	94806.1	1334.07	1332.84
neutron	939.565	111.224	99558.3	4467.9	4208.56
neutron	939.565	65.6921	99558.3	4467.9	4208.56
alpha	3727.38	8.58922	99558.3	4467.9	4208.56
alpha	3727.38	9.91092	99558.3	4467.9	4208.56
C12	11174.9	0.777738	96983.6	2708.96	2707.07
C12	11174.9	0.625204	94006.3	495.139	494.005
C12	11174.9	1.36001	95414.4	1702.83	1701.23
C12	11174.9	0.653308	95582.7	1820.82	1818.9
C12	11174.9	0.751288	99480.5	4428.72	4427.31
C12	11174.9	0.362497	93222.2	194.079	193.693
C12	11174.9	0.48805	97914.7	3434.46	3433.8
C12	11174.9	0.438212	93441.1	416.779	416.258
C12	11174.9	0.404324	96046.6	2083.49	2083
C12	11174.9	0.553853	93117.8	147.981	147.327
C12	11174.9	0.798851	94492.7	1205.09	1203.91
C12	11174.9	0.367074	93755.5	577.573	577.156
C12	11174.9	1.09747	93446.2	280.69	279.528
C12	11174.9	0.644435	94190.3	460.314	459.439
C12	11174.9	0.522532	94953.7	1421.98	1421.38
C12	11174.9	0.597225	94151.2	746.929	744.988
B10	9324.44	1.30991	99037.7	3856.16	2554.59
C12	11174.9	0.859864	99822.6	4648.41	4647.47
C12	11174.9	0.333762	95571.3	1820.1	1819.62
C12	11174.9	0.37369	93195.5	401.645	401.062
C12	11174.9	0.477921	95298.9	986.953	986.34
C12	11174.9	1.31761	93422.8	195.502	193.333
neutron	939.565	31.0598	95614.8	1628.49	1377.97
neutron	939.565	16.122	95614.8	1628.49	1377.97
alpha	3727.38	25.4162	95614.8	1628.49	1377.97
alpha	3727.38	6.95746	95614.8	1628.49	1377.97
C12	11174.9	0.747925	99080.7	4023.51	4021.86
C12	11174.9	0.551948	95728.7	1868.21	1867.63
C12	11174.9	0.948125	96525.3	2404.3	2403.14
C12	11174.9	0.683923	95159.1	1766.79	1765.28
C12	11174.9	1.23064	99318.5	4309.11	4307.07
C12	11174.9	0.998864	94502.2	1199.13	1198.11
C12	11174.9	0.364246	93092.3	54.7028	54.3261
C12	11174.9	0.607942	95997.7	1743.16	1741.4
C12	11174.9	0.43532	99270.5	3090.29	3089.28
C12	11174.9	0.344596	99082.3	4183.03	4181.29
C12	11174.9	0.703313	97264.8	2861.32	2860.59
C12	11174.9	0.34558	99006.7	4036.54	4035.93
C12	11174.9	0.431999	98779.1	3777.08	3776.63
C12	11174.9	0.827075	98289.1	3475.18	3474.19
C12	11174.9	0.343503	94047.3	671.288	669.74
C11	10254	2.24035	99281.4	3753.02	3517.29
C12	11174.9	0.650255	93473.9	408.078	406.471
C12	11174.9	0.371821	93560.3	488.137	487.248
C12	11174.9	0.456586	98155	3521.67	3521.02
C12	11174.9	1.41368	96945.8	2835.1	2832.11
C12	11174.9	0.363235	93153.3	201.734	199.767
C12	11174.9	1.60765	99597.6	4473.84	4471.88
C12	11174.9	0.598948	97079.1	2823.33	2822.59
C12	11174.9	0.389106	97602.4	3151.53	3150.84
C12	11174.9	1.68627	93147.7	126.128	123.66
C12	11174.9	0.48974	98518.4	3808.8	3808.29
C12	11174.9	0.516335	99554.2	4480.8	4479.85
C12	11174.9	1.98421	98930.1	3931.91	3929.24
C12	11174.9	0.342821	94076.5	540.688	540.297
C12	11174.9	0.332221	99212	4056.3	4055.22
C12	11174.9	0.382568	97363.4	3102.65	3101.38
C12	11174.9	1.91445	98074.4	3276.39	3274.18
C12	11174.9	0.789702	99306.3	4254.29	4253.27
C12	11174.9	0.413587	99717.8	4558.89	4558.1
C12	11174.9	0.334834	98973.5	3953.87	3953.13
C12	11174.9	0.548523	96969.3	2541.81	2540.53
C12	11174.9	0.865668	97955.2	3181.36	3180.35
C12	11174.9	1.47974	94488.3	1206.14	1204.52
C12	11174.9	0.49649	94608.1	1255.53	1254.8
C12	11174.9	0.353785	94067.3	989.221	988.455
C12	11174.9	0.553646	94737.8	1320.76	1319.31
C12	11174.9	1.57068	97162.3	2888.43	2886.73
C12	11174.9	0.565873	97827.1	3337.47	3336.65
C12	11174.9	0.360116	93762.2	639.834	639.411
C12	11174.9	0.699875	98964.7	4043.27	4042.08
C12	11174.9	0.570466	94429.8	795.519	794.587
C12	11174.9	0.537585	93888	375.445	373.742
C12	11174.9	0.379568	94205.3	890.386	889.938
C12	11174.9	0.354796	92964.1	79.0868	77.9746
C12	11174.9	0.444028	94254.6	1163.75	1161.54
C12	11174.9	0.453474	98945.9	4064.37	4063.24
C12	11174.9	0.686672	96946.2	2838.58	2837.2
C12	11174.9	0.600988	99052	4197.62	4196.91
C12	11174.9	0.549134	93294.5	80.6806	80.1244
C12	11174.9	0.757131	96728.5	2423.2	2422.36
C12	11174.9	0.43548	93750	570.873	570.404
C12	11174.9	0.485219	97217.6	2933.03	2932.53
C12	11174.9	0.699625	99930.5	4708.7	4706.84
C12	11174.9	0.484361	97776.7	3221.25	3220.32
C12	11174.9	0.399515	98696.4	3824.98	3824.47
neutron	939.565	96.2243	99706.8	4520.34	4297.95
neutron	939.565	3.62102	99706.8	4520.34	4297.95
neutron	939.565	2.84509	99706.8	4520.34	4297.95
alpha	3727.38	16.4253	99706.8	4520.34	4297.95
He3	2808.39	2.01642	99706.8	4520.34	4297.95
C12	11174.9	0.50472	98852.6	3954.03	3953.17
C12	11174.9	0.507962	96341.4	2205.35	2204.56
neutron	939.565	117.288	96262.7	2093.72	1665.2
neutron	939.565	107.722	96262.7	2093.72	1665.2
neutron	939.565	4.96994	96262.7	2093.72	1665.2
alpha	3727.38	4.97612	96262.7	2093.72	1665.2
C12	11174.9	0.449676	95580	1098.06	1097.54
neutron	939.565	773.086	97661.6	3080.49	2151.67
neutron	939.565	110.3	97661.6	3080.49	2151.67
B9	8393.31	4.22887	97661.6	3080.49	2151.67
C12	11174.9	0.345841	98076.8	3304.61	3303.97
C12	11174.9	0.477862	93902.9	637.19	636.484
C12	11174.9	0.41607	97852	3352.9	3351.44
C12	11174.9	0.359371	95095.5	1553.98	1552.42
C12	11174.9	0.496904	99600.7	4518.7	4517.96
C12	11174.9	0.7691	99645.4	4535.44	4533.75
C12	11174.9	0.415114	99283.1	4303.64	4303.09
C12	11174.9	0.79413	93920.3	693.073	691.142
C12	11174.9	1.28833	99005.9	3942.67	3940.55
C12	11174.9	0.367192	94862.1	1273.89	1273.3
C12	11174.9	1.85577	96614.6	2516.59	2514.45
C12	11174.9	0.870457	94282.6	881.683	880.749
C12	11174.9	1.68861	96963.5	2827.52	2825.08
C12	11174.9	0.369781	94373.4	968.626	967.715
C12	11174.9	0.696678	94311.1	1025.04	1024.15
C12	11174.9	0.38754	97273.7	2894.06	2893.21
C12	11174.9	0.351617	98446.3	3718.57	3718.08
C12	11174.9	0.581401	99098.8	4163.95	4163.05
C12	11174.9	0.377042	98411.5	3679.93	3679.5
C12	11174.9	0.526273	97174	2741.29	2740.13
C12	11174.9	0.707194	96629.4	2308.46	2307.34
C12	11174.9	1.31185	96713.3	2616.5	2614.58
C12	11174.9	1.34369	99545.1	4461.31	4459.65
C12	11174.9	2.78975	98548.4	3793.9	3790.97
C12	11174.9	1.20967	99774.7	4578.43	4576.85
C12	11174.9	0.567594	93745.3	663.069	662.286
C12	11174.9	0.418571	94199.2	909.555	909.081
C12	11174.9	0.692091	99720.5	4553.15	4551.73
C12	11174.9	0.33872	98181.9	3597.33	3596.84
neutron	939.565	0.530192	99691.7	4550.66	3206.54
Be8	7454.85	0.437377	99691.7	4550.66	3206.54
C12	11174.9	0.460121	98497.2	3638.67	3637.79
C12	11174.9	0.428328	96763.2	2298.5	2298.01
C12	11174.9	0.332851	98388	3075.35	3074.97
C12	11174.9	0.345158	98046.2	3551.84	3551.15
C12	11174.9	1.3715	98559.1	3799.73	3798.35
C12	11174.9	1.38899	94288.1	861.386	859.162
C12	11174.9	0.977125	99554.8	4477.28	4476.08
C12	11174.9	0.912858	96133.8	2167.76	2166.31
C12	11174.9	0.489956	96587	2433.18	2432.66
C12	11174.9	0.353453	95004	1036.82	1035.13
C12	11174.9	0.551959	99772.5	4572.51	4571.86
C12	11174.9	1.95218	98323.3	3267.91	3265.32
C12	11174.9	0.738833	96664.7	2271.8	2270.05
C12	11174.9	1.08494	99755.3	4570.42	4569.28
C12	11174.9	0.434868	99191.7	4268.65	4267.4
C12	11174.9	0.472172	96770.7	2412.65	2411.87
C12	11174.9	1.05543	98256.8	3344.13	3342.97
C12	11174.9	1.48455	97354.1	2895.52	2893.95
C12	11174.9	0.808106	98897.4	3846.44	3844.66
B10	9324.44	1.22168	98051.8	3504.91	2685.33
C12	11174.9	2.43521	96948.2	2786.49	2783.86
C12	11174.9	0.413578	93632.8	60.3887	58.5258
C12	11174.9	2.09998	96205.4	1814.7	1812.36
C12	11174.9	1.71764	94603.2	789.701	787.665
C12	11174.9	0.527641	97186.1	2046.37	2045.79
C12	11174.9	0.362418	95664.4	1992.66	1991.98
C12	11174.9	0.339334	93103.4	347.711	346.669
C12	11174.9	0.388866	92960.6	97.409	96.3001
C13	12109.5	0.747099	93955.7	692.419	691.419
C13	12109.5	0.331665	95551.5	1734.38	1732.25
C12	11174.9	2.35016	93174.4	192.526	189.786
C12	11174.9	0.680516	95958	1945.57	1944.74
C12	11174.9	0.694271	99224.6	4195.54	4194.35
C12	11174.9	0.836448	93842.2	302.048	300.762
C12	11174.9	0.341565	98016.8	2578.24	2577.73
C12	11174.9	0.364357	95944.9	1777.91	1777.29
C12	11174.9	0.526634	98286	3619.53	3617.61
C12	11174.9	0.381155	98152.1	3551.45	3549.78
C13	12109.5	0.428349	97581.6	2868.73	2867.4
C12	11174.9	0.34724	95923.4	1976.57	1976.17
C12	11174.9	0.383438	98954.6	4098.27	4097.63
C12	11174.9	0.361068	99406.3	4096.1	4095.57
C12	11174.9	0.361412	99981.8	4743.48	4741.32
C12	11174.9	0.476615	95219.7	1409.85	1408.67
C12	11174.9	0.503133	94697.6	1277.24	1275.55
C12	11174.9	2.83332	99399.6	4389.84	4386.86
C12	11174.9	0.448296	95076.7	1488.57	1487.92
C12	11174.9	1.0645	93308.4	329.459	328.381
C12	11174.9	0.725823	97311.6	3042.58	3041.34
C12	11174.9	0.850269	98643.9	3876.23	3875
C12	11174.9	0.685168	93498.9	42.4282	40.7189
C12	11174.9	0.348671	97854.9	3254.17	3253.72
C12	11174.9	0.983416	97867.8	3321.14	3319.42
C12	11174.9	0.660083	99497.9	4359.87	4359.11
C12	11174.9	0.376933	97639.3	3252.33	3251.4
C12	11174.9	0.400969	95092.1	1550.48	1550.04
C12	11174.9	0.572303	99209.5	4254.93	4254.07
C12	11174.9	0.606247	99632	4527.26	4526.25
C12	11174.9	0.567297	94461.6	1255.98	1254.99
C12	11174.9	1.36552	99308.8	4185.98	4184.2
C12	11174.9	0.636902	93744.4	629.925	627.891
C12	11174.9	0.405934	96406.3	2153.92	2153.36
C12	11174.9	0.455985	98544.8	3806.06	3805.6
C12	11174.9	0.48726	94935.8	1265.04	1264.14
C12	11174.9	0.661678	99777	4614.61	4613.18
C12	11174.9	1.06596	92816.8	159.208	157.681
C12	11174.9	0.538339	94317.4	935.274	934.432
C12	11174.9	0.849531	94244.2	895.056	892.737
C12	11174.9	1.31886	94027.8	755.055	753.276
C12	11174.9	0.711081	96962	2520.4	2519.02
C12	11174.9	0.404646	92990	141.379	140.826
C12	11174.9	0.811335	93689.4	356.231	353.973
C12	11174.9	1.05984	99273.9	4252.61	4251.42
C12	11174.9	1.25864	96768.6	2613.76	2612.32
C12	11174.9	0.717358	96119.2	2025.1	2024.21
C12	11174.9	0.606253	95829.4	1684.61	1683.8
C12	11174.9	0.592653	95244.3	1228.93	1228.24
C12	11174.9	0.3768	93528.3	304.306	303.003
C12	11174.9	0.484927	92823.7	70.5108	69.5982
C12	11174.9	0.381413	96684.8	2292.42	2291.74
C12	11174.9	0.347752	98233.6	3631.06	3629.58
C12	11174.9	0.37051	94905.5	719.381	719.008
C12	11174.9	0.942164	95206.1	1274.44	1273.13
C12	11174.9	0.504286	98244.7	3629.85	3629.21
C12	11174.9	0.413809	93274.7	254.701	254.2
C12	11174.9	0.409575	94481.4	916.781	915.819
C12	11174.9	0.502308	95204.8	983.23	982.373
C12	11174.9	0.530788	98120.7	3463.57	3462.84
C12	11174.9	0.345763	98026.3	3438.82	3438.19
C12	11174.9	0.503298	95532	1601.76	1601.22
C12	11174.9	0.365236	94647.5	1303.65	1302.52
C12	11174.9	0.650833	98841.6	3955.3	3954.62
C12	11174.9	0.497599	93881.1	597.344	596.814
C12	11174.9	1.07102	96617.6	2210.02	2208.84
C12	11174.9	0.67046	97654.4	3182.81	3181.39
C12	11174.9	0.78786	95234.6	1646.27	1644.03
C12	11174.9	0.653934	99690.9	3625.39	3624.17
C12	11174.9	0.75041	98798.1	3913.27	3912.4
C12	11174.9	0.446228	94963.3	1112.49	1111.24
C12	11174.9	0.991209	96360.2	2387.79	2386.64
neutron	939.565	710.95	99150.4	4248.01	2264.36
Be10	9325.5	0.750986	99150.4	4248.01	2264.36
C12	11174.9	0.340029	96901.7	2722.28	2721.87
C12	11174.9	0.3377	98664.3	3913.62	3912.18
C12	11174.9	1.25487	95883.3	2107.04	2105.37
C12	11174.9	0.44899	93974.1	668.448	667.283
C12	11174.9	0.478681	94301.5	1133.5	1133.01
C12	11174.9	0.395237	95958.9	2120.79	2120.13
C12	11174.9	2.25852	96115.8	1903.08	1899.71
C12	11174.9	3.61077	95973.3	1390.35	1386.59
C12	11174.9	0.56456	96077.1	1926.78	1925.82
C12	11174.9	0.430174	95681.1	1640.16	1639.53
C12	11174.9	0.527017	97185.8	2922.39	2920.82
C12	11174.9	0.817391	93793.5	525.939	525.056
C12	11174.9	0.952453	98185.1	3595.15	3594.15
C12	11174.9	1.90425	99732.3	4263.72	4261.8
C12	11174.9	0.589364	93931.2	652.213	651.549
C12	11174.9	0.471363	93353.4	381.496	380.848
C12	11174.9	0.418143	94671.1	1267.66	1266.57
C12	11174.9	0.592229	97882	3372.83	3372.11
C12	11174.9	0.837933	98797.6	3949.1	3947.6
C12	11174.9	1.12545	96291.7	2154.62	2153.43
C12	11174.9	0.572951	98951.4	4016.13	4015.07
C12	11174.9	0.363451	97019.7	2319.96	2319.58
C12	11174.9	1.17478	96006.7	1538.24	1536.99
C12	11174.9	0.338071	93320.9	631.691	631.005
C12	11174.9	0.604041	94461.7	1184.07	1183.28
C12	11174.9	0.785576	94620	1192.31	1191.36
C12	11174.9	0.401873	95219.9	1597.65	1597.13
C12	11174.9	1.04334	96930.1	2756.88	2754.84
C12	11174.9	0.377382	95375.6	1368.37	1367.97
C12	11174.9	0.85482	97652.7	3194.2	3193.34
C12	11174.9	0.703483	99911.2	4699.79	4698.99
C12	11174.9	1.06777	94594.4	713.604	712.34
neutron	939.565	1.48169	97024.5	2545.06	2319.47
Be9	8392.75	2.54702	97024.5	2545.06	2319.47
C12	11174.9	1.31464	96910.1	2725.77	2723.87
C12	11174.9	1.13834	94431.4	541.131	539.991
C12	11174.9	2.89338	99896.8	4680.64	4677.54
C12	11174.9	1.34977	96787	2545.66	2544.24
C12	11174.9	0.648205	94868.2	1126.85	1126.1
C12	11174.9	1.23441	93846.3	130.411	128.548
C12	11174.9	3.45001	99091.3	4179.63	4176.09
C12	11174.9	0.755673	93236.4	21.3761	20.309
C12	11174.9	0.402307	98564.1	3770.91	3770.11
C12	11174.9	0.367092	93666.3	136.414	135.516
C12	11174.9	0.765199	99495.2	4440.12	4438.68
C12	11174.9	0.823237	96719.5	2447.86	2446.19
C12	11174.9	0.677532	95600.1	1730.59	1729.74
C12	11174.9	0.491963	98970.9	4110.77	4110.27
C12	11174.9	1.01028	98179.2	3306.79	3305.47
C12	11174.9	0.560477	96177.5	2177.75	2176.96
C12	11174.9	0.503799	98925.3	4018.44	4015.9
C12	11174.9	0.667443	97397.7	2975.57	2973.26
C12	11174.9	0.365077	94477.2	796.054	795.5
neutron	939.565	184.15	98505.3	3853.69	3385.28
neutron	939.565	118.636	98505.3	3853.69	3385.28
neutron	939.565	101.361	98505.3	3853.69	3385.28
Be7	6534.18	2.3003	98505.3	3853.69	3385.28
C12	11174.9	0.693024	95215.4	1562.72	1561.54
C12	11174.9	0.512048	93305.4	447.245	446.549
C12	11174.9	0.441702	99023.8	4136.3	4135.08
C12	11174.9	1.38832	97229	2981.59	2979.99
C12	11174.9	0.35818	92822	212.431	211.629
neutron	939.565	16.9539	97691.8	2943.34	1997.21
neutron	939.565	16.6743	97691.8	2943.34	1997.21
neutron	939.565	15.8078	97691.8	2943.34	1997.21
neutron	939.565	6.70095	97691.8	2943.34	1997.21
neutron	939.565	6.00469	97691.8	2943.34	1997.21
alpha	3727.38	6.10707	97691.8	2943.34	1997.21
C12	11174.9	4.45661	98163.2	3364.72	3359.84
C12	11174.9	1.71508	96800.4	2371.45	2369.62
C12	11174.9	0.602228	99160.9	4238.79	4237.81
C12	11174.9	0.410307	99287.3	4226.62	4225.76
C12	11174.9	0.429979	98096.2	3553.45	3552.89
C12	11174.9	0.484854	95033.2	1265.89	1265.15
C12	11174.9	1.23452	99634.7	4523.34	4521.91
C12	11174.9	0.469042	97883.4	3090.09	3089.43
C12	11174.9	0.42372	99493.5	4407.73	4407.29
C12	11174.9	3.39266	93379.7	199.788	196.058
C12	11174.9	0.619511	99232.4	4190.62	4189.97
C12	11174.9	0.508714	94256.1	1107.44	1106.56
C12	11174.9	0.418091	98628	3886.73	3884.77
C12	11174.9	0.786621	93819.1	602.848	601.81
C12	11174.9	0.334354	96402.2	2473.95	2471.81
C12	11174.9	0.530878	99400.8	4360.76	4359.54
C12	11174.9	0.578282	95988.1	1973.91	1973.24
C12	11174.9	0.802863	93908	698.287	696.355
C12	11174.9	1.04872	97157.3	2765.52	2764.34
C12	11174.9	1.13948	98158.3	3282.62	3281.47
C12	11174.9	0.96307	98773.5	3813.94	3812.6
C12	11174.9	1.07856	98653.1	3863.71	3862.24
C12	11174.9	22.1096	94915.6	1018.1	995.934
C12	11174.9	0.35184	95361	1154.64	1152.89
C12	11174.9	0.402159	94657.5	1188.63	1188.22
C12	11174.9	0.48735	93166.4	324.38	323.518
C12	11174.9	0.988129	95481.8	1154.41	1153.4
C12	11174.9	0.943673	99049.4	4101.8	4100.45
C12	11174.9	0.902932	95846.7	2043.74	2042.78
C12	11174.9	0.680597	98334.4	3668.62	3667.71
C12	11174.9	0.383837	93201.7	78.8942	77.9772
C12	11174.9	1.52983	99757.8	4600.39	4598.53
C12	11174.9	0.715156	97954.5	3427.33	3426.33
C12	11174.9	0.33965	98918.4	4021.57	4020.17
C12	11174.9	0.478508	98791.4	3981.16	3979.62
C12	11174.9	0.419233	93988.7	1000.42	999.885
C12	11174.9	0.55981	99942.9	4719.44	4718.68
C12	11174.9	0.713153	95870.4	2090.6	2089.83
C12	11174.9	0.419716	98839	3917.97	3916
C12	11174.9	0.458456	98541.7	3815	3814.53
C12	11174.9	0.338722	95819.1	1887.98	1886.86
C12	11174.9	0.447424	93280.9	169.13	167.882
C12	11174.9	0.348132	98657.1	3768.03	3766.94
C12	11174.9	1.64772	93939.4	619.383	617.72
C12	11174.9	0.698374	98485.4	3563.44	3562.43
C12	11174.9	0.368387	99069.3	4143.62	4142.72
C12	11174.9	0.339176	97342.9	2817.49	2817.11
C12	11174.9	0.454631	99478.3	4352.77	4351.97
C12	11174.9	0.339248	97360.9	2942.39	2941.87
C12	11174.9	0.353616	97212.7	3033.29	3032.8
C12	11174.9	1.15429	95367.2	1675.44	1674.28
C12	11174.9	0.347745	95323	1108.59	1107.67
C12	11174.9	0.367624	97502.9	3139.64	3138.26
C12	11174.9	0.780636	96284.6	1921.15	1920.28
C12	11174.9	0.353952	97282.9	2838.87	2837.67
C12	11174.9	5.7819	95313.1	1397.97	1390.79
C12	11174.9	0.384857	94845.2	886.839	885.341
C12	11174.9	0.378496	97342.4	2946.85	2946.22
