# Energy(keV)    dEe/dx(keV/micro_m)  dEn/dx(keV/micro_m)  x(micro_m)
1.000000e+01 9.183000e+01 4.960000e+02 1.674813e-02
1.100000e+01 9.632000e+01 4.943000e+02 1.823431e-02
1.200000e+01 1.006000e+02 4.916000e+02 1.965146e-02
1.300000e+01 1.047000e+02 4.889000e+02 2.101071e-02
1.400000e+01 1.087000e+02 4.858000e+02 2.246887e-02
1.500000e+01 1.125000e+02 4.824000e+02 2.391548e-02
1.600000e+01 1.162000e+02 4.790000e+02 2.536237e-02
1.700000e+01 1.197000e+02 4.753000e+02 2.678171e-02
1.800000e+01 1.232000e+02 4.719000e+02 2.822906e-02
2.000000e+01 1.299000e+02 4.644000e+02 3.118493e-02
2.250000e+01 1.378000e+02 4.549000e+02 3.481408e-02
2.500000e+01 1.452000e+02 4.457000e+02 3.852181e-02
2.750000e+01 1.523000e+02 4.365000e+02 4.226831e-02
3.000000e+01 1.591000e+02 4.277000e+02 4.595226e-02
3.250000e+01 1.656000e+02 4.192000e+02 4.975269e-02
3.500000e+01 1.718000e+02 4.110000e+02 5.355418e-02
3.750000e+01 1.778000e+02 4.032000e+02 5.733114e-02
4.000000e+01 1.837000e+02 3.957000e+02 6.122426e-02
4.500000e+01 1.948000e+02 3.815000e+02 6.888752e-02
5.000000e+01 2.119000e+02 3.682000e+02 7.670997e-02
5.500000e+01 2.269000e+02 3.563000e+02 8.443542e-02
6.000000e+01 2.388000e+02 3.447000e+02 9.210570e-02
6.500000e+01 2.488000e+02 3.344000e+02 9.987037e-02
7.000000e+01 2.573000e+02 3.246000e+02 1.077533e-01
8.000000e+01 2.720000e+02 3.070000e+02 1.234465e-01
9.000000e+01 2.849000e+02 2.915000e+02 1.393627e-01
1.000000e+02 2.973000e+02 2.777000e+02 1.553574e-01
1.100000e+02 3.093000e+02 2.654000e+02 1.714863e-01
1.200000e+02 3.213000e+02 2.543000e+02 1.875948e-01
1.300000e+02 3.332000e+02 2.442000e+02 2.038041e-01
1.400000e+02 3.454000e+02 2.351000e+02 2.199415e-01
1.500000e+02 3.573000e+02 2.267000e+02 2.360313e-01
1.600000e+02 3.696000e+02 2.190000e+02 2.521284e-01
1.700000e+02 3.818000e+02 2.119000e+02 2.680894e-01
1.800000e+02 3.944000e+02 2.053000e+02 2.839102e-01
2.000000e+02 4.192000e+02 1.934000e+02 3.151962e-01
2.250000e+02 4.501000e+02 1.807000e+02 3.535019e-01
2.500000e+02 4.814000e+02 1.698000e+02 3.907558e-01
2.750000e+02 5.124000e+02 1.602000e+02 4.271003e-01
3.000000e+02 5.430000e+02 1.519000e+02 4.622246e-01
3.250000e+02 5.736000e+02 1.445000e+02 4.964613e-01
3.500000e+02 6.038000e+02 1.379000e+02 5.297127e-01
3.750000e+02 6.337000e+02 1.319000e+02 5.619026e-01
4.000000e+02 6.637000e+02 1.265000e+02 5.932237e-01
4.500000e+02 7.221000e+02 1.171000e+02 6.533516e-01
5.000000e+02 7.793000e+02 1.092000e+02 7.102832e-01
5.500000e+02 8.354000e+02 1.023000e+02 7.643009e-01
6.000000e+02 8.904000e+02 9.642000e+01 8.157080e-01
6.500000e+02 9.442000e+02 9.125000e+01 8.648271e-01
7.000000e+02 9.969000e+02 8.666000e+01 9.118837e-01
8.000000e+02 1.100000e+03 7.888000e+01 1.000203e+00
9.000000e+02 1.199000e+03 7.249000e+01 1.085960e+00
1.000000e+03 1.295000e+03 6.718000e+01 1.156071e+00
1.100000e+03 1.388000e+03 6.266000e+01 1.226020e+00
1.200000e+03 1.478000e+03 5.878000e+01 1.295831e+00
1.300000e+03 1.565000e+03 5.538000e+01 1.365538e+00
1.400000e+03 1.650000e+03 5.243000e+01 1.425378e+00
1.500000e+03 1.732000e+03 4.977000e+01 1.485157e+00
1.600000e+03 1.812000e+03 4.739000e+01 1.535050e+00
1.700000e+03 1.890000e+03 4.529000e+01 1.594729e+00
1.800000e+03 1.965000e+03 4.335000e+01 1.644549e+00
2.000000e+03 2.110000e+03 3.998000e+01 1.744144e+00
2.250000e+03 2.279000e+03 3.651000e+01 1.853719e+00
2.500000e+03 2.435000e+03 3.366000e+01 1.963230e+00
2.750000e+03 2.580000e+03 3.125000e+01 2.062791e+00
3.000000e+03 2.714000e+03 2.918000e+01 2.162329e+00
3.250000e+03 2.838000e+03 2.740000e+01 2.251943e+00
3.500000e+03 2.951000e+03 2.583000e+01 2.341542e+00
3.750000e+03 3.055000e+03 2.445000e+01 2.431139e+00
4.000000e+03 3.151000e+03 2.322000e+01 2.510812e+00
4.500000e+03 3.318000e+03 2.113000e+01 2.670199e+00
5.000000e+03 3.458000e+03 1.941000e+01 2.819649e+00
5.500000e+03 3.573000e+03 1.797000e+01 2.969119e+00
6.000000e+03 3.668000e+03 1.674000e+01 3.108643e+00
6.500000e+03 3.747000e+03 1.568000e+01 3.248197e+00
7.000000e+03 3.811000e+03 1.476000e+01 3.387752e+00
8.000000e+03 3.906000e+03 1.323000e+01 3.657078e+00
9.000000e+03 3.964000e+03 1.200000e+01 3.916491e+00
1.000000e+04 4.002000e+03 1.100000e+01 4.175940e+00
1.100000e+04 4.022000e+03 1.016000e+01 4.435433e+00
1.200000e+04 4.029000e+03 9.448000e+00 4.694975e+00
1.300000e+04 4.029000e+03 8.836000e+00 4.954549e+00
1.400000e+04 4.019000e+03 8.303000e+00 5.214154e+00
1.500000e+04 4.002000e+03 7.837000e+00 5.473800e+00
1.600000e+04 3.985000e+03 7.422000e+00 5.733471e+00
1.700000e+04 3.961000e+03 7.051000e+00 5.993170e+00
1.800000e+04 3.937000e+03 6.718000e+00 6.262871e+00
2.000000e+04 3.886000e+03 6.144000e+00 6.792568e+00
2.250000e+04 3.815000e+03 5.559000e+00 7.472362e+00
2.500000e+04 3.740000e+03 5.079000e+00 8.162191e+00
2.750000e+04 3.668000e+03 4.682000e+00 8.862058e+00
3.000000e+04 3.597000e+03 4.348000e+00 9.581945e+00
3.250000e+04 3.526000e+03 4.059000e+00 1.032185e+01
3.500000e+04 3.458000e+03 3.808000e+00 1.106179e+01
3.750000e+04 3.393000e+03 3.587000e+00 1.183173e+01
4.000000e+04 3.330000e+03 3.393000e+00 1.260170e+01
4.500000e+04 3.211000e+03 3.065000e+00 1.420256e+01
5.000000e+04 3.118000e+03 2.797000e+00 1.585334e+01
5.500000e+04 3.009000e+03 2.575000e+00 1.756404e+01
6.000000e+04 2.908000e+03 2.387000e+00 1.933470e+01
6.500000e+04 2.816000e+03 2.227000e+00 2.115534e+01
7.000000e+04 2.730000e+03 2.087000e+00 2.304595e+01
8.000000e+04 2.575000e+03 1.857000e+00 2.698998e+01
9.000000e+04 2.438000e+03 1.675000e+00 3.114400e+01
1.000000e+05 2.317000e+03 1.527000e+00 3.554397e+01
