# Energy(keV)    dEe/dx(keV/micro_m)  dEn/dx(keV/micro_m)  x(micro_m)
1.000000e+01 1.161000e+02 1.069000e+03 1.053803e-02
1.100000e+01 1.218000e+02 1.082000e+03 1.120848e-02
1.200000e+01 1.272000e+02 1.094000e+03 1.196077e-02
1.300000e+01 1.324000e+02 1.103000e+03 1.271338e-02
1.400000e+01 1.374000e+02 1.111000e+03 1.344061e-02
1.500000e+01 1.421000e+02 1.118000e+03 1.410284e-02
1.600000e+01 1.468000e+02 1.124000e+03 1.486405e-02
1.700000e+01 1.514000e+02 1.129000e+03 1.552611e-02
1.800000e+01 1.557000e+02 1.133000e+03 1.627913e-02
2.000000e+01 1.641000e+02 1.139000e+03 1.766947e-02
2.250000e+01 1.741000e+02 1.143000e+03 1.936672e-02
2.500000e+01 1.835000e+02 1.145000e+03 2.108886e-02
2.750000e+01 1.925000e+02 1.145000e+03 2.281118e-02
3.000000e+01 2.011000e+02 1.143000e+03 2.450979e-02
3.250000e+01 2.093000e+02 1.140000e+03 2.620095e-02
3.500000e+01 2.172000e+02 1.136000e+03 2.790036e-02
3.750000e+01 2.248000e+02 1.131000e+03 2.962330e-02
4.000000e+01 2.321000e+02 1.126000e+03 3.132315e-02
4.500000e+01 2.463000e+02 1.115000e+03 3.471570e-02
5.000000e+01 2.595000e+02 1.102000e+03 3.810905e-02
5.500000e+01 2.722000e+02 1.089000e+03 4.157355e-02
6.000000e+01 2.843000e+02 1.075000e+03 4.496821e-02
6.500000e+01 2.960000e+02 1.061000e+03 4.843449e-02
7.000000e+01 3.071000e+02 1.048000e+03 5.192312e-02
8.000000e+01 3.283000e+02 1.020000e+03 5.888005e-02
9.000000e+01 3.485000e+02 9.941000e+02 6.581003e-02
1.000000e+02 3.777000e+02 9.686000e+02 7.283536e-02
1.100000e+02 4.025000e+02 9.445000e+02 7.993560e-02
1.200000e+02 4.243000e+02 9.214000e+02 8.693653e-02
1.300000e+02 4.437000e+02 8.996000e+02 9.403303e-02
1.400000e+02 4.620000e+02 8.785000e+02 1.011109e-01
1.500000e+02 4.794000e+02 8.588000e+02 1.082781e-01
1.600000e+02 4.957000e+02 8.401000e+02 1.154468e-01
1.700000e+02 5.120000e+02 8.221000e+02 1.226229e-01
1.800000e+02 5.277000e+02 8.051000e+02 1.297492e-01
2.000000e+02 5.583000e+02 7.735000e+02 1.442650e-01
2.250000e+02 5.953000e+02 7.378000e+02 1.623491e-01
2.500000e+02 6.307000e+02 7.055000e+02 1.804921e-01
2.750000e+02 6.647000e+02 6.766000e+02 1.986177e-01
3.000000e+02 6.973000e+02 6.504000e+02 2.166117e-01
3.250000e+02 7.289000e+02 6.263000e+02 2.346617e-01
3.500000e+02 7.599000e+02 6.045000e+02 2.525994e-01
3.750000e+02 7.895000e+02 5.841000e+02 2.704280e-01
4.000000e+02 8.184000e+02 5.654000e+02 2.882185e-01
4.500000e+02 8.741000e+02 5.321000e+02 3.233338e-01
5.000000e+02 9.275000e+02 5.028000e+02 3.580981e-01
5.500000e+02 9.788000e+02 4.770000e+02 3.922987e-01
6.000000e+02 1.028000e+03 4.546000e+02 4.259406e-01
6.500000e+02 1.077000e+03 4.342000e+02 4.590218e-01
7.000000e+02 1.124000e+03 4.158000e+02 4.915593e-01
8.000000e+02 1.216000e+03 3.838000e+02 5.549449e-01
9.000000e+02 1.305000e+03 3.573000e+02 6.161909e-01
1.000000e+03 1.391000e+03 3.347000e+02 6.753448e-01
1.100000e+03 1.475000e+03 3.150000e+02 7.324723e-01
1.200000e+03 1.557000e+03 2.979000e+02 7.876492e-01
1.300000e+03 1.638000e+03 2.828000e+02 8.410538e-01
1.400000e+03 1.718000e+03 2.693000e+02 8.927143e-01
1.500000e+03 1.796000e+03 2.572000e+02 9.427267e-01
1.600000e+03 1.873000e+03 2.463000e+02 9.913134e-01
1.700000e+03 1.948000e+03 2.364000e+02 1.038447e+00
1.800000e+03 2.023000e+03 2.273000e+02 1.088505e+00
2.000000e+03 2.168000e+03 2.114000e+02 1.168835e+00
2.250000e+03 2.344000e+03 1.947000e+02 1.278902e+00
2.500000e+03 2.513000e+03 1.807000e+02 1.369086e+00
2.750000e+03 2.675000e+03 1.688000e+02 1.468997e+00
3.000000e+03 2.832000e+03 1.585000e+02 1.549081e+00
3.250000e+03 2.984000e+03 1.495000e+02 1.638961e+00
3.500000e+03 3.130000e+03 1.416000e+02 1.718881e+00
3.750000e+03 3.270000e+03 1.346000e+02 1.798764e+00
4.000000e+03 3.407000e+03 1.283000e+02 1.868698e+00
4.500000e+03 3.662000e+03 1.175000e+02 2.008530e+00
5.000000e+03 3.903000e+03 1.086000e+02 2.138355e+00
5.500000e+03 4.127000e+03 1.010000e+02 2.268089e+00
6.000000e+03 4.335000e+03 9.448000e+01 2.387863e+00
6.500000e+03 4.532000e+03 8.884000e+01 2.497665e+00
7.000000e+03 4.712000e+03 8.391000e+01 2.607444e+00
8.000000e+03 5.042000e+03 7.561000e+01 2.817077e+00
9.000000e+03 5.331000e+03 6.895000e+01 3.016706e+00
1.000000e+04 5.586000e+03 6.348000e+01 3.206347e+00
1.100000e+04 5.810000e+03 5.885000e+01 3.386024e+00
1.200000e+04 6.011000e+03 5.491000e+01 3.555733e+00
1.300000e+04 6.188000e+03 5.151000e+01 3.725430e+00
1.400000e+04 6.348000e+03 4.852000e+01 3.895133e+00
1.500000e+04 6.494000e+03 4.590000e+01 4.054866e+00
1.600000e+04 6.623000e+03 4.355000e+01 4.214604e+00
1.700000e+04 6.742000e+03 4.148000e+01 4.364380e+00
1.800000e+04 6.854000e+03 3.961000e+01 4.524130e+00
2.000000e+04 7.045000e+03 3.634000e+01 4.813816e+00
2.250000e+04 7.245000e+03 3.299000e+01 5.183459e+00
2.500000e+04 7.412000e+03 3.026000e+01 5.533158e+00
2.750000e+04 7.548000e+03 2.796000e+01 5.882859e+00
3.000000e+04 7.663000e+03 2.602000e+01 6.222588e+00
3.250000e+04 7.759000e+03 2.434000e+01 6.562335e+00
3.500000e+04 7.837000e+03 2.288000e+01 6.892102e+00
3.750000e+04 7.905000e+03 2.161000e+01 7.221884e+00
4.000000e+04 7.959000e+03 2.047000e+01 7.551675e+00
4.500000e+04 8.041000e+03 1.854000e+01 8.211550e+00
5.000000e+04 8.088000e+03 1.697000e+01 8.851444e+00
5.500000e+04 8.116000e+03 1.565000e+01 9.501326e+00
6.000000e+04 8.126000e+03 1.454000e+01 1.014122e+01
6.500000e+04 8.119000e+03 1.359000e+01 1.078113e+01
7.000000e+04 8.102000e+03 1.276000e+01 1.142105e+01
8.000000e+04 8.037000e+03 1.138000e+01 1.272154e+01
9.000000e+04 7.949000e+03 1.029000e+01 1.402196e+01
1.000000e+05 7.895000e+03 9.401000e+00 1.534231e+01
