O16	14895.1	0.868859	98406.3	713.726	712.532
Si28	26053.2	0.112499	97334.5	193.78	193.355
Si28	26053.2	0.324491	97359.6	233.412	233.067
Si28	26053.2	0.197653	98892.2	1168.26	1167.88
O16	14895.1	0.275257	97341.3	186.506	186.029
Mg24	22335.8	0.156587	98810.4	1108.57	1107.78
O16	14895.1	0.360836	97914.9	631.61	631.22
Mg24	22335.8	0.303539	98205.7	784.146	783.78
Si28	26053.2	0.165375	99737.3	1648.03	1647.85
O16	14895.1	0.36122	98589.4	975.635	975.065
O16	14895.1	0.589508	97625.6	207.085	206.34
O16	14895.1	0.231155	99918.1	1739.88	1739.58
Fe56	52089.8	0.234443	98169.9	684.434	682.998
Mg24	22335.8	1.03383	99257.9	1374.16	1372.71
Mg24	22335.8	0.170318	98075.6	537.582	537.28
O16	14895.1	0.252565	98500.8	988.693	987.719
Si28	26053.2	0.220919	97333.5	151.428	150.607
O16	14895.1	0.245004	98003.6	637.666	637.411
Si28	26053.2	0.145167	99243.2	1334.84	1333.52
O16	14895.1	0.454398	99842.4	1553.23	1552.65
O16	14895.1	0.311955	97184.1	137.313	136.941
O16	14895.1	0.260914	98586.7	942.997	942.703
O16	14895.1	0.239571	97961.5	594.584	594.334
O16	14895.1	0.305244	98627.5	911.016	910.632
O16	14895.1	0.213418	97401.5	318.695	318.295
O16	14895.1	0.257812	97014.4	40.5173	40.2546
Mg26	24196.5	0.139179	99542.9	1524.86	1524.7
O16	14895.1	0.204899	97202.2	52.1029	51.5697
Mg24	22335.8	0.40706	99376.8	1402.17	1401.13
O16	14895.1	0.38599	98969.8	1158.59	1158.11
O16	14895.1	0.223639	98030.7	545.237	544.474
O16	14895.1	0.201501	97107.4	106.912	106.202
Mg24	22335.8	0.432528	97003.7	41.383	40.6514
Mg24	22335.8	0.132723	97493.9	178.704	178.432
Si28	26053.2	0.188607	98176	686.757	686.414
Fe56	52089.8	0.0627304	99168.3	1214.12	1213.86
Mg24	22335.8	0.157738	97492.9	308.657	308.041
Si28	26053.2	0.254909	99024.7	1207.1	1206.36
O16	14895.1	0.546628	98449.7	821.236	820.604
Mg24	22335.8	0.379186	99864.3	1719.14	1718.65
O16	14895.1	0.413636	97662.6	380.327	379.259
Fe56	52089.8	0.0586624	97659.9	466.458	466.382
O16	14895.1	0.627403	97338.4	280.534	279.674
Si28	26053.2	0.187271	98837.6	1096.04	1095.63
Mg26	24196.5	0.182764	97944.8	635.064	634.762
O16	14895.1	0.557387	98221.9	638.476	637.106
O16	14895.1	0.282293	98571.6	989.415	987.823
O16	14895.1	0.215641	97646.2	464.275	463.459
O16	14895.1	0.317567	99706.9	1606.24	1605.77
Mg24	22335.8	0.294251	97334.4	217.894	217.544
Mg24	22335.8	0.150703	98275.4	832.648	831.416
O16	14895.1	0.2078	99201.6	1255.5	1255.09
Si28	26053.2	0.109608	99527.6	1545.99	1545.68
Si28	26053.2	0.17653	99967.3	1772.18	1771.48
O16	14895.1	0.435086	99447.3	1456.42	1455.95
O16	14895.1	0.450724	98072.1	643.729	642.201
Si28	26053.2	0.132268	99573.1	1551.52	1550.77
O16	14895.1	0.261498	97171.6	177.627	177.168
Mg24	22335.8	0.197976	97743.3	516.994	516.419
O16	14895.1	0.319303	99657.8	1594.02	1592.68
Si28	26053.2	0.364771	99039.1	1213.5	1212.94
O16	14895.1	0.549295	97519.2	342.19	341.211
O16	14895.1	0.202166	99360.1	1336.96	1334.85
Fe56	52089.8	0.119917	97664.3	400.61	398.856
O16	14895.1	0.294242	98062.4	601.25	600.867
Si28	26053.2	0.110891	98285.6	741.424	741.251
O16	14895.1	0.263548	97798.1	542.053	541.719
O16	14895.1	0.737581	99134.5	1288.43	1287.31
O16	14895.1	0.23412	98805.2	1121.57	1121.29
O16	14895.1	0.545326	98533.5	925.679	924.927
Si28	26053.2	0.112606	97826.5	538.731	537.762
O16	14895.1	0.640732	98915.4	1110.9	1110.1
Mg24	22335.8	0.153914	99688.5	1587.61	1587.38
Si28	26053.2	0.109191	99516.6	1473.01	1472.6
O16	14895.1	0.573216	97276.2	222.724	222.121
O16	14895.1	0.287008	98840.2	1093.61	1092.42
Fe56	52089.8	0.0541084	97080.7	101.866	101.642
O16	14895.1	0.229401	98118.7	269.261	268.901
Si28	26053.2	0.370888	97709.4	391.824	391.294
O16	14895.1	0.433005	98622.3	1017.76	1017.25
O16	14895.1	0.249133	99391.2	1407.72	1407.38
O16	14895.1	0.231097	98620.9	867.339	866.753
Si28	26053.2	0.114423	98517.9	873.48	873.29
O16	14895.1	0.280375	98036.8	652.405	651.009
O16	14895.1	0.782395	97831	429.982	428.825
O16	14895.1	0.305267	97407	230.733	230.356
Mg24	22335.8	0.512599	97114.6	54.1589	53.3889
O16	14895.1	0.334098	98240.6	758.949	758.581
Mg24	22335.8	0.410491	98217.3	770.539	770.08
Mg24	22335.8	0.203797	99417.6	1463.87	1463.55
O16	14895.1	0.241576	97595.5	382.359	381.782
Fe56	52089.8	0.0580777	98884.1	1064.09	1062.48
O16	14895.1	0.223272	97474.2	329.388	328.957
O16	14895.1	0.276337	98930.6	1203.39	1202.99
O16	14895.1	0.241169	99392.8	1330.65	1330.19
O16	14895.1	0.27887	97981.9	603.473	603.166
O16	14895.1	0.326629	99085.4	1238.48	1238.02
Si28	26053.2	0.197648	99058.4	1266.32	1266.03
O16	14895.1	0.250884	98303.6	657.465	656.769
Si28	26053.2	0.238046	97999.1	679.3	678.767
O16	14895.1	0.338392	98393.1	866.721	865.951
Si28	26053.2	0.249852	98758.2	1103.19	1102.29
O16	14895.1	0.21446	98833	1124.22	1123.6
Si29	26984.3	0.109046	99982.6	1778.16	1777.89
O16	14895.1	0.348776	98276.8	827.202	826.663
O16	14895.1	0.319246	98523.4	849.184	848.742
Mg24	22335.8	0.236093	99387.7	1406.38	1405.76
O16	14895.1	1.15985	97015.6	108.151	106.942
O16	14895.1	0.594731	98410.3	894.749	892.242
Si28	26053.2	0.147241	97386.5	73.7776	73.3878
Mg24	22335.8	0.379228	99852.6	1699.62	1698.81
Si28	26053.2	0.902146	99437	1428.33	1426.85
Si28	26053.2	0.139596	98536.4	954.593	954.244
O16	14895.1	0.394148	97457.5	246.177	245.597
O16	14895.1	0.316778	99951.7	1765.89	1765.1
O16	14895.1	0.858286	97328.6	240.651	239.664
Si28	26053.2	0.209411	97472	190.705	189.534
O16	14895.1	0.281026	97783.4	550.148	549.816
Mg24	22335.8	0.365648	98940	1085.28	1084.65
O16	14895.1	0.310754	97485.1	371.742	371.07
O16	14895.1	0.225183	99750.2	1651.94	1651.7
Mg24	22335.8	0.229602	98285.8	726.985	726.586
O16	14895.1	2.2667	99611.9	1505.22	1502.28
Mg24	22335.8	0.147852	99547.1	1472.72	1472.31
O16	14895.1	0.310902	99212.2	1298.57	1297.84
Si29	26984.3	0.125826	97754.8	467.088	466.775
Mg24	22335.8	0.31668	99616.9	1570.6	1570.01
Mg24	22335.8	0.159115	98619.2	989.866	987.633
Si28	26053.2	0.10883	97287.2	225.718	225.489
O16	14895.1	0.258064	97336.7	283.781	283.433
Si28	26053.2	0.20895	97712.9	430.234	429.86
O16	14895.1	0.984332	99661.7	1594.49	1593.31
O16	14895.1	0.229538	98993.3	1165.92	1165.63
O16	14895.1	0.373637	99027.5	1190.61	1189.2
Fe56	52089.8	0.0666776	98656.6	916.397	915.629
O16	14895.1	0.461762	99646	1601.7	1600.74
O16	14895.1	0.235215	96954.4	55.8021	54.8482
O16	14895.1	0.21796	97449.2	346.099	343.589
Mg25	23268	0.202858	99785	1663.55	1663.34
O16	14895.1	0.222123	99146.8	1287.71	1286.23
O16	14895.1	0.636012	97319.5	254.067	253.365
O16	14895.1	0.282274	98028.1	627.103	626.803
Fe54	50231.2	0.076867	97898.7	578.011	577.045
Mg24	22335.8	0.141877	98029.6	587.22	585.924
O16	14895.1	0.273963	98722.4	999.184	998.663
Mg24	22335.8	0.180976	98167	725.891	725.503
Mg26	24196.5	0.118118	99089.8	1268.69	1268.3
Si28	26053.2	0.130111	97487	277.802	277.203
O16	14895.1	0.195999	98563.2	930.406	929.979
O16	14895.1	2.01463	97533.7	417.806	415.486
Mg25	23268	0.130667	99138.5	1290.01	1289.46
Si28	26053.2	0.11134	99410.9	1425.09	1424.83
Si28	26053.2	0.224739	97213.5	183.421	183.089
O16	14895.1	0.255933	97638.4	333.993	333.735
Si28	26053.2	0.374607	97934.2	624.564	624.073
O16	14895.1	0.221243	97748.1	492.675	492.297
O16	14895.1	0.404691	97195	226.484	225.485
O16	14895.1	0.28545	97587.4	339.894	339.579
O16	14895.1	0.742935	99051.5	1103.76	1102.7
Si28	26053.2	0.130707	98456.1	932.685	932.4
Mg24	22335.8	0.488977	99200.9	1315.01	1314.22
Si29	26984.3	0.110326	98465.9	926.561	926.153
O16	14895.1	0.225103	97589.1	461.718	461.27
Mg24	22335.8	0.159344	97814.9	460.95	460.34
O16	14895.1	0.375339	99198.6	1283.79	1283.41
O16	14895.1	1.26826	99024.6	1243.54	1241.53
O16	14895.1	0.295798	98178.1	664.215	663.325
O16	14895.1	0.232856	97263.2	243.307	242.421
O16	14895.1	0.19808	99372.5	1387.09	1386.81
O16	14895.1	0.229566	99121.6	1274.47	1274.15
O16	14895.1	0.363351	98573.5	850.311	848.909
Si28	26053.2	0.113782	97645.1	459.706	459.529
O16	14895.1	0.355779	98554.1	917.877	916.689
Si28	26053.2	0.118215	98255.3	807.546	807.031
Mg26	24196.5	0.18083	97430.4	299.284	299.041
Mg26	24196.5	0.129545	97906.3	544.996	544.719
O16	14895.1	0.293074	97345.3	314.615	313.217
Mg24	22335.8	0.143799	99357.3	1378.03	1376.27
O16	14895.1	0.293432	98764.6	968.926	968.263
Si28	26053.2	0.176781	98149.1	697.942	697.661
O16	14895.1	1.71912	99513.6	1519.86	1518.14
Si28	26053.2	0.132405	97269.7	200.108	199.774
O16	14895.1	0.428291	97921.7	442.152	440.514
O16	14895.1	0.34909	99128.6	1277.43	1276.57
O16	14895.1	0.246798	99597.4	1530.41	1529.46
O16	14895.1	0.9953	97909.9	549.865	548.536
O16	14895.1	0.254973	99824.2	1690.62	1690.31
Mg24	22335.8	0.20409	97263.7	238.39	237.907
Si28	26053.2	1.01864	97996.6	625.496	623.787
neutron	939.565	262.703	98781.4	1029.36	594.285
C13	12109.5	0.707275	98781.4	1029.36	594.285
O16	14895.1	0.78732	98249.8	659.159	657.659
Si28	26053.2	0.976347	99615.1	1552.72	1551.63
Mg24	22335.8	0.163586	99587.4	1543.23	1542.85
Si28	26053.2	0.400813	99834.5	1698.19	1697.76
O16	14895.1	0.191576	97751.1	482.746	482.467
O16	14895.1	0.448655	97216.8	176.337	175.46
Si28	26053.2	0.123798	97180	205.527	205.086
O16	14895.1	1.71781	98277.3	706.477	704.159
O16	14895.1	0.600896	98137.5	775.003	774.291
O16	14895.1	0.308953	99453.5	1503.99	1503.56
Si28	26053.2	0.127174	97206.2	169.817	169.315
Mg24	22335.8	0.349033	97569	345.264	344.597
Mg25	23268	0.166129	99155.5	1290.84	1289.8
O16	14895.1	0.334789	98772.5	1078.16	1077.72
O16	14895.1	0.201697	97580.2	350.459	350.121
Mg25	23268	0.137902	97320.6	275.516	274.579
O16	14895.1	0.229389	99861.1	1687.63	1687.09
Fe56	52089.8	0.0614195	96908.5	82.4508	81.6459
Mg24	22335.8	0.182444	97371.5	222.833	222.359
O16	14895.1	0.200926	98612.9	978.56	977.133
Si28	26053.2	0.213947	97814.6	508.924	508.317
O16	14895.1	0.207401	99289.8	1394.03	1393.78
Si29	26984.3	0.123264	98666	1032.79	1032.13
O16	14895.1	0.332358	97632.8	427.332	426.018
Si28	26053.2	0.411469	99335.9	1438.81	1438.09
Si28	26053.2	0.177474	99596.3	1533.61	1533.07
O16	14895.1	0.961886	99592.5	1529.4	1528.4
Si28	26053.2	0.132852	97832.7	394.048	393.52
Mg26	24196.5	0.117208	99222.4	1292.99	1291.93
Mg26	24196.5	0.166391	97331	170.779	170.381
O16	14895.1	0.19372	99021.5	1220.52	1218.8
Si28	26053.2	0.163514	99534.1	1547.63	1547.24
O16	14895.1	0.268133	98186.9	690.697	690.148
Mg24	22335.8	0.203835	99277.4	1260.34	1258.89
O16	14895.1	0.225273	98331.3	780.12	779.846
O16	14895.1	0.227286	99178.4	1312.57	1312.28
Si28	26053.2	0.149254	98735.4	1072.51	1072.19
Si28	26053.2	0.519346	99239.5	1379.39	1377.75
O16	14895.1	0.513655	99007.6	1188.81	1187.96
Si28	26053.2	0.371209	98227.6	782.521	781.108
O16	14895.1	0.219356	99304.7	1311.28	1310.42
O16	14895.1	0.20471	97292.1	171.88	171.53
Si28	26053.2	0.276367	97777.1	253.468	253.098
Si28	26053.2	0.558566	99181.7	1337.49	1336.56
Si28	26053.2	0.165049	98906.7	1081.4	1080.89
Mg24	22335.8	0.137196	97266.8	235.881	235.691
Mg24	22335.8	0.217317	99100.9	1245.73	1244.92
O16	14895.1	0.530195	99660.8	1602.17	1601.13
O16	14895.1	0.379191	97153.4	158.109	157.286
O16	14895.1	0.292244	98848.5	1123.87	1123.4
O16	14895.1	0.302492	98560.7	964.335	963.977
Si28	26053.2	0.195513	97787.5	450.792	450.473
Si28	26053.2	0.55081	97603.9	442.14	441.366
Mg24	22335.8	0.530724	97384.2	324.807	324.106
Si28	26053.2	0.210095	99760	1662.15	1661.47
Mg24	22335.8	0.178661	97451.8	309.719	309.519
O16	14895.1	0.252077	98369.5	849.461	849.169
O16	14895.1	0.345985	97441.3	331.494	330.932
Si28	26053.2	0.140984	99547.2	1535.79	1535.64
O16	14895.1	0.300158	98119.7	668.457	668.119
O16	14895.1	0.886897	98151.4	667.175	665.796
Si28	26053.2	0.128695	97091.5	110.396	109.845
O16	14895.1	0.261531	97868.8	205.004	204.56
Mg24	22335.8	0.137826	98689	945.252	944.826
O16	14895.1	0.40287	97060.8	87.1062	86.6702
Mg24	22335.8	0.15683	98639.4	983.497	983.3
Si28	26053.2	0.206075	98426.5	838.92	838.592
O16	14895.1	0.2875	98015.7	638.717	637.58
Mg24	22335.8	0.150742	98669.1	1000.6	1000.39
O16	14895.1	0.656981	98576.4	953.373	952.318
O16	14895.1	0.553612	97614.7	478.992	478.304
Mg24	22335.8	0.183609	98430.5	865.604	863.761
Si28	26053.2	0.125935	99072.1	1305.44	1305.27
Si29	26984.3	0.164207	99398.4	1458.32	1458.02
O16	14895.1	0.214918	98827.3	1071.71	1070.89
O16	14895.1	0.397453	97744.6	491.413	490.885
O16	14895.1	0.440283	98262.7	667.535	666.269
O16	14895.1	0.377969	98868.5	1131.83	1131.42
O16	14895.1	1.17347	98287	744.004	742.55
Si28	26053.2	0.121737	98216.3	686.855	686.258
Si28	26053.2	0.121533	97344.9	138.029	137.206
Mg25	23268	0.196577	99605.6	1570.99	1570.24
O16	14895.1	0.242697	99278.9	1351.76	1351.12
O16	14895.1	0.301259	99903.8	1740.16	1739.55
Si28	26053.2	0.343318	98040.5	706.895	705.813
O16	14895.1	0.574241	97667.8	427.953	426.89
O16	14895.1	0.219674	99695.2	1583.94	1583.58
O16	14895.1	0.409382	99521.8	1537.35	1536.77
Mg24	22335.8	0.260036	96934.9	49.7778	49.1218
O16	14895.1	0.48404	99017.6	1269.85	1269.26
Si28	26053.2	0.13732	98788.6	1021.29	1019.41
O16	14895.1	0.199088	98418.8	840.388	840.035
Mg24	22335.8	0.191617	99323	1326.4	1325.87
O16	14895.1	0.679857	97417.6	130.723	130.029
O16	14895.1	0.198937	97477	369.647	369.308
O16	14895.1	0.820439	97409.2	332.092	330.733
O16	14895.1	0.206913	98439.5	891.887	890.786
O16	14895.1	0.20538	98925	1139.2	1138.71
Fe56	52089.8	0.13447	99394	1443.23	1442.65
Mg24	22335.8	0.597619	99081	1232.2	1230.91
O16	14895.1	0.199548	97483.8	375.863	375.623
Si30	27913.2	0.102888	98917.8	1183.83	1183.36
Si30	27913.2	0.145478	97040.9	10.5854	10.2121
O16	14895.1	0.213893	97697.4	409.718	408.923
O16	14895.1	0.22532	98599.4	899.785	899.523
O16	14895.1	0.29881	98560.7	900.593	899.74
Si28	26053.2	0.220016	99576.8	1539.98	1538.56
O16	14895.1	0.31675	99024.3	1203.52	1202.9
Si28	26053.2	0.110751	99280.9	1304.67	1304.28
O16	14895.1	1.42668	98259.1	749.162	747.358
O16	14895.1	0.199067	97406.6	336.687	336.14
O16	14895.1	0.254545	98431.3	742.387	742.132
O16	14895.1	0.821414	97465.4	336.417	335.27
O16	14895.1	0.536522	97514.7	212.391	211.549
O16	14895.1	0.26882	98314.6	796.917	796.548
O16	14895.1	0.244092	98319.1	789.804	789.544
Si28	26053.2	0.221075	97866.6	546.161	545.78
O16	14895.1	0.295446	98099.1	689.424	688.261
O16	14895.1	0.328916	97199.2	84.9822	84.4915
Mg24	22335.8	0.129117	99725.3	1630.52	1629.67
Mg24	22335.8	0.22285	96988.6	44.6944	44.3392
O16	14895.1	0.223159	98973.4	1234.8	1234.44
Si28	26053.2	0.129978	97425.7	257.544	256.582
Mg24	22335.8	0.244647	97705	504.812	504.456
O16	14895.1	0.232068	99901.3	1738.96	1736.04
O16	14895.1	0.358846	97260.3	187.318	186.621
Si28	26053.2	0.137745	97652.7	275.447	274.194
O16	14895.1	0.189946	99461.4	1474.87	1474.47
Mg24	22335.8	0.126357	97654.2	460.581	460.254
Si28	26053.2	0.34986	99205.8	1289.27	1288.63
O16	14895.1	0.877948	99430.2	1414.87	1413.71
O16	14895.1	0.947529	98643.1	1007.76	1006.55
O16	14895.1	0.197861	99436.4	1514.11	1513.91
Mg24	22335.8	0.162644	99456.2	1480.36	1479.82
Mg24	22335.8	0.176505	97570.4	402.199	401.621
O16	14895.1	0.198954	97680.7	408.221	407.782
Si28	26053.2	0.118441	98340.3	842.165	842.03
O16	14895.1	0.416496	98186.1	655.166	654.229
O16	14895.1	0.635923	98405.4	784.396	783.701
Si28	26053.2	0.202083	97062.3	157.489	157.016
O16	14895.1	0.296946	98192.6	814.515	812.821
O16	14895.1	0.189461	98956	1112.04	1111.23
O16	14895.1	1.05531	98335.7	867.332	865.963
O16	14895.1	0.527742	98525.9	942.358	941.754
Si28	26053.2	0.126906	97940.1	496.688	496.433
Mg24	22335.8	0.17464	99751.2	1646.54	1646.22
Si28	26053.2	1.52745	98780.4	1019.53	1017.88
Si28	26053.2	0.121572	97957.3	619.248	619.094
Mg24	22335.8	0.147691	99654.4	1591	1590.72
O16	14895.1	1.30285	98055.5	676.425	675.094
O16	14895.1	0.515888	97516.3	337.979	337.167
O16	14895.1	0.312951	97120.4	139.257	138.259
Mg24	22335.8	0.12726	99258.1	1370.33	1368.89
O16	14895.1	0.43239	99026.4	1210.16	1209.43
Mg24	22335.8	0.155967	98332.5	699.512	699.178
O16	14895.1	0.420047	98869.9	1137.19	1136.54
O16	14895.1	0.245867	97047	10.8328	10.3755
Si28	26053.2	0.11487	97028.1	67.3786	67.1671
O16	14895.1	0.661119	97607.6	403.462	402.264
Mg24	22335.8	0.134987	98666.6	959.499	959.228
O16	14895.1	0.24813	98044.8	682.584	682.19
Mg24	22335.8	0.139963	99391.4	1353.5	1352.88
O16	14895.1	0.195947	99278.4	1361.88	1361.53
O16	14895.1	0.197543	98506	954.594	954.355
Si28	26053.2	0.112122	97173.7	241.722	241.202
O16	14895.1	0.254319	98404.2	903.913	902.915
Mg24	22335.8	0.137944	98735.2	983.044	982.163
O16	14895.1	0.2139	98536	994.887	994.662
Mg24	22335.8	0.154187	97264.1	205.672	205.409
O16	14895.1	0.227696	98872.8	1146.99	1145.7
O16	14895.1	0.291209	98953.5	1208.27	1207.92
O16	14895.1	0.253252	99721.5	1638.62	1638.31
O16	14895.1	0.52237	99943.6	1758.72	1757.93
neutron	939.565	165.945	98933.1	1148.3	818.705
C13	12109.5	1.48175	98933.1	1148.3	818.705
Mg24	22335.8	0.618063	97360.5	285.459	284.236
O16	14895.1	1.47858	97029.9	171.72	169.904
O16	14895.1	1.521	97729	430.188	428.636
Mg24	22335.8	0.239865	98651.8	924.495	924.009
O16	14895.1	0.25344	98059.4	606.294	605.991
O16	14895.1	0.210434	98071	626.921	626.056
Mg24	22335.8	0.212251	99953.9	1763.2	1762.8
Si28	26053.2	0.108756	96995.4	53.8916	53.6359
O16	14895.1	0.591709	99334.8	1428.23	1426.95
O16	14895.1	0.590914	97055.1	33.4045	32.6457
O16	14895.1	0.263095	99207.3	1287.8	1286.61
O16	14895.1	0.206112	99307.4	1287.79	1287.57
O16	14895.1	0.707234	98109	693.798	692.62
O16	14895.1	0.198754	98076.6	743.37	743.165
O16	14895.1	0.220742	99579.1	1554.98	1554.36
O16	14895.1	0.207195	98201	713.934	713.294
Si30	27913.2	0.159507	99111.3	1293.2	1292.96
Si28	26053.2	0.142368	99174.2	1315.12	1314.85
Si28	26053.2	0.215156	97238.9	242.573	241.931
Mg24	22335.8	0.155863	98456	910.697	910.009
Si28	26053.2	0.140285	99522.6	1479.28	1478.96
O16	14895.1	0.530937	97965.5	566.33	565.061
Si28	26053.2	0.463645	99093.9	1213.8	1213.23
O16	14895.1	1.16056	99750.4	1624.26	1622.96
Mg24	22335.8	0.264228	98526.6	821.494	820.918
Si28	26053.2	0.150272	99531.7	1533.05	1532.41
Mg24	22335.8	0.129102	98129.9	701.44	701.134
Mg24	22335.8	0.178955	96978.7	47.4983	46.9571
O16	14895.1	0.506852	97808.7	483.595	482.863
Si28	26053.2	0.422913	99025.4	1161.11	1159.94
O16	14895.1	1.46313	98993.8	1099.6	1097.98
O16	14895.1	0.212658	97976.1	588.084	587.733
O16	14895.1	0.282495	98106.3	517.687	517.081
Mg24	22335.8	0.17483	97796.5	534.838	534.425
O16	14895.1	0.655471	98071.8	689.679	688.759
Mg25	23268	0.265112	97249.3	167.206	166.659
Si28	26053.2	0.127297	98129.3	734.307	733.992
Si28	26053.2	0.121958	99998.3	1787.71	1787.46
O16	14895.1	0.404026	97279.6	251.452	250.879
Si28	26053.2	0.361379	97542.6	394.007	393.639
Si28	26053.2	0.179809	98318.1	805.683	805.451
Si28	26053.2	0.26963	97793.8	550.48	549.207
O16	14895.1	0.249839	98567.9	966.918	966.24
Si28	26053.2	0.128674	97239.1	195.313	194.954
Si28	26053.2	0.311902	99693.6	1599.48	1598.33
Mg24	22335.8	0.544065	97970.9	677.514	675.55
Si28	26053.2	0.263712	98134.9	683.133	682.755
O16	14895.1	0.215934	98723.2	1037.05	1036.57
O16	14895.1	0.814784	97762.3	468.213	466.692
O16	14895.1	0.341051	97528.3	321.199	320.826
Si28	26053.2	0.131933	98256.6	690.626	689.448
Mg24	22335.8	0.215793	97772.2	506.61	505.872
Mg24	22335.8	0.310432	97602.3	267.097	266.646
O16	14895.1	0.538968	97620.6	371.441	370.738
Si28	26053.2	0.527492	97551.4	378.404	377.808
O16	14895.1	0.505991	97697.2	489.429	488.416
O16	14895.1	0.22279	97577.9	424.654	424.033
Si28	26053.2	0.348464	99243.5	1341.53	1340.13
O16	14895.1	0.307922	99708.7	1634.48	1633.8
Mg24	22335.8	0.138609	97486.8	410.03	409.452
O16	14895.1	0.362879	97167.9	131.005	130.388
Si28	26053.2	0.134732	97581.5	258.341	258.103
Fe56	52089.8	0.0782557	97625	240.754	240.518
Si28	26053.2	0.111358	98163.2	683.261	682.932
Si28	26053.2	0.249724	99186.4	1271.56	1271.2
Si28	26053.2	0.181769	97281.2	186.46	185.015
Mg24	22335.8	0.406752	99139.8	1200.75	1199.83
O16	14895.1	0.20282	97402.7	279.107	278.571
Si28	26053.2	0.443034	97545.5	301.494	300.94
neutron	939.565	5.11276	99477.1	1483.2	1104.39
neutron	939.565	0.703957	99477.1	1483.2	1104.39
Si28	26053.2	0.477336	99477.1	1483.2	1104.39
O16	14895.1	0.224809	97111	125.301	124.824
Mg24	22335.8	0.141466	97266	167.95	167.674
Si28	26053.2	0.157379	98196.2	756.103	755.875
O16	14895.1	1.7631	98650.5	959.206	957.434
Si28	26053.2	0.233955	98724.9	980.63	979.878
Si28	26053.2	0.132016	99697.5	1602.87	1601.97
O16	14895.1	0.844789	98936.9	1174	1173.09
Si28	26053.2	0.198078	97127.5	95.7295	95.5251
Si28	26053.2	0.256274	97239.6	97.909	97.5888
O16	14895.1	0.271587	99807	1689.07	1688.58
O16	14895.1	0.242158	99101.4	1178.38	1177.67
Si28	26053.2	0.266028	99346.9	1395.44	1393.61
Mg24	22335.8	0.523987	99394.1	1371.1	1370.1
Si28	26053.2	0.574334	99846.7	1704.74	1704.02
O16	14895.1	0.20808	98517.1	817.891	817.384
O16	14895.1	0.544171	99838	1698	1696.66
Si28	26053.2	0.120406	99311.9	1384.3	1384.05
Si28	26053.2	0.193392	97887	489.609	489.261
Fe56	52089.8	0.0747283	97370.4	304.155	302.015
Mg24	22335.8	0.14201	97074.8	58.92	58.7697
Si28	26053.2	0.243194	99951.4	1765.61	1764.63
O16	14895.1	0.235373	97163.7	217.387	216.28
O16	14895.1	0.194589	98788.1	1061.34	1059.93
O16	14895.1	0.469052	97818.8	540.776	539.98
Mg24	22335.8	0.604061	98762.6	1061.6	1060.59
O16	14895.1	0.422626	97237.2	224.302	223.877
Fe56	52089.8	0.1238	99075.9	1273.58	1273.45
O16	14895.1	0.205624	98147.9	706.012	705.441
Si28	26053.2	0.146312	97491.5	342.196	341.953
Si28	26053.2	0.133422	97056.4	27.0758	26.6992
Mg25	23268	0.182153	98668.3	1048.02	1047.56
O16	14895.1	0.697233	98206.8	756.61	755.191
Mg24	22335.8	0.287197	98928.7	1204.25	1203.04
Si28	26053.2	0.186856	98895.6	1033.6	1033.32
Si28	26053.2	0.165973	99090.7	1179.73	1179.39
O16	14895.1	0.432086	98451.5	889.333	888.312
Mg24	22335.8	0.176909	97213.8	202.009	201.814
O16	14895.1	0.990937	98382.2	737.485	736.234
O16	14895.1	0.261472	99081.3	1219.64	1218.82
O16	14895.1	0.608897	97871.9	503.873	503.03
O16	14895.1	0.264471	97660	326.273	325.65
O16	14895.1	0.21612	99984.8	1781.85	1781.18
Si28	26053.2	0.203144	97864.5	587.559	587.198
O16	14895.1	0.59441	99158.5	1220.04	1218.9
Si28	26053.2	0.234876	98743	1091.28	1091.03
O16	14895.1	0.28446	98710.4	1076.68	1076.02
O16	14895.1	0.553716	97117.6	34.2696	33.6443
Si28	26053.2	0.11156	98782.4	1109.43	1109.24
Si28	26053.2	0.133447	99689.5	1608.73	1608.36
O16	14895.1	0.209565	98054.6	679.892	679.318
Mg24	22335.8	0.161033	96884.1	77.989	77.6539
Mg24	22335.8	0.164119	98842.9	1158.05	1157.61
O16	14895.1	0.450676	97355.2	341.924	341.429
Si28	26053.2	0.208948	97363.6	238.25	237.854
O16	14895.1	0.713337	99617.6	1566.74	1565.64
Si30	27913.2	0.106105	99971.8	1774.53	1773.83
Mg24	22335.8	0.183336	99238.1	1333.86	1333.5
Fe56	52089.8	0.0920376	97135.9	158.739	158.339
Mg24	22335.8	0.211196	99824.1	1692.98	1692.54
O16	14895.1	0.341401	97389.7	292.214	291.806
Mg24	22335.8	0.206128	98947.5	1169.27	1168.07
Si28	26053.2	0.130579	97771.4	518.596	518.432
O16	14895.1	1.53197	97263.7	242.03	240.489
O16	14895.1	0.323994	97462.7	290.737	290.115
Mg24	22335.8	0.172191	97120.9	107.579	106.768
O16	14895.1	1.00038	96966	42.8353	41.6841
Si28	26053.2	0.361179	98807.9	1098.23	1097.68
O16	14895.1	0.256771	99840.2	1708.39	1708.05
O16	14895.1	0.220483	99698.4	1602.92	1602.37
Si28	26053.2	0.132717	97388.4	291.783	291.498
O16	14895.1	1.44301	97715.3	524.591	522.931
O16	14895.1	0.291125	99414.7	1467.74	1467.26
Si30	27913.2	0.199944	98320.8	654.553	654.27
O16	14895.1	0.647462	99112.5	1242	1241.25
Mg25	23268	0.155591	98281.4	774.872	774.307
O16	14895.1	0.701328	97070.7	84.2711	83.0783
O16	14895.1	0.465609	98463	925.276	923.056
Si28	26053.2	0.276786	97754.2	438.829	437.806
O16	14895.1	0.375673	99873	1718.46	1717.81
O16	14895.1	0.507438	97210.4	151.06	150.409
O16	14895.1	0.285293	97228	85.9772	85.2681
Mg24	22335.8	0.14008	98984.4	1065.34	1064.78
Si28	26053.2	0.132026	97553.8	349.136	349.001
O16	14895.1	0.275224	97342.5	270.923	270.406
Mg24	22335.8	0.281978	97435.2	201.204	200.266
Si28	26053.2	0.120581	98332.6	816.528	816.067
O16	14895.1	0.472539	97892.3	561.51	560.944
O16	14895.1	1.45275	97814.8	585.575	584.034
O16	14895.1	0.278178	96990.4	79.3598	78.8125
Mg24	22335.8	0.13444	97524.3	401.672	401.158
O16	14895.1	0.232844	96925.2	16.2488	16.0039
Mg24	22335.8	0.1544	99138.2	1267.62	1267.4
Si28	26053.2	0.129902	99255.3	1224.76	1224.59
neutron	939.565	97.8992	98174.7	685.843	445.505
neutron	939.565	11.0215	98174.7	685.843	445.505
alpha	3727.38	6.09945	98174.7	685.843	445.505
Be8	7454.85	1.7931	98174.7	685.843	445.505
O16	14895.1	0.200368	97271.2	304.38	303.964
O16	14895.1	0.231197	97998.2	562.068	561.44
Mg26	24196.5	0.176878	98497.4	879.631	879.313
O16	14895.1	0.580339	99710.1	1606.27	1605.46
O16	14895.1	0.205609	98298.5	746.683	745.869
Mg24	22335.8	0.142492	98383	841.783	841.341
O16	14895.1	0.189563	99892.7	1730.46	1729.63
Mg24	22335.8	0.183201	98815.7	1047.59	1047.13
O16	14895.1	0.23258	99832.1	1705.18	1704.94
O16	14895.1	1.27827	97288.9	263.584	262.289
O16	14895.1	0.28501	97824.7	565.876	565.284
O16	14895.1	0.202504	97151.7	57.6313	56.8555
O16	14895.1	0.315939	97491	323.315	322.255
O16	14895.1	0.29364	97157.4	36.047	35.7438
O16	14895.1	0.337419	99128.8	1286.22	1285.69
O16	14895.1	0.257566	99465.6	1477.68	1477.22
O18	16762	0.315035	99159.7	1347.82	1347.22
O16	14895.1	0.218607	99907.8	1738.51	1738.06
O16	14895.1	0.289419	98012.8	704.166	703.443
Si28	26053.2	0.193229	99493.3	1479.63	1479.28
O16	14895.1	0.246235	99466.9	1466.05	1465.47
O16	14895.1	1.50354	99599.9	1550.2	1548.13
O16	14895.1	0.579342	99400.1	1467.93	1466.26
Mg24	22335.8	0.234101	97060	94.7343	94.4666
O16	14895.1	1.49818	99116.7	1304.34	1301.7
Mg24	22335.8	0.243537	99814.2	1632.74	1632.07
O16	14895.1	0.415549	99616.9	1549.99	1549.36
Fe56	52089.8	0.132875	97403.2	280.115	279.71
Si28	26053.2	0.463222	99707.9	1609.82	1609.29
O16	14895.1	0.467323	98452.3	902.7	902.175
Si28	26053.2	0.232825	97613.5	151.944	151.288
Mg24	22335.8	0.283915	99739.4	1640.65	1640.35
Si28	26053.2	0.248145	98555.9	943.929	943.516
Fe56	52089.8	0.0542795	97182.1	164.445	164.359
Si28	26053.2	0.277013	97135	136.917	136.4
Si28	26053.2	0.227848	98010.7	563.02	562.18
O16	14895.1	0.2471	97140.5	164.185	163.921
O16	14895.1	0.24058	98870.8	1077.36	1076.89
Si28	26053.2	0.283363	98252.8	750.341	749.654
O16	14895.1	0.63558	99235.4	1334.19	1332.98
O16	14895.1	0.202469	97090	129.795	129.359
O16	14895.1	0.315439	97750.3	372.376	371.982
O16	14895.1	0.236742	99875.8	1697.66	1697.41
O16	14895.1	0.205738	97442.1	377.611	376.264
Si28	26053.2	0.300643	97226.4	221.079	220.752
Mg24	22335.8	0.289821	98034.6	618.614	617.486
O16	14895.1	0.202771	96929.2	8.79954	8.56926
O16	14895.1	0.378116	99110.6	1198.73	1197.72
O16	14895.1	0.294652	99902.3	1722.68	1722.21
Si28	26053.2	0.151449	99498	1506.17	1504.83
O16	14895.1	0.367648	99653.3	1591.7	1590.16
Mg24	22335.8	0.184136	97369.7	174.445	174.24
O16	14895.1	0.197091	98620.5	1012.06	1010.86
Mg24	22335.8	0.265808	99064.6	1292.7	1291.69
Mg24	22335.8	0.177092	98485.1	918.775	918.323
O16	14895.1	0.560864	98466.9	928.583	926.835
Si28	26053.2	0.137025	99514.7	1512.17	1511.35
O16	14895.1	0.194285	97849.7	561.84	561.599
O16	14895.1	0.397635	98846.7	911.675	911.088
Mg24	22335.8	0.577122	97334.1	70.69	70.0899
O16	14895.1	0.22967	98234.3	807.118	806.207
O16	14895.1	0.608061	98018.7	603.461	602.548
O16	14895.1	0.484925	97922.3	508.76	507.693
Si29	26984.3	0.180447	99495.5	1492.38	1491.94
O16	14895.1	0.275508	98435.1	860.078	859.309
O16	14895.1	0.366121	97093.7	117.701	117.096
O16	14895.1	0.297459	97431.9	333.78	333.211
Si28	26053.2	0.477005	98682.4	1016.82	1016.14
Si28	26053.2	0.195468	97285.1	261.573	261.307
Si28	26053.2	0.244475	97400.6	310.855	310.607
O16	14895.1	0.696874	98007.2	585.041	584.27
O16	14895.1	0.234264	97229.2	98.7423	98.3575
Mg24	22335.8	0.16846	96991.6	48.6206	48.416
Fe56	52089.8	0.0677521	97054.1	72.6216	72.4468
O16	14895.1	1.4793	99155.7	1310.76	1308.86
O16	14895.1	0.282207	98449	884.792	883.421
Fe56	52089.8	0.0666283	98258.1	786.789	786.26
Mg24	22335.8	0.156788	97071.2	172.679	172.387
O16	14895.1	0.241108	97353.9	243.647	243.275
O16	14895.1	0.227876	97659.9	365.145	364.023
O16	14895.1	0.244962	99343.3	1378.07	1377.35
O16	14895.1	0.223974	97762	553.218	552.639
Mg24	22335.8	0.196212	99543.8	1388.16	1387.82
Si28	26053.2	0.247969	98603.7	999.009	998.568
Mg24	22335.8	0.229584	99726.6	1634.22	1633.86
Si29	26984.3	0.129035	99362.5	1410.36	1409.07
Si28	26053.2	0.144441	98668.8	947.151	947.001
Si28	26053.2	0.128163	98020.7	661.142	660.698
O16	14895.1	0.203273	97680.1	520.699	520.208
Si28	26053.2	0.595721	97865.4	557.681	556.813
Si28	26053.2	0.217726	99465.8	1492.06	1491.78
Si28	26053.2	0.108436	97377.6	246.132	245.856
Mg24	22335.8	0.155795	97647.2	420.827	420.439
Mg24	22335.8	0.173161	99581.3	1416.47	1416.09
Si28	26053.2	0.143219	99315.2	1247.91	1247.38
O16	14895.1	0.193358	98142.8	726.152	725.936
Si28	26053.2	0.166137	98165.5	760.753	760.3
O16	14895.1	0.239171	99307.3	1373.72	1373.36
Mg24	22335.8	0.286204	98916.5	1116.88	1116.19
Si28	26053.2	0.254685	98550.3	959.616	959.137
Si28	26053.2	0.142861	97196.1	66.9517	66.7804
Si28	26053.2	0.502034	98044.9	639.895	639.064
O16	14895.1	0.546516	98056.7	579.146	578.244
Si28	26053.2	0.252274	99041.5	1275.62	1274.3
Si28	26053.2	0.403131	99264.4	1343.35	1341.75
O16	14895.1	0.216773	97918.5	521.387	520.834
O16	14895.1	0.193822	97788.3	495.133	494.71
Mg24	22335.8	0.27087	96902.6	34.9324	34.5711
O16	14895.1	0.244125	99207.2	1336.27	1335.68
Si28	26053.2	0.176951	97817.4	442.629	442.25
Si28	26053.2	0.141802	99238.1	1307.37	1306.31
Mg25	23268	0.38088	99097.6	1244.55	1244.02
Si28	26053.2	0.128321	97211.1	192.727	192.528
O16	14895.1	0.494541	98760.6	1037.88	1036.81
O16	14895.1	0.270198	98026	626.407	626.008
O16	14895.1	0.211479	99459.1	1489.58	1488.13
O16	14895.1	0.212045	97477.2	270.739	270.238
Si28	26053.2	0.180402	99392.4	1415.59	1414.47
O16	14895.1	2.00022	99455.3	1476.61	1474.6
O16	14895.1	0.333066	97991.5	426.696	426.197
Mg25	23268	0.155737	99491.9	1436.6	1436.11
Si28	26053.2	0.440004	98798.9	1123.18	1122.35
O16	14895.1	0.878086	97776.2	398.486	397.2
Mg24	22335.8	0.297265	97120.1	108.972	108.511
O16	14895.1	0.302106	98217	782.775	782.388
O16	14895.1	0.468966	98002.5	641.842	641.22
Si28	26053.2	0.546029	97206	180.061	178.435
O16	14895.1	0.292745	98237.1	685.977	685.652
Mg24	22335.8	0.140206	99578	1577.8	1577.63
Si28	26053.2	0.173356	97405.7	264.202	263.486
Si28	26053.2	0.144694	96985.4	71.1228	70.9039
O16	14895.1	0.425936	99383.4	1421.9	1421.03
O16	14895.1	0.474209	98481.9	895.776	895.25
O16	14895.1	0.360713	97394.3	316.523	315.558
Mg24	22335.8	0.329384	97903.9	323.08	322.11
O16	14895.1	0.762522	99572.5	1538.29	1537.27
Si28	26053.2	0.16597	97858.2	553.531	553.258
O16	14895.1	0.437559	98851.4	998.859	996.629
Mg25	23268	0.581997	96983.5	92.674	91.6929
O16	14895.1	0.259454	99504.6	1493.04	1492.71
Si28	26053.2	1.06435	98749.2	1053.03	1051.85
Mg24	22335.8	0.200988	97114.3	136.767	135.903
Fe56	52089.8	0.0566676	98487.1	927.054	926.661
Mg25	23268	0.434844	98268.8	809.164	808.709
O16	14895.1	0.272061	98965.4	1177.72	1177.41
Si28	26053.2	0.161284	98536.2	991.041	990.704
O16	14895.1	1.52018	99818.2	1671.8	1670.22
O16	14895.1	0.233835	99523.9	1510.02	1508.98
Mg24	22335.8	0.176184	98421.2	873.21	872.837
O16	14895.1	0.913577	99866.9	1714.97	1713.9
Si28	26053.2	1.68434	97681	515.563	513.668
Mg24	22335.8	0.893618	98730.1	1031.97	1030.84
O16	14895.1	0.258926	97993.2	638.182	637.921
O16	14895.1	2.71986	99674.4	1608.95	1605.64
Si28	26053.2	0.143816	97588.1	381.463	380.861
O16	14895.1	0.353926	99216.4	1366.09	1365.58
O16	14895.1	0.895123	97432.3	408.926	407.455
Si28	26053.2	0.51469	99818.3	1692.17	1691.53
Mg24	22335.8	0.130848	98451.5	877.23	876.932
O16	14895.1	0.230672	97906.1	518.367	517.499
Mg24	22335.8	0.22285	98143	686.808	685.854
O16	14895.1	0.24571	97383.8	190.686	190.244
Mg25	23268	0.304358	98761.9	1060.31	1059.79
O16	14895.1	0.303423	97417.4	320.406	319.88
O16	14895.1	0.872876	99889.5	1734.21	1733.03
O16	14895.1	0.369814	98084	654.568	654.133
O16	14895.1	0.429057	97312.4	285.108	284.605
Si28	26053.2	0.157768	98109.7	717.303	717.121
Mg24	22335.8	0.136102	97814.8	464.414	464.243
Fe56	52089.8	0.0929387	97765.2	326.402	326.256
O16	14895.1	0.416631	98565.2	892.698	890.457
Fe56	52089.8	0.113621	98064.3	658.618	658.438
Si28	26053.2	0.338416	98988.4	1174.3	1173.84
Si28	26053.2	0.650096	99358.5	1382.74	1381.62
O16	14895.1	0.758795	98013.9	558.158	557.018
O16	14895.1	0.333109	97986.9	543.075	542.739
O16	14895.1	0.373734	97501.1	222.191	221.801
O16	14895.1	0.239731	98713.8	914.118	913.789
Mg24	22335.8	0.208399	97573.6	386.846	386.385
Mg24	22335.8	0.13783	97821.9	523.183	522.707
O16	14895.1	0.388296	98822.1	1081.52	1081.05
O16	14895.1	0.209342	98353.9	820.296	819.717
Si28	26053.2	0.219996	99621.1	1438.01	1437.69
O16	14895.1	0.374059	98089	722.427	720.5
O16	14895.1	0.742164	97453.7	361.998	360.958
O16	14895.1	0.240143	99086.2	1272.68	1271.83
O16	14895.1	0.225955	99473.8	1447.97	1447.71
O16	14895.1	0.25176	97226.4	100.467	100.072
Mg24	22335.8	0.13507	98013.6	568.063	567.875
O16	14895.1	0.229308	97038.1	29.9424	29.2773
O16	14895.1	0.30768	97225.7	217.39	215.462
Si28	26053.2	0.186077	99132.1	1254.46	1252.87
O16	14895.1	0.261599	97489.3	354.696	354.225
O16	14895.1	0.198275	99852.3	1711.25	1710.92
O16	14895.1	0.227316	98821.7	1132.49	1132.12
O16	14895.1	0.284605	99242.5	1350.89	1350.15
O16	14895.1	0.444936	99266.7	1360.3	1359.67
Mg26	24196.5	0.57446	98789.7	1063.85	1062.52
Mg26	24196.5	0.507489	97290.3	163.016	162.425
Si28	26053.2	0.628862	97928.9	635.343	634.62
O16	14895.1	0.272856	99294	1323.72	1322.85
Mg24	22335.8	0.556828	97465	383.247	382.409
Si28	26053.2	0.233465	98521.3	948.786	948.098
O16	14895.1	0.343387	98552.4	984.946	984.517
Mg25	23268	0.868059	99921.7	1744.6	1743.42
O16	14895.1	0.345941	99188.7	1330.2	1329.65
Si28	26053.2	0.382364	99946	1764.04	1762.95
Si28	26053.2	0.113754	97089.3	90.3918	90.2742
O16	14895.1	0.202091	98490.1	961.387	960.488
Mg26	24196.5	0.225038	99262.8	1286.32	1285.24
Si29	26984.3	0.104819	98771.7	1101.6	1101.36
Si28	26053.2	0.178833	99520.4	1531.4	1531.08
Fe56	52089.8	0.0720725	97435.3	274.604	274.447
O16	14895.1	0.56315	97925.1	520.313	519.158
Mg24	22335.8	0.19211	98110.8	698.149	697.509
O16	14895.1	0.246236	99177	1341.11	1340.79
O16	14895.1	0.915445	98935.8	1183.22	1182.11
O15	13971.2	0.626366	99656.3	1575.27	1078.31
O16	14895.1	0.274585	97864.2	390.275	389.908
O16	14895.1	0.40188	99702.7	1624.11	1623.61
Si28	26053.2	0.145214	98804.9	1092.96	1092.6
Mg24	22335.8	0.480843	98549.1	960.56	959.761
O16	14895.1	1.07047	98999	1217.14	1216.06
Mg24	22335.8	0.665527	99276.6	1363.59	1362.72
O16	14895.1	0.49249	98584.2	972.549	971.877
Fe56	52089.8	0.104422	97963.3	631.217	630.847
Si28	26053.2	0.199584	99013.9	1258.43	1258.09
Si28	26053.2	0.132892	99549.8	1495.7	1494.12
O16	14895.1	0.217862	97426.4	186.736	186.318
O16	14895.1	0.193774	98167.2	696.171	695.606
Mg24	22335.8	0.129625	98009.3	602.894	602.535
O16	14895.1	0.348967	97970.2	634.814	633.401
O16	14895.1	2.15914	97920.9	564.613	561.85
Si28	26053.2	0.236757	97172.3	165.133	164.64
Si28	26053.2	0.134216	97805.9	575.475	575.094
Si28	26053.2	0.109439	99843.5	1713.74	1713.46
Si28	26053.2	0.163104	97607.8	302.953	302.099
Si28	26053.2	0.164095	99512.8	1464.72	1464.36
Si28	26053.2	0.148031	97946.9	616.417	616.217
Si28	26053.2	0.110924	99739.4	1625.46	1625.29
Si28	26053.2	0.181877	98654.2	957.822	957.428
O16	14895.1	0.196813	99502.7	1506.71	1506.3
Si28	26053.2	0.244153	99606.7	1579.14	1578.51
Si28	26053.2	0.198083	99239.1	1384.67	1384.24
O16	14895.1	0.217144	97199	117.497	117.144
O16	14895.1	0.256265	99188	1333.34	1332.65
Mg26	24196.5	0.126698	98361.5	859.12	858.885
O16	14895.1	0.454415	98680.6	1003.59	1002.67
Fe56	52089.8	0.135577	97467.4	267.961	267.394
Si28	26053.2	0.281481	98251.5	804.479	804.038
O16	14895.1	0.295133	98424	833.651	833.167
Mg24	22335.8	1.12256	98803.4	973.65	971.956
O16	14895.1	0.24931	99009.3	1207.38	1206.94
Mg26	24196.5	0.349922	99057.7	1231.1	1230.46
O16	14895.1	0.195919	97079.7	54.1997	53.4534
O16	14895.1	0.416581	98862.8	996.515	995.751
O16	14895.1	0.476704	97631.5	457.562	456.882
Mg24	22335.8	0.157761	98618.2	1014.49	1014.03
O16	14895.1	0.375299	97350	275.679	274.427
O16	14895.1	0.194032	98014.1	628.007	627.563
Si28	26053.2	0.540398	98625.6	1025.14	1024.58
O16	14895.1	0.359178	99729.3	1633.58	1632.82
C14	13040.9	0.449128	99201.5	1282.13	1063.11
Mg24	22335.8	0.141317	99674.9	1603.38	1603.07
Mg24	22335.8	0.608654	99094.1	1205.08	1204.09
Si28	26053.2	0.140126	98993.1	1183.33	1183.12
O16	14895.1	0.736376	98512.1	970.304	968.921
Mg24	22335.8	0.228464	98407.4	932.042	931.031
O16	14895.1	0.609831	98367.4	857.409	856.219
Mg24	22335.8	0.148109	97355.9	300.044	299.624
Mg25	23268	0.151433	99512.1	1505.59	1505.28
O16	14895.1	0.262959	97942.8	645.988	645.421
O16	14895.1	0.303605	99632.2	1582.88	1581.87
Si28	26053.2	0.119769	98891.1	1162.47	1162.28
O16	14895.1	0.24956	98656.6	1041.91	1040.98
Mg24	22335.8	0.430811	97602.7	461.338	460.35
O16	14895.1	1.73578	99080.9	1275.51	1273.68
Mg25	23268	0.121479	99639.8	1538.45	1538.15
O16	14895.1	0.286486	98154.4	634.343	631.723
Mg25	23268	0.160743	99838.1	1698.23	1698.05
Si29	26984.3	0.148338	97956.8	568.351	567.717
Mg24	22335.8	0.194639	96942.5	137.382	136.717
Si28	26053.2	0.459254	98959	1080.14	1079.5
Si28	26053.2	0.181238	99780.7	1668.75	1668.56
O16	14895.1	0.211514	97548.5	361.625	361.393
Si28	26053.2	0.139979	97736.7	540.282	539.821
O16	14895.1	0.263274	99034.6	1273.5	1273.1
Mg24	22335.8	0.943126	99248.4	1364.04	1362.95
Si28	26053.2	0.117373	99581.3	1544.86	1544.73
Si28	26053.2	0.110933	97713.4	511.938	511.752
O16	14895.1	0.21778	98318.7	826.638	826.062
O16	14895.1	0.372796	97466.5	332.897	331.978
O16	14895.1	0.474367	98712.1	1009.27	1008.18
Mg24	22335.8	0.345932	97310.2	248.777	247.272
Mg24	22335.8	0.145211	99937.3	1755.17	1754.38
Mg24	22335.8	0.488655	98723.7	1075.2	1074.64
Si28	26053.2	0.226906	97406.5	250.859	250.569
O16	14895.1	0.483859	98134.5	670.206	668.663
Fe56	52089.8	0.0897085	96954.4	31.1794	31.0806
O16	14895.1	0.204205	98107	621.762	621.424
Mg24	22335.8	0.235626	98123.7	746.156	745.817
O16	14895.1	0.203122	99420	1481.5	1481.18
O16	14895.1	1.15587	97255.3	262.315	261.036
O16	14895.1	0.469426	99129.4	1294.56	1294.01
Mg26	24196.5	0.137383	98310.6	802.185	801.586
O16	14895.1	0.542006	99085.1	1228.84	1228.23
Si28	26053.2	0.178684	99588.6	1549.84	1549.56
Mg24	22335.8	0.433188	98045.1	724.397	723.784
O16	14895.1	0.313432	98835.1	1061.7	1060.9
Si28	26053.2	0.210917	97024.5	85.9578	85.045
O16	14895.1	0.484466	97705.8	439.198	438.168
O16	14895.1	0.421405	98241.3	828.453	827.521
Mg24	22335.8	0.174832	98141.5	727.724	727.48
O16	14895.1	0.217299	98203.9	739.342	738.589
Si28	26053.2	0.113814	98200.8	789.781	789.411
Si28	26053.2	0.117228	97842.9	567.559	567.277
Si28	26053.2	0.339824	99054.8	1149.09	1148.44
O16	14895.1	0.19174	97579.2	411.56	411.178
Si28	26053.2	0.114433	98766.7	1057.66	1056.35
O16	14895.1	1.57826	99496.5	1485.28	1483.31
O16	14895.1	0.242617	97034.5	56.1047	55.3762
Mg26	24196.5	0.202835	97024.8	125.242	124.975
Mg24	22335.8	0.147418	97605.6	308.5	308.186
O16	14895.1	0.229951	98759	1006.64	1005.95
O16	14895.1	0.367962	97110.1	89.7966	89.386
O16	14895.1	0.445234	97242.2	224.084	223.605
Si28	26053.2	0.123162	99212	1347.15	1346.88
Mg24	22335.8	0.171153	98120.9	707.551	706.464
Si28	26053.2	0.116302	99706.7	1631.66	1631.25
O16	14895.1	0.253799	97659.7	470.065	469.735
O16	14895.1	0.223124	98320.8	832.591	831.717
O16	14895.1	0.252311	98522.5	822.812	822.442
O16	14895.1	0.296333	98622	928.467	927.66
Mg24	22335.8	0.162821	98843.4	1153.35	1152.66
O16	14895.1	0.560879	97927.1	568.61	566.943
Si28	26053.2	0.186072	99819.7	1665.12	1664.72
O16	14895.1	0.263813	97333.1	268.934	268.47
O16	14895.1	0.368683	97809.1	474.368	473.651
Si28	26053.2	0.832639	99216.1	1358.12	1356.94
O16	14895.1	0.209921	97151.3	190.585	188.721
O16	14895.1	0.257057	99616.5	1579.05	1578.47
Si29	26984.3	0.393723	99829.2	1699.37	1698.65
Si28	26053.2	0.109082	98257.1	835.747	835.569
Mg25	23268	0.131289	97087.2	75.8797	75.6024
O16	14895.1	0.257705	97741.1	465.487	464.808
O16	14895.1	0.254359	97839.8	546.278	545.733
O16	14895.1	0.309215	99257.6	1300.23	1299.04
O16	14895.1	0.401249	99362.3	1442.69	1442.2
O16	14895.1	0.802389	98882.6	1047	1045
Mg26	24196.5	0.214017	99212.9	1262.43	1262.07
Mg24	22335.8	0.207089	98313.2	834.171	833.687
Fe56	52089.8	0.214917	98791.7	1061.8	1061.11
Si28	26053.2	0.371292	97581.8	408.443	407.622
Mg24	22335.8	0.146344	98648.5	918.185	917.976
O16	14895.1	0.219212	98432.5	875.072	874.055
O16	14895.1	0.606078	97899.6	594.032	593.332
Mg24	22335.8	0.147621	99419.5	1463.92	1463.73
Si28	26053.2	0.145011	97381.2	288.336	287.376
O16	14895.1	0.517109	99911.9	1715.59	1714.74
neutron	939.565	70.0027	98578.7	895.394	577.011
neutron	939.565	6.68077	98578.7	895.394	577.011
neutron	939.565	5.0218	98578.7	895.394	577.011
alpha	3727.38	9.67879	98578.7	895.394	577.011
O15	13971.2	4.89097	98578.7	895.394	577.011
Fe56	52089.8	0.0705247	97692.9	414.012	413.8
