Fe56	52089.8	0.0807484	98924.3	1819.94	1819.32
O16	14895.1	2.26332	98690.7	1654.69	1651.96
Si28	26053.2	0.109718	97566.2	977.989	977.813
Fe56	52089.8	0.0567881	96448.7	203.014	202.937
Si28	26053.2	0.199439	97189.3	749.626	749.401
Mg24	22335.8	0.180181	98362.6	1462.86	1462.62
O16	14895.1	1.35846	99340.4	2107.3	2105.84
Si28	26053.2	0.531282	96969.4	635.234	634.048
Si28	26053.2	0.149136	97574.9	992.767	992.604
Mg24	22335.8	0.809225	95864.2	140.601	139.656
Si28	26053.2	0.299093	96588.6	446.543	445.772
O16	14895.1	0.199669	99232.1	2019.03	2018.77
O16	14895.1	0.249092	99596	2130.92	2130.44
O16	14895.1	0.273176	97745.5	1018.3	1017.56
Si28	26053.2	0.298838	95949.1	33.688	32.5681
O16	14895.1	0.278513	96915.8	604.629	603.902
Mg24	22335.8	0.216521	96211	304.845	304.378
O16	14895.1	0.236558	98254.6	1476.13	1475.6
Mg24	22335.8	0.203554	97612.3	801.509	800.399
O16	14895.1	0.49977	97200.5	770.277	769.279
O16	14895.1	0.236474	99535.8	2225.73	2225.47
Si28	26053.2	0.128427	95884.3	107.609	107.3
O16	14895.1	0.513113	99333.6	2074.45	2073.36
Mg24	22335.8	0.331679	99358.7	2095.63	2095.17
O16	14895.1	0.274684	96376.4	391.828	390.912
Mg24	22335.8	0.264069	96591.9	493.78	493.42
O16	14895.1	0.303663	99895.2	2168.42	2167.44
O16	14895.1	0.418964	97661	1123.2	1122.48
O16	14895.1	0.202112	99121.1	1969.77	1969.53
Si28	26053.2	0.130237	96621.5	424.143	423.926
Fe56	52089.8	0.0808786	99909.9	2421.34	2420.38
Mg24	22335.8	0.318298	98164.5	1349.31	1348.82
O16	14895.1	0.248293	99138.7	1939.31	1938.64
O16	14895.1	0.202338	97887.4	1248.29	1247.93
Si28	26053.2	0.119126	98730.1	1701.18	1700.63
Mg24	22335.8	0.140263	97147.9	697.034	696.816
Si29	26984.3	0.231371	96928.5	519.881	519.02
Mg25	23268	0.144399	96574	372.032	371.849
Mg24	22335.8	0.45231	97893.2	1187.24	1186.04
Si28	26053.2	0.150478	96674.6	651.127	650.824
O16	14895.1	0.264942	96721.2	399.826	399.23
O16	14895.1	0.211847	97419.3	791.994	791.608
Si28	26053.2	0.134393	98569.8	1668.48	1668.09
O16	14895.1	0.533826	96042.1	72.0723	71.3343
O16	14895.1	0.232465	97748.4	1172.64	1172.36
O16	14895.1	1.07375	99836.9	2380.32	2378.08
Si28	26053.2	0.138548	98837.7	1777.65	1777.36
O16	14895.1	0.364739	99040.9	1968.77	1968.37
Mg26	24196.5	0.305298	96777.1	495.888	495.251
O16	14895.1	0.236384	99778.8	2356.37	2355.56
O16	14895.1	0.221835	97084.5	769.091	767.271
Mg26	24196.5	0.30001	98890.7	1853.34	1852.71
O16	14895.1	0.288929	98851.1	1806.21	1805.43
Mg24	22335.8	0.472521	96691.4	389.144	388.522
Si28	26053.2	0.109588	98542.5	1532.14	1532.02
Si28	26053.2	0.666233	98992.5	1888.86	1887.27
O16	14895.1	0.193354	97653.6	979.336	978.592
Fe56	52089.8	0.0571824	96953.1	587.178	587.082
Mg24	22335.8	0.266769	95917.9	122.204	121.554
Mg26	24196.5	0.11685	97343.7	834.951	834.827
Si28	26053.2	0.287798	95954.5	52.9375	52.401
O16	14895.1	0.297199	98653.3	1595.92	1595.6
O16	14895.1	1.65385	96097.4	79.2645	76.8127
Si28	26053.2	0.535617	97096.9	540.267	539.374
Si29	26984.3	0.284804	98045.3	1387.82	1387.37
O16	14895.1	0.415829	98413.7	1397.9	1397.4
O16	14895.1	0.192448	98755.7	1619.13	1618.3
Fe56	52089.8	0.107427	99939.3	2448.22	2447.19
O16	14895.1	0.351747	97909.6	1105.82	1104.93
O16	14895.1	0.251744	96738.9	604.66	604.179
Si28	26053.2	2.39753	99484	2172	2168.83
O16	14895.1	0.357319	96831.9	648.283	647.821
O16	14895.1	0.262625	98182.8	1452.33	1451.7
O16	14895.1	0.326404	97590.2	1020.3	1019.41
O16	14895.1	0.31798	97452.4	966.688	966.145
Mg24	22335.8	0.139373	95954.4	76.4044	76.2602
Si28	26053.2	0.341216	99956.3	2452.17	2451.53
Si28	26053.2	0.194856	98805.4	1613.01	1612.65
O16	14895.1	0.190908	96833.9	597.145	595.512
Fe56	52089.8	0.088125	96342.2	372.356	372.249
Mg24	22335.8	0.495382	96231.8	309.516	308.448
Mg24	22335.8	0.133933	95986.8	171.078	170.757
O16	14895.1	0.376163	96423	482.345	481.264
O16	14895.1	0.521874	97718.8	1110.4	1109.2
Fe56	52089.8	0.190404	98313.5	1532.94	1532.62
Mg24	22335.8	0.186816	96629.2	489.216	488.964
O16	14895.1	0.383084	99041.3	1873.47	1873.02
O16	14895.1	0.359307	98390.3	1510.96	1510.42
O16	14895.1	0.316643	96918.4	624.328	623.58
O16	14895.1	0.497256	96416.1	450.004	449.264
O16	14895.1	0.821577	96800.4	522.461	521.171
O16	14895.1	0.476059	96557.8	382.325	381.828
O16	14895.1	0.222532	96316.4	367.449	366.998
O16	14895.1	0.746664	99159.8	1987.14	1986.1
O16	14895.1	0.41737	96158.9	245.836	245.329
O16	14895.1	0.414059	98435.8	1565.66	1565.14
O16	14895.1	0.436348	97104.1	686.428	685.835
O16	14895.1	0.400071	96916.8	591.967	591.356
O16	14895.1	0.302544	99803	2355.75	2355.44
Si28	26053.2	0.183536	99569.3	2249.52	2248.39
O16	14895.1	0.899007	97084.8	665.728	664.249
O16	14895.1	0.36975	99701.9	2320.3	2319.88
Si27	25130.8	0.130837	99823.9	2386.06	1420.14
O16	14895.1	0.320555	97373.3	774.295	773.963
O16	14895.1	0.286747	98151.3	1220.55	1220.03
O16	14895.1	0.252677	97125.5	725.962	725.559
Mg25	23268	0.179553	98322.6	1392.24	1391.28
Si28	26053.2	0.5423	97381.1	846.105	844.862
neutron	939.565	122.368	97963.6	1296.88	1051.38
neutron	939.565	82.8773	97963.6	1296.88	1051.38
N13	12111.2	0.983381	97963.6	1296.88	1051.38
O16	14895.1	0.19099	96315.2	273.785	273.44
O16	14895.1	0.282851	98872.1	1829.2	1828.59
O16	14895.1	0.957445	97378.6	1021.98	1020.96
O16	14895.1	0.250129	96852.6	647.341	646.266
O16	14895.1	0.206217	99977.6	2463.27	2462.23
O16	14895.1	0.822241	97284.1	927.21	926.187
Mg24	22335.8	0.329113	97055.1	861.481	860.636
O16	14895.1	1.5588	96363	326.359	324.689
Si28	26053.2	0.289227	97283.2	636.838	636.462
Si28	26053.2	0.122181	98890.4	1827.03	1826.86
Si28	26053.2	0.255725	95903.5	65.5141	64.856
O16	14895.1	0.291069	98759	1654.03	1653.72
O16	14895.1	0.327075	97823.7	1159.73	1158.7
Mg25	23268	0.186125	98114.6	1290.66	1290.37
O16	14895.1	0.238482	99295.8	2092.48	2091.68
Mg24	22335.8	0.249819	98319.8	1523.07	1522.3
Na22	20482.1	0.769835	97596.1	884.064	662.873
Mg25	23268	0.245841	97191	705.569	704.017
Si28	26053.2	0.23554	98056	994.094	993.747
Si29	26984.3	0.243221	99986	2467.85	2467.47
O16	14895.1	0.221047	96053.5	171.285	170.715
neutron	939.565	102.675	99337.8	2095.93	1790.59
C13	12109.5	0.826954	99337.8	2095.93	1790.59
Si28	26053.2	0.135141	97669.5	1074.98	1074.29
Si28	26053.2	0.116415	98055.9	1207.48	1206.67
Si30	27913.2	0.175962	99085.4	1942.09	1940
O16	14895.1	0.421809	97240.3	601.586	601.094
Mg24	22335.8	0.126595	98133.8	1379.98	1379.55
O16	14895.1	0.200837	96371.7	459.09	458.792
Fe56	52089.8	0.090642	99166.5	2019.21	2018.59
Si28	26053.2	0.33351	99440.5	2165.83	2165.45
O16	14895.1	0.72631	98636.2	1674.25	1672.65
O16	14895.1	0.341626	96956.1	659.78	659.062
O16	14895.1	0.399525	96827	593.78	593.346
Mg24	22335.8	0.154813	96857.8	609.082	607.888
Si28	26053.2	0.142773	99236.5	1989.51	1988.11
Mg26	24196.5	0.397683	97182	611.79	610.811
O16	14895.1	0.252845	97047.4	746.629	744.952
Si30	27913.2	0.105454	96130.5	179.975	179.806
Si28	26053.2	0.149361	97995.2	1254.62	1254.16
O16	14895.1	0.320946	98512.7	1425.32	1424.75
Si28	26053.2	0.119083	98358.6	1481.09	1480.91
Si28	26053.2	0.178177	99060.8	1907.16	1906.76
Mg24	22335.8	0.230259	97054.5	666.973	666.246
O16	14895.1	0.255055	96547.3	489.532	489.274
Si28	26053.2	0.141695	96222.8	201.656	201.458
O16	14895.1	0.894324	97515.5	870.717	869.691
Mg24	22335.8	0.672317	96618.2	422.463	421.345
O16	14895.1	0.206701	96798	655.343	654.875
Si29	26984.3	0.26568	98301.4	1469.31	1468.82
O16	14895.1	0.268213	97546.4	1081.8	1081.23
O16	14895.1	0.21925	97751	1102.04	1101.81
O16	14895.1	0.509695	96216.3	238.394	237.878
Si28	26053.2	0.217101	98375.8	1532.3	1531.89
Si28	26053.2	0.262279	98252.1	1467.97	1467.63
Mg24	22335.8	0.128669	95941.3	191.373	190.459
Si28	26053.2	0.136783	96948.1	671.59	671.447
Si28	26053.2	0.363016	98082.5	1304.48	1303.78
Si28	26053.2	0.116681	96426.6	326.846	325.993
Si28	26053.2	0.134419	96417.1	393.374	393.102
Si28	26053.2	0.131543	96921.7	621.054	620.741
O16	14895.1	0.889801	99091.3	1955.18	1953.71
Mg24	22335.8	0.140813	97542	1043.5	1042.97
Si28	26053.2	0.212333	96858.1	680.146	679.584
Fe56	52089.8	0.0703554	99170.9	2016.32	2016.15
O16	14895.1	0.306776	98345.4	1408.73	1408.23
O16	14895.1	1.36023	96546.6	369.435	367.717
Mg24	22335.8	0.28577	99664.9	2289.47	2288.98
Si28	26053.2	0.204949	97050.9	676.638	676.414
O16	14895.1	0.651806	99247.6	2053.82	2052.92
Si28	26053.2	0.137864	98545.9	1467	1465.69
O16	14895.1	0.24972	96156.9	209.833	209.403
O16	14895.1	0.424666	95727.6	49.5376	48.8623
Si28	26053.2	0.221931	98261	1343.3	1342.83
O16	14895.1	0.576621	96414	251.115	250.296
O16	14895.1	1.11968	98801.5	1646.56	1645.42
Fe54	50231.2	0.175343	97877.5	1250.4	1250.19
O16	14895.1	0.226797	98872.4	1774.67	1774
O16	14895.1	1.05838	97088.6	736.719	735.584
Mg24	22335.8	0.192399	99008.8	1860.64	1860.37
O16	14895.1	0.365028	99403.1	2064.08	2063.5
Mg24	22335.8	0.31171	98425.1	1592.58	1592.18
O16	14895.1	0.637524	99540.1	2189.55	2188.79
O16	14895.1	0.207958	98345.8	1510.95	1510.56
Si28	26053.2	0.25538	99909.4	2429.5	2428.37
O16	14895.1	0.272176	96594.7	166.738	166.35
O16	14895.1	0.335501	98196.4	1454.42	1453.75
Si28	26053.2	0.243773	98662.6	1755.48	1754.95
Mg25	23268	0.14546	97540.9	786.423	785.922
O16	14895.1	0.279831	96798.4	450.228	449.4
Mg24	22335.8	0.371032	97883.9	1242.91	1242.53
Mg24	22335.8	0.140578	99674.2	2268.05	2267.6
O16	14895.1	0.354652	96521.7	181.418	180.83
Mg24	22335.8	0.358402	96398.2	479.065	478.49
O16	14895.1	0.35971	99630.1	2257.2	2256.61
O16	14895.1	0.567221	98728.8	1679.21	1677.79
Mg24	22335.8	0.666139	98216.5	1445.31	1444.28
Mg25	23268	0.147851	97222.7	831.713	831.145
O16	14895.1	1.07187	98854.5	1556.27	1554.89
Mg24	22335.8	0.325316	98200.3	1483.74	1483.05
O16	14895.1	0.828542	98776.4	1753.86	1752.78
O16	14895.1	0.237213	97188.4	887.138	886.12
Si28	26053.2	0.137099	96500.2	499.698	499.303
Si28	26053.2	0.110049	98071.2	1059.22	1058.95
Mg26	24196.5	0.13604	96422.3	406.636	406.158
Mg24	22335.8	0.146395	97611.9	976.979	976.732
O16	14895.1	0.514895	97477.8	1027.7	1027.04
O16	14895.1	1.02227	99475.5	2140.64	2139.28
O16	14895.1	0.635177	97659.2	1067.37	1066.54
O16	14895.1	0.640332	99324.2	1977.31	1976.6
O16	14895.1	0.602048	96722.1	461.011	460.277
O16	14895.1	0.20676	97541.3	1012.48	1012.05
O16	14895.1	0.263499	99015	1859.96	1859.53
O16	14895.1	0.33173	99047.8	1864.98	1864.47
O16	14895.1	1.37364	96647.6	483.773	482.061
O16	14895.1	0.482182	98740.4	1746.34	1745.54
O16	14895.1	0.279705	97248.7	775.874	775.563
Mg24	22335.8	0.29536	97821.1	1152.4	1151.58
Mg26	24196.5	0.419822	99587.6	2250.58	2249.83
O16	14895.1	0.995239	99095.8	1978.81	1977.45
O16	14895.1	0.308891	98287.2	1514.86	1514.18
Si28	26053.2	0.137946	98395.9	1392.05	1391.68
Mg24	22335.8	0.427327	99029.9	1953.83	1952.48
Si28	26053.2	0.256897	98405.9	1377.18	1376.81
O16	14895.1	0.312954	99737.6	2325.48	2325.04
O16	14895.1	2.17116	96147.3	214.667	212.467
Si28	26053.2	0.115804	95887.7	20.6644	20.1155
Mg24	22335.8	0.139948	95909.8	88.774	88.5474
Si28	26053.2	0.142571	97053.6	695.897	695.275
Si28	26053.2	0.133522	96954.8	591.76	591.557
O16	14895.1	2.47577	97438.4	826.933	824.306
Si28	26053.2	0.128337	96007.4	132.764	132.437
Mg24	22335.8	0.219308	97345.3	950.727	950.078
O16	14895.1	0.395595	97793.6	1105.93	1104.73
O16	14895.1	0.263771	97044.8	711.181	710.037
O16	14895.1	0.510579	97549.4	1027.52	1026.59
Si28	26053.2	0.193204	97953.9	1072.9	1072.46
Fe56	52089.8	0.0938087	99874.1	2406.53	2406.2
Si28	26053.2	0.167673	96977.9	651.002	650.321
O16	14895.1	0.505607	95929.3	185.382	184.569
neutron	939.565	10.5977	99924	2431.85	2205.75
C14	13040.9	3.12901	99924	2431.85	2205.75
neutron	939.565	325.269	98761.4	1723.36	1011.57
Ne22	20479.7	0.977488	98761.4	1723.36	1011.57
Si28	26053.2	0.88771	98001.5	1280.14	1278.63
Si28	26053.2	0.109406	98946.1	1850.32	1849.97
Mg25	23268	0.400259	98011.7	1325.74	1325.13
O16	14895.1	0.441828	97033.8	820.234	819.087
Si28	26053.2	0.130663	99329.5	1894.38	1894.09
Mg24	22335.8	0.215586	98187.9	1384.46	1383.25
Mg24	22335.8	0.132728	96127.5	73.9353	73.0734
O16	14895.1	0.208431	96917.2	692.777	692.536
Fe56	52089.8	0.082443	97665.8	1046.86	1046.57
O16	14895.1	0.283597	99270.2	2044.71	2044.38
O16	14895.1	0.320765	96008.8	233.783	233.331
O16	14895.1	0.492812	97733.8	1211.58	1211.02
O16	14895.1	0.208307	97796.1	1070.03	1069.71
Mg24	22335.8	0.171152	98931.3	1888.16	1887.52
Mg24	22335.8	0.132814	98620.3	1636.48	1636.07
O16	14895.1	0.23544	96569.8	418.508	418.255
O16	14895.1	0.232807	97123.5	787.168	786.934
O16	14895.1	1.31551	97041.8	658.147	656.765
neutron	939.565	192.372	98696.3	1635.92	1305.65
neutron	939.565	2.67774	98696.3	1635.92	1305.65
neutron	939.565	0.989401	98696.3	1635.92	1305.65
V50	46513.8	2.49378	98696.3	1635.92	1305.65
O16	14895.1	0.189483	99034.8	1868.78	1868.57
O16	14895.1	0.223154	99187.9	1966.65	1966.38
O16	14895.1	0.215284	98279.9	1417.26	1416.84
Si28	26053.2	0.410612	97827.8	490.786	490.265
O16	14895.1	0.328526	96776.9	521.312	520.782
O16	14895.1	0.416406	98487.5	1617.01	1616.22
O16	14895.1	0.201345	98524.6	1626.26	1625.95
Mg24	22335.8	0.160316	97446.8	830.992	830.426
Mg24	22335.8	0.13517	97124.6	493.901	492.532
O16	14895.1	0.275844	96018.4	234.414	233.852
O16	14895.1	0.322298	99278.9	2053.12	2052.72
O16	14895.1	0.991285	97729.3	1109.8	1108.34
Mg24	22335.8	0.183897	99572.9	2233.88	2233.44
O16	14895.1	0.192944	98357.4	1457.82	1457.57
O16	14895.1	0.21559	97946.6	1130.82	1130.23
O16	14895.1	0.211478	96861.1	596.979	596.129
Si28	26053.2	0.207883	98820.9	1656.31	1655.88
O16	14895.1	0.426703	96121.2	176.824	176.054
Si28	26053.2	0.136124	96927.8	566.233	565.873
O16	14895.1	0.204079	96025.3	40.8069	40.5343
Si28	26053.2	0.189807	97839.5	1222.51	1221.85
O16	14895.1	0.209335	96338	249.862	249.591
O16	14895.1	0.204275	98774.4	1775.95	1775.68
Si28	26053.2	0.114052	98426.1	1493.77	1493.34
Si28	26053.2	0.145866	96788.4	506.877	506.495
O16	14895.1	0.337089	99470	2186.51	2185.79
O16	14895.1	0.384883	98250.6	1444.92	1443.52
O16	14895.1	0.201915	98805.3	1744.11	1742.78
Si28	26053.2	0.307964	97775.8	1049.7	1048.96
Fe54	50231.2	0.162555	98447.1	1579.9	1579.37
Si28	26053.2	0.346768	99434.6	2067.73	2067.16
Fe56	52089.8	0.05921	96437.8	333.647	333.553
Mg24	22335.8	0.180669	98917	1858.29	1857.82
Mg24	22335.8	0.191582	98403.1	1131.77	1130.97
Mg24	22335.8	0.136936	98847.9	1786.85	1786.24
Fe56	52089.8	0.108795	97073.8	717.984	717.495
Mg25	23268	0.198558	96463	308.434	307.547
O16	14895.1	0.283011	98901.8	1866.79	1865.81
O16	14895.1	0.407209	96350.9	347.275	346.191
O16	14895.1	0.217695	99438.9	2105.49	2105.27
Fe56	52089.8	0.26563	98186.2	1436.45	1436.18
O16	14895.1	0.197428	97987.9	1218.24	1216.96
Si28	26053.2	0.137744	99898.6	2423.01	2422.19
Si28	26053.2	0.108681	98970.3	1786.74	1785.9
O16	14895.1	0.325211	97836.6	1124.08	1123.6
Si28	26053.2	0.154654	98599.9	1719.06	1718.16
O16	14895.1	0.447245	95755.6	15.806	15.3117
Mg24	22335.8	0.276528	96697	476.028	475.491
Fe56	52089.8	0.128508	99272.7	2067.59	2066.94
Si29	26984.3	0.11547	96523.8	345.217	344.928
Fe56	52089.8	0.226952	96674.8	579.791	579.545
O16	14895.1	0.418857	95949.6	76.1363	75.4296
O16	14895.1	0.439825	98323.8	1526.98	1526.29
O16	14895.1	0.594246	98452.5	1559.78	1559.07
O16	14895.1	0.754255	99463.4	2175.8	2174.63
Si28	26053.2	0.109163	95916.6	165.827	165.61
Si28	26053.2	0.13726	96690.5	597.058	596.765
O16	14895.1	2.47847	97770.5	1193.79	1191.02
O16	14895.1	0.248942	97814.6	1216.85	1216.19
Mg24	22335.8	0.317026	96352.8	399.36	396.133
Mg25	23268	0.135081	97050.2	757.162	757.003
O16	14895.1	0.464554	99595.8	2129.6	2128.93
O16	14895.1	0.828215	95833	69.7046	67.7062
Si28	26053.2	0.250502	99473.1	2189.11	2188.86
O16	14895.1	0.198597	97338.2	898.666	898.265
Mg26	24196.5	0.117923	96887.5	639.696	638.919
Si28	26053.2	0.179012	96461	228.224	228.023
O16	14895.1	0.399927	96750.4	622.643	620.854
O16	14895.1	0.763207	99047.8	1633.88	1632.64
Fe56	52089.8	0.0580177	98920.9	1853.89	1853.73
O16	14895.1	0.291762	98510.4	1605.3	1605
Si28	26053.2	0.17967	96834.9	506.195	505.907
Fe56	52089.8	0.126457	98483.1	1549.39	1548.82
O16	14895.1	0.398033	98541.3	1600.43	1599.84
Si28	26053.2	0.124587	97821.4	1172.1	1171.67
O16	14895.1	0.196486	98245	1441.99	1440.06
Mg26	24196.5	0.279684	96033.4	61.1503	60.6251
O16	14895.1	0.190331	96917.6	459.45	459.108
O16	14895.1	0.204722	99590.6	2251.64	2251.17
Si28	26053.2	0.170108	96036.5	227.864	227.253
O16	14895.1	0.223875	98407.8	1492.99	1492.5
Si28	26053.2	0.129909	95776.5	57.8899	57.6722
Si28	26053.2	0.134943	99664.2	2292.34	2290.54
O16	14895.1	1.16462	97957.1	1221.65	1220.34
O16	14895.1	0.451826	99851.8	2376.72	2375.61
Mg24	22335.8	0.133827	99637.1	2267.98	2267.85
Mg24	22335.8	0.306254	96891.4	666.422	664.96
Si28	26053.2	0.127442	99555.5	2184.73	2184.35
Mg24	22335.8	0.487813	96694.8	583.393	582.642
O16	14895.1	2.27385	96618.8	475.571	473.183
O16	14895.1	0.204694	98901.6	1731.72	1730.51
O16	14895.1	0.244504	96747.9	540.885	540.351
Mg24	22335.8	0.506584	99610	2204.14	2203.49
Si28	26053.2	0.389715	99677.9	2290.63	2290.24
Mg24	22335.8	0.138376	98124.2	1329.92	1329.33
O16	14895.1	0.374322	98844.8	1788.75	1788.31
O16	14895.1	0.329457	98840.9	1726.01	1725.01
O16	14895.1	0.689734	99004.5	1919.32	1918.49
O16	14895.1	0.393859	98704.5	1681.32	1680.69
O16	14895.1	0.260135	99850.7	2274.33	2273.7
O16	14895.1	0.250862	98243.7	1454.54	1453.87
O16	14895.1	0.205374	96306.2	326.937	325.776
O16	14895.1	0.428008	99053.7	1887.7	1887.25
Mg24	22335.8	0.19049	95791.7	174.97	174.236
O16	14895.1	0.948254	97679.9	1111.11	1109.97
O16	14895.1	0.749815	96367.5	343.803	342.796
O16	14895.1	0.22536	98420.5	1596.41	1595.24
O16	14895.1	0.877203	96791.3	550.312	549.148
O16	14895.1	1.10029	98848.4	1738.19	1736.88
Si28	26053.2	0.432271	96575.4	489.582	489.092
O16	14895.1	0.267097	96656.9	379.432	377.391
O16	14895.1	0.445547	99704.2	2291.21	2290.7
Mg24	22335.8	0.144118	99166.2	1897.87	1897.72
Mg24	22335.8	0.145792	98144.4	1166.86	1166.06
O16	14895.1	0.276809	97860.6	1232.24	1231.86
Si28	26053.2	0.340987	99546.5	2215.72	2215.11
O16	14895.1	0.196685	99585.6	2252.59	2252.27
O16	14895.1	0.328985	97439.6	771.863	771.071
Fe56	52089.8	0.0657729	97238.3	715.116	714.909
O16	14895.1	0.7909	97210.6	877.071	876.227
O16	14895.1	0.446769	96108.3	87.2235	86.3986
O16	14895.1	0.264969	97038.4	636.819	633.338
O16	14895.1	0.801976	98472.4	1540.02	1538.79
O16	14895.1	0.563951	98927.2	1817.45	1816.69
O16	14895.1	0.332171	99145.1	2006.45	2006.09
O16	14895.1	0.613586	97310.5	709.265	708.521
O16	14895.1	0.269409	99219	2056.86	2056.52
O16	14895.1	0.233701	99890.5	2405.36	2404.59
O16	14895.1	0.302766	96392.3	343.596	343.11
Mg24	22335.8	0.33644	99868.3	2391.95	2391.6
Si28	26053.2	0.10861	97313.3	916.375	915.888
O16	14895.1	0.316646	99825.8	2363.41	2362.72
Si28	26053.2	0.181999	98545.8	1619.14	1618.37
O16	14895.1	0.588198	97798.3	1247.02	1246.33
O16	14895.1	0.288729	99788.1	2357.94	2357.44
Mg24	22335.8	0.274338	98665.3	1655.56	1654.74
O16	14895.1	0.221851	96178.8	133.451	133.187
Si28	26053.2	0.166425	96183	201.091	200.515
Si28	26053.2	0.188765	99735.6	2320.21	2319.58
Si28	26053.2	0.195102	98153.4	1254.41	1254.2
O16	14895.1	0.200411	99058.2	1926.76	1926.45
Mg24	22335.8	0.15333	98424.6	1530.43	1530.25
Si28	26053.2	0.13116	99092.4	1912.84	1912.36
Si28	26053.2	0.137394	98166	1280.88	1280.51
Mg25	23268	0.459276	97195.2	752.288	750.74
O16	14895.1	0.196466	96800.3	554.146	552.709
O16	14895.1	0.20358	99831.9	2370.03	2369.8
O16	14895.1	0.32752	98390.2	1477.23	1476.83
Mg24	22335.8	0.20259	99838.4	2376.07	2375.81
O16	14895.1	0.222179	96127.8	52.9274	52.5511
O16	14895.1	0.607749	96928.2	722.38	721.732
Si28	26053.2	0.300901	97733.4	1203.4	1202.03
O16	14895.1	0.638342	98278.8	1507.21	1505.91
O16	14895.1	0.479499	98760.3	1691.16	1690.54
Si28	26053.2	0.184277	98311.4	1552.5	1551.54
Si29	26984.3	0.124042	99567	2240.39	2239.9
O16	14895.1	0.279761	99415.9	2099.71	2099.34
O16	14895.1	1.82394	98619.9	1666.71	1664.73
O16	14895.1	0.190423	97262.4	774.405	774.174
O16	14895.1	0.204763	96884.2	643.146	642.647
Si28	26053.2	0.138851	98819.2	1791.04	1790.75
Mg24	22335.8	0.141419	98634.3	1701.27	1700.61
Si28	26053.2	0.116471	98074	1395.95	1395.79
O16	14895.1	0.2507	95944.2	237.564	237.095
Mg24	22335.8	0.580639	98930.1	1771.2	1770.19
O16	14895.1	0.302663	99936.6	2426.98	2426.34
O16	14895.1	0.540043	97495.1	1062.32	1061.73
O16	14895.1	0.246472	97689	1180.96	1180.1
Si29	26984.3	0.521808	97460.9	992.523	991.18
O16	14895.1	0.245466	97712.6	1121.37	1120.69
Fe56	52089.8	0.0605481	96834.6	632.412	632.116
O16	14895.1	1.01982	97408.3	920.115	918.853
O16	14895.1	0.736588	97997.4	1156.66	1155.9
Mg24	22335.8	0.13926	97358.1	917.678	917.043
O16	14895.1	0.735585	96345.2	306.885	306.102
O16	14895.1	0.239679	98875.9	1764.11	1763.28
O16	14895.1	0.581861	99676.2	2294.91	2294.32
Si28	26053.2	0.22083	99243.1	2062.66	2061.98
Si28	26053.2	0.201332	97508.7	993.929	993.5
O16	14895.1	0.191101	96082.7	314.714	313.843
Si28	26053.2	0.209121	99409	2136.47	2136.01
Fe56	52089.8	0.0730781	98002	1291.5	1290.97
O16	14895.1	0.225741	99756.9	2346.53	2346.27
Mg26	24196.5	0.237587	95837	108.582	108.214
O16	14895.1	0.22244	96565.6	274.709	274.329
Si28	26053.2	0.987576	99772.1	2360.38	2359.32
Mg24	22335.8	0.541742	98065.2	1370.16	1368.81
O16	14895.1	0.457319	99713.5	2326.26	2324.09
O16	14895.1	0.316234	99720.3	2221.92	2221.24
O16	14895.1	0.204341	97445.2	978.703	978.027
O16	14895.1	0.254266	99776.9	2354.46	2354.2
Si28	26053.2	0.129658	98421.8	1403.16	1402.73
Si28	26053.2	0.269136	96975.5	592.732	592.033
Mg25	23268	0.136012	97953.5	1259.05	1258.67
O16	14895.1	0.638413	96404.9	330.499	328.658
alpha	3727.38	10.3649	98430.6	1476.62	1216.29
B11	10252.5	2.27666	98430.6	1476.62	1216.29
Mg25	23268	0.141057	98280.2	1398.31	1397.37
Mg24	22335.8	0.222257	99066.9	1941.53	1940.57
Si28	26053.2	0.157	95924.1	163.808	163.059
Si28	26053.2	0.404701	98492.5	1236.34	1235.69
O16	14895.1	0.593394	98243.1	1499.29	1498.45
Mg24	22335.8	0.463855	98880.4	1839.65	1839.08
O16	14895.1	0.279173	96690	475.917	475.412
Mg24	22335.8	0.225012	98363	1420.51	1419.96
O16	14895.1	0.284199	97289.2	842.952	842.08
O16	14895.1	1.97695	98833	1679.12	1677.03
O16	14895.1	0.210265	97605.9	1021.17	1020.94
Si28	26053.2	0.233971	96680.6	354.322	353.105
O16	14895.1	0.832723	96558.7	439.861	438.635
O16	14895.1	0.23315	99642.8	2271.18	2270.75
Si28	26053.2	0.110221	96371.1	163.06	162.723
O16	14895.1	0.637625	99854	2395.21	2394.5
Si28	26053.2	0.164362	99067.4	1974.61	1973.15
O16	14895.1	0.386672	97694.3	1071	1070.03
Si30	27913.2	0.110193	99661.6	2293.37	2292.53
Si28	26053.2	0.123946	96361.6	209.217	208.839
Fe56	52089.8	0.0736067	97106.7	729.786	729.395
O16	14895.1	0.218485	96794.8	407.832	407.55
Mg24	22335.8	0.228546	99066.3	1800.1	1799.87
O16	14895.1	0.381727	99446.7	2062.24	2061.65
O16	14895.1	0.23907	99374.3	2118.47	2117.98
O16	14895.1	1.23733	96732.3	603.983	602.72
Si28	26053.2	0.152535	96591.9	513.123	512.898
O16	14895.1	0.241694	97718.8	995.362	994.439
O16	14895.1	0.423227	98560.9	1664.33	1663.76
O16	14895.1	0.35266	99605.2	2259.36	2258.85
O16	14895.1	0.271108	98307.7	1398.68	1396.48
O16	14895.1	0.373875	97803.6	1213.51	1213.12
Mg26	24196.5	0.209024	97215.8	776.006	775.708
O16	14895.1	1.24308	99161.5	1799.43	1798.17
O16	14895.1	5.10461	97414.1	855.302	849.532
Si28	26053.2	0.11509	99422.7	2068.31	2067.79
O16	14895.1	1.15028	96491.4	389.624	388.043
Mg25	23268	1.64528	96186.2	199.062	197.173
O16	14895.1	0.344088	96250.1	327	326.48
Si28	26053.2	0.164177	98607.8	1652.28	1651.98
O16	14895.1	0.24408	97604.9	1039.78	1039.37
O16	14895.1	0.627058	97800.8	1185.99	1183.87
O16	14895.1	1.31501	99076.1	1916.35	1914.73
O16	14895.1	0.357294	99125.6	1899.62	1899.26
Si28	26053.2	0.148149	99799.5	2359.28	2358.15
O16	14895.1	0.359111	96730.2	429.378	428.972
O16	14895.1	0.24651	97853.6	1181.18	1180.79
neutron	939.565	343.115	99328	2098.1	1379.65
alpha	3727.38	4.42631	99328	2098.1	1379.65
alpha	3727.38	1.56344	99328	2098.1	1379.65
alpha	3727.38	8.25628	99328	2098.1	1379.65
O16	14895.1	0.219528	98078.9	1217.59	1215.34
O16	14895.1	0.422253	98865.6	1748.04	1747.42
Si28	26053.2	0.108699	99897.8	2421.13	2420.83
O16	14895.1	0.209117	95986.6	13.8412	13.4821
Si28	26053.2	0.253351	99435.8	2148.97	2148.66
O16	14895.1	0.303165	99963.6	2453.45	2453.04
O16	14895.1	0.202807	98706.7	1722.68	1721.51
O16	14895.1	0.880231	98025.6	1313.21	1311.74
Mg24	22335.8	0.126313	95889	166.677	166.385
Mg24	22335.8	0.147027	96938.5	681.597	681.302
O16	14895.1	0.28777	98729.7	1731.22	1730.27
O16	14895.1	0.309633	97801.4	1130.52	1130.1
O16	14895.1	1.98283	96326.4	253.819	251.51
O16	14895.1	0.199342	96086.8	115.707	114.782
Si28	26053.2	0.134155	97761	1072.2	1071.8
O16	14895.1	0.276651	96032.1	161.86	160.881
O16	14895.1	0.358756	96860.7	590.494	589.876
Si28	26053.2	0.109336	97292.8	842.468	841.532
Mg24	22335.8	0.181724	96802.2	677.804	677.551
Si28	26053.2	0.308496	96809.4	592.856	592.295
Mg24	22335.8	0.30539	97862.2	1221.36	1220.73
O16	14895.1	0.208834	99004	1839.52	1839.18
O16	14895.1	0.298782	97676.6	1111.72	1111.4
O16	14895.1	0.265557	98925.5	1751.58	1750.16
O16	14895.1	0.297157	96123.8	38.9519	38.5765
Si28	26053.2	0.160937	99577.7	2226.54	2225.72
O16	14895.1	0.23572	95987.4	92.394	92.057
O16	14895.1	0.299611	95942.3	84.6456	80.7428
Si28	26053.2	0.254199	99601.7	2237.93	2237.51
O16	14895.1	0.235003	96884.1	367.514	367.195
Si28	26053.2	0.184335	97809.9	1181.56	1181.34
O16	14895.1	0.225745	95919.3	11.9241	10.9478
O16	14895.1	0.273167	99132.9	2014.8	2014.4
Mg24	22335.8	0.164542	96054.1	160.812	160.632
O16	14895.1	0.565462	99765.5	2343.71	2343.01
Mg24	22335.8	0.161601	98498.3	1610.24	1609.6
O16	14895.1	1.13941	99478.3	2200.05	2198.28
Mg24	22335.8	0.358836	97478	916.107	915.748
O16	14895.1	0.205372	96133.7	203.295	201.248
Mg24	22335.8	0.16648	99292.2	2050.11	2049.29
Si28	26053.2	0.469736	96887.2	754.11	753.638
Mg24	22335.8	0.221646	99377.2	1831.18	1830.9
Mg24	22335.8	0.507306	98269.9	1395.81	1394.34
Mg24	22335.8	0.333537	99028.6	1904.28	1903.69
neutron	939.565	2.1735	97995.9	1273.51	1039.69
Mg25	23268	0.726641	97995.9	1273.51	1039.69
O16	14895.1	0.250368	98264.7	1453.07	1452.58
Si28	26053.2	0.112791	98414.8	1443.66	1443.54
O16	14895.1	0.210421	96098	248.338	248.038
O16	14895.1	0.219757	98905.7	1798.19	1797.07
O16	14895.1	1.47307	99131.3	1868.67	1866.88
O16	14895.1	0.432676	98536.2	1673.21	1672.73
Si28	26053.2	0.110874	96902	561.019	560.662
O16	14895.1	0.263098	99380.5	2104.8	2103.95
O16	14895.1	0.207536	98865.7	1673.45	1673.18
Si28	26053.2	0.309906	96132.1	295.915	295.418
O16	14895.1	0.300814	97471.8	768.811	768.153
O16	14895.1	0.19941	99215.3	2002.59	2001.81
Si28	26053.2	0.184512	97078.2	688.377	687.979
Fe56	52089.8	0.0640347	98014.2	1250.21	1249.93
Mg24	22335.8	0.256431	95966.8	101.175	100.613
Si28	26053.2	0.131711	98714.3	1726.2	1725.71
O16	14895.1	0.304175	95792.2	40.2056	39.8186
Fe56	52089.8	0.0555226	97016.9	709.855	709.422
O16	14895.1	0.209907	98109.6	1307.22	1306.55
O16	14895.1	0.237821	97922.7	966.393	966.06
Si28	26053.2	0.13189	98562.9	1653.92	1653.76
O16	14895.1	0.338056	99662.6	2253.67	2253.12
O16	14895.1	0.541931	99474.2	2192.98	2191.99
Si28	26053.2	0.133292	98831	1835.44	1835.22
Si28	26053.2	0.22965	97029.9	657.328	656.793
O16	14895.1	0.296259	99502.3	2191.94	2191.56
O16	14895.1	0.426078	97222.8	772.491	772.031
Si28	26053.2	0.371363	97615.4	1048.12	1047.26
O16	14895.1	0.482266	98644.3	1606.65	1605.97
Si28	26053.2	0.128537	97273	853.03	852.737
O16	14895.1	0.278847	98603.3	1618.14	1617.3
Si28	26053.2	0.247256	95945.5	45.021	43.3596
Mg24	22335.8	0.165214	97190.9	801.159	800.787
Si28	26053.2	0.364764	97468.2	953.886	953.114
O16	14895.1	0.435925	96160.6	230.321	229.568
Si28	26053.2	0.179037	96241.2	216.048	215.477
Mg24	22335.8	0.351144	96482.6	530.424	530.039
Mg24	22335.8	0.625101	99538.6	2201.11	2200.05
O16	14895.1	0.235237	98831.4	1756.51	1756.23
Si28	26053.2	0.119709	96771.5	495.835	495.588
O16	14895.1	0.584847	95959.2	28.2953	27.6925
Si30	27913.2	0.156084	98611.3	1696.81	1695.48
Mg24	22335.8	0.173725	96357.9	457.501	456.765
O16	14895.1	0.925939	97273.1	906.911	905.869
Mg24	22335.8	0.207641	98224.6	1407.29	1406.58
O16	14895.1	0.194719	98227.3	1462.75	1461.85
O16	14895.1	0.352213	96861.9	510.118	508.897
Fe56	52089.8	0.0952823	98938.3	1872.07	1871.96
O16	14895.1	0.265154	96216.4	303.086	302.721
Si28	26053.2	0.147223	98635.2	1732.87	1732.57
O16	14895.1	0.207004	97167	739.008	738.669
O16	14895.1	0.634587	96294.5	274.651	273.847
Si29	26984.3	0.132673	99942	2444.28	2444.07
Mg24	22335.8	0.134964	99589.8	2214.97	2214.82
Si28	26053.2	0.150503	97128.6	716.532	716.241
O16	14895.1	4.2177	99336	2113.49	2108.84
Fe56	52089.8	0.061665	99035.9	1916.63	1915.71
Mg24	22335.8	0.138125	97630.2	966.472	966.327
Mg24	22335.8	0.222262	95846.6	34.6537	34.1162
Mg24	22335.8	0.190307	97717.2	1158.06	1157.18
O16	14895.1	0.300537	97782.9	1050.46	1049.62
O16	14895.1	0.38404	96539.7	317.269	316.67
Mg24	22335.8	0.131039	98785.3	1682.36	1682.04
Mg24	22335.8	0.136039	97390.1	961.103	960.916
Mg24	22335.8	0.229543	96393.6	331.174	330.891
Mg25	23268	0.231743	98561.1	1566.03	1565.68
neutron	939.565	73.9513	96876.9	589.857	387.611
C13	12109.5	0.588493	96876.9	589.857	387.611
Si28	26053.2	0.188122	98984.8	1884.81	1884.19
O16	14895.1	0.350387	97731.6	1099.87	1099.22
O16	14895.1	0.366627	99000.5	1914.93	1914.05
Si28	26053.2	0.117112	99068.5	1895.14	1894.86
Si28	26053.2	0.129186	96817.9	638.193	638.004
O16	14895.1	0.419386	98580.9	1664.92	1664.48
O16	14895.1	0.355642	99067.7	1945.51	1944.95
O16	14895.1	0.322558	98370.7	1442.09	1441.62
O16	14895.1	0.239112	98790.5	1755.06	1754.11
Mg24	22335.8	0.394868	96230.3	321.659	321.027
Si28	26053.2	0.150372	98887.9	1821.97	1821.21
O16	14895.1	0.224427	96334.7	357.375	356.6
O16	14895.1	0.324743	97453.8	1028.09	1027.66
Mg26	24196.5	0.4097	96436.9	310.091	309.653
Si29	26984.3	0.110298	97131.3	804.515	804.126
Si28	26053.2	0.211519	99374	2121.43	2120.82
Si28	26053.2	0.115656	98259.6	1506.1	1505.67
O16	14895.1	0.226434	96595.9	343.409	342.674
Si28	26053.2	0.163783	98561	1486.98	1485.82
O16	14895.1	0.32402	96866.2	474.153	473.806
Si28	26053.2	0.219	98616	1592.51	1591.95
Si28	26053.2	0.121607	96539.1	394.69	394.079
O16	14895.1	0.211506	95787.4	26.2915	25.9513
O16	14895.1	0.217675	99183.4	1995.88	1994.9
Si28	26053.2	0.142569	96769	598.194	597.376
O16	14895.1	1.21415	96155.6	246.134	244.887
Mg24	22335.8	0.176059	98459	1564.77	1564.18
Mg24	22335.8	0.21241	97638	1015.47	1014.42
O16	14895.1	0.241027	98777.5	1788.55	1787.18
Si28	26053.2	0.20005	99646.2	2250.02	2249.46
Si28	26053.2	0.217541	96031.8	97.2836	97.0291
O16	14895.1	0.415142	98795.8	1814.74	1813.51
Mg24	22335.8	0.225423	97009.8	680.503	680.182
Si28	26053.2	0.389048	95819.5	48.8876	48.4607
Si28	26053.2	0.125878	97613.8	1049.64	1049.39
O16	14895.1	0.576587	98594.4	1614.3	1613.64
Si29	26984.3	0.202562	97369.8	846.904	846.54
Si28	26053.2	0.110028	98819.9	1672.16	1671.17
Mg24	22335.8	0.211228	99559	2200.4	2199.69
O16	14895.1	0.217861	97327.4	987.388	986.813
Mg24	22335.8	0.907168	99611.5	2219.89	2218.84
Si28	26053.2	0.113335	95934.9	85.6788	84.9657
O16	14895.1	0.243729	95975.7	37.4181	37.019
Si28	26053.2	0.217818	97407.9	889.828	888.886
Si28	26053.2	1.21278	97733.6	1065.31	1063.8
O16	14895.1	0.200962	97972.2	1153.75	1153.52
O16	14895.1	0.389707	99081.4	1943.35	1942.81
Fe56	52089.8	0.23635	97829.9	973.524	972.897
O16	14895.1	0.51441	98271.7	1440.99	1440.06
Fe56	52089.8	0.0569721	98261.3	1435.53	1435.13
Si28	26053.2	0.230669	96805.1	398.144	397.828
Si28	26053.2	0.11306	98336	1539.73	1539.22
Si28	26053.2	0.152658	99258.3	1922.79	1921.73
O16	14895.1	0.585028	98279.1	1449.51	1448.79
Si28	26053.2	0.171786	98896.6	1785.7	1785.44
O16	14895.1	0.203245	97065.4	559.835	558.91
O16	14895.1	0.255129	97432.2	974.282	973.915
Si28	26053.2	0.12134	98333.7	1230.28	1229.7
Mg24	22335.8	0.185575	97307.9	862.146	861.839
Si28	26053.2	0.120253	99419.8	2125.39	2124.56
O16	14895.1	0.213896	96247.5	446.954	445.276
Mg25	23268	0.280982	97411	871.678	871.084
O16	14895.1	0.202619	98014.3	1197.26	1197.03
O16	14895.1	0.4977	97322.9	804.905	804.193
Si28	26053.2	0.118898	98310.1	1532.57	1532.38
Mg26	24196.5	0.1758	96140.6	25.0726	24.7688
Mg25	23268	0.169555	95789.4	42.7397	42.5179
Fe56	52089.8	0.16609	99267.7	2095.5	2095.04
O16	14895.1	2.89207	97352.3	918.982	916.035
Mg24	22335.8	0.39344	97608.2	1115.45	1114.43
Mg24	22335.8	0.161684	96360.4	365.572	364.932
Mg25	23268	0.182813	98895.4	1863.95	1863.18
O16	14895.1	1.05815	97308.5	700.823	699.679
O16	14895.1	1.63413	96498.8	386.965	384.886
O16	14895.1	0.65812	97814.2	1241.68	1240.83
Si28	26053.2	0.126009	95618.4	16.0711	15.8234
O16	14895.1	0.364238	95804.9	85.3762	84.8398
Mg24	22335.8	0.345874	96881.5	615.169	614.46
O16	14895.1	0.279605	96896.1	639.137	638.559
O16	14895.1	0.600909	96082.6	200.947	199.473
O16	14895.1	0.45358	96289.2	178.554	178.048
Si28	26053.2	0.14493	98349.3	1521.7	1521.53
Mg24	22335.8	0.186986	98280.7	1505.8	1505.57
Mg24	22335.8	0.494644	97306.6	796.969	796.36
O16	14895.1	0.316753	96894.1	555.553	554.788
Si30	27913.2	0.236432	98080.2	1218.85	1218.13
O16	14895.1	0.225568	99305.5	2063.18	2062.74
O16	14895.1	0.189582	95935.7	138.608	138.364
O16	14895.1	0.739079	99587.9	2213.51	2212.75
O16	14895.1	0.254567	99037	1846.38	1846.07
Si28	26053.2	0.222031	98977.2	1911.16	1910.91
Mg24	22335.8	0.209868	96552.1	535.101	534.223
Si28	26053.2	0.178475	99487.5	2173.95	2173.76
Si28	26053.2	0.136492	97065.1	667.527	667.215
Mg25	23268	0.168175	97853.3	1221.01	1220.71
Mg24	22335.8	0.2124	99839.1	2386.85	2386.18
Mg24	22335.8	0.189156	98263	1402.65	1402.45
O16	14895.1	0.384502	97658.3	973.216	972.697
Si28	26053.2	0.174409	97656.1	971.935	971.542
Fe56	52089.8	0.0871371	96227.9	327.315	327.216
O16	14895.1	0.514387	99873	2411.63	2410.99
Si28	26053.2	0.115347	98852.8	1799.29	1798.97
O16	14895.1	2.99826	97439.1	973.786	969.378
O16	14895.1	0.527307	97139.9	582.064	581.344
O16	14895.1	0.28639	96878.5	493.263	492.78
Mg24	22335.8	0.191205	98109.4	1143.75	1143.47
Fe56	52089.8	0.0936751	99641.6	2256.36	2255.74
O16	14895.1	0.454796	97737.4	1149.62	1148.54
Si28	26053.2	0.207075	96631.2	378.535	378.155
Si28	26053.2	0.235213	97703.1	1091.38	1090.81
O16	14895.1	0.429078	98191.8	1350.41	1349.84
O16	14895.1	0.234529	97047.6	640.556	640.089
O16	14895.1	0.313139	96529.4	369.263	368.926
Si28	26053.2	0.14703	99252.8	2009.54	2009.02
O16	14895.1	0.294232	96746.8	542.911	542.233
Si28	26053.2	0.121657	99910.8	2420.97	2420.28
O16	14895.1	0.274796	96438.6	343.675	343.128
O16	14895.1	0.286177	98914.6	1877.12	1876.6
O16	14895.1	0.223257	96256.3	368.717	368.468
Si28	26053.2	0.150742	97522.7	874.561	873.894
Fe56	52089.8	0.074318	98681.1	1660.04	1659.93
Si28	26053.2	0.222607	96928.8	518.928	518.54
Fe56	52089.8	0.37082	96851.8	468.214	467.544
Mg24	22335.8	0.138461	96612.9	538.073	537.046
Mg24	22335.8	0.180505	98488.1	1582.04	1581.44
Mg24	22335.8	0.236867	96664.3	456.512	456.179
Mg24	22335.8	0.253037	99647.2	2296.85	2296.17
Fe56	52089.8	0.0552706	99220	2044.08	2043.66
O16	14895.1	0.24231	98669.4	1724.28	1723.78
Mg24	22335.8	0.18475	98521.5	1610.74	1610.34
Mg24	22335.8	0.138649	96171	218.218	217.207
Si28	26053.2	0.201338	98537.6	1598.57	1598.02
Mg24	22335.8	0.191563	99834.3	2376.45	2376.19
Si28	26053.2	0.149172	97080.2	818.224	817.662
Si28	26053.2	0.207591	96913.5	633.091	632.82
O16	14895.1	0.214137	96836.6	618.067	616.595
Fe56	52089.8	0.0685063	98541.4	1526.64	1526.08
O16	14895.1	0.210464	96724.7	611.115	609.33
Si28	26053.2	0.134465	96809	653.471	652.528
O16	14895.1	0.21996	97653.1	1125.76	1125.27
Si28	26053.2	0.118438	96006.8	149.764	149.04
O16	14895.1	1.19775	99272.8	2024.05	2022.47
neutron	939.565	13.4828	98918.9	1872.52	1569.88
neutron	939.565	2.46605	98918.9	1872.52	1569.88
B11	10252.5	5.17935	98918.9	1872.52	1569.88
Mg24	22335.8	0.372147	99444.9	2157.68	2157.12
Si28	26053.2	0.137334	99042.2	1789.71	1788.85
Mg24	22335.8	0.15219	96374.5	355.711	355.496
Si28	26053.2	0.188075	96885.2	613.175	611.931
O16	14895.1	0.284692	98949.9	1857.61	1857.11
Fe56	52089.8	0.0965872	99034.9	1918.37	1918.22
O16	14895.1	0.898554	96188.3	356.255	355.295
Mg24	22335.8	0.328425	97083.5	822.781	821.135
Mg24	22335.8	0.306138	99819.4	2373.57	2373.22
Si28	26053.2	0.186491	97846.1	1179.96	1178.76
Mg24	22335.8	0.642254	96965.4	526.918	525.807
O16	14895.1	0.709563	97566.6	1026.64	1025.75
Si28	26053.2	0.150833	98472.5	1577.51	1576.96
Si28	26053.2	0.183053	96063.9	167.435	167.073
O16	14895.1	0.286128	98804.3	1773.72	1772.97
O16	14895.1	0.19869	98942.5	1798.04	1797.68
Fe56	52089.8	0.238802	96736.2	542.244	541.683
O16	14895.1	0.231958	98219.9	1389.21	1388.86
O16	14895.1	0.453111	96867.5	540.881	540.426
O16	14895.1	0.207523	97629.3	1090.38	1088.71
Mg24	22335.8	7.39849	97121.5	863.1	855.103
Mg25	23268	0.138137	97693.7	970.056	969.917
Si28	26053.2	0.214156	95990.4	94.7365	94.475
O16	14895.1	0.505937	99308.5	1953.77	1952.5
O16	14895.1	2.44291	97622.1	1068.42	1065.78
O16	14895.1	1.27098	99346.3	1846.65	1844.81
Mg24	22335.8	0.131411	96810.4	508.079	507.495
Mg26	24196.5	0.124962	99462.3	2164.76	2164.36
Si28	26053.2	0.14363	98903.1	1773.62	1773.27
O16	14895.1	0.203476	98740.5	1754.62	1754.34
O16	14895.1	1.42173	97142.5	703.001	700.375
O16	14895.1	0.50482	96097.7	253.696	252.622
Si28	26053.2	0.14598	97683.8	1005.5	1005.23
Si28	26053.2	0.116498	96285.1	187.939	187.122
Si28	26053.2	0.163245	98825.4	1819.04	1818.86
O16	14895.1	0.345499	99293.4	1988.7	1987.87
O16	14895.1	1.06364	98419.1	1505.81	1504.27
Mg24	22335.8	0.153985	97338	805.457	804.808
Si28	26053.2	0.117307	96030.6	25.0523	24.7271
Si28	26053.2	0.111544	96840.3	529.52	529.273
O16	14895.1	0.477604	96090.9	150.591	149.816
O16	14895.1	0.504889	98048.5	1410.05	1409.45
Si28	26053.2	0.290704	96679.8	586.252	585.558
Si28	26053.2	0.280223	96750.7	618.817	618.526
Fe56	52089.8	0.299315	96912.6	664.327	663.943
O16	14895.1	0.317398	96168.4	175.857	174.473
Si30	27913.2	0.178189	96137.5	212.846	212.541
O16	14895.1	0.226872	99504	2179.8	2178.54
Mg24	22335.8	0.270817	98937	1867.25	1866.55
Mg24	22335.8	0.243194	96355.1	307.859	307.399
O16	14895.1	0.298317	98411.4	1580.4	1579.67
Si28	26053.2	0.299336	97535.6	981.181	980.5
Si28	26053.2	0.114977	98436.1	1533.31	1533
O16	14895.1	0.234481	99994.8	2475.12	2474.4
Si28	26053.2	0.26658	98349.9	1433.19	1432.79
O16	14895.1	0.200409	96143	220.387	219.896
Si28	26053.2	0.307512	97391	756.043	755.639
Mg24	22335.8	0.150153	99582.3	2226.44	2225.12
O16	14895.1	0.533029	98874.2	1812.75	1812.13
O16	14895.1	0.402849	95812.9	57.2389	56.7876
O16	14895.1	0.250548	95998.4	118.029	117.672
O16	14895.1	0.492859	96284.8	146.871	145.88
Mg24	22335.8	0.182337	97094.2	727.414	726.673
Si28	26053.2	0.198291	97304.1	732.557	732.332
Fe56	52089.8	0.151379	99152.8	2012.31	2012.05
Si28	26053.2	0.230562	99337.1	1921.1	1920.86
Si28	26053.2	0.187699	96226.3	342.455	342.239
Si28	26053.2	0.180712	96387.3	445.529	445.254
Si28	26053.2	0.14668	95973.8	228.527	228.089
Mg24	22335.8	0.299575	98161.1	1405.99	1405.66
Fe56	52089.8	0.0930327	96778	521.423	521.17
O16	14895.1	0.353644	99109.9	1976.01	1975.2
O16	14895.1	0.210245	98399.3	1579.77	1579.48
O16	14895.1	0.429942	98701.1	1585.42	1584.72
O16	14895.1	0.65407	99944.5	2448.19	2447.47
O16	14895.1	0.480783	99923.4	2436	2435.39
O16	14895.1	0.561604	97950.1	1180.07	1178.2
O16	14895.1	0.778983	97976.4	1211.59	1210.77
Mg24	22335.8	0.137591	97763.7	1149.3	1149.16
Mg24	22335.8	0.168754	95695.4	9.20037	8.89425
Si28	26053.2	0.223571	99419.4	2060.41	2059.56
Fe56	52089.8	0.102474	95899.1	64.5262	64.3385
O16	14895.1	0.191608	97711.5	1130.77	1129.44
Fe56	52089.8	0.101299	96260.4	243.53	243.237
Si28	26053.2	0.126289	97035.6	708.268	707.857
O16	14895.1	0.644227	96901.8	593.438	592.783
O16	14895.1	0.27595	98626.1	1664.32	1663.98
O16	14895.1	1.45442	98434.4	1536.53	1534.62
Mg26	24196.5	0.247793	99632.5	2222.56	2222.19
O16	14895.1	0.19028	98293.3	1291.92	1291.63
Si28	26053.2	0.140701	96244.6	339.914	339.499
O16	14895.1	0.548991	97723.7	1134.22	1133.66
O16	14895.1	0.592602	96143.3	44.9336	44.2512
Mg24	22335.8	0.181801	99325.8	2062.8	2062.05
Si28	26053.2	0.12527	98037.3	1367.51	1366.89
O16	14895.1	0.216555	98155.6	1290.59	1290.3
O16	14895.1	0.210989	99906.5	2415.15	2414.94
O16	14895.1	0.250581	97998.2	1277.96	1277.29
O16	14895.1	0.208258	97221.6	849.452	849.008
Si28	26053.2	0.136621	97155.6	824.551	824.399
Si28	26053.2	0.18041	97966.9	1240.69	1240.14
O16	14895.1	0.946532	97977.4	1206.62	1205.42
Mg24	22335.8	0.181594	96276.1	278.424	277.078
Mg24	22335.8	0.312914	95878.9	62.7896	62.3319
O16	14895.1	0.508152	98696.5	1690.77	1690.23
Si28	26053.2	0.214949	98943.4	1871.64	1871.39
O16	14895.1	0.663635	97153.2	830.289	829.132
O16	14895.1	0.723177	98411.4	1519.8	1518.22
Mg24	22335.8	0.187937	98438.4	1569.09	1568.83
Si28	26053.2	0.321078	97469.5	806.055	805.262
O16	14895.1	0.333539	97730.4	711.608	710.719
Fe57	53021.7	0.115343	98184	1422.25	1422.09
Si28	26053.2	0.126216	97797.9	1153.45	1152.73
Si28	26053.2	0.205825	98606.3	1639.95	1638.32
O16	14895.1	0.395929	97839	1208.93	1207.79
O16	14895.1	0.224929	98487.8	1553.11	1552.88
O16	14895.1	0.286206	96426.9	317.989	317.697
Mg24	22335.8	0.249734	99605.7	2205.41	2204.58
O16	14895.1	0.363601	99584.6	2220.39	2220
Mg24	22335.8	0.12981	98939.3	1799.02	1798.59
Mg24	22335.8	0.163583	99814.3	2364.17	2363.93
O16	14895.1	0.318918	98761.3	1615.39	1615.03
Si28	26053.2	0.144334	97113.5	767.439	766.162
O16	14895.1	0.768763	98182.9	1389.58	1386.42
O16	14895.1	0.3095	95834	63.5536	63.2044
O16	14895.1	0.398805	96882.1	589.439	588.556
neutron	939.565	1.60108	98975.2	1876.68	1608.62
Mg25	23268	0.271945	98975.2	1876.68	1608.62
O16	14895.1	0.744246	98711	1652.82	1652.05
Mg24	22335.8	0.656323	96183.5	104.696	104.036
Si28	26053.2	0.130349	99720.9	2293.35	2293.2
O16	14895.1	3.42852	96567.3	371.392	367.657
Mg25	23268	0.291707	97369.8	830.907	830.568
Si30	27913.2	0.343547	96977.8	582.864	582.393
Si28	26053.2	0.190525	96674.8	585.231	583.701
O16	14895.1	0.209879	97210	722.129	721.874
Si28	26053.2	0.159042	97228.8	853.296	852.73
O16	14895.1	1.25072	98330.4	1439.38	1437.56
Si28	26053.2	0.110514	96900.8	588.389	588.232
O16	14895.1	0.648431	99125.2	1805.05	1804.3
Si28	26053.2	0.201385	96877.8	713.084	712.774
O16	14895.1	0.227996	99882.1	2385.8	2384.67
Fe56	52089.8	0.100594	98625.4	1656.91	1656.2
O16	14895.1	0.258574	97675.3	1093.59	1092.55
Si28	26053.2	0.136553	96473	411.973	410.665
Mg24	22335.8	0.153289	96250.3	261.199	261.002
N14	13040.2	3.35205	98291	1537.91	1223.77
O16	14895.1	0.242808	98585.8	1664.97	1664.39
Mg24	22335.8	0.135509	97099.8	846.021	845.822
O16	14895.1	0.453037	98000.1	1222.81	1222.33
Si28	26053.2	0.164845	99859.5	2395.68	2395.51
Mg26	24196.5	0.17219	98856.9	1705.96	1705.78
O16	14895.1	0.215437	96322.1	363.25	362.389
Si28	26053.2	0.271905	96148.9	74.5193	74.0829
O16	14895.1	0.358734	95678.4	25.3693	24.9447
Si28	26053.2	0.149162	97383	863.947	863.407
Si28	26053.2	0.160847	98795	1763.12	1762.85
Si28	26053.2	0.195382	98165.6	1384	1383.35
O16	14895.1	0.7671	97277.4	891.662	890.708
Fe57	53021.7	0.0888826	96537	350.12	349.481
Si28	26053.2	0.136233	96228.1	387.71	387.524
Si28	26053.2	0.383049	97303.3	904.98	904.479
Si28	26053.2	0.115627	99342.4	2035.9	2035.78
O16	14895.1	0.209421	99356.9	2083.73	2083.45
O16	14895.1	0.271922	99412.8	1973.99	1973.69
O16	14895.1	0.32004	99336.6	2068.02	2066.99
O16	14895.1	0.248849	96699.9	509.722	509.311
O16	14895.1	0.380807	98207.1	1415.35	1414.78
O16	14895.1	0.269923	99432.8	2118.63	2118.16
O16	14895.1	0.193246	96980.6	629.446	628.835
Fe56	52089.8	0.0541948	96742.6	598.019	597.548
O16	14895.1	0.299157	96274.2	326.58	325.666
neutron	939.565	1.05599	98691.4	1734.34	549.632
Mg25	23268	1.68533	98691.4	1734.34	549.632
Mg24	22335.8	0.482486	99451.2	2089.55	2089.05
Mg24	22335.8	0.293983	96210	132.354	131.481
O16	14895.1	0.886879	99791	2360.42	2359.32
O16	14895.1	0.252446	95933.5	42.0787	41.0508
Fe56	52089.8	0.0934679	96994.4	630.553	630.385
Si28	26053.2	0.515841	99082.3	1905.8	1905.16
Si28	26053.2	0.230008	97649.2	1068.78	1068.54
Mg24	22335.8	0.137728	99115.4	1971.23	1970.71
neutron	939.565	7.92739	97945.2	1153.74	944.528
neutron	939.565	1.15697	97945.2	1153.74	944.528
Mg25	23268	1.83933	97945.2	1153.74	944.528
Mg24	22335.8	0.189506	99832.2	2387.15	2386.59
Si30	27913.2	0.130142	98216.8	1411.21	1410.15
Mg24	22335.8	0.165629	97331.4	919.757	919.223
O16	14895.1	0.857675	98860.8	1791.46	1790.39
Si28	26053.2	0.130615	99276.4	2066.21	2065.7
O16	14895.1	0.216698	97009	569.897	568.542
O16	14895.1	0.452902	98267.7	1471.72	1471.07
O16	14895.1	0.352608	98780.3	1598.03	1597.26
Si28	26053.2	0.111159	97672.2	1108.26	1107.91
O16	14895.1	0.280091	97671.7	1107.06	1105.94
O16	14895.1	0.302263	99247	2054.13	2053.18
Si28	26053.2	0.144847	97769.4	1105.17	1104.86
O16	14895.1	0.315773	96316.6	342.808	342.139
Si28	26053.2	0.206554	97731.6	1169.67	1168.83
O16	14895.1	0.367502	99158.4	1996.05	1995.4
O16	14895.1	0.277017	97457.8	883.328	882.57
Si28	26053.2	0.240467	96060.4	211.435	211.035
O16	14895.1	0.232982	98869.9	1809.58	1808.88
Si28	26053.2	0.249166	97412.1	1081.94	1080.24
Mg24	22335.8	0.926415	97698	1117.04	1115.9
Mg24	22335.8	0.152704	97296.8	824.757	823.959
O16	14895.1	0.3374	98228.6	1362.09	1361.69
Fe56	52089.8	0.0882056	96819	463.265	463.053
O16	14895.1	1.01356	97762.5	1189.04	1187.88
O16	14895.1	0.199233	99373.3	2144.07	2143.74
Si28	26053.2	0.209621	98276.8	1524.58	1523.47
Si28	26053.2	0.155848	98337.2	1541.9	1541.04
O16	14895.1	0.212205	99970.2	2457.79	2457.09
Si28	26053.2	0.112482	98637.4	1624.94	1624.47
O16	14895.1	0.411869	99144.3	1987.06	1986.6
Mg24	22335.8	0.287361	97737	1062.63	1062.27
O16	14895.1	0.293147	97697.9	1075.33	1075.01
O16	14895.1	0.245243	95980.6	197.34	196.63
O16	14895.1	0.308631	96976.3	688.795	688.396
O16	14895.1	0.189247	97627.7	951.56	951.143
Si28	26053.2	0.124857	99889.6	2418.59	2418.07
Fe56	52089.8	0.22602	98034	1233.93	1233.7
Si28	26053.2	0.181874	98898.5	1818.95	1818.68
Mg26	24196.5	0.134843	97182.8	861.099	860.436
O16	14895.1	0.231027	96947.9	739.644	738.351
Mg24	22335.8	0.174159	99828.3	2383.05	2382.58
Si28	26053.2	0.44462	96337.1	393.365	392.629
O16	14895.1	0.208513	98509.1	1613.78	1613.46
O15	13971.2	0.553568	99865.3	2409.71	1604.53
Si28	26053.2	0.230114	99021.5	1950.13	1949.51
Si28	26053.2	0.141509	99038.4	1910.35	1910.11
O16	14895.1	1.13505	99641.3	2280.64	2279.1
Si28	26053.2	0.14952	98668.2	1470.28	1469.97
O16	14895.1	0.271065	98883.7	1732.89	1732.53
O16	14895.1	0.46639	99757.1	2350.16	2349.63
Si28	26053.2	0.202509	95961.3	98.251	97.6573
Si29	26984.3	0.523473	97793.4	1002.51	1001.98
O16	14895.1	1.19788	99728.4	2333.93	2332.29
O16	14895.1	0.307249	98908.4	1796.39	1795.81
Si28	26053.2	0.159792	96195.2	56.9706	56.5498
O16	14895.1	0.619813	96114	122.758	122.07
Si28	26053.2	0.181022	98459.9	1472.07	1471.82
O16	14895.1	0.259618	99233.7	2030.87	2029.16
O16	14895.1	0.275451	95888.1	100.09	99.618
Si28	26053.2	0.177623	97575.1	1027.78	1027.55
Si28	26053.2	0.136045	97050.8	712.433	712.262
O16	14895.1	0.581779	96115.8	157.353	156.762
Si28	26053.2	0.325428	99501.2	2201.58	2201.25
O16	14895.1	1.13261	98602.8	1492.84	1491.34
O16	14895.1	0.511159	99008.6	1841.85	1841.34
Si28	26053.2	0.406357	98426.4	1620.42	1618.86
Si28	26053.2	0.143877	99761.9	2347.06	2346.72
O16	14895.1	0.3316	97788.6	1153.15	1152.09
Si28	26053.2	0.165972	95973.2	181.773	181.109
Si28	26053.2	0.110023	98720.7	1730.82	1730.05
O16	14895.1	0.193811	95910.4	126.691	126.303
O16	14895.1	0.191984	96999.2	748.441	747.994
Si28	26053.2	0.466262	96319	184.085	183.556
Si28	26053.2	0.124861	99658.4	2090.8	2090.63
Si28	26053.2	0.677902	96988.8	711.326	710.562
Mg24	22335.8	0.221976	99668	2291.89	2291.56
Si28	26053.2	0.19438	96722.1	497.225	496.069
Mg24	22335.8	0.169339	97710	1032.47	1032.13
Si28	26053.2	0.30655	97898	1168.64	1168.06
Si28	26053.2	0.319356	99052.1	1896.59	1896.18
Si28	26053.2	0.17741	96937.9	553.336	552.681
neutron	939.565	102.045	99122.6	1960.55	1067.99
neutron	939.565	9.70399	99122.6	1960.55	1067.99
C12	11174.9	4.68267	99122.6	1960.55	1067.99
Mg24	22335.8	0.197852	99433.7	2138.97	2138.64
O16	14895.1	0.657095	96410.6	283.99	282.929
Mg24	22335.8	0.182961	99049.2	1886.95	1886.33
Si28	26053.2	0.801735	98362.3	1475.76	1474.92
O16	14895.1	0.274599	97852	1177.48	1177.07
Si28	26053.2	0.134265	96985.9	648.634	648.466
Fe56	52089.8	0.183635	98387.4	1567.89	1567.41
Si28	26053.2	0.145461	98325	1463.44	1461.81
O16	14895.1	0.365262	96203.8	190.734	190.167
O16	14895.1	0.21448	97865.5	1196.88	1196.34
O16	14895.1	0.598284	98304.5	1508.24	1507.4
Si28	26053.2	0.130523	98013.8	1299.19	1298.99
O16	14895.1	0.328502	97420.5	997.376	996.84
Mg24	22335.8	0.209436	98938.3	1868.35	1867.81
O16	14895.1	0.300669	97996.6	1273.67	1271.84
Mg24	22335.8	0.189829	98531.9	1579.31	1577.48
Si28	26053.2	0.112558	97688	827.357	826.999
Fe56	52089.8	0.0581736	96509.1	384.023	383.957
Si28	26053.2	0.28329	97412	878.847	877.802
Si28	26053.2	0.208929	98392	1502.63	1502.03
Si29	26984.3	0.223956	96793.4	667.704	667.422
Si28	26053.2	0.128107	97232	808.546	808.38
O16	14895.1	0.369392	96538.3	482.402	482.009
Si28	26053.2	0.123668	96315.5	235.975	235.811
O16	14895.1	0.215683	97687.3	1078.33	1076.83
Si28	26053.2	0.113402	97990.7	1299.88	1298.53
Si28	26053.2	0.148657	98450.1	1482.86	1482.11
O16	14895.1	0.261575	97467.3	787.39	787.005
Mg24	22335.8	0.148693	97502.7	1004.8	1004.42
O16	14895.1	0.210286	98609.9	1586.16	1585.85
Mg24	22335.8	0.171746	96653	314.523	314.196
Mg24	22335.8	0.142229	96009.1	56.9567	56.7444
Si28	26053.2	0.213044	98677.3	1705.64	1705.18
O16	14895.1	0.456005	97635.8	1073.13	1071.88
Mg24	22335.8	0.128456	97603.3	944.963	944.743
Si28	26053.2	0.122793	96809.8	618.857	618.193
Si28	26053.2	0.112958	99185	1996.82	1996.54
Fe56	52089.8	0.0792348	99575.3	2244.36	2244.22
Si29	26984.3	0.663486	99359.9	2088.12	2087.2
Si28	26053.2	0.329928	99243.2	2021.48	2021.05
O16	14895.1	0.25029	98204.9	1133.72	1133.39
Si28	26053.2	1.20073	97160.5	678.396	677.131
Mg24	22335.8	0.142679	97966.8	1032.53	1032.09
Si28	26053.2	0.120128	96279	305.613	304.428
Fe56	52089.8	0.0913329	100000	2477.08	2476.98
Si28	26053.2	0.186758	97433.2	901.724	900.68
Si28	26053.2	0.213426	99384.2	2119.28	2119.06
Mg24	22335.8	0.153228	98413	1552.98	1552.68
O16	14895.1	0.273029	96315.5	336.493	335.826
Mg26	24196.5	0.129463	99787.5	2360.39	2359.75
O16	14895.1	2.40225	99792.4	2336.69	2334.18
O16	14895.1	0.235728	95903	49.8155	49.1903
O16	14895.1	0.200328	99636.2	2258.66	2258.41
O16	14895.1	0.298558	98506.3	1514.17	1513.75
O16	14895.1	0.345606	98060.1	1006.96	1006.55
Mg24	22335.8	0.474911	98260.1	1372.06	1371.02
Si28	26053.2	0.249533	96379.8	271.207	270.85
O16	14895.1	0.599913	96371.3	133.17	132.109
O16	14895.1	0.371748	99324.9	2060.39	2059.81
Si28	26053.2	0.293343	98451.5	1573.65	1573.22
O16	14895.1	0.193836	96424.2	394.075	393.284
Si28	26053.2	0.185094	99512.7	2174.83	2174.43
Si28	26053.2	0.203256	95833.6	31.0698	30.8571
O16	14895.1	0.203577	96703.2	643.284	642.98
O16	14895.1	0.201703	98787.9	1698.18	1697.94
Si28	26053.2	0.200403	96781.7	403.75	403.501
Mg24	22335.8	0.149332	99290.5	2042.61	2042.3
Mg24	22335.8	0.142554	98409.5	1460.71	1460.51
O16	14895.1	0.940511	96270.4	271.328	270.134
Si28	26053.2	0.117878	95947.1	68.6513	68.5003
Si28	26053.2	0.208024	98384.7	1522.75	1522.15
Si28	26053.2	0.154003	98187	1265.19	1264.76
O16	14895.1	0.340761	98953.7	1870.52	1870.16
Si28	26053.2	0.108346	95924.9	109.134	108.97
O16	14895.1	0.197845	99455.7	2176.11	2175.77
O16	14895.1	0.404008	99104	1988.94	1988.39
Si28	26053.2	0.126724	98263.6	1486.24	1485.92
Mg24	22335.8	0.160608	98164.9	1320.81	1320.23
O16	14895.1	0.202948	96418.4	469.282	468.981
O16	14895.1	2.26122	97959.3	1232.8	1230.48
Si28	26053.2	0.114306	97982.3	1243.79	1243.61
Si30	27913.2	0.342501	98221.1	1464.28	1463.64
Mg24	22335.8	1.70029	98480.6	1538.4	1536.48
O16	14895.1	0.439719	98696.3	1730.81	1730.2
O16	14895.1	1.73054	99440.1	2119.34	2117.58
O16	14895.1	0.225405	99415.3	2177.7	2177.12
O16	14895.1	0.409315	99987.7	2470.68	2470.14
O16	14895.1	0.216207	98803.3	1827.52	1826.46
Fe56	52089.8	0.0572523	98075.8	1229.21	1229.11
O16	14895.1	0.225156	99440.5	2091.56	2090.97
Mg24	22335.8	0.146162	99512.4	2128.3	2128.05
O16	14895.1	0.195004	98962.2	1807.31	1806.56
Mg25	23268	0.186178	98738.5	1743.51	1743.05
O16	14895.1	0.374553	97045.5	552.859	551.914
Mg24	22335.8	0.221348	99048.7	1888.92	1887.44
O16	14895.1	0.306453	98049.8	1146.63	1145.91
O16	14895.1	1.01135	98614.4	1586.44	1584.55
O16	14895.1	0.592915	97153.6	559.155	557.746
Si28	26053.2	0.176959	98040.5	1218.78	1218.55
Mg25	23268	0.430771	99276.8	1939.78	1938.83
Si28	26053.2	0.130685	98015	1265.84	1264.52
O16	14895.1	0.197986	98708.7	1684.67	1684.47
Si28	26053.2	0.192786	97858.1	1059.89	1059.59
O16	14895.1	0.816056	97723.9	1062.72	1061.63
O16	14895.1	0.614867	98882.2	1782.95	1782.04
Mg24	22335.8	0.131223	97304.3	830.159	829.127
O16	14895.1	0.192122	96948.7	684.534	683.959
O16	14895.1	0.238536	97128.3	621.939	621.647
O16	14895.1	0.460117	97046.2	850.533	850.069
Si28	26053.2	0.158451	97715.9	1000.92	1000.69
Si28	26053.2	0.110985	95836.3	78.8107	78.4847
O16	14895.1	0.518143	97164.6	680.548	680.007
Si28	26053.2	0.166666	99430.2	2091.45	2090.5
Mg26	24196.5	0.132994	96261.9	285.322	285.013
O16	14895.1	0.291412	99285.6	2063.59	2063.23
Mg24	22335.8	0.350564	99351.3	2124.53	2124.01
Mg26	24196.5	0.116641	95730	95.0559	94.8301
Mg24	22335.8	4.35685	96926.4	599.793	595.098
Mg24	22335.8	0.19975	97643.1	903.593	902.836
O16	14895.1	0.82857	99151.5	1935.05	1933.23
Si28	26053.2	0.178998	97953.1	1236.62	1235.56
O16	14895.1	0.259397	98980.5	1878.09	1877.47
Si28	26053.2	0.297625	98185.1	1222.89	1222.46
Mg24	22335.8	0.555723	97376.6	684.912	683.946
Si28	26053.2	0.117333	99364	2109.63	2108.7
Si28	26053.2	0.244645	96833.7	707.913	707.6
Si28	26053.2	0.248942	97256.1	954.652	954.312
O16	14895.1	0.23851	97620.8	1108.61	1108.3
O16	14895.1	0.286307	97771.3	994.351	993.793
Mg24	22335.8	0.151711	96356.1	288.207	287.892
Mg24	22335.8	0.426291	98635.7	1672.04	1670.33
Si28	26053.2	0.127477	97500.8	939.884	939.583
O16	14895.1	0.335076	96084.4	282.534	282.065
O16	14895.1	0.376848	96921.8	714.402	713.962
O16	14895.1	0.229053	98358.2	1381.46	1380.61
O16	14895.1	0.226328	96604.5	452.75	451.627
O16	14895.1	0.894245	99526.9	2185.98	2184.63
Mg24	22335.8	0.184285	97401.7	758.518	758.222
O16	14895.1	0.529558	96111	140.172	139.141
O16	14895.1	0.267907	97537.7	1133.85	1133.42
O16	14895.1	0.264869	98216.1	1301.33	1300.51
O16	14895.1	0.293931	98122.8	1328.46	1328.17
Mg24	22335.8	1.52787	98501.5	1421.95	1420.24
O16	14895.1	0.340089	96999.4	673.984	673.556
O16	14895.1	0.33633	97060.7	599.186	598.741
Si28	26053.2	0.29593	96479.1	321.169	320.758
Si28	26053.2	0.214188	98221.6	1357.3	1356.89
O16	14895.1	0.278211	98550.5	1598.21	1597.05
O16	14895.1	1.08332	96595.5	513.658	512.501
Mg24	22335.8	0.158725	98931.6	1837.67	1837.41
O16	14895.1	0.509756	96852	717.663	717.053
O16	14895.1	0.576378	96085	293.916	293.265
Si28	26053.2	0.15203	97102.4	603.377	603.175
Mg25	23268	0.249005	99799	2369.65	2368.94
Mg24	22335.8	0.153343	97612.9	1050.52	1049.88
Si28	26053.2	0.181474	97901.6	1197.84	1197.2
Fe56	52089.8	0.110145	97732.2	1098.19	1097.54
O16	14895.1	0.984199	96624.2	481.305	480.14
Si28	26053.2	0.168697	96284.1	226.688	226.36
O16	14895.1	0.600658	96960.3	617.061	616.046
Si28	26053.2	0.16287	99495.9	2176.4	2175.88
Si28	26053.2	0.27741	98273.2	1498.29	1497.89
Mg25	23268	0.189669	97710.3	1082.01	1081.74
O16	14895.1	0.357572	96718.8	529.144	528.668
O16	14895.1	0.191789	99794.7	2219.59	2219.37
Mg24	22335.8	0.64041	97002.8	692.123	691.48
Mg24	22335.8	0.245873	96812.6	668.23	667.889
Si28	26053.2	0.286492	97362.2	824.973	824.512
O16	14895.1	0.197181	96059.9	304.107	303.845
O16	14895.1	0.240278	97341.4	737.185	736.425
Si29	26984.3	0.946639	99847.1	2369.01	2367.22
Si28	26053.2	0.282192	99785.1	2359.86	2358.68
O16	14895.1	0.660741	96191.3	267.124	266.411
O16	14895.1	0.276501	96203.4	256.029	255.557
Si28	26053.2	0.483412	98947	1806.22	1805.53
O16	14895.1	0.613289	97487	914.845	913.892
O16	14895.1	0.292328	99506.4	2052.46	2051.69
