Si28	26053.2	0.120093	99829.5	161.819	161.248
Fe56	52089.8	0.199721	99777.4	123.186	122.155
Si28	26053.2	0.198145	99981.1	243.487	242.955
Si28	26053.2	0.140131	99977.5	241.656	241.465
O16	14895.1	0.197506	99960.6	232.696	231.919
Si28	26053.2	0.298804	99734.3	95.5232	95.1795
O16	14895.1	0.331622	99883.9	191.857	190.572
Mg26	24196.5	0.128512	99927.1	215.102	214.806
O16	14895.1	0.429904	99781.9	137.866	137.007
O16	14895.1	1.23512	99983.9	245.091	243.512
Si28	26053.2	0.11717	99798.3	147.495	146.963
Si28	26053.2	0.128462	99887	187.685	187.514
Mg24	22335.8	0.135118	99699.9	80.026	79.772
O16	14895.1	0.205666	99830.1	165.157	163.828
O16	14895.1	0.378312	99815	151.188	150.29
O16	14895.1	0.211713	99747.7	106.403	105.679
Fe56	52089.8	0.124858	99623.9	14.8221	14.6798
O16	14895.1	0.215016	99917.6	206.559	205.683
O16	14895.1	0.405097	99954.7	227.433	226.262
O16	14895.1	0.425941	99839.7	167.571	166.65
O16	14895.1	0.257343	99757	120.735	119.711
Si28	26053.2	0.195904	99736.5	104.275	103.648
Si28	26053.2	0.108931	99785.1	136.042	135.289
Mg24	22335.8	0.187684	99617.6	17.8105	17.4495
Mg24	22335.8	0.365751	99830.1	159.525	158.877
Mg25	23268	0.122313	99737.4	96.6937	96.3654
O16	14895.1	0.202861	99920.1	203.147	202.942
Mg24	22335.8	0.623656	99984.6	245.084	244.436
O16	14895.1	0.217348	99977.1	241.094	240.874
Mg24	22335.8	0.308323	99779.8	133.025	131.971
Si28	26053.2	0.12146	99613.8	17.2271	17.0885
O16	14895.1	0.531173	99962.5	233.979	232.965
O16	14895.1	0.312136	99751.8	106.174	105.802
Si28	26053.2	0.747066	99850.3	169.589	168.754
O16	14895.1	0.267675	99747.5	106.738	106.462
O16	14895.1	0.221366	99781.8	131.017	130.204
O16	14895.1	0.248905	99866	181.945	181.683
Si28	26053.2	0.115749	99900.5	193.554	193.12
O16	14895.1	0.513487	99681.8	57.2227	56.3033
Si28	26053.2	0.136364	99919.9	213.017	212.253
Si28	26053.2	0.211893	99712.1	84.1836	83.1722
O16	14895.1	0.910401	99854	175.945	174.892
O16	14895.1	0.490976	99878.1	185.532	184.612
Mg24	22335.8	0.315695	99803.2	139.632	139.292
O16	14895.1	0.869504	99638.1	35.4221	34.1565
Si28	26053.2	0.143872	99935	220.741	220.416
O16	14895.1	0.873623	99984	244.781	243.776
Si28	26053.2	0.235043	99935.3	220.38	220.117
Si28	26053.2	0.196811	99722.2	89.9615	89.7327
Mg24	22335.8	0.722993	99831.6	154.652	153.836
O16	14895.1	0.362545	99687.1	32.3963	31.6903
Si28	26053.2	0.182463	99678.1	60.8804	60.39
Si28	26053.2	0.207305	99655.6	30.1282	29.3535
O16	14895.1	0.262522	99812.7	149.784	149.42
O16	14895.1	0.27399	99627.1	12.7212	12.378
Mg26	24196.5	0.224088	99783	131.4	130.743
O16	14895.1	0.215315	99765.1	121.125	120.776
Mg24	22335.8	0.128489	99716.9	93.1235	92.391
Mg26	24196.5	0.245916	99944.8	225.596	224.588
O16	14895.1	0.271665	99853.8	173.186	172.456
Si28	26053.2	0.209668	99682.7	63.8293	62.9025
Mg24	22335.8	0.14538	99971.9	235.455	234.863
Mg24	22335.8	0.383656	99777.8	125.408	124.542
O16	14895.1	0.197947	99959	225.45	224.985
O16	14895.1	0.209664	99966.1	238.568	236.341
Mg24	22335.8	0.358815	99989.6	247.135	246.432
Si28	26053.2	0.234	99970.6	239.473	238.9
Mg24	22335.8	0.588399	99669.5	56.9383	56.1506
O16	14895.1	0.190313	99696.6	77.6123	77.312
O16	14895.1	0.381492	99677.9	57.5905	56.7838
O16	14895.1	0.257774	99905	203.627	202.745
Fe56	52089.8	0.0990725	99726.2	96.9831	96.6654
O16	14895.1	0.400499	99805.7	141.11	140.281
Si28	26053.2	0.108692	99887.1	184.929	184.816
O16	14895.1	0.210538	99722.7	89.6304	89.2222
O16	14895.1	0.355754	99804.1	144.096	143.734
O16	14895.1	0.861843	99964.6	231.071	229.94
Fe56	52089.8	0.128842	99959.7	232.519	232.158
O16	14895.1	0.543713	99853	173.965	172.809
Fe56	52089.8	0.0604851	99773.6	125.891	125.753
Si28	26053.2	0.140953	99650.5	16.314	15.8942
O16	14895.1	0.233169	99858.8	180.112	179.244
Si28	26053.2	0.11231	99864.9	172.333	172.144
Mg24	22335.8	0.21525	99688.2	71.1374	70.6225
Si28	26053.2	0.195763	99692.1	67.508	66.9327
O16	14895.1	0.295198	99853.7	176.798	176.466
Si28	26053.2	0.182509	99853.5	178.378	178.181
O16	14895.1	0.240699	99781.8	118.081	117.807
Si28	26053.2	0.157873	99632.6	17.913	17.4481
Si28	26053.2	0.152072	99877.2	191.48	190.843
O16	14895.1	0.193657	99670.3	54.1102	53.8184
Si28	26053.2	0.273046	99985.9	247.737	246.788
Mg24	22335.8	1.72848	99770.9	127.634	125.874
Si28	26053.2	0.231306	99693.6	66.5416	66.206
Fe56	52089.8	0.0545616	99918.5	210.554	209.7
Mg24	22335.8	0.39638	99764.5	120.336	119.396
O16	14895.1	0.270501	99825.3	160.555	160.233
O16	14895.1	0.251123	99740.8	110.478	110.108
Si28	26053.2	0.140416	99706	81.9029	81.5896
O16	14895.1	0.20165	99640.5	41.4011	41.1711
O16	14895.1	0.532381	99664.1	50.3914	49.7319
O16	14895.1	0.298206	99668.9	40.1731	38.8841
Fe56	52089.8	0.0585159	99846.4	171.836	171.595
Fe56	52089.8	0.210244	99865.8	172.513	172.204
O16	14895.1	0.197736	99919.5	212.777	212.167
Mg24	22335.8	0.242887	99851.8	164.776	164.393
O16	14895.1	0.22218	99674.8	49.5846	49.3004
Si28	26053.2	0.400293	99802.4	141.573	141.107
O16	14895.1	0.190799	99798.3	141.249	140.666
O16	14895.1	0.2905	99853.7	176.049	174.634
Si29	26984.3	0.171494	99668.6	58.6527	58.1456
Mg25	23268	0.13555	99668.5	50.6509	50.4081
O16	14895.1	0.295877	99804.1	142.446	141.153
O16	14895.1	0.362765	99743.4	113.979	113.199
O16	14895.1	0.257995	99849	167.517	167.248
O16	14895.1	0.40257	99672.1	63.8623	63.4309
O16	14895.1	0.397383	99624.4	21.5161	20.8439
Si28	26053.2	0.139664	99636.6	37.4106	37.0492
O16	14895.1	0.355456	99802.7	132.741	132.238
Si28	26053.2	0.112403	99957.4	223.04	222.91
Fe56	52089.8	0.0619131	99984.4	245.705	245.608
O16	14895.1	0.297966	99860.2	171.83	171.47
Mg24	22335.8	0.226774	99822.1	152.489	151.571
Mg24	22335.8	0.177172	99618.9	15.5848	15.3506
