Si28	26053.2	0.195145	94418.7	539.616	538.992
O16	14895.1	0.249158	94720.9	711.115	710.843
O16	14895.1	0.882409	98975.8	3265.34	3264.25
Mg25	23268	0.123069	98231.4	2682.27	2681.71
Si28	26053.2	0.121714	96005.5	1616	1615.55
Si28	26053.2	0.151908	93726.3	230.808	230.466
Mg24	22335.8	0.270703	98904.9	3257.79	3257.46
Si28	26053.2	0.180645	97009.5	2117.32	2116.79
Mg24	22335.8	0.272442	98528.6	3129.07	3127.64
O16	14895.1	0.759726	95441.6	1230.35	1228.39
Mg26	24196.5	0.159559	92939.2	22.8126	22.4172
Fe56	52089.8	0.0592922	99002	3407.27	3407.2
Mg26	24196.5	0.189898	96986	1895.79	1895.43
Mg24	22335.8	0.139537	97477.9	2581.68	2581.54
Si28	26053.2	0.389497	95536.4	1362.88	1361.55
Fe56	52089.8	0.078335	99164.7	3558.77	3558.27
Mg24	22335.8	1.30062	96449	1842.03	1840.67
O16	14895.1	0.347324	94906.3	930.018	929.558
O16	14895.1	0.732767	99594.5	3823.4	3822.56
Mg24	22335.8	0.26494	96772	1959.73	1959.22
Mg24	22335.8	0.646881	95775.4	1289.76	1288.79
Mg24	22335.8	0.443251	93850.8	300.502	299.858
Si28	26053.2	0.268863	98737.4	3310.23	3309.65
Si28	26053.2	0.126851	97140	1839.34	1839.04
O16	14895.1	0.268695	97500.6	2573.67	2573.15
O16	14895.1	0.790307	94808.8	626.592	625.776
O16	14895.1	0.214341	94048.3	137.564	136.444
O16	14895.1	0.269483	97685.2	2682.55	2682.25
Si28	26053.2	0.571674	94856.2	771.768	771.131
O16	14895.1	0.219265	99037	3482.87	3482.47
Mg24	22335.8	0.595554	98291.2	3058.18	3056.53
Si28	26053.2	0.109995	96618.9	2069.63	2069.47
O16	14895.1	0.302504	95512.6	1395.38	1394.7
Mg24	22335.8	0.208029	98597.7	3214.07	3213.55
Mg24	22335.8	0.215402	93837	229.209	228.304
O16	14895.1	0.241853	95733.8	1500.29	1499.88
Si28	26053.2	0.109487	94454	509.564	508.92
O16	14895.1	0.26164	99301.9	2956.44	2955.61
O16	14895.1	0.220909	95304.7	1229.49	1228.6
Mg24	22335.8	0.69877	95952.5	1683.7	1682.88
O16	14895.1	0.635692	93513	54.0872	53.3765
O16	14895.1	0.269535	99928	4000.96	3999.16
Mg24	22335.8	0.192621	95038.3	941.996	941.393
O16	14895.1	0.223088	94198.6	700.829	700.396
O16	14895.1	1.35478	99437.7	3710.93	3708.7
neutron	939.565	144.126	99383.4	3554.32	3220.59
neutron	939.565	1.19176	99383.4	3554.32	3220.59
Mg24	22335.8	2.7095	99383.4	3554.32	3220.59
O16	14895.1	0.254258	94032.1	305.767	305.431
O16	14895.1	1.52447	94668.4	904.639	902.706
Si28	26053.2	0.17839	99851.6	3953.37	3952.38
O16	14895.1	0.194199	94394	380.47	379.693
O16	14895.1	0.395931	95453.7	1142.6	1141.8
O16	14895.1	0.257765	97066.2	2340.29	2339.27
Si28	26053.2	0.172263	96111.1	1728.01	1727.55
Mg24	22335.8	0.147759	94311.9	682.231	681.896
Si30	27913.2	0.114908	95459.7	1269.73	1269.48
Si28	26053.2	0.488929	94080	330.205	328.783
O16	14895.1	0.267572	98714.8	3276.52	3276.21
Si28	26053.2	0.134691	95605.7	1282.21	1281.75
Si28	26053.2	0.133786	93273.2	116.725	116.385
O16	14895.1	0.215965	99159.5	2734.37	2733.83
Si28	26053.2	0.109145	95196.6	617.405	617.187
Mg24	22335.8	0.224732	97419.2	1813.97	1813.17
O16	14895.1	0.512196	99909.9	3977.2	3975.95
Mg24	22335.8	0.283361	93880	250.999	250.651
O16	14895.1	0.298687	93712.2	192.61	191.595
O16	14895.1	0.221248	98515.5	3150.81	3150.3
Mg24	22335.8	0.582443	98821.3	3115.99	3114.99
Si28	26053.2	0.428536	99698	3855.84	3855.33
Si28	26053.2	0.261002	97182.6	2283.68	2283.08
O16	14895.1	0.2086	97986.4	2410.78	2410.43
O16	14895.1	0.237611	94307.2	506.926	506.618
O16	14895.1	0.246524	96944.8	2077.2	2076.68
O16	14895.1	0.189187	93833.6	201.63	201.028
Si28	26053.2	0.112236	97665.2	2433.2	2432.97
Mg24	22335.8	0.227969	98154.4	2947.08	2946.81
O16	14895.1	0.719492	95849.2	1337.14	1336.41
Mg26	24196.5	0.131166	99728.5	3881.85	3881.64
O16	14895.1	0.208442	96679.3	1540.99	1540.21
Si28	26053.2	0.172395	96355.3	1364.78	1364.51
O16	14895.1	1.26528	99268.7	3561.24	3559.93
O16	14895.1	0.401966	95852.4	1535.81	1535.38
O16	14895.1	0.198399	94566	702.735	702.011
Mg24	22335.8	0.160579	95081.6	648.391	648.032
Si28	26053.2	0.254481	96131.6	1647.7	1646.72
Si28	26053.2	0.163509	96424.1	1802.62	1802.35
Mg24	22335.8	0.142589	93572	187.686	187.151
O16	14895.1	0.759728	94044.2	325.038	323.838
Fe56	52089.8	0.278978	95387.5	991.478	990.431
Si28	26053.2	0.217476	98971.1	3258.61	3258.33
Mg24	22335.8	0.156521	98733.4	2684.11	2683.77
Si28	26053.2	0.110792	96864.8	2110.28	2110.13
O16	14895.1	0.197323	96963.2	2049.99	2049.74
O16	14895.1	0.467881	99597.2	3720.11	3719.63
Si28	26053.2	0.27067	96983.8	1937.07	1936.16
O16	14895.1	0.273858	99090.9	3485.56	3485.24
O16	14895.1	0.264439	94479.6	523.865	523.049
Si28	26053.2	0.135987	99527.3	3750.74	3750.03
Mg24	22335.8	0.34071	97859.9	2686.52	2685.74
O16	14895.1	0.46331	96136.2	1634.66	1632.8
Si28	26053.2	0.17498	99483.1	3741.21	3740.53
Mg24	22335.8	0.304434	93950.1	276.74	276.377
Si28	26053.2	0.155252	98644.8	3230.92	3230.61
Si28	26053.2	0.218697	94995.6	985.275	984.632
Mg24	22335.8	0.340875	97818	2536.7	2536.02
O16	14895.1	0.248856	95760	1478.17	1477.74
Si28	26053.2	0.167779	98298.7	2539.09	2538.54
Mg25	23268	0.156989	94098.1	371.766	371.578
O16	14895.1	0.224791	93823.8	227.329	226.497
Si28	26053.2	0.454288	98647.4	3290.21	3289.07
O16	14895.1	0.264842	95576.8	1160.57	1160.09
O16	14895.1	0.501715	98390.6	2758.37	2756.71
Mg25	23268	0.202794	97262	2062.9	2061.86
Si28	26053.2	0.1133	98681.4	3201.13	3200.7
O16	14895.1	0.224007	96345.9	1853.56	1853.17
O16	14895.1	0.211471	98783.7	3245.32	3245.06
O16	14895.1	0.223905	93407.9	100.168	99.1041
Si28	26053.2	0.13536	95937.2	1289.89	1289.75
O16	14895.1	0.379519	95601.1	1340.62	1339.97
Mg24	22335.8	0.180806	94221.3	587.328	586.389
O16	14895.1	0.237006	99018.7	3398.64	3398.02
Mg24	22335.8	0.150578	94411.4	596.225	596.03
O16	14895.1	0.575668	99225.9	3591.58	3590.56
Mg24	22335.8	0.206456	97182.3	1858.37	1857.93
O16	14895.1	0.579371	98489.4	3092.91	3092.1
Si28	26053.2	0.151558	94751.7	717.442	717.113
Mg24	22335.8	0.133915	96400.3	1762.85	1762.6
O16	14895.1	0.691754	93507.7	122.456	121.398
Si28	26053.2	0.110707	94349.9	524.078	523.367
Si28	26053.2	0.413006	95485.5	1220.07	1219.5
Na23	21409.2	0.132551	99773	3909.28	3378.59
O16	14895.1	0.219122	95699.5	1552.51	1552.2
O16	14895.1	0.212726	99994.1	4034.49	4033.97
Si28	26053.2	0.166064	96185.6	1523.39	1522.66
Si28	26053.2	0.112653	94552.1	575.444	573.736
Si28	26053.2	0.545574	99627.9	3827.08	3826.31
Mg24	22335.8	0.209598	94662.5	401.06	400.255
Mg24	22335.8	1.17671	94646.5	765.511	764.089
O16	14895.1	0.198529	95453.8	1124.72	1124.18
O16	14895.1	0.210077	94214.9	643.126	642.787
Si28	26053.2	0.373467	99253.9	3553.3	3551.86
Mg24	22335.8	0.267573	98286.8	3011.87	3010.41
neutron	939.565	165.46	94255.1	638.197	389.42
C13	12109.5	2.6685	94255.1	638.197	389.42
O16	14895.1	0.225838	94810.6	788.124	787.285
Si28	26053.2	0.643192	95491	1268.51	1267.71
O16	14895.1	0.402015	96067.3	1564.73	1564.22
O16	14895.1	0.910335	98703.9	3217.33	3214.89
O16	14895.1	1.20433	98712.6	3247.89	3246.48
Mg24	22335.8	0.208011	98630.6	3249.76	3249.4
O16	14895.1	0.862525	94223.6	401.577	400.392
O16	14895.1	0.246378	93583.4	278.786	277.439
Si28	26053.2	0.498409	94502.7	174.801	174.296
O16	14895.1	0.637159	99242.8	3616.65	3615.72
O16	14895.1	0.999191	98572.3	3211.28	3210.27
Mg24	22335.8	0.237116	93496.1	215.45	214.177
O18	16762	0.33947	96953.3	2185.14	2184.77
Mg24	22335.8	0.170602	99104.6	3550.51	3549.88
O16	14895.1	0.397403	98742.7	3328.73	3328.12
O16	14895.1	0.205723	99292.2	3577.05	3576.24
O16	14895.1	0.205679	95089.5	1124.91	1124.7
Si28	26053.2	0.284253	99519.3	3706.75	3705.2
Si28	26053.2	0.158783	97355.5	2430.91	2430.58
O16	14895.1	0.286162	98951.3	3410.71	3410.13
Si28	26053.2	0.174864	97515.9	2462.35	2462.14
O16	14895.1	0.601165	94310.6	538.079	537.263
Si28	26053.2	0.126676	96058.9	1332.52	1331.74
Si28	26053.2	0.113983	99973.9	4023.97	4023.62
Mg24	22335.8	0.148401	93477.5	191.268	191.001
O16	14895.1	0.405973	97351.5	2436.29	2435.61
Mg24	22335.8	0.180238	97405.2	2556.79	2556.37
O16	14895.1	0.22304	99801.5	3870.05	3869.7
O16	14895.1	0.193219	93412.3	55.7386	55.3608
O16	14895.1	0.204341	98716.1	3320.87	3320.31
Mg24	22335.8	0.152101	94598.7	667.547	666.74
Mg24	22335.8	0.397188	99893.5	3980.65	3979.92
O16	14895.1	0.24177	98120.7	2954.56	2953.23
Si28	26053.2	0.111866	94471.9	445.091	444.621
O16	14895.1	0.3497	94618.2	470.631	470.137
Mg24	22335.8	0.628828	93879.7	465.338	463.758
O16	14895.1	0.281727	99128.5	3264.84	3263.87
Mg24	22335.8	0.130411	94579	584.635	584.258
Si28	26053.2	0.114741	93293	74.3983	74.078
Mg25	23268	0.173299	98221.9	2856.63	2856.36
O16	14895.1	1.00942	99207.5	3003.7	3002.08
Si28	26053.2	0.117134	99098.5	3523.03	3522.83
Si28	26053.2	0.126978	96466.9	1815.11	1814.7
Si28	26053.2	0.39136	99965.9	3993.88	3993.47
O16	14895.1	0.199207	98886.1	3282.65	3281.77
Si28	26053.2	0.170391	99255.8	3227.17	3226.45
O16	14895.1	0.228338	99944.7	4009.56	4008.42
Mg24	22335.8	0.599236	97236.6	2253.9	2253.11
Mg26	24196.5	0.136159	96867.9	2068.56	2068.32
O16	14895.1	0.207508	95363.2	1005.31	1004.69
Mg24	22335.8	0.150232	98177.8	2921.66	2921.45
Fe56	52089.8	0.0781666	95654.9	1429.73	1429.48
O16	14895.1	0.219704	97241.4	2368.56	2368.22
Si28	26053.2	0.143164	95527.5	1273.26	1272.66
Si30	27913.2	0.184286	96531.1	1453.79	1453.14
O16	14895.1	0.228703	96284.3	1623.24	1622.97
O16	14895.1	1.08443	98915.2	3444.19	3442.74
Si30	27913.2	0.111403	99229.5	3605.32	3604.87
O16	14895.1	0.227222	95255.2	1104.72	1104.27
Si28	26053.2	0.111827	98660.6	3218.34	3218.23
O16	14895.1	14.2959	98672.1	3065.43	3051.02
O16	14895.1	0.191648	96859	2039.76	2039.41
Mg24	22335.8	0.296419	98654.8	3059.04	3058.19
O16	14895.1	0.453999	98691.7	3133.99	3132.86
Si28	26053.2	0.109609	97507.7	2615.08	2614.78
O16	14895.1	0.1964	94814.9	615.327	614.067
Mg24	22335.8	0.213805	94985.1	881.831	881.122
O16	14895.1	2.60016	96168.5	1505.81	1502.91
O16	14895.1	0.871199	94310.3	406.426	405.351
Mg24	22335.8	0.308258	99926.3	4000.31	3998.7
Si28	26053.2	0.13694	98873.2	3313.55	3312.81
Si28	26053.2	0.112525	98520.4	3175.17	3174.6
Mg24	22335.8	0.197884	93614.1	143.415	143.174
Mg24	22335.8	0.514323	98805.5	3111.45	3110.6
O16	14895.1	0.258848	97236.6	2359.63	2359.31
Mg26	24196.5	0.152317	95270.2	1072.85	1072.6
Si28	26053.2	1.66993	93952.2	481.094	479.303
O16	14895.1	0.274402	99278.9	3564.8	3564.44
Si29	26984.3	0.139964	98185.2	2926.87	2926.67
O16	14895.1	0.254735	97671	2609.72	2608.71
O16	14895.1	0.23554	94418.5	273.326	273.044
Si29	26984.3	0.158086	98361.7	3037.49	3037.01
O16	14895.1	0.369036	94671.2	983.135	982.334
O16	14895.1	0.262201	99326.6	3638.51	3637.83
O16	14895.1	0.424648	98573.7	2995.31	2994.88
Mg26	24196.5	0.14584	96731.3	2010.75	2009.63
Si28	26053.2	0.258324	95781.5	1441.26	1440.87
Si28	26053.2	0.2574	99929.9	4003.39	4003.11
Si28	26053.2	0.133293	93520.6	112.651	112.319
Fe56	52089.8	0.117029	97502.2	2352.4	2352.16
O16	14895.1	0.566559	97704.7	2609.26	2608.3
Si28	26053.2	0.128544	99645.6	3821.56	3820.78
Mg24	22335.8	0.416011	95537.6	1086.34	1085.89
O16	14895.1	0.309744	93710	175.693	174.518
O16	14895.1	0.545136	94396	590.733	590.047
O16	14895.1	0.191213	96871.4	1989.67	1988.8
Si28	26053.2	0.141074	97236.4	2163.86	2163.48
Si28	26053.2	0.173134	99170.6	3545.52	3545.3
O16	14895.1	0.517859	95584	1237.62	1237.04
Fe57	53021.7	0.121204	94353.1	612.704	612.43
O16	14895.1	0.751571	95603.9	1404.38	1402
O16	14895.1	0.282696	99023.4	3472.8	3472.32
Si28	26053.2	0.155343	99794.1	3923.97	3923.5
Mg24	22335.8	0.217633	96353.6	1777.72	1777.06
O16	14895.1	0.413225	97088.2	2253.76	2253.26
O16	14895.1	0.523795	96176.5	1603.43	1602.66
O16	14895.1	0.331782	96248.3	1471.44	1471.02
Mg24	22335.8	0.192802	97740.3	2410.55	2410.34
O16	14895.1	0.204662	94861.8	625.291	624.812
neutron	939.565	15.6322	95344.1	805.915	567.202
neutron	939.565	2.6899	95344.1	805.915	567.202
Ne20	18617.7	1.7396	95344.1	805.915	567.202
O16	14895.1	0.471341	98352.3	2944.19	2943.68
O16	14895.1	0.613698	98087.7	2757.59	2756.69
Mg24	22335.8	0.269802	97046.3	2198.03	2197.6
O16	14895.1	0.191467	93307.9	83.0248	81.8419
O16	14895.1	0.472484	93587.9	106.897	106.256
Si28	26053.2	0.270844	99024.6	3441.18	3440.07
O16	14895.1	0.226553	98593.3	3171.05	3170.13
Mg24	22335.8	0.262766	98261.6	3054.57	3054.08
O16	14895.1	0.747054	93913.4	218.208	216.412
Mg26	24196.5	0.190745	99991.1	4010.46	4010.13
O16	14895.1	0.478253	95028.8	916.812	914.595
Mg26	24196.5	0.162957	94160	355.61	355.398
O16	14895.1	0.327143	99275.2	3540.92	3539.94
Si28	26053.2	0.199434	99889.3	3976.84	3976.5
O16	14895.1	0.233373	99915	3983.5	3983.04
Si28	26053.2	0.113215	93643.5	131.293	130.785
Si28	26053.2	0.847329	97501.9	2382.4	2381.44
O16	14895.1	0.519331	97183	2260.65	2259.93
Si28	26053.2	0.243578	94074.8	328.247	327.182
O16	14895.1	0.413632	95151.2	853.564	853.013
O16	14895.1	0.564814	99070	3317.03	3316.12
O16	14895.1	0.308637	94516.1	422.958	422.435
Si28	26053.2	0.342867	95203.9	834.216	833.239
O16	14895.1	0.253399	94033.6	208.9	207.913
Si28	26053.2	0.116922	99377.8	3489.13	3488.61
O16	14895.1	0.344623	99717.4	3873.88	3872.94
O16	14895.1	0.257357	93831.2	90.5762	90.2158
Mg24	22335.8	0.404034	98200.8	2765.74	2765.32
Mg24	22335.8	0.163469	99826.4	3935.53	3935.17
Si28	26053.2	0.127486	96391.5	1841.71	1841.18
O16	14895.1	0.503569	97252.7	2166.29	2165.4
O16	14895.1	0.367372	96612.8	1415.11	1414.71
Si28	26053.2	0.168708	96687.5	1978.53	1978.12
O16	14895.1	0.305807	98528.4	3055.09	3053.94
O16	14895.1	0.583145	98267.2	3079.23	3078.49
Mg24	22335.8	0.155293	97836.5	2846.52	2845.77
Mg26	24196.5	0.129458	97896.7	2791.43	2790.71
Mg24	22335.8	0.148107	94208.8	359.229	359.054
Si28	26053.2	0.139839	97501.1	2438.05	2437.49
Mg24	22335.8	0.149763	95753	1381.44	1381.16
O16	14895.1	0.264861	96757.1	2026.94	2026.61
O16	14895.1	0.215382	94208.3	592.086	591.407
Mg24	22335.8	0.292058	95269.7	164.288	163.941
O16	14895.1	0.558195	99907.8	3988.43	3987.83
Si28	26053.2	0.342735	99735.7	3845.7	3844.71
O16	14895.1	0.20914	97072.9	2343.8	2342.83
O16	14895.1	0.36696	94739.4	698.477	696.799
Si28	26053.2	4.29989	94653.1	644.649	640.148
Mg24	22335.8	0.1597	99866.3	3903.05	3901.6
Si28	26053.2	0.42199	93837.9	111.086	110.632
Si29	26984.3	0.122932	98942.4	3449.49	3449.18
O16	14895.1	0.296902	95228.2	947.617	946.943
O16	14895.1	0.233249	98316.6	2774.6	2773.48
O16	14895.1	0.393303	97712.6	2408.97	2407.52
O16	14895.1	0.279945	99519.8	3781.39	3781.02
O16	14895.1	0.198897	93749.8	224.029	223.536
O16	14895.1	0.216305	93414.5	78.4431	78.1875
Mg24	22335.8	0.275781	98837.5	3016.74	3015.61
O16	14895.1	0.199132	99657.5	3836.57	3836.23
O16	14895.1	14.5292	99119.8	3529.81	3514.62
Si28	26053.2	0.147402	96004.5	1675.42	1674.89
Mg24	22335.8	0.232248	94226.9	640.045	639.706
Mg26	24196.5	0.200798	97732.1	2652.23	2651.94
O16	14895.1	0.228695	99387.8	3663.62	3663.39
Mg25	23268	0.128885	97161.4	2362.52	2362.01
Mg24	22335.8	0.152634	99653	3844.85	3844.63
O16	14895.1	0.779835	95117.9	1189.33	1188.14
O16	14895.1	0.347769	99743.4	3845.88	3845.28
Mg24	22335.8	0.659818	97009.5	2231.15	2229.79
O16	14895.1	0.327917	94116.8	505.504	504.998
Si28	26053.2	0.150351	97296.4	2392.54	2391.52
O16	14895.1	0.263567	97860.2	2709.57	2708.6
Mg24	22335.8	0.183138	94557.8	782.938	782.682
Mg24	22335.8	0.161153	98031.7	2685.51	2684.8
Mg24	22335.8	0.465147	97216.7	1705.23	1704.53
O16	14895.1	0.196685	98564.3	3094.11	3093.9
O16	14895.1	0.274124	95854.1	1539.7	1539
O16	14895.1	0.205902	98356	3092.18	3091.89
Mg24	22335.8	0.149823	94663.3	830.621	830.012
O16	14895.1	0.209771	94091.1	509.38	507.39
Si28	26053.2	0.130515	93465	163.866	163.372
Si28	26053.2	0.110458	96783.4	2155	2154.86
O16	14895.1	0.241562	95242.3	1054.07	1053.74
Si28	26053.2	0.139002	98277.4	2620.06	2619.08
Mg24	22335.8	0.442284	97160.2	2245.07	2244.46
Si28	26053.2	0.235607	97277.8	2277.75	2276.91
O16	14895.1	0.311926	99443.4	3741.46	3740.53
O16	14895.1	0.241173	99929.2	3995.37	3995.13
O16	14895.1	0.206622	97453.4	2572.06	2571.52
O16	14895.1	1.75881	97089.9	2427.94	2424.25
Si28	26053.2	0.121087	94768.6	358.29	358.056
O16	14895.1	0.354524	94527	589.54	588.807
O16	14895.1	0.324152	97624.5	2356.35	2355.76
O16	14895.1	0.262445	98544.5	3152.22	3151.94
O16	14895.1	0.812179	94304.4	474.775	473.552
Mg26	24196.5	0.231999	97197.1	2196.95	2196.08
Mg24	22335.8	0.166812	97092.6	2327.98	2327.54
O16	14895.1	1.05492	95409.1	1191.74	1190.38
Mg24	22335.8	1.3086	93965.7	224.352	222.767
Mg24	22335.8	0.340101	98312.8	3034.69	3034.25
O16	14895.1	0.206578	94028.6	395.607	395.235
Si29	26984.3	0.187337	99855.3	3958.11	3957.9
Mg24	22335.8	0.150084	93911.7	172.304	171.966
Mg24	22335.8	0.38543	93806.5	456.433	455.301
Si30	27913.2	0.240925	97318.9	2419.94	2419.4
Mg24	22335.8	0.501278	99335.5	3671.28	3670.13
O16	14895.1	0.261513	97346.4	2427.02	2426.52
Mg24	22335.8	0.174752	97193.4	2349.46	2349.14
Si28	26053.2	0.125433	93426.7	220.845	220.691
O16	14895.1	0.199621	94089.7	472.841	472.583
Si28	26053.2	0.138431	93812.2	319.601	319.453
Mg24	22335.8	0.392186	95426.8	931.753	930.797
Mg24	22335.8	0.204971	95090.8	748.117	747.305
Mg24	22335.8	0.428077	95451.5	1450.05	1449.6
O16	14895.1	0.550407	96575.4	1916.95	1916.07
Mg24	22335.8	0.361478	97984.7	2842.32	2841.28
Si28	26053.2	0.700638	95466.5	1161.22	1160.41
O16	14895.1	0.263298	95058.7	1021.93	1021.43
Si30	27913.2	0.173478	94746.6	664.674	664.157
O16	14895.1	1.5783	94488.6	603.382	601.727
Mg24	22335.8	0.479624	95104.9	1190.01	1188.85
Si28	26053.2	0.145073	99399	3706.02	3705.34
O16	14895.1	0.279755	97502.9	2570.68	2570.34
Mg24	22335.8	0.137599	98041.5	2669.19	2669.03
Si28	26053.2	0.139963	95215.4	1095.12	1094.75
Si28	26053.2	0.124207	95932.2	1442.04	1441.53
Si28	26053.2	0.169232	95643.9	1398.27	1397.81
Si28	26053.2	0.117031	98603.8	2957.44	2957.24
O16	14895.1	0.945192	94283.4	481.368	479.761
O16	14895.1	0.216536	95147.7	1154.49	1154.19
Si28	26053.2	0.117643	98531	3086.46	3084.59
Si28	26053.2	0.709207	96055	1566.97	1566.17
O16	14895.1	0.76362	93737.5	390.318	389.37
O16	14895.1	0.281555	96127.2	1589.29	1588.61
O16	14895.1	0.224561	95864.9	1448.87	1447.87
Mg24	22335.8	2.11288	95036.4	851.147	848.782
O16	14895.1	0.341476	96938.4	2109.72	2109.26
O16	14895.1	0.618715	94796.5	661.988	661.253
Mg24	22335.8	0.136143	96869.6	2155.03	2154.84
O16	14895.1	0.245709	94663.2	915.666	915.355
O16	14895.1	0.273294	95712.9	1010.29	1010
O16	14895.1	0.281165	97168.4	1802.56	1802.06
Mg24	22335.8	0.175533	95204.2	1126.48	1126.22
Mg24	22335.8	0.130072	97168.5	2295.61	2295.01
Mg24	22335.8	0.127496	94352.3	644.059	642.078
Si30	27913.2	0.108638	97518.7	2600.19	2599.29
Mg24	22335.8	0.208796	93534.2	180.775	180.533
O16	14895.1	0.694276	95843.9	1431.03	1430.1
O16	14895.1	0.431686	94324.3	540.63	539.659
O16	14895.1	0.498343	96036	1285.23	1284.22
Si28	26053.2	0.468192	99740.2	3891.12	3890.29
Mg24	22335.8	0.319004	99041.2	3464.55	3464.05
O16	14895.1	1.32756	95537	1235.52	1234.17
Na23	21409.2	0.933256	98114.4	2851.59	2460.91
O16	14895.1	0.855847	94098.7	536.619	535.572
O16	14895.1	0.896295	94142.2	365.949	365.013
O16	14895.1	0.223041	97149.4	2296.58	2296.28
Si28	26053.2	0.108521	96907.1	2063.78	2063.57
Si28	26053.2	0.668142	98860.9	3384.23	3383.55
O16	14895.1	0.546253	97350.6	2377.65	2377
O16	14895.1	0.19321	98885.5	3324.29	3323.76
O16	14895.1	0.201869	98944.5	3346.48	3346.17
O16	14895.1	0.24796	95952.3	1649.2	1648.82
O16	14895.1	0.629805	97349.1	2229.26	2228.16
O16	14895.1	0.545458	99731.2	3866.47	3865.58
Mg25	23268	0.264505	95859.5	1330.44	1329.78
Si28	26053.2	0.251126	95107.8	615.183	614.869
O16	14895.1	0.323056	95312.1	1112.42	1112.03
O16	14895.1	0.516328	97132.5	1720.1	1719.37
O16	14895.1	0.471144	96217.6	1743.22	1742.3
O16	14895.1	0.281378	95904.8	1514.18	1513.78
O16	14895.1	0.256199	94587.8	600.025	598.57
O16	14895.1	0.192241	94366.7	286.701	286.341
O16	14895.1	0.346788	97412.6	2406.99	2406.57
Mg24	22335.8	0.946526	94336.2	290.487	288.74
Si28	26053.2	0.121038	93262.7	15.9532	15.4852
O16	14895.1	1.04759	96522.3	1406.84	1405.31
O16	14895.1	0.220066	94950	1138.55	1137.84
O16	14895.1	0.800911	99010.8	3449.78	3448.49
O16	14895.1	0.695096	97067.7	2172.26	2170.65
Fe56	52089.8	0.0572215	93873	297.164	297.065
Si28	26053.2	0.222687	96958.4	2172.85	2172.54
Si28	26053.2	0.176353	96991.7	2157.31	2156.53
O16	14895.1	3.97928	95605.4	422.188	418.183
neutron	939.565	167.787	96973.6	2174.73	1889.72
neutron	939.565	76.2072	96973.6	2174.73	1889.72
C12	11174.9	1.11742	96973.6	2174.73	1889.72
Mg24	22335.8	0.296677	95901.6	1660.3	1659.19
O16	14895.1	3.35251	97880.1	2490.56	2487.08
O16	14895.1	1.23725	97185.1	2023.27	2021.49
O16	14895.1	0.607666	93624.7	201.409	200.781
O16	14895.1	0.201353	95640.3	1313.47	1311.61
Si28	26053.2	0.213792	96712.7	2132.66	2132.36
Mg24	22335.8	0.356946	94535.4	383.886	383.506
Mg24	22335.8	0.81093	94721.2	938.271	937.411
Mg24	22335.8	0.252109	95946.1	1521.23	1520.85
O16	14895.1	0.26742	96111.7	1450.78	1448.5
Si28	26053.2	0.11275	98788.8	3287.91	3287.65
O16	14895.1	0.65224	93680.3	342.204	340.882
O16	14895.1	0.347002	93807.2	329.399	328.771
Mg24	22335.8	0.213769	96331.6	1959.61	1958.79
Mg25	23268	0.783307	99889.5	3975.39	3974.53
Fe57	53021.7	0.0912298	97062.5	2275.45	2275.26
O16	14895.1	0.249009	99007.8	3403.64	3403.37
Si28	26053.2	0.43955	99202.1	3607.28	3604.76
O16	14895.1	0.258158	97111.3	2342.72	2342.46
O16	14895.1	0.24564	93955.3	384.512	384.023
Mg24	22335.8	0.16511	94211.6	443.242	442.95
Mg24	22335.8	0.269262	94905.6	878.481	878.077
O16	14895.1	2.87819	96309.7	1657.68	1654.78
O16	14895.1	0.257013	93730.2	153.608	153.137
Si28	26053.2	0.205577	95112.3	1081.87	1081.23
O16	14895.1	0.530139	97382.1	2561.71	2560.8
O16	14895.1	0.193946	99909.5	3965.58	3964.01
Si29	26984.3	0.108225	97005.7	2182.06	2181.87
Si28	26053.2	0.24848	97266.6	2199.08	2198.68
O16	14895.1	0.323118	95984.3	1555.95	1555.48
Si28	26053.2	0.449933	98194.5	3026.72	3025.87
Mg24	22335.8	0.154305	94906.9	1027.94	1027.72
O16	14895.1	0.273856	96282.7	1887.46	1886.86
Si28	26053.2	0.182206	98629.2	3075.83	3075.54
O16	14895.1	0.272872	93988.6	364.441	363.918
Si28	26053.2	0.109712	98577.6	3231.38	3231.12
O16	14895.1	0.21162	93421.7	67.2658	65.6787
O16	14895.1	0.191889	97236.3	1609.68	1609.04
Mg24	22335.8	0.140778	98782.6	3166.96	3166.53
Fe56	52089.8	0.0659696	96931.9	2091.65	2090.89
Mg24	22335.8	0.283319	95243.3	1068.17	1067.76
O16	14895.1	0.481125	97958	2724.3	2723.45
neutron	939.565	4.39237	97088.1	2331.16	2072.01
neutron	939.565	0.744647	97088.1	2331.16	2072.01
Ne21	19550.5	2.58685	97088.1	2331.16	2072.01
O16	14895.1	0.571754	98461.9	3108.15	3107.25
Si28	26053.2	0.155424	93114.4	20.5997	19.4817
O16	14895.1	0.200633	96551	2085.79	2085.38
Fe56	52089.8	0.0807076	97628.7	2483.93	2483.8
O16	14895.1	0.219132	94920.2	771.317	770.617
Mg24	22335.8	0.138977	98836.6	3330.6	3330.44
Si28	26053.2	0.123559	99813.3	3936.9	3936.28
Si28	26053.2	0.406474	99165	3556.74	3555.42
Si28	26053.2	0.117279	96891.4	2152.51	2152.06
Si28	26053.2	0.204727	98006.3	2760.93	2760.64
Si28	26053.2	0.126946	94820	797.821	797.239
O16	14895.1	0.299178	93987.7	337.409	336.482
Fe56	52089.8	0.0783531	95872.4	1654.89	1654.56
Mg26	24196.5	0.305256	96251.9	1834.91	1834.33
Si30	27913.2	0.142727	98997.3	3485.47	3484.53
O16	14895.1	0.197164	99701.7	3883.67	3882.17
O16	14895.1	0.272912	93491	245.957	245.505
O16	14895.1	0.90552	93455.5	114.328	112.92
Si28	26053.2	0.109443	93657.3	231.303	231.038
O16	14895.1	0.840329	95081.7	993.394	992.424
Si28	26053.2	0.112906	97881.3	2656.53	2656.41
O16	14895.1	0.281178	97467.6	2259.45	2258.19
Si28	26053.2	0.115428	98613.3	3217.14	3216.14
Mg24	22335.8	0.180433	97942.5	2710.36	2709.69
O16	14895.1	0.209949	98839.2	3291.33	3291.12
Si28	26053.2	0.193876	95533.6	1399.76	1398.54
Mg24	22335.8	0.365598	99007.3	3201.46	3200.94
Si28	26053.2	0.269392	98034.2	2642.07	2641.76
Si28	26053.2	0.126162	97174.7	2122.9	2121.88
Si28	26053.2	0.499343	97839.5	2613.3	2612.76
Mg24	22335.8	0.269699	99082.1	3375.42	3374.86
O16	14895.1	0.28806	99812	3938.83	3938.05
O16	14895.1	0.416826	95324.1	910.011	909.453
Si28	26053.2	0.344044	94514.3	442.879	442.086
O16	14895.1	0.201437	94602.3	599.467	598.527
O16	14895.1	0.313642	99731.1	3879.04	3878.71
O16	14895.1	0.560344	94558	503.878	503.147
O16	14895.1	0.541415	96731	2003.41	2002.46
O16	14895.1	0.32421	99208.9	3546.16	3545.28
Mg26	24196.5	0.632582	99954.9	4010.54	4009.8
O16	14895.1	0.503703	95003.7	1061.18	1060.67
Si30	27913.2	0.128001	94361.9	711.369	710.936
Mg26	24196.5	0.290096	97038.5	2253.84	2252.97
O16	14895.1	0.590239	98251.9	2856.1	2855.16
Si28	26053.2	0.146411	93269	142.695	142.318
Si28	26053.2	0.146149	99394.6	3526.63	3525.77
Mg25	23268	0.225226	99520.2	3771.84	3770.86
Mg24	22335.8	0.177676	97217.7	2419.4	2419
O16	14895.1	0.460004	97038.6	2171.56	2170.83
Si28	26053.2	0.111064	94525.7	540.319	540.045
Si28	26053.2	0.154854	93952.6	27.0663	26.3038
Si28	26053.2	0.200755	99235	2763.17	2762.79
Si28	26053.2	0.109342	96713.3	2020.27	2020.05
Mg26	24196.5	0.140822	99429.7	3723.63	3723.11
O16	14895.1	0.41185	95228.6	1342.21	1341.3
Si28	26053.2	0.15028	99181.5	3380.41	3379.9
O16	14895.1	0.19003	96758	1864.96	1864.66
Fe56	52089.8	0.137807	97953	2769.09	2768.88
O16	14895.1	0.500485	97227.3	2247.14	2246.38
O16	14895.1	0.212129	96385.4	1549.94	1548.25
O16	14895.1	0.229126	98212.6	2920.51	2919.85
O16	14895.1	0.232315	98344.1	2966.23	2965.75
Si28	26053.2	0.331201	97084.9	2296.66	2295.45
Fe56	52089.8	0.0548754	95332.1	1210.96	1210.74
Si28	26053.2	0.143249	95546.8	752.995	752.73
O16	14895.1	0.429157	99644.4	3835.09	3834.55
O16	14895.1	0.226613	93975.6	240.828	239.99
O16	14895.1	0.75135	98677.9	3057.05	3055.28
Mg24	22335.8	0.150642	94158.3	425.682	425.417
O16	14895.1	0.35129	94548.2	705.682	705.153
O16	14895.1	0.212179	95708.7	1138.75	1138.45
O16	14895.1	0.22822	98066.8	2884.77	2884.5
O16	14895.1	0.557858	95493.2	1254.79	1253.52
Mg24	22335.8	0.488949	95375.8	1185.28	1184.71
Fe56	52089.8	0.0667625	96605.9	1992.71	1992.38
O16	14895.1	0.215844	97710.4	2481.69	2481.4
O16	14895.1	0.623185	97745.4	2452.5	2451.61
Si29	26984.3	0.169293	95960.8	1414.08	1412.77
O16	14895.1	0.207033	97117.1	2211.04	2210.22
Mg24	22335.8	0.136202	98049.1	2829.24	2828.9
Mg24	22335.8	0.387753	99023.9	3385.95	3385.03
O16	14895.1	0.224972	93552	32.706	32.2526
Si28	26053.2	0.108871	97097.9	2241.24	2240.48
O16	14895.1	0.191868	96930.7	2109.44	2108.48
Mg24	22335.8	0.453493	94057.8	253.022	252.142
Si28	26053.2	0.210332	95427	1217.12	1216.71
O16	14895.1	0.235969	96600.2	1833.36	1831.96
Si28	26053.2	0.187702	97726.7	2345.65	2345.27
O16	14895.1	0.212347	94950.8	761.333	760.446
Mg24	22335.8	0.244739	95712.4	1236.57	1236.06
Si28	26053.2	0.166767	94031.5	319.318	319.131
Mg24	22335.8	0.549116	96676.1	1932.68	1932.12
Si29	26984.3	0.256151	94142.6	575.083	574.67
O16	14895.1	0.69951	95328.5	1083.66	1082.84
O16	14895.1	0.315887	95765.1	1518.79	1518.42
Mg24	22335.8	0.15524	98766.6	3286.73	3285.42
O16	14895.1	0.35095	99423.1	3694.15	3692.55
O16	14895.1	0.309688	98315	3057.19	3056.07
Mg24	22335.8	0.246359	93713.1	194.911	193.965
Mg24	22335.8	0.319855	97604.6	2612.21	2611.71
Mg24	22335.8	0.169225	94345.1	458.596	457.104
Si28	26053.2	0.141632	93118.5	13.4225	13.0899
O16	14895.1	0.202713	93917.6	454.076	453.869
O16	14895.1	0.298265	95942.8	1538.72	1538.16
O16	14895.1	0.287603	99978.9	4026.19	4025.44
Si28	26053.2	0.119818	94059.8	386.187	385.731
O16	14895.1	0.275532	96590.8	1884.08	1883.8
Mg26	24196.5	0.240667	93758.8	309.483	308.708
O16	14895.1	0.379762	97744.6	2629.89	2629.14
O16	14895.1	0.272791	94811.5	863.115	862.342
Si28	26053.2	0.486934	95876.2	1495.34	1493.67
Mg24	22335.8	0.159951	99328.3	3649.19	3648.82
Si28	26053.2	0.169537	93700.3	246.045	245.857
Si28	26053.2	0.112537	95764.9	1469.81	1469.13
Si28	26053.2	0.199834	99713.1	3827.62	3827.2
O16	14895.1	0.217744	98112.7	2846.16	2845.9
O16	14895.1	0.331818	95609.1	1345.13	1344.62
Si28	26053.2	0.283934	96276.2	1808.11	1807.62
O16	14895.1	0.408517	94492.6	710.04	709.418
Si28	26053.2	0.163423	98648.5	2981.89	2981.61
Si30	27913.2	0.348883	98089.6	2516.89	2515.43
O16	14895.1	0.451343	94323.8	511.738	510.694
Si28	26053.2	0.214673	93933.3	223.929	222.449
O16	14895.1	0.353245	99361.9	3551.39	3550.42
Mg24	22335.8	0.132076	97904.1	2767.8	2766.14
Mg24	22335.8	0.295232	96622.2	1880.72	1879.93
Mg24	22335.8	0.325449	96186.3	1705.06	1704.22
Si28	26053.2	0.276777	93353	70.2215	69.5292
Mg24	22335.8	0.144016	98621.9	2984.19	2983.85
Si30	27913.2	0.156523	97396.3	2459.31	2459.04
Mg24	22335.8	0.295844	96856	2153.1	2152.63
Si28	26053.2	0.123545	95347.6	1088.15	1088
Si28	26053.2	0.133198	94837.1	786.013	785.318
Mg24	22335.8	0.161165	98359.1	3053.76	3052.85
Si28	26053.2	0.372462	93431.4	221.514	221.115
Si28	26053.2	0.138956	98580.3	3200.46	3200.29
O16	14895.1	0.215975	96632.7	1914.18	1913.86
Si28	26053.2	0.148795	98206.9	2881.09	2880.76
neutron	939.565	48.3085	98337.9	3075.31	2112.48
neutron	939.565	15.1046	98337.9	3075.31	2112.48
neutron	939.565	6.2481	98337.9	3075.31	2112.48
alpha	3727.38	9.25843	98337.9	3075.31	2112.48
N15	13968.9	3.52519	98337.9	3075.31	2112.48
Mg26	24196.5	0.731927	96386.4	1808.24	1807.39
Si29	26984.3	0.111935	95502.4	1314.9	1314.57
Si28	26053.2	0.188852	97449.8	1969.64	1968.22
Mg26	24196.5	0.136704	96370.7	1763.84	1763.69
Si28	26053.2	0.517932	95553.2	1260.83	1260.27
O16	14895.1	0.239693	96959.3	2274.12	2273.65
O16	14895.1	0.408385	93994.9	507.421	506.738
Mg24	22335.8	0.95653	99317.8	3091.55	3090.4
O16	14895.1	0.323801	97134.3	1568.29	1567.88
O16	14895.1	0.255281	96931.1	2233.32	2233.07
Si28	26053.2	0.122543	94842.5	634.153	633.925
Fe56	52089.8	0.200078	93471.1	121.994	121.312
Mg24	22335.8	0.21274	94450	636.02	634.942
Fe56	52089.8	0.105238	97971.9	2857.22	2856.7
O16	14895.1	1.00764	94996.2	734.895	733.41
O16	14895.1	0.250667	94579.3	479.407	479.085
O16	14895.1	0.356946	94735	944.842	944.355
Si28	26053.2	0.259623	95230.9	787.158	786.853
O16	14895.1	0.492291	99749.1	3894.5	3893.62
Mg25	23268	0.18408	98769.6	3032.39	3032.19
O16	14895.1	0.307206	97262.3	2370.45	2369.73
Mg24	22335.8	0.167376	96778.7	1965	1963.87
Mg24	22335.8	0.427301	96507.2	1838.11	1837.41
Si28	26053.2	0.120752	99364.7	3589.93	3589.58
Mg24	22335.8	0.204396	96669.2	2020.32	2020.04
Si28	26053.2	0.969864	97664.1	2335.89	2334.5
O16	14895.1	0.2173	97721.4	2551.8	2551.4
Mg24	22335.8	0.193163	98283.6	3049.27	3049.04
O16	14895.1	0.268508	97057.3	2256.13	2255.59
Mg26	24196.5	0.160977	94185.8	435.657	434.9
O16	14895.1	0.206149	98417.5	2989.66	2989.1
Si28	26053.2	0.111064	95635.9	1383.8	1383.38
Si28	26053.2	0.995947	94897.6	856.203	854.933
O16	14895.1	0.270859	99446.6	3726.28	3725.41
O16	14895.1	0.674013	98121.6	2834.07	2833.2
O16	14895.1	0.355267	96243.9	1829.51	1829.1
O16	14895.1	0.494666	99053	3427.62	3426.7
Si28	26053.2	0.114009	97126.6	2190.01	2189.3
Si28	26053.2	0.189388	98305.3	2815.65	2815.16
Si28	26053.2	0.126738	94835.9	875.126	874.772
Mg24	22335.8	0.276586	93401.4	236.681	236.399
O16	14895.1	0.190082	94156.4	661.555	661.11
O16	14895.1	1.1104	99542.4	3775.15	3773.94
O16	14895.1	0.531238	94876.9	961.001	960.346
Mg24	22335.8	0.493392	95635.7	1264.56	1263.91
Si28	26053.2	0.624493	97411.4	2345.11	2343.84
O16	14895.1	0.514358	97576.2	2019.07	2017.79
Mg24	22335.8	0.260512	96328.6	1640.93	1640.18
Si28	26053.2	0.132746	95181.9	1024.11	1023.51
Mg24	22335.8	0.342485	99275.9	3594.26	3593.55
Mg25	23268	0.220064	94890.3	951.158	950.857
Si28	26053.2	0.19816	94787.1	518.832	517.989
Mg26	24196.5	0.653138	99433.5	3635.28	3634.5
O16	14895.1	0.275763	98463.4	3076.15	3075.79
O16	14895.1	0.196733	99009.6	3425.96	3425.31
O16	14895.1	0.360305	95147.5	1054.93	1054.5
Si28	26053.2	0.174991	98570.8	3066.41	3066.13
O16	14895.1	0.536504	94120.5	279.768	279.083
O16	14895.1	0.231474	96214.2	1796.39	1795.53
Mg24	22335.8	0.352903	98102.1	2947.33	2946.83
O16	14895.1	0.310426	95244.5	1335.77	1335.24
O16	14895.1	0.19139	99732.5	3833.94	3833.36
Si28	26053.2	0.243777	97316.5	2277.92	2277.35
Mg24	22335.8	0.126359	96154.9	1722.47	1722.35
Mg24	22335.8	0.132926	94644.2	864.42	863.842
Mg24	22335.8	0.177292	99031.6	3460.52	3459.95
O16	14895.1	0.450008	97117.5	2286.08	2285.14
Mg24	22335.8	0.306605	96514.3	1429.01	1428.45
C14	13040.9	2.88444	98558.8	3175.02	2492.42
Si28	26053.2	0.378776	93766.3	110.973	110.448
Fe56	52089.8	0.116539	98663.4	3279.67	3279.44
O16	14895.1	0.264511	99869.2	3972.59	3972.3
O16	14895.1	0.650211	98839.2	3314.77	3313.9
O16	14895.1	0.368057	97925.8	2601.66	2601.16
O16	14895.1	0.250378	94251.5	583.031	582.609
Si28	26053.2	0.122466	94663.3	670.197	669.158
Mg24	22335.8	0.278593	98231.3	3057.59	3055.1
Fe56	52089.8	0.0584394	94464.3	224.354	224.209
O16	14895.1	0.450128	97975.7	2720.66	2719.68
O16	14895.1	0.469956	98497.7	2965.06	2964.49
O16	14895.1	0.313563	97931.5	2575.05	2574.34
Mg26	24196.5	0.173862	97967.4	2774.44	2774.15
O16	14895.1	0.485947	97997.3	2703.47	2702.81
O16	14895.1	0.483763	95352.6	1184.78	1183.83
Mg24	22335.8	0.210475	98307.7	2905.27	2904.61
O16	14895.1	0.266757	99274.6	3530.03	3529.29
Mg24	22335.8	0.48711	96743.5	2032.88	2032.32
O16	14895.1	0.238527	98400	3137.16	3136.66
O16	14895.1	0.203026	94191.9	492.789	490.717
O16	14895.1	2.99684	98854.7	3383.12	3379.81
O16	14895.1	0.498388	96537.3	1997.34	1996.39
Mg24	22335.8	0.189886	98546.7	3232.06	3231.84
Mg24	22335.8	0.236665	97819.1	2615.93	2614.82
O16	14895.1	0.218993	96293.9	1642.42	1641.7
Si28	26053.2	0.16019	96977.1	1910.27	1910
Fe56	52089.8	0.152093	97712	2652.99	2652.24
Mg24	22335.8	0.168589	95698.4	1539.93	1537.71
Mg24	22335.8	0.164559	93237.7	97.6057	96.6247
Mg24	22335.8	0.182664	97127.4	2318.84	2317.51
O16	14895.1	0.351887	95580.2	1232.32	1231.92
Mg24	22335.8	0.24653	95814.7	1272.95	1271.37
Mg24	22335.8	0.393162	98259.9	3025.56	3025
Mg26	24196.5	0.421714	94344	369.85	369.126
Si28	26053.2	0.257288	98055.3	2894.09	2893.8
O16	14895.1	0.33304	99617.6	3297.47	3296.95
Mg24	22335.8	0.158471	98762.8	2807.86	2807.55
O16	14895.1	0.215051	96215.3	1738.32	1737.14
Fe56	52089.8	0.245492	96910.3	1921.96	1921.66
O16	14895.1	0.311596	98986.9	3425.86	3425.21
Si28	26053.2	0.315171	99078.3	3411.14	3410.24
Fe56	52089.8	0.143699	97574	2674.78	2674.25
Si28	26053.2	0.362574	99573.4	3693.06	3692.45
O16	14895.1	0.204489	94686	742.549	742.237
Mg26	24196.5	0.183539	94516.1	801.498	800.954
Fe56	52089.8	0.256026	95417	1135.31	1134.36
O16	14895.1	0.190218	99872.7	3965.11	3964.68
O16	14895.1	0.326703	98985.4	3117.82	3116.97
Mg24	22335.8	0.333771	98331.5	2746.25	2745.89
Si28	26053.2	0.109063	99126.2	3417.19	3416.6
O16	14895.1	0.430334	93757	338.179	337.54
O16	14895.1	0.618532	98049.1	2756.45	2755.48
O16	14895.1	0.701074	93945.4	253.729	251.928
Si28	26053.2	0.155463	94811.1	732.59	732.263
Si28	26053.2	0.387286	96701.6	1996.98	1996.47
O16	14895.1	0.341273	99344.9	3598.35	3597.22
Si28	26053.2	0.112635	96363.5	1703.38	1703.24
Mg24	22335.8	0.342786	98597.5	3087.25	3086.56
O16	14895.1	0.20439	99001.2	3431.48	3431.08
Mg24	22335.8	0.132738	97056.1	2359.24	2358.95
O16	14895.1	1.69042	95409.2	1349.78	1347.67
Mg24	22335.8	0.221229	97059.9	2005.6	2005.33
Si29	26984.3	0.127275	97069.9	1941.18	1940.85
O16	14895.1	0.226852	94383.1	308.774	308.488
O16	14895.1	0.73364	98066	2601.28	2600.42
Mg24	22335.8	0.306372	94455.3	320.6	319.964
O16	14895.1	1.7421	94131.6	646.622	644.116
O16	14895.1	0.19471	98387.4	3153.38	3153.08
Si28	26053.2	0.217317	97948	2772.31	2771.7
Si28	26053.2	0.172594	95771.9	1577.12	1576.51
O16	14895.1	0.243964	94944.7	1040.85	1040.37
O16	14895.1	0.421833	97341.3	2284.46	2283.81
Fe56	52089.8	0.0842885	96066.4	1752.94	1752.79
O16	14895.1	0.241365	99845.2	3927.95	3927.55
Si28	26053.2	0.121643	94530.5	675.762	675.531
Si28	26053.2	0.20507	95889.9	1518.34	1517.48
Si28	26053.2	0.292402	98793.4	3257.84	3257.47
O16	14895.1	2.01837	95494.4	1264.53	1262.48
O16	14895.1	0.192395	98539.3	3181.88	3181.32
Si29	26984.3	0.182844	94490.8	713.854	713.493
Mg24	22335.8	0.267723	95944.1	1366.35	1366.06
O16	14895.1	0.318474	96599.2	1903.05	1901.97
Si28	26053.2	0.10893	94471.9	587.367	586.839
O16	14895.1	0.461127	94201	735.597	734.911
O16	14895.1	0.413776	95766.5	1372.86	1372.17
Si28	26053.2	0.117712	98114.8	2754.93	2754.5
Si29	26984.3	0.339384	93625.4	219.804	219.003
O16	14895.1	0.589179	97507.7	2404.86	2403.93
O16	14895.1	0.265444	94521.7	262.098	261.529
O16	14895.1	0.191351	93285.2	35.9521	35.5405
O16	14895.1	0.415277	93153.7	30.8689	30.0765
O16	14895.1	0.226693	95789.3	847.265	846.953
neutron	939.565	4.77183	96662.7	2153.84	1949.46
C13	12109.5	3.42884	96662.7	2153.84	1949.46
O16	14895.1	0.483722	99495.8	3739.53	3737.48
Si28	26053.2	0.170161	94681.7	903.525	902.944
Mg24	22335.8	0.269509	98332.4	3068.46	3067.84
Si28	26053.2	0.392732	97938.2	2542.54	2541.76
Si29	26984.3	0.21786	95911.6	1632.56	1631.17
O16	14895.1	0.301029	95359.6	1333.27	1332.14
Fe56	52089.8	0.0661431	95087	960.985	959.626
Mg26	24196.5	0.179238	94336.8	606.382	606.123
Si28	26053.2	0.244452	99401.5	3704.67	3703.74
Si28	26053.2	0.227689	93293.3	26.6429	26.0841
Si28	26053.2	0.149709	93534.2	216.489	216.154
O16	14895.1	1.20773	98111.2	2928.43	2927.21
O16	14895.1	0.259712	95317.2	882.191	881.636
Si30	27913.2	0.300778	98945.1	3431.95	3431.59
O16	14895.1	0.551918	99820.3	3919.16	3918.11
Si28	26053.2	0.202005	95166.2	1067.18	1066.18
O16	14895.1	0.190232	96957.6	2139.66	2139.43
O16	14895.1	0.279291	95664.5	1159.26	1158.83
Mg24	22335.8	0.140805	95611.6	1441.29	1441
O16	14895.1	0.971495	97734	2437.4	2435.98
O16	14895.1	0.290145	99918.6	3994.72	3994.34
Fe56	52089.8	0.289544	93242.3	57.8145	57.2802
Fe56	52089.8	0.0598272	95832.8	1217.09	1216.95
O16	14895.1	0.192243	98857.1	3323.18	3322.62
Si28	26053.2	0.21856	96997.5	2226.3	2225.92
Mg24	22335.8	0.692491	97731.4	2559.64	2557.62
O16	14895.1	0.246015	98981.9	3412.44	3412.19
Mg24	22335.8	0.263193	96627.6	1893.99	1893.68
Si28	26053.2	0.545216	98909.8	3365.04	3363.31
O16	14895.1	0.206706	95684.8	1438.51	1437.59
Mg24	22335.8	0.131834	96783.9	2050.01	2049.48
O16	14895.1	0.672771	96073.2	1792.89	1791.95
O16	14895.1	0.247146	97779.5	2674	2673.55
O16	14895.1	0.319096	97119.4	2191.85	2190.74
O16	14895.1	2.32936	98654.7	3141.42	3138.84
O16	14895.1	0.354414	95136.5	714.168	713.632
Mg24	22335.8	0.265805	95953.2	1348.5	1348.16
O16	14895.1	0.253834	93620.5	208.476	207.92
O16	14895.1	0.211367	94994.8	956.54	956.171
Si28	26053.2	0.138486	95307.7	1129.76	1129.44
Si28	26053.2	0.34455	98332.4	2887.65	2887.08
O16	14895.1	0.316575	96504.7	1823.42	1823.05
O16	14895.1	0.212223	96909.5	2034.65	2034.05
O16	14895.1	0.225173	97927	2708.57	2708.26
Mg26	24196.5	0.152038	95409	1215.37	1215.08
Fe56	52089.8	0.0665447	96587.3	1826.24	1826.09
O16	14895.1	0.329671	99735	3895.38	3894.69
O16	14895.1	0.460383	99262.3	3612.87	3611.86
O16	14895.1	0.280024	99349	3617.9	3617.1
O16	14895.1	0.200436	96010.1	1476.97	1475.22
Mg24	22335.8	0.190056	99300.6	3440.38	3440.08
Si28	26053.2	1.76849	97021.6	2066.56	2064.08
O16	14895.1	0.211351	98139.5	2952.83	2952.2
O16	14895.1	0.615123	97342.5	2371.84	2370.55
Si28	26053.2	0.140873	96732.4	2025.63	2023.28
Si30	27913.2	0.347466	98081.3	2920.53	2919.91
Si28	26053.2	0.108628	99865.8	3953.38	3953.2
Si28	26053.2	0.128128	93604.1	74.1074	73.5223
Mg26	24196.5	0.27674	98848.9	2869.16	2868.41
O16	14895.1	0.391688	98847	3334.53	3334.06
Si28	26053.2	0.116339	95680.9	1333.39	1332.84
Si28	26053.2	0.183163	94845.6	924.287	923.813
Fe56	52089.8	0.102664	99168.3	3359.58	3359.41
O16	14895.1	0.395013	97685	2287.98	2287.55
O16	14895.1	0.571507	95947.6	1530.27	1529.63
O16	14895.1	0.983537	93572.8	167.318	166.009
O16	14895.1	0.260299	96160.6	1330.44	1329.86
Si29	26984.3	0.514158	96254.1	1841.78	1840.84
Mg26	24196.5	0.13749	98954.8	3303.73	3303.51
O16	14895.1	0.291652	99565.1	3786.57	3786.23
Si28	26053.2	0.126026	98640.7	3156.04	3155.07
Si28	26053.2	0.610363	97651.3	2309.01	2308.18
Mg26	24196.5	0.509156	96330.6	1384.76	1383.94
O16	14895.1	0.477433	96048.9	1716.93	1715.19
Mg26	24196.5	0.199551	97821.6	2697.73	2697.3
O16	14895.1	0.194658	93369.7	98.0899	97.7775
Si28	26053.2	0.140776	99485.2	3764.85	3764.22
O16	14895.1	0.194158	98683.5	3300.82	3300.6
Si28	26053.2	0.198417	95919	1426.99	1426.58
Si29	26984.3	0.320855	98785.2	3333.44	3333.09
O16	14895.1	0.330216	98892.6	3251.35	3250.66
Si28	26053.2	0.190639	94913	943.042	942.622
O16	14895.1	0.238606	94157.2	695.926	695.648
O16	14895.1	0.301679	97484.4	2208.2	2207.87
O16	14895.1	0.224383	94000.1	476.588	476.318
Mg26	24196.5	0.255304	97158.3	2124.58	2123.55
O16	14895.1	0.231691	95140.1	1162.4	1161.87
Si28	26053.2	0.522974	95232.2	854.145	853.474
O16	14895.1	0.554077	99953.1	4009.49	4008.83
O16	14895.1	0.228073	99928.1	4000.51	3999.44
O16	14895.1	0.490372	98616.3	3192.2	3191.65
Si28	26053.2	0.148615	95206.5	1095.93	1095.29
Mg24	22335.8	0.135342	95230.8	876.411	876.144
O16	14895.1	0.445259	99762.4	3883.68	3883.16
O16	14895.1	0.220431	95976.6	1566.55	1565.83
Si28	26053.2	0.116713	97599.4	2390.12	2389.63
O16	14895.1	0.327335	94828.9	787.122	786.592
Si30	27913.2	0.112859	98396.9	3115.4	3115.03
Mg24	22335.8	0.239667	96585.5	1718.77	1717.99
O16	14895.1	0.270679	96215.5	1607.35	1606.3
O16	14895.1	0.371671	96297.9	1778.15	1777.5
Si28	26053.2	0.200731	97612.7	2472.69	2472.25
Si28	26053.2	0.171168	98341.1	2842.12	2841.62
O16	14895.1	0.213316	94351.4	521.001	520.396
Si28	26053.2	0.234764	96156.4	1631.09	1630.83
Si28	26053.2	0.252012	98472.7	3005.45	3005.15
neutron	939.565	349.888	98097.9	2680.19	2047.1
neutron	939.565	47.3805	98097.9	2680.19	2047.1
alpha	3727.38	5.09252	98097.9	2680.19	2047.1
O16	14895.1	3.21513	98097.9	2680.19	2047.1
Si28	26053.2	0.598859	94677.8	620.211	619.542
Mg24	22335.8	0.216663	96831.1	2121.77	2121.05
Mg24	22335.8	0.155927	97412.1	2563.38	2562.96
O16	14895.1	0.529134	94309.4	365.075	364.359
Mg24	22335.8	0.144265	99618.5	3816.66	3816.4
Si28	26053.2	0.138216	97069.7	2255.22	2254.87
Fe56	52089.8	0.0963237	96548.5	1992.43	1992.31
Si30	27913.2	0.111984	95188.2	1082.8	1082.38
Mg24	22335.8	0.152988	97920.4	2799.42	2799.26
Si28	26053.2	0.287389	93975.9	475.675	474.793
O16	14895.1	0.653496	96316.4	1635.4	1634.39
O16	14895.1	0.217789	99541.6	3580.94	3580.57
Si28	26053.2	0.339026	95216.7	1166.61	1165.41
Si28	26053.2	0.12262	93471.7	37.292	36.7841
O16	14895.1	0.822681	98021.8	2436.75	2435.77
O16	14895.1	0.249145	95895.8	1182.23	1181.68
Mg24	22335.8	0.146401	98604.3	3229.51	3228.89
Si28	26053.2	0.179372	93806.5	51.588	51.4012
O16	14895.1	0.201648	97725.2	2634.12	2633.21
O16	14895.1	0.209709	94129	358.497	357.93
Mg24	22335.8	0.702692	99779.1	3907.36	3906.04
Mg25	23268	0.605417	99382.2	3698.12	3697.45
O16	14895.1	0.191783	97810.8	2653.96	2653.54
O16	14895.1	0.321799	97159.4	2319.11	2318.65
O16	14895.1	0.719993	98919.1	3314.18	3313.36
O16	14895.1	0.638973	96620.6	1943.69	1942.9
Si28	26053.2	0.185946	94843.3	971.189	969.858
O16	14895.1	0.575277	99443.4	3722.06	3721.41
O16	14895.1	0.196314	94658.5	711.707	711.438
O16	14895.1	0.68989	94282.1	342.439	341.691
O16	14895.1	0.195525	94234.8	519.016	518.655
Si28	26053.2	0.130002	99836.9	3953.11	3952.48
Mg24	22335.8	0.261344	94334	708.757	707.786
O16	14895.1	0.416195	96309.8	1772.31	1771.85
O16	14895.1	0.274058	94377	624.248	623.413
Si28	26053.2	0.180713	98431.7	2911.75	2910.95
O16	14895.1	0.190387	99278.2	3648.17	3647.41
O16	14895.1	0.421595	97125.2	2252.77	2251.28
Mg24	22335.8	0.180278	94801.3	722.975	722.75
Fe56	52089.8	0.0699702	97131.2	1957.03	1956.94
Si28	26053.2	0.114042	99986	4027.72	4027.52
O16	14895.1	0.221528	95217	1217.18	1215.63
Mg24	22335.8	0.477499	95865.8	1459.72	1458.03
Mg24	22335.8	0.180557	98304.6	2906.84	2906.63
Si28	26053.2	0.160228	95108.7	1085.21	1084.74
O16	14895.1	0.267496	96138.7	1631.38	1630.81
O16	14895.1	0.203961	94104.5	429.027	427.767
Si28	26053.2	0.265707	99491.1	3577.56	3577.14
O16	14895.1	0.345678	95519.7	1274.93	1273.38
O16	14895.1	0.196253	99202.1	3540.5	3540.01
Mg24	22335.8	0.268271	93189.6	166.631	165.229
O18	16762	0.310906	98925.5	3253.79	3253.17
Mg26	24196.5	0.166139	94587.8	562.25	562.075
O16	14895.1	0.335806	95629.9	984.09	983.371
Fe56	52089.8	0.0767247	96667.1	1958.3	1958.1
O16	14895.1	0.365625	98357.8	2790.46	2789.87
Mg24	22335.8	0.126893	99755.7	3910.6	3910.32
Mg26	24196.5	0.127779	96050.8	1448.33	1447.86
O16	14895.1	0.55253	94745.2	457.974	457.348
O16	14895.1	0.202566	93377.9	247.107	246.735
Mg24	22335.8	0.372252	94319.2	308.462	308.053
O16	14895.1	0.202299	93991.9	118.485	117.21
Si28	26053.2	0.141016	94226	244.505	244.208
O16	14895.1	0.413358	97676.3	2498.97	2498.45
O16	14895.1	0.45908	97331.5	2395.44	2394.96
O16	14895.1	1.9266	95403.3	1235.73	1233.65
O16	14895.1	0.195416	99959.5	3988.76	3987.89
O16	14895.1	0.48054	99996.1	4035.46	4034.75
O16	14895.1	0.207096	99352.8	3605.81	3605.39
Mg24	22335.8	0.139194	94032.6	450.703	450.296
O16	14895.1	0.203985	97363.9	2446.44	2445.65
O16	14895.1	0.266398	97724.4	2696.72	2695.56
O16	14895.1	0.876753	98975	3470.97	3469.55
O16	14895.1	0.201601	98252.7	2896.38	2895.42
O16	14895.1	0.222694	96464.5	1840.7	1840.26
O16	14895.1	0.27597	99763.7	3883.55	3883.09
Mg24	22335.8	0.24894	97384.4	2423.93	2423.51
Fe56	52089.8	0.0836291	93320.8	24.4063	24.2365
O16	14895.1	4.45769	94353.1	268.809	264.096
Ne22	20479.7	0.688909	96530.5	1922.15	1612.47
O16	14895.1	0.449147	95365.3	1172.62	1171.31
O16	14895.1	0.273625	94217.1	360.938	360.232
O16	14895.1	0.200359	94364.9	381.6	380.724
Mg24	22335.8	0.180426	97679.7	2639.53	2639.1
O16	14895.1	0.237285	97643.3	2614.33	2613.75
Mg24	22335.8	0.258275	96716.7	1911.09	1910.8
neutron	939.565	135.477	99847.5	3955.19	3613.03
neutron	939.565	62.8087	99847.5	3955.19	3613.03
neutron	939.565	58.6644	99847.5	3955.19	3613.03
neutron	939.565	0.173933	99847.5	3955.19	3613.03
C12	11174.9	2.24692	99847.5	3955.19	3613.03
Mg24	22335.8	0.183911	94230	467.935	467.602
O16	14895.1	0.290645	97280.9	2312.35	2311.8
O16	14895.1	3.08974	97443.1	2413.82	2410.29
O16	14895.1	0.235804	95197.4	1067.35	1066.69
O16	14895.1	0.265944	94933.2	1000.76	1000.17
Si28	26053.2	0.242526	98624.1	3201.54	3201.06
Mg24	22335.8	0.135265	97148.8	2288.37	2288.2
Si28	26053.2	0.152484	96858.7	1895.36	1895.21
Si28	26053.2	0.110737	97868.9	2554.96	2554.7
Si28	26053.2	0.259334	94689.6	919.936	919.051
Si28	26053.2	1.15103	96778.3	2030.91	2029.36
Si30	27913.2	0.108712	98203.7	2713.23	2713.08
Si28	26053.2	0.263217	94354.5	605.896	605.472
Fe56	52089.8	0.155724	96421.8	1706.04	1705.72
O16	14895.1	2.36053	95351.2	1027.82	1025.26
Mg24	22335.8	0.162891	98552.3	3173.17	3172.75
O16	14895.1	0.227756	95284	975.174	974.622
Fe56	52089.8	0.0651507	94157.7	557.38	557.055
O16	14895.1	0.253571	96412.6	1805.84	1803.44
O16	14895.1	0.430833	94717.5	867.133	866.656
O16	14895.1	1.62512	97550	2402.48	2400.35
O16	14895.1	0.290034	97002.2	2223.87	2223.23
O16	14895.1	0.483536	97554.6	2317.68	2316.82
O16	14895.1	0.47911	97015.1	2254.37	2253.73
O16	14895.1	0.242898	97042	2205.1	2204.81
Si28	26053.2	0.152305	96073.7	1686.78	1686.5
O16	14895.1	1.0301	96096.8	1665.87	1664.76
O16	14895.1	0.27	94116.2	152.967	152.689
Mg24	22335.8	0.323592	95471.6	1218.92	1218.56
Mg24	22335.8	0.140198	98910.1	3440.74	3440
Si28	26053.2	0.131438	95382.2	1033.36	1033.19
Si28	26053.2	0.199059	97000.1	2231.2	2230.34
O16	14895.1	0.259907	98522.6	3042.34	3041.61
O16	14895.1	0.192823	97530.9	2633.77	2633.34
O16	14895.1	0.316356	98793.4	3347.95	3347.41
Fe56	52089.8	0.082119	95766.2	1336.3	1335.43
Mg24	22335.8	0.169805	99364.9	3683.29	3682.9
O16	14895.1	0.452954	96253.9	1754.32	1753.87
O16	14895.1	0.194589	96497.1	1829.63	1827.8
Si28	26053.2	0.218414	96228.6	1812.81	1812.34
Si28	26053.2	0.143109	94703.3	841.766	841.316
O16	14895.1	1.87067	98458.8	2711.51	2709.63
O16	14895.1	1.68186	98217.2	2582.74	2580.86
O16	14895.1	0.40348	97274.7	2280.2	2279.73
Si28	26053.2	0.143443	95201	861.382	858.3
O16	14895.1	3.70892	99551.8	3704.57	3700.84
Si28	26053.2	0.986937	99083.7	3453.01	3451.95
Si28	26053.2	0.148662	98772.6	3282.32	3281.88
O16	14895.1	0.510535	95467.5	1347.77	1347.24
Si28	26053.2	0.128218	96364.1	1744.16	1743.52
O16	14895.1	0.235347	95323	1066.4	1065.84
Si28	26053.2	0.415167	98756.5	3262.61	3261.68
Si28	26053.2	0.131057	95893.6	1410.36	1410.09
O16	14895.1	0.9913	98065.9	2852.05	2850.85
Mg24	22335.8	0.41816	95834.8	1187.49	1186.82
O16	14895.1	0.293707	97733.1	2664.88	2664.47
O16	14895.1	0.287926	94683.2	870.374	869.591
O16	14895.1	0.502253	93497.5	65.6163	64.9115
O16	14895.1	0.400381	94647.2	801.746	801.169
O16	14895.1	0.519487	96914	2136.66	2135.81
Si28	26053.2	0.127491	94764.3	858.786	858.59
Fe56	52089.8	0.1149	99633.4	3844	3843.82
Mg24	22335.8	0.166098	94323.6	606.308	605.491
O16	14895.1	0.226826	99872.1	3964.3	3963.68
O16	14895.1	0.396915	98810.3	3225.89	3225.29
Mg24	22335.8	0.807833	99160.4	3514.96	3514.05
Si28	26053.2	0.110159	97825.1	2731.2	2730.96
Mg24	22335.8	0.136444	94002.7	340.491	340.323
O16	14895.1	0.25689	96336.9	1713.41	1712.99
O18	16762	0.258861	96420.9	1788.95	1788.65
O16	14895.1	0.242572	94118.5	564.941	564.255
Mg24	22335.8	0.255997	95450.1	1215.21	1214.59
O16	14895.1	1.07677	98895.8	3155.55	3154.43
O16	14895.1	0.331049	96363.1	1473.26	1472.57
O16	14895.1	0.367605	98174.3	2638.83	2638.36
O16	14895.1	0.228809	98050.5	2854.76	2854.38
Si30	27913.2	0.394141	99123.5	3485.95	3485.5
O16	14895.1	0.213795	96585.4	1725.8	1725.59
Si28	26053.2	0.112068	98204	3031.88	3030.77
O16	14895.1	0.406164	95278.6	1163.74	1163.12
Mg24	22335.8	0.254759	98472.1	2819.2	2818.34
Fe56	52089.8	0.0764719	95198.1	831.998	831.509
O16	14895.1	0.193462	93694.2	147.611	147.408
O16	14895.1	0.20982	96850.9	1891.03	1890.81
Mg24	22335.8	0.151141	96266	1794.68	1794.47
O16	14895.1	0.240628	97734.5	2437.36	2437.02
Si28	26053.2	0.522045	97259.7	2197.14	2196.22
Mg24	22335.8	0.162834	93727.8	365.963	365.357
Si28	26053.2	0.112706	94454.3	642.065	641.886
Si28	26053.2	0.445196	99723	3871.85	3870.7
O16	14895.1	0.199939	95764.6	1423.1	1422.81
O16	14895.1	0.661854	99205.7	3546.89	3545.41
O16	14895.1	1.17615	94860.1	920.561	919.336
O16	14895.1	0.372865	97319.1	2461.22	2459.81
Mg24	22335.8	0.957846	99675.4	3719.53	3718.51
O16	14895.1	0.920071	93721.2	163.372	160.896
Mg24	22335.8	0.212869	94964.7	958.333	958.058
Si30	27913.2	0.146883	99530.8	3775.87	3775.68
Si28	26053.2	0.184808	99825.7	3939.26	3939.06
Mg24	22335.8	0.249245	96062.5	1665.99	1665.68
O16	14895.1	2.07048	97050.5	2365.9	2363.52
O16	14895.1	0.383081	94806.8	918.077	916.087
O16	14895.1	0.519765	96894.2	1920.4	1919.39
O16	14895.1	2.38624	98933.2	3363.09	3360.28
O16	14895.1	0.246565	97160.4	2301.5	2301.06
Fe56	52089.8	0.0788689	96740.9	1969.34	1969.07
O16	14895.1	0.551556	97516.5	2152.64	2151.75
Mg24	22335.8	0.205937	99269.9	3610.44	3610.2
O16	14895.1	0.269067	94540.8	645.308	644.793
Mg24	22335.8	0.396857	98564.3	3174.65	3172.66
Si28	26053.2	0.193143	96867.3	2206.68	2206.25
Mg24	22335.8	0.355909	95367.4	621.078	620.674
Mg25	23268	0.162212	94692.2	875.83	874.596
O16	14895.1	0.223898	95978.4	1463.34	1463.08
O16	14895.1	0.206097	93600.5	228.256	227.699
Si28	26053.2	0.126245	93683.2	82.8344	82.6765
Mg24	22335.8	0.133167	99037.8	3477.14	3476.59
Si28	26053.2	0.284594	97204.1	2349.88	2349.08
O16	14895.1	0.26263	99224.4	3509.82	3507.33
O16	14895.1	0.377926	96450.7	1493.19	1492.77
Mg25	23268	0.538823	94757.5	711.143	710.203
O16	14895.1	0.284319	98664.9	3255.91	3255.18
Si28	26053.2	0.162538	98073	2707.84	2707.58
O16	14895.1	0.761651	96624.3	1996.11	1994.58
Mg24	22335.8	0.372438	98456.5	3074.12	3073.64
Si30	27913.2	0.235053	93649.9	202.989	202.64
O16	14895.1	0.196537	93924.7	484.4	484.077
Fe56	52089.8	0.0541965	95339.7	1175.84	1175.67
Mg24	22335.8	0.163914	99718.1	3886.49	3885.57
O16	14895.1	0.194494	96428.5	1777.05	1776.83
neutron	939.565	11.4804	95831.7	1439.05	1031.04
neutron	939.565	6.08482	95831.7	1439.05	1031.04
neutron	939.565	4.12487	95831.7	1439.05	1031.04
alpha	3727.38	5.34949	95831.7	1439.05	1031.04
alpha	3727.38	1.5962	95831.7	1439.05	1031.04
O16	14895.1	0.430592	99405.9	3700.46	3699.64
O16	14895.1	0.20428	98925.6	3161.33	3161.12
Mg24	22335.8	0.159985	96594.6	1808.2	1807.86
Si28	26053.2	0.457847	95303.7	640.658	640.105
O16	14895.1	0.216421	93853.4	11.7402	11.3598
O16	14895.1	1.00818	97247.4	2016.66	2015.65
O16	14895.1	1.02802	95394.5	921.398	920.305
Si28	26053.2	0.483299	95263.5	847.566	846.939
O16	14895.1	0.206959	98031.5	2902.64	2902.36
Si28	26053.2	0.384416	94068.6	406.621	406.214
O16	14895.1	0.27734	98382.3	2873.55	2872.79
Si28	26053.2	0.117287	95773.7	1465.52	1463.39
O16	14895.1	0.343915	95918.1	1553.18	1552.76
O16	14895.1	0.22687	96866.1	1601.85	1601.47
Si29	26984.3	0.160314	98587.5	3220.13	3218.75
Mg24	22335.8	0.149221	97602.4	2593.84	2593.31
Mg25	23268	0.131661	97576.7	2487.77	2487.29
Mg26	24196.5	0.119447	95134.9	791.378	791.169
Si29	26984.3	0.114111	99560.8	3765.5	3765.04
Si28	26053.2	0.341224	98140.3	2770.1	2769.73
O16	14895.1	0.243516	95208.4	863.037	862.646
O16	14895.1	0.396538	98745.8	3273.18	3272.62
Si28	26053.2	0.165377	93677.5	258.189	258.019
O16	14895.1	0.228152	97685.5	2517.05	2516.72
Mg24	22335.8	0.248858	97024.5	2131.01	2130.76
O16	14895.1	0.62302	98148.9	2911.27	2910.15
Si28	26053.2	0.142424	95239.6	1170.78	1170.61
O16	14895.1	0.234746	98843	3373.03	3372.22
Mg24	22335.8	0.131953	96531.6	1959.18	1958.45
Si28	26053.2	0.121145	93265.5	20.6104	20.4431
O16	14895.1	0.280929	98136.3	2897.05	2896.36
neutron	939.565	0.419532	97648.4	2615.79	1980.57
N14	13040.2	0.773376	97648.4	2615.79	1980.57
O16	14895.1	0.256196	95943.9	1568.62	1568.16
O16	14895.1	0.744418	93369.8	68.2631	67.4628
Si28	26053.2	0.109831	97428.8	2445.41	2444.11
Si28	26053.2	0.201943	99111.9	3477.76	3477.38
O16	14895.1	0.491884	96158.8	1686.08	1685.5
Mg24	22335.8	0.304428	99183	3458.69	3458.33
O16	14895.1	0.219258	94843.8	680.053	679.621
O16	14895.1	0.270041	94257.3	359.337	359.002
O16	14895.1	0.201837	97192.5	2291.18	2290.96
O16	14895.1	0.330525	99708.3	3882.9	3882.29
O16	14895.1	0.281895	99266.3	3619.05	3618.47
Si29	26984.3	0.119501	93264.9	56.9057	56.3311
O16	14895.1	0.262395	96138.5	1679.48	1679.1
O16	14895.1	0.207796	93801	304.896	304.032
O16	14895.1	0.429469	97110.9	2207.2	2206.57
Mg24	22335.8	0.601791	93739.4	280.455	279.799
Mg24	22335.8	0.128356	99303.4	3577.1	3576.94
O16	14895.1	0.522277	97910	2874.65	2874.12
Si28	26053.2	0.31532	95209.2	1337.96	1336.08
O16	14895.1	0.234997	94282.5	742.638	742.222
O16	14895.1	1.08632	93992	577.817	576.563
Mg24	22335.8	0.244266	94554.7	738.775	738.233
O16	14895.1	0.199884	99085.4	3008.02	3007.68
O16	14895.1	0.199822	98414.2	3066.2	3065.86
Si28	26053.2	0.109637	96841.7	1863.66	1863.33
O16	14895.1	0.54351	99542.3	3755.4	3754.8
O16	14895.1	1.78892	95108.7	1185.63	1183.64
O16	14895.1	0.252884	97047.8	1850.08	1849.54
O16	14895.1	0.363414	94983.9	606.536	605.132
Si28	26053.2	0.77823	96537.2	1788.54	1786.43
O16	14895.1	0.252891	96153.2	1526.7	1526.38
O16	14895.1	0.258559	93745.2	155.877	155.618
O16	14895.1	0.317134	99525.6	3744.77	3744.45
O16	14895.1	0.265124	93370.1	152.485	151.197
O16	14895.1	0.225738	98329.4	3050.03	3048.98
Si28	26053.2	0.113837	98094.8	2764.03	2763.71
Mg24	22335.8	0.184105	98318.8	3072.58	3071.89
Mg24	22335.8	0.136614	96710.4	1919.44	1919
O16	14895.1	0.391676	99807.4	3887.07	3885.75
O16	14895.1	2.54639	95464.2	1306.28	1303.72
O16	14895.1	0.398202	96442.9	1955.85	1953.15
O16	14895.1	0.235703	99306.8	3587.76	3587.52
O16	14895.1	0.292089	96634.4	2034.86	2033.53
O16	14895.1	0.311311	94364.9	513.916	513.601
O16	14895.1	0.227461	95212.2	1163.45	1162.5
Si28	26053.2	0.130115	99400.4	3718.67	3717.98
Si28	26053.2	0.109601	97667.5	2609.94	2609.81
O16	14895.1	0.574217	99914.1	3992.15	3991.43
O16	14895.1	0.386922	94258.1	314.137	313.408
O16	14895.1	0.525367	95034.1	1098.23	1096.87
O16	14895.1	0.298913	99769.4	3876.93	3876.59
Mg24	22335.8	1.05177	98019	2753.33	2752.25
Mg24	22335.8	0.226391	96674	2044.73	2044.04
Si28	26053.2	0.202509	99956.2	4015.22	4014.88
Si28	26053.2	0.129481	97893.3	2846.75	2845.75
O16	14895.1	0.325934	97167.6	2263.31	2262.5
O16	14895.1	0.280437	95505.1	950.537	950.143
O16	14895.1	0.367148	96925.2	1980.18	1979.45
O16	14895.1	1.24129	98573.3	3012.54	3011.23
Si28	26053.2	0.248204	95532.1	1393.57	1393.01
Fe54	50231.2	0.165651	98679.3	3264.84	3264.36
Si28	26053.2	0.119343	96479.8	1657.66	1657.31
O16	14895.1	0.839643	96267.4	1689.14	1688.06
O16	14895.1	1.78147	95252.9	1118.54	1116.46
O16	14895.1	0.616728	97916.2	2865.62	2864.65
O16	14895.1	0.385448	99967.1	4020.65	4020.15
O16	14895.1	0.254668	96845	1851.1	1850.8
Mg24	22335.8	0.14397	98896.4	3368.35	3368.06
O16	14895.1	0.191467	95263	1094.71	1093.55
O16	14895.1	0.308479	93509.2	97.0748	96.3512
Mg24	22335.8	0.201496	96551	1857.9	1857.61
O16	14895.1	2.31385	95147.6	996.756	994.363
Mg24	22335.8	0.131444	95860.5	1442.76	1442.42
Si28	26053.2	0.131742	98687	3167.18	3166.98
Si28	26053.2	0.392757	95179.5	879.412	878.253
O16	14895.1	0.273754	96264.1	1781.69	1781.02
Si28	26053.2	0.278502	93779.2	190.955	190.636
O16	14895.1	0.503603	96263.6	1816.35	1815.81
O16	14895.1	1.42965	96247.4	1680.69	1679.09
Si28	26053.2	0.305004	93682.1	43.3776	42.9058
O16	14895.1	0.203308	94057.2	472.826	472.113
Mg26	24196.5	0.179479	99089.7	3478.04	3476.99
Si28	26053.2	0.345573	96525.5	1635.15	1634.25
O16	14895.1	11.4925	99973.7	4025.52	4013.6
Mg24	22335.8	0.146072	98200.7	2899.46	2898.14
O16	14895.1	0.374199	99739.5	3898.08	3896.11
Mg24	22335.8	0.390879	99247.8	3574.04	3573.58
O16	14895.1	1.28942	98397.2	3034.13	3032.36
Si28	26053.2	0.179548	97305.2	2447.37	2446.46
O16	14895.1	0.199532	95141	1051.76	1051.16
Si28	26053.2	0.148873	98287.9	2811.54	2811.27
O16	14895.1	0.209485	99914.5	3991.79	3990.71
Mg24	22335.8	0.316386	99592.7	3794.09	3792.67
O16	14895.1	0.21645	94521.7	800.406	800.042
O16	14895.1	0.384158	99619.3	3831.02	3830.52
O16	14895.1	0.583041	96583.7	2074.18	2072.96
Mg24	22335.8	0.502989	97719.8	2582.07	2581.17
Mg25	23268	0.957722	94298.3	664.715	663.412
O16	14895.1	0.199663	95960.5	1342.29	1341.33
O16	14895.1	0.209694	93927.2	243.66	243.402
Fe56	52089.8	0.0587858	96734.9	1992.89	1992.58
O16	14895.1	0.466873	94751.9	601.721	600.044
Si28	26053.2	0.113202	99346.3	3581.75	3581.35
Si28	26053.2	0.234414	99836.2	3954	3952.04
O16	14895.1	0.277374	95353.1	1231.96	1231.49
O16	14895.1	0.371756	98015	2880.39	2878.27
O16	14895.1	0.478501	98568.5	3072.65	3072.03
O16	14895.1	0.297682	95936.3	1352.77	1352.32
Si28	26053.2	0.892629	99579.3	3811.04	3810.14
Mg24	22335.8	0.132954	95856.4	1424.65	1424.05
O16	14895.1	0.281226	99954.4	4014.87	4014.51
O16	14895.1	0.300223	99222.2	3494.15	3493.2
O16	14895.1	0.220672	94161.8	437.816	437.16
Si29	26984.3	0.112415	96175.9	1496.93	1496.66
Mg24	22335.8	0.282183	93851.9	70.4371	69.3493
O16	14895.1	0.391628	93644.7	132.891	132.372
O16	14895.1	0.286706	95093.8	911.152	910.71
O16	14895.1	0.228823	98349.6	2890.61	2890.37
O16	14895.1	0.228885	98471.8	3067.8	3067.49
Mg24	22335.8	0.277839	94098.9	545.583	545.235
neutron	939.565	116.298	99189.1	3249.64	3036.47
N14	13040.2	2.42217	99189.1	3249.64	3036.47
Si30	27913.2	0.11444	93418.8	224.804	223.549
O16	14895.1	0.230148	96766.9	2056.22	2055.66
O16	14895.1	0.679908	97867.4	2844.26	2843.55
O16	14895.1	0.271467	99467.2	3641.17	3640.9
Si28	26053.2	0.783607	98485.5	2762.27	2761.32
O16	14895.1	0.228506	93725.1	215.241	214.538
O16	14895.1	0.368791	96061.9	1593.83	1593.12
O16	14895.1	0.782511	93529.1	165.855	164.954
O16	14895.1	0.258877	93777.9	339.542	339.062
Si28	26053.2	0.299815	96930.4	2168.37	2167.75
Si28	26053.2	0.14273	95004.1	649.877	648.839
O16	14895.1	0.265337	95613.5	1307.55	1307.27
Si28	26053.2	0.130309	93377.8	53.7893	53.3712
O16	14895.1	0.418691	99237.1	3562.43	3561.87
Si28	26053.2	0.123312	96173.2	1457.85	1457.71
Mg24	22335.8	0.128854	96680.3	2209.11	2208.94
Si29	26984.3	0.353338	95031.4	943.269	942.566
Si28	26053.2	0.117808	95419	1008.42	1008.24
Mg24	22335.8	0.818571	94093.3	567.52	566.666
Si28	26053.2	0.375847	96609.2	1902.85	1902.41
O16	14895.1	0.208773	94848.6	805.599	804.623
O16	14895.1	0.349321	94220.2	631.422	630.011
Si28	26053.2	0.322441	95367	1278.73	1276.6
Mg24	22335.8	0.303196	94489.2	875.427	875.027
O16	14895.1	0.308827	97161	2394.1	2393.45
Si28	26053.2	0.122518	95801.4	1423.89	1423.64
Si28	26053.2	0.135658	94815.1	933.416	932.934
Si29	26984.3	0.107622	96076.5	1734.46	1733.75
O16	14895.1	0.617445	96441.7	1996.97	1996.22
O16	14895.1	0.211245	98488.4	3079.48	3077.93
O16	14895.1	0.557484	94862.6	705.588	704.829
Mg24	22335.8	0.158658	99535.7	3798.1	3797.8
O16	14895.1	0.611663	98591.4	3204.09	3202.91
O16	14895.1	0.257264	95391.3	1147.7	1147.32
O16	14895.1	0.38244	98918.6	3372.48	3370.85
Fe56	52089.8	0.0722727	94435.1	641.288	641.029
Si28	26053.2	0.12381	94275.9	482.759	481.695
O16	14895.1	0.221062	95416.9	1159.37	1159.03
O16	14895.1	0.363261	94507.9	797.872	796.831
O16	14895.1	0.277682	99244.4	3605.11	3604.58
Si28	26053.2	0.121655	95137	1224.61	1223.77
O16	14895.1	0.293689	97142.2	2286.79	2286.28
Mg24	22335.8	0.246394	96409.5	1480.84	1479.77
Si30	27913.2	0.138743	99713.7	3881.47	3881.28
Si28	26053.2	0.160398	98163.1	2802.73	2802.11
Si28	26053.2	0.153168	97559.6	2574.23	2573.08
Mg24	22335.8	0.130083	95990.8	1705.26	1704.85
Si28	26053.2	0.208796	93615.5	265.86	265.581
Mg25	23268	0.201583	97414	2354.76	2353.99
Si28	26053.2	0.263908	99018.8	3063.71	3062.6
Fe56	52089.8	0.0541459	93826.6	389.947	389.553
O16	14895.1	0.249386	96019.6	1485.51	1485.15
Mg24	22335.8	0.240598	96897.8	1926.47	1925.05
O16	14895.1	0.819392	96117.1	1439.99	1438.98
Mg24	22335.8	0.18168	93451.4	79.0853	78.6767
O16	14895.1	0.21072	96002	1570.04	1569.46
O16	14895.1	0.194716	94792.6	902.835	902.555
Mg26	24196.5	0.122089	97349.6	2555.61	2555.33
Si28	26053.2	0.384328	96289.4	1470.35	1469.89
Si28	26053.2	0.127774	95863.3	1118.13	1117.97
Mg26	24196.5	0.188709	99631.1	3806.17	3805.65
Si28	26053.2	0.181832	93466.6	298.356	298.145
O16	14895.1	0.242068	95197.4	828.741	827.77
Mg24	22335.8	0.209302	98897.4	3357.22	3356.99
O16	14895.1	0.684336	97644.1	2404.02	2401.9
O16	14895.1	0.336098	95251.4	953.831	953.348
Mg24	22335.8	0.638906	99015.8	3463.74	3463.02
O16	14895.1	0.653784	93997.2	219.03	218.012
O16	14895.1	0.218818	96581.4	1931.38	1931.06
O16	14895.1	0.191169	98275.7	2973.35	2972.63
O16	14895.1	0.362817	97595.1	2497.87	2497.18
Si28	26053.2	0.395271	94097.3	412.6	412.02
Mg24	22335.8	0.497116	97006	2101.02	2099.97
O16	14895.1	0.239609	98959.1	3181.25	3180.3
O16	14895.1	0.319197	98223.7	2775	2773.84
Si28	26053.2	0.133958	94422.4	704.633	704.051
O16	14895.1	0.995771	93985.4	309.6	308.604
O16	14895.1	0.314842	95990.7	1695.26	1694.9
Mg24	22335.8	0.182001	99604.8	3684.2	3684.01
O16	14895.1	0.242207	99842.4	3941.44	3941.07
Si28	26053.2	0.207408	98897.4	3346.81	3346.26
F21	19556.7	1.7669	98196.6	2970.08	2605.3
Si28	26053.2	0.239179	99505	3759.05	3758.8
Fe56	52089.8	0.244425	99484	3734.44	3734.04
Si28	26053.2	0.145269	94369.7	373.315	373.084
Mg24	22335.8	0.498327	96767	2138.15	2137.52
O16	14895.1	0.433336	96569.2	1811.29	1810.86
O16	14895.1	0.241188	97445.5	2406.34	2406.08
O16	14895.1	0.584375	93741.7	251.763	250.594
Mg24	22335.8	0.163835	98519.6	2823.92	2823.3
O16	14895.1	0.269657	99081.8	3537.5	3536.85
O16	14895.1	0.252778	98583.6	2723.95	2723.32
Si28	26053.2	0.121516	93776.2	13.7598	13.4272
O16	14895.1	0.32095	97711.6	2694.21	2693.34
O16	14895.1	0.214899	93500.8	218.961	218.456
O16	14895.1	0.369999	98255.9	2906.85	2905.64
Si28	26053.2	0.177327	94533.1	758.699	758.382
O16	14895.1	0.190223	99211.5	3534.33	3533.71
Mg24	22335.8	0.158856	94687.9	699.129	698.945
Mg24	22335.8	0.15004	94038.3	562.865	561.987
Si28	26053.2	0.109456	97712.2	2647.94	2647.72
Si28	26053.2	0.143026	95555.1	1462.52	1461.49
Si28	26053.2	0.121352	94039.1	477.771	477.593
O16	14895.1	0.197357	95421.2	1220.43	1219.7
O16	14895.1	0.258575	99771.3	3807.15	3806.74
Mg24	22335.8	0.127523	95356.1	641.418	640.985
Mg24	22335.8	0.132157	97971.4	2739.19	2738.15
Si28	26053.2	0.123713	99541.7	3709.39	3708.09
Si28	26053.2	0.118749	97497.3	2544.58	2543.93
Si28	26053.2	0.282556	99571.4	3777.29	3776.84
O16	14895.1	0.190191	93882.3	111.581	111.373
Mg25	23268	0.284631	99153.8	3466.86	3466.26
O16	14895.1	0.279243	95900.8	1670.73	1670.4
O16	14895.1	1.31795	94457.6	565.372	563.761
Si28	26053.2	0.157921	94233.7	618.982	618.612
O16	14895.1	0.218659	96960.5	2092.95	2092.71
Si28	26053.2	0.119705	99416.8	3711.07	3710.76
Mg26	24196.5	0.475364	99166.4	3523.64	3522.91
Si28	26053.2	0.142293	98794.2	3307.1	3306.81
O16	14895.1	0.230074	95542.8	1292.4	1291.77
Si29	26984.3	0.117012	95398	1062.45	1062.2
O16	14895.1	0.255651	99063	3524.29	3523.87
O16	14895.1	0.224125	94699.9	804.966	804.724
O16	14895.1	0.248909	93791.9	322.705	322.403
Mg24	22335.8	0.181665	97307.9	2397.52	2397.15
O16	14895.1	0.377876	96657.1	2051.93	2051.54
O16	14895.1	0.199532	98387	3130.26	3129.59
Si28	26053.2	0.193194	97768.1	2650.59	2650.31
O16	14895.1	0.310366	98063.3	2748.77	2748.11
Si28	26053.2	0.14803	95673.3	729.891	729.259
Si29	26984.3	0.171648	99040.4	3250.53	3250.25
O16	14895.1	0.415684	97833.9	2542.35	2541.68
O16	14895.1	0.242793	99403.7	3688.84	3688.49
Mg26	24196.5	0.223043	93328.3	18.6642	18.2717
O16	14895.1	0.742456	98571.8	3168.6	3167.03
Mg24	22335.8	0.193266	96240.1	860.697	859.439
O16	14895.1	0.258433	92902.8	29.054	28.6389
O16	14895.1	0.294062	99668.8	3851.06	3850.54
Si28	26053.2	0.262911	93988.1	64.1755	63.5862
Si28	26053.2	0.140812	98578	3167.26	3166.67
O16	14895.1	1.53243	93981.3	433.607	431.933
Mg24	22335.8	0.133338	96897.8	2100.69	2100.54
O16	14895.1	0.199756	99144.9	2771.47	2771.16
O16	14895.1	0.215474	98344.1	3064.88	3064.04
O16	14895.1	0.196031	93531.1	230.201	229.523
N15	13968.9	1.10172	99420.4	3501.38	3178.57
Fe54	50231.2	0.133919	94209.9	541.725	541.24
O16	14895.1	0.352455	95047.2	728.243	727.745
O16	14895.1	0.279806	93927.2	400.353	399.94
O16	14895.1	0.227318	99509.4	3661.44	3661.01
O16	14895.1	0.233329	95287.3	1212.81	1211.41
alpha	3727.38	7.70697	97608.5	2632.55	2399.86
C12	11174.9	2.23485	97608.5	2632.55	2399.86
Mg24	22335.8	0.206105	93720.7	296.271	296.02
Mg24	22335.8	0.283154	98840.9	3365.49	3365.11
Mg26	24196.5	0.186818	94013.5	124.109	123.778
O16	14895.1	0.26045	97835.1	2720.79	2719.72
O16	14895.1	0.333943	99012	3485.4	3485.04
O16	14895.1	0.441868	99312.7	3641.3	3640.43
O16	14895.1	0.336927	95941.7	1654.1	1653.35
Si28	26053.2	0.110119	94909.2	1081.76	1081.57
O16	14895.1	0.220955	94275.4	792.239	791.811
O16	14895.1	0.340427	98055.3	2989.67	2989.29
O16	14895.1	2.94236	99552.3	3769.76	3766.77
Si28	26053.2	0.304298	95332.9	1076.52	1075.96
Si28	26053.2	0.303397	98626.1	3242.69	3241.91
O16	14895.1	0.304146	94642.4	803.153	802.803
Si28	26053.2	0.110061	94862.4	670.406	670.101
Si28	26053.2	0.722301	93717.4	356.58	355.846
Mg24	22335.8	0.311546	99747.4	3889.07	3888.59
Mg24	22335.8	0.129548	99734.9	3883.8	3883.66
O16	14895.1	0.595275	99972.8	4014.37	4012.91
Si28	26053.2	0.276157	97312.6	1962.75	1962.39
Si28	26053.2	0.111232	98504.2	3064.56	3063.51
Si28	26053.2	0.175686	96169.9	1743.67	1743.45
O16	14895.1	0.383009	93279.6	48.6789	47.9638
O16	14895.1	0.234841	96473.3	1853.49	1853
Si28	26053.2	0.11235	94304.2	377.39	376.817
Mg24	22335.8	0.149579	97806.7	2576.96	2575.22
O16	14895.1	0.286227	98790.1	3003.24	3002.33
Si28	26053.2	0.223706	98860.3	3058	3057.51
O16	14895.1	0.238925	98946.1	3405.9	3405.65
Si30	27913.2	0.608988	94679.9	862.244	861.031
Mg24	22335.8	0.388614	93372.1	219.14	218.587
Si28	26053.2	0.130379	93656	314.83	314.26
O16	14895.1	0.296194	94086.2	417.22	416.918
O16	14895.1	0.722009	95348.1	1325.21	1324.35
Si28	26053.2	0.133355	93609.7	327.353	327.039
Si30	27913.2	0.123529	93883.8	341.211	340.972
neutron	939.565	182.843	99318.1	3439.67	3109.29
neutron	939.565	25.4616	99318.1	3439.67	3109.29
neutron	939.565	4.53082	99318.1	3439.67	3109.29
neutron	939.565	1.93282	99318.1	3439.67	3109.29
O16	14895.1	14.7193	99318.1	3439.67	3109.29
Si28	26053.2	0.143786	95329.8	1007.58	1007.15
Si28	26053.2	0.214516	97457.1	2227.27	2226.98
O16	14895.1	0.24176	96402.9	1695.07	1694.19
Fe54	50231.2	0.0705745	96236.3	1759.61	1758.85
Mg24	22335.8	0.19128	93892.6	232.072	231.831
Si28	26053.2	0.293638	95590.4	1172.65	1172.09
O16	14895.1	0.189885	98108	2885.06	2884.6
O16	14895.1	0.260983	99989.1	4032.56	4031.44
Si28	26053.2	0.143739	99361.7	3655.9	3655.7
O16	14895.1	0.220643	94195.7	569.468	569.127
O16	14895.1	0.509753	95806.5	1457.52	1456.59
Si28	26053.2	0.187379	94824	772.102	771.639
neutron	939.565	131.307	99951.1	4010.88	3773.24
neutron	939.565	49.4919	99951.1	4010.88	3773.24
neutron	939.565	9.85899	99951.1	4010.88	3773.24
Na22	20482.1	0.13717	99951.1	4010.88	3773.24
Si28	26053.2	0.586305	95937	1654.89	1654.01
O16	14895.1	0.564771	99412.8	3706.82	3705.85
Mg24	22335.8	0.163025	97117.1	2014.57	2013.92
O16	14895.1	0.335476	98983.9	3117.39	3115.69
Si28	26053.2	0.127045	95253.7	663.335	662.543
Mg24	22335.8	0.165005	95007.2	525.526	525.34
O16	14895.1	0.606999	97837.6	2252.84	2252.06
Si28	26053.2	0.115681	96910.9	1735.48	1734.84
O16	14895.1	0.642793	99988.9	4020.81	4019.91
O16	14895.1	0.214452	95601.5	1255.69	1255.12
Si28	26053.2	0.211159	96591.4	1860.04	1859.19
Si28	26053.2	0.409865	94643.7	690.808	690.122
Si28	26053.2	0.219499	95652.8	1316.88	1316.44
Si28	26053.2	0.729915	99642.1	3838.27	3836.6
Mg24	22335.8	0.147779	93964.4	397.434	397.231
O16	14895.1	0.318117	96951.8	2113.1	2112.01
Si28	26053.2	0.259843	95399.6	1277.34	1276.96
O16	14895.1	0.305679	96652	1941.34	1941.03
Si28	26053.2	0.484997	94204.5	519.401	518.557
Si28	26053.2	0.194717	96484.3	1943.62	1943.31
Mg25	23268	0.334199	93463.3	90.9304	90.5931
Si28	26053.2	0.312439	95448.5	1350.27	1349.35
O16	14895.1	0.250064	94991.4	836.592	836.07
Mg24	22335.8	0.112117	97841.6	2823.56	2605.2
Mg24	22335.8	0.229424	96217.6	1420.29	1419.92
O16	14895.1	0.246868	95842	1374.9	1374.52
O16	14895.1	1.24661	95262.9	1019.95	1018.07
Mg25	23268	0.458471	93766.2	145.052	143.883
Si28	26053.2	0.47945	99975.5	4025.26	4024.62
O16	14895.1	0.327856	96700.9	1952.61	1951.23
Si28	26053.2	0.499761	94028.8	441.39	440.741
O16	14895.1	0.25906	99243.8	3603.27	3602.78
O16	14895.1	0.412362	98968.8	3359.61	3359.03
O16	14895.1	0.215589	95257.7	994.686	994.3
O16	14895.1	0.506688	99153	3515.4	3514.52
O16	14895.1	0.198268	99133.9	3502.01	3501.8
O16	14895.1	1.61135	94989.5	969.256	967.27
O16	14895.1	0.2125	95363	1175.1	1173.62
Mg24	22335.8	0.185983	97232.4	1986.5	1986.21
Si28	26053.2	0.246324	96694.5	1847.95	1847.2
Mg24	22335.8	0.263788	97018.6	2253.86	2253.32
Mg24	22335.8	0.850216	94137.1	558.229	557.307
O16	14895.1	0.545847	96860	2201.92	2201.25
Mg24	22335.8	0.321645	94360.2	474.337	474.002
O16	14895.1	0.53532	97753.2	2679.02	2678.34
O16	14895.1	0.217216	99762.4	3623.79	3623.37
O16	14895.1	0.440612	97513.4	2526.95	2526.35
Mg24	22335.8	0.285101	99127.9	3490.99	3490.69
O16	14895.1	0.420789	96311.1	1743.16	1742.55
Si28	26053.2	0.248353	99189.3	3562.66	3562.2
O16	14895.1	1.2215	95753.8	1457.3	1455.64
O16	14895.1	0.219926	97075	2211.17	2210.86
O16	14895.1	0.925436	95506.7	1292.06	1290.69
O16	14895.1	1.04297	93436.9	41.2285	40.1324
O16	14895.1	0.877042	98770.9	3221.24	3220.21
O16	14895.1	0.196486	99330.1	3491.11	3489.53
O16	14895.1	0.352787	95702.3	1049.64	1049.12
O16	14895.1	0.533593	96547.1	1835.56	1834.61
Si28	26053.2	0.377258	99404.2	3715.62	3714.13
Si28	26053.2	0.171529	99594.8	3810.42	3809
Mg24	22335.8	0.154007	99866	3900.66	3900.36
Mg24	22335.8	0.513114	97301.6	2103.74	2102.62
Si28	26053.2	0.147677	98637	3238.79	3238.37
Si28	26053.2	0.657418	95401.7	1072.68	1071.77
O16	14895.1	0.49983	95729.1	1388.92	1388.37
O16	14895.1	0.257265	99115	3542.82	3542.09
O16	14895.1	0.252544	95168	1198.52	1198.07
O16	14895.1	0.192743	96373.4	1511.49	1510.42
Mg24	22335.8	0.149168	93831.6	91.1395	90.8264
Si28	26053.2	0.163237	97555.7	2445.52	2444.39
O16	14895.1	0.268678	95325.8	1286.96	1286.61
O16	14895.1	0.651105	93489.6	27.7248	27.0571
O16	14895.1	0.549773	95811.1	1570.57	1569.94
Si28	26053.2	0.114372	98408.6	3043.57	3043.31
O16	14895.1	0.567623	95483	1336.55	1335.34
O16	14895.1	0.470225	99904.6	3983.48	3981.35
Si28	26053.2	0.278478	94518.4	788.565	787.995
Mg24	22335.8	0.309264	94939.6	875.151	874.781
Mg24	22335.8	0.129873	98613.9	3137.63	3137.45
O16	14895.1	0.280217	93190.3	54.0958	53.4445
Mg24	22335.8	0.206781	96595	1806.96	1806.4
O16	14895.1	0.34852	98410.4	2959.28	2958.42
Si28	26053.2	0.183263	98389.9	3059.12	3058.72
Si28	26053.2	0.173751	97190.7	2045.25	2045.06
Si29	26984.3	0.227909	95389.2	1287.78	1286.94
O16	14895.1	0.255867	99902	3988.06	3987.48
Si28	26053.2	0.391882	99216.4	3573.35	3572.41
Mg24	22335.8	0.271101	98264	2792.52	2792.24
Si28	26053.2	0.251336	97916	2758.17	2757.64
Fe56	52089.8	0.0570366	93641.8	151.068	150.679
O16	14895.1	0.269609	94617.6	544.682	544.373
O16	14895.1	0.260761	97030.6	1938.5	1937.87
Si28	26053.2	0.195202	94529.5	649.288	648.246
Fe56	52089.8	0.107983	95380.9	1318.45	1317.81
Fe56	52089.8	0.154428	94154.9	678.049	677.855
O16	14895.1	0.250222	99997.7	4035.67	4035.29
Mg24	22335.8	0.285974	97751.8	2438.09	2437.7
Si28	26053.2	0.268945	99654.3	3820.58	3819.77
Mg24	22335.8	0.257946	96155.8	1333.04	1332.5
Si28	26053.2	0.155509	99483.7	3745.39	3745.11
O16	14895.1	0.240469	96806.3	2223.61	2223.09
O16	14895.1	1.26799	95772.8	1335.47	1333.47
O16	14895.1	0.343651	96550	1965.05	1964.7
Mg24	22335.8	1.09465	98880	3357.47	3355.92
O16	14895.1	0.214152	98627.4	3165.51	3165.27
O16	14895.1	0.330631	97633.6	1694.66	1694.06
O16	14895.1	0.778976	98751.8	3180.8	3179.88
O16	14895.1	0.230169	99388.3	3637.37	3636.98
O16	14895.1	0.248693	96859.3	2086.88	2085.81
O16	14895.1	0.571489	93997.6	387.812	387.233
Mg24	22335.8	0.286355	99017.5	3393.16	3392.41
O16	14895.1	0.775526	95979.9	1320.76	1319.82
Mg25	23268	0.164568	97609.5	2639.33	2639.15
O16	14895.1	0.241116	98157.5	2953.52	2953.26
O16	14895.1	0.240912	94351.7	488.925	488.489
O16	14895.1	0.521386	97295.2	2327.48	2326.49
Fe56	52089.8	0.130701	99925.5	3987.82	3986.77
O16	14895.1	0.196193	98743.4	3299.64	3298.98
Si28	26053.2	0.171043	97999	2830.52	2830.32
O16	14895.1	0.363152	95276.4	1163.3	1162.8
Mg24	22335.8	0.190024	94925	1103.24	1102.71
O16	14895.1	0.235515	94291.9	500.502	500.242
O16	14895.1	0.441861	95055.8	1111.45	1110.73
O16	14895.1	0.351918	96464.6	1734.2	1733.82
O16	14895.1	0.286824	96220	1578.73	1578.05
Si28	26053.2	0.171789	95499.7	1059.13	1058.77
Fe56	52089.8	0.0629811	97316.4	2451.55	2451.03
Si28	26053.2	0.127889	94048.3	384.18	383.89
O16	14895.1	0.221934	94955.1	910.964	910.707
Si28	26053.2	0.167268	96492.4	1389.81	1388.67
Mg24	22335.8	0.267671	94461.1	789.24	788.947
neutron	939.565	3.42805	95650.1	1483.14	1217.64
F20	18625.3	1.66481	95650.1	1483.14	1217.64
Mg24	22335.8	0.143732	98363.1	2642.42	2642.08
O16	14895.1	0.353083	96286.4	1767.02	1766.48
O16	14895.1	0.196306	94831.4	577.455	577.135
O16	14895.1	0.317777	99574.3	3773.94	3773.09
Mg24	22335.8	0.212347	97756.6	2569.75	2569.43
Si28	26053.2	0.122745	97669.8	2286.51	2286.22
Si28	26053.2	0.172354	95331.7	1258.26	1257.53
O16	14895.1	0.526308	99549	3776.98	3776.41
Mg24	22335.8	0.242422	98989.7	3442.12	3441.47
Si28	26053.2	1.20185	99102.5	3467.95	3466.64
Si29	26984.3	4.38013	94074.3	460.151	455.707
O16	14895.1	0.802385	99258.3	3549.52	3548.57
neutron	939.565	181.048	97125.3	2413.1	1857
neutron	939.565	20.5903	97125.3	2413.1	1857
neutron	939.565	20.4465	97125.3	2413.1	1857
neutron	939.565	5.25123	97125.3	2413.1	1857
Be8	7454.85	8.75835	97125.3	2413.1	1857
Si28	26053.2	0.176107	95303.2	1211.22	1211.01
Si28	26053.2	0.108357	99677.7	3851.27	3850.88
O16	14895.1	0.448001	98880.2	3401.05	3400.1
Mg25	23268	0.200797	99463.4	3708.31	3708.1
Mg24	22335.8	0.573166	99431.4	3734.88	3734.16
Mg24	22335.8	0.138196	97313.6	2303.45	2303.1
O16	14895.1	0.263477	97180.6	2172.49	2172
O16	14895.1	0.287443	98307.5	3062.49	3061.96
Si28	26053.2	0.136068	95299	1027.68	1027.44
Mg24	22335.8	0.201008	99538.6	3763.28	3762.72
O16	14895.1	0.485247	97816.4	2419.83	2419.06
Si28	26053.2	0.119152	96849.9	1967.38	1967
O16	14895.1	0.208632	95840.7	1519.4	1518.48
O16	14895.1	0.515309	95336	1229.75	1229.2
Mg24	22335.8	0.584858	96436.8	1840.11	1839.46
Mg24	22335.8	0.176617	98094.4	2813.75	2813.43
O16	14895.1	0.57133	98782.3	3334.07	3332.95
O16	14895.1	1.01434	99918.9	3985.75	3984.63
Si28	26053.2	0.682966	99806.2	3934.76	3933.68
Si29	26984.3	0.478969	94710.1	746.153	744.692
O16	14895.1	0.233937	97164.6	2331.37	2331.12
Mg24	22335.8	0.149382	99637	3824.33	3824.11
O16	14895.1	0.240197	94715.3	714.718	714.401
Fe56	52089.8	0.134202	95699.6	1470.5	1470.12
O16	14895.1	0.247412	96107.2	1715.48	1714.49
O16	14895.1	0.335531	97929.5	2758.21	2757.49
Mg24	22335.8	0.152476	97358.4	2342.11	2341.38
O16	14895.1	0.203883	95407.6	1144.23	1143.71
Si28	26053.2	0.135454	99741	3855.9	3855.15
Si28	26053.2	0.137477	95858.5	1408.51	1407.58
Mg24	22335.8	0.215295	95826.3	1388.47	1388.23
Si28	26053.2	0.123172	96575.7	1786.16	1785.73
Mg24	22335.8	0.126481	99474.9	3725.56	3724.91
O16	14895.1	0.213745	99652.1	3808	3807.44
neutron	939.565	68.3635	99896.1	3977.31	3650.75
neutron	939.565	3.19831	99896.1	3977.31	3650.75
C12	11174.9	2.77176	99896.1	3977.31	3650.75
Si28	26053.2	0.10953	99394.8	3616.61	3616.32
Mg24	22335.8	0.418437	94874.5	855.253	854.589
O16	14895.1	0.232461	96018.7	1651.1	1650.84
O16	14895.1	0.375678	95993	1393.46	1393.05
Si28	26053.2	0.117182	95871.1	1258.68	1258.36
Si28	26053.2	0.164379	99693.4	3854.39	3853.86
Mg24	22335.8	0.148961	97574.2	2359.17	2358.59
Si28	26053.2	0.179463	98740.5	3111.66	3110.41
O16	14895.1	0.445751	95819.3	1329.35	1328.73
O16	14895.1	0.286178	97354.2	2362.43	2361.93
O16	14895.1	1.81251	96015.5	1365.41	1362.91
Mg24	22335.8	0.185311	97001.3	2091.57	2090.55
O16	14895.1	0.406723	95412.7	579.26	578.63
Si28	26053.2	0.239341	95590.6	1493.03	1492.37
O16	14895.1	0.19475	93178.8	88.9513	88.4325
Si28	26053.2	0.652506	99989.8	4028.48	4027.38
Mg24	22335.8	0.147713	98168	3010.62	3010.4
O16	14895.1	0.24944	93526	195.11	194.831
Mg24	22335.8	0.220625	96744.9	2142.61	2142.29
Mg24	22335.8	0.178811	97320	2247.94	2247.69
O16	14895.1	0.45096	96472.7	1926.98	1926.43
O16	14895.1	0.611855	98470.3	3126.28	3125.36
Mg24	22335.8	0.130388	98670.8	3256.75	3256.34
O16	14895.1	0.219532	99100.4	3510.51	3509.74
Si28	26053.2	0.307837	96204.6	1655.57	1655.19
Mg24	22335.8	0.128096	95900.3	1457.24	1456.89
Mg24	22335.8	0.285605	94305.9	770.496	770.187
O16	14895.1	0.306542	99531.1	3778.39	3778.08
Si28	26053.2	0.130451	93658.8	291.529	290.182
Mg24	22335.8	0.142913	94338.1	159.078	158.492
O16	14895.1	0.229686	98708.2	3222.52	3221.42
Mg25	23268	0.157089	94504.2	805.932	805.629
Si28	26053.2	0.149487	97624.9	2575.44	2575.16
O16	14895.1	0.4812	94070.4	330.04	329.538
Mg25	23268	0.179089	99674	3861.26	3860.98
O16	14895.1	0.2419	95992	1598.81	1598.45
Si28	26053.2	1.3937	95681	1414.04	1412.36
Mg24	22335.8	0.527965	99624.9	3787.29	3786.24
O16	14895.1	0.337733	98218.1	2975.07	2974.7
O16	14895.1	0.298564	94957.4	989.389	988.886
Mg26	24196.5	0.214379	99190	3550.28	3549.92
Si28	26053.2	0.17614	96216.6	1426	1425.25
Si29	26984.3	0.309614	94529.5	627.881	627.504
O16	14895.1	0.213446	94354.9	468.662	467.984
O16	14895.1	0.38747	94046.2	176.739	175.614
O16	14895.1	0.9337	94257.7	532.374	530.969
Si28	26053.2	0.146198	93780.5	60.5356	60.2484
Si28	26053.2	0.214061	96270.2	1644.61	1644.27
Mg25	23268	0.234932	99213.7	3552.63	3552.1
Si28	26053.2	0.110489	97783.9	2409.82	2409.38
O16	14895.1	0.272563	97235.7	2035.18	2034.67
Si28	26053.2	0.157293	98842.2	3350.13	3349.86
O16	14895.1	0.585435	96183.6	1780.67	1779.79
Si28	26053.2	0.109789	93621.6	347.989	347.105
O16	14895.1	0.286211	94357	373.858	373.408
O16	14895.1	0.269159	96062.4	1423.09	1422.59
Fe56	52089.8	0.108677	93892.2	185.559	185.351
O16	14895.1	0.31101	95467.9	1269.41	1268.99
Si30	27913.2	0.133807	97000.2	2019.38	2018.83
O16	14895.1	0.387286	93949.2	342.372	341.959
Si28	26053.2	0.193329	94500.3	554.242	553.35
Si28	26053.2	0.134701	96563.7	2075.71	2075.37
Si29	26984.3	0.448786	96539	2059.65	2058.26
Mg24	22335.8	0.135282	99657.7	3793.25	3792.81
Si28	26053.2	0.203829	98254.7	2853.86	2853.27
O16	14895.1	1.84953	93928.4	130.216	128.287
O16	14895.1	0.192196	95590.2	1211.22	1210.56
Mg24	22335.8	0.160788	93822.6	399.64	398.99
O16	14895.1	0.244723	96315.9	1428.21	1427.96
Mg24	22335.8	0.200043	96808.9	2130.74	2130.27
O16	14895.1	0.261665	98521.6	3139.64	3138.87
O16	14895.1	0.696042	95497.9	1316.28	1315.34
O16	14895.1	1.22032	96346	1812.24	1810.54
Si30	27913.2	0.107826	99330.9	3612.9	3612.29
O16	14895.1	0.35903	93796.1	67.4275	66.9801
Si28	26053.2	0.17072	94219.1	416.661	416.364
Mg24	22335.8	0.311808	99340.4	3679.5	3679.19
Si28	26053.2	0.169139	93906.4	419.052	418.659
O16	14895.1	0.487366	99825	3922.7	3921.23
Si28	26053.2	0.139316	95511	1110.87	1109.13
Mg24	22335.8	0.257005	95684.3	1236.16	1235.63
O16	14895.1	0.296732	96496.7	1896.41	1896.02
O16	14895.1	0.212937	98439.2	3090.67	3089.75
O16	14895.1	0.280771	96707.7	1938.47	1938.02
O16	14895.1	0.395651	97294.1	2077.94	2077.43
O16	14895.1	0.681423	93347.4	111.893	110.88
O16	14895.1	0.529337	96632.7	1944.09	1943.46
O16	14895.1	0.276368	93910.3	394.276	393.939
Mg24	22335.8	0.516573	99173	3420.13	3419.58
Si28	26053.2	0.444496	95942.6	1611.02	1610.15
Si28	26053.2	0.242517	97457	2443.56	2443.27
O16	14895.1	0.307575	98943.5	3211.15	3210.48
O16	14895.1	0.526383	96552.3	1721.52	1720.85
O16	14895.1	0.366129	97482.7	2618.81	2618.3
Mg24	22335.8	0.189729	98173.2	2769.36	2768.58
Si28	26053.2	0.115403	98096.7	2728.36	2726.99
O16	14895.1	0.471174	97392.6	2347.07	2345.81
Mg25	23268	0.144795	93592.4	106.38	106.046
O16	14895.1	0.786732	95680.3	1454.49	1453.54
O16	14895.1	0.289684	97204.3	2023.01	2022.65
Si28	26053.2	0.11808	99146.3	3503.21	3502.12
Mg24	22335.8	0.283684	99976.6	4025.96	4025.43
O16	14895.1	0.443887	99660.6	3804.51	3801.48
O16	14895.1	0.330741	95115.8	588.178	587.797
O16	14895.1	0.222412	98541.5	3171.97	3171.74
O16	14895.1	0.222573	93566.9	197.938	197.547
Fe56	52089.8	0.0661832	96775.7	2054.04	2053.86
O16	14895.1	0.220247	95569.6	1059.1	1058.88
O16	14895.1	2.08435	97215.7	2207.28	2203.6
O16	14895.1	0.449825	95431.5	1339.01	1338.09
O16	14895.1	0.202348	98527.8	2730.56	2730.2
O16	14895.1	0.220168	96238.1	1222.48	1221.91
Si28	26053.2	0.108895	99865	3957.64	3956.94
Si28	26053.2	0.137068	94886.8	876.344	875.833
O16	14895.1	0.899496	95472.4	953.939	952.961
O16	14895.1	0.321516	96008.2	1250.46	1250.12
O16	14895.1	0.310636	95381.5	1139.87	1139.4
Mg24	22335.8	0.28413	96071.3	1453.31	1451.74
Si28	26053.2	0.229452	93991.6	557.613	557.285
Si28	26053.2	0.134721	95928.9	1554.36	1552.61
O16	14895.1	0.585899	99347.9	3644.15	3643.22
O16	14895.1	0.223133	97091.4	2245.29	2245.04
O16	14895.1	0.20586	99017.8	3437.32	3436.85
Mg24	22335.8	0.241781	96934.7	2001.24	2000.14
Mg24	22335.8	0.175228	97579.1	2377.81	2377.13
Mg24	22335.8	0.476141	94175.1	243.81	243.022
O16	14895.1	0.414284	97268	2261.19	2260.7
Si28	26053.2	0.581679	95017.6	1122.19	1121.56
Si28	26053.2	0.111152	96412.4	1856.18	1856.05
O16	14895.1	0.311102	95814.6	1520.24	1519.82
Si28	26053.2	0.186491	96983.2	2225.01	2224.46
Mg26	24196.5	0.232705	93926.2	564.243	563.419
Si28	26053.2	0.288829	99332.6	3637.26	3636.57
O16	14895.1	0.194294	96754.9	2140.57	2140.37
Si28	26053.2	0.171278	94359.2	754.716	754.457
O16	14895.1	0.518482	95294.4	1054.5	1053.87
O16	14895.1	0.191514	96152.2	1653.91	1653.55
O16	14895.1	0.204261	97645.9	2533.73	2533.23
O16	14895.1	0.189249	94597	632.78	632.055
Mg24	22335.8	0.859932	93647.6	330.657	329.656
O16	14895.1	0.266081	98970.8	3393.59	3393.28
Mg25	23268	0.342581	98340.3	3066.07	3064.93
O16	14895.1	0.238101	97460.7	2582.93	2582.68
Si28	26053.2	0.23491	96167.6	1771.2	1770.83
Mg24	22335.8	0.152095	96071.1	1408.49	1408.12
Si28	26053.2	0.245947	93694	119.32	118.634
Si28	26053.2	0.119164	97314.9	2491.24	2490.97
Mg24	22335.8	0.148096	96421.3	1784.09	1783.56
Si28	26053.2	1.43932	94375.8	565.256	563.687
Si28	26053.2	0.235849	96981.7	2167.06	2166.8
Mg24	22335.8	0.182582	97606.8	2638.07	2637.7
Mg24	22335.8	0.228728	97309.5	2348.84	2348.56
Mg25	23268	0.216207	96939.6	2179.29	2178.86
Si30	27913.2	0.222723	99733.6	3877.75	3877.12
O16	14895.1	0.470141	99014.2	3490.87	3490.18
O16	14895.1	0.407961	96883.9	2058.78	2057.92
O16	14895.1	0.658711	98322.7	2988.74	2987.66
O16	14895.1	0.305827	93536.4	120.553	119.606
Mg24	22335.8	0.139633	99718.9	3885.75	3885.41
Si28	26053.2	0.112985	94076.2	568.588	568.205
Si28	26053.2	0.16637	99496.5	3344.44	3344.15
O16	14895.1	0.329424	95929.6	1540.61	1540.15
O16	14895.1	0.209121	95743.8	1318.08	1317.56
Si28	26053.2	0.248063	98699.1	3228.81	3228.46
Mg24	22335.8	0.811305	94922.2	1062.7	1061.69
O16	14895.1	0.294357	94786.7	725.012	723.294
O16	14895.1	0.196094	96654.6	1938.62	1938.39
O16	14895.1	0.367351	98547.7	3135.99	3135.58
Si28	26053.2	0.305155	98992.5	3177.53	3176.75
Si28	26053.2	0.133756	97113.8	2168.82	2168.18
O16	14895.1	1.63522	96940.9	2207.5	2205.33
O16	14895.1	0.298876	96074.2	1568.58	1567.33
O16	14895.1	0.20923	96684.5	1695.24	1694.89
O16	14895.1	0.502649	96072.8	1692.33	1691.55
O16	14895.1	0.33964	95769.1	1280.01	1279.64
O16	14895.1	0.193353	97716.1	2506.1	2505.71
Si28	26053.2	0.124034	94545	525.365	525.113
O16	14895.1	0.34294	99447	3737.41	3736.84
Si28	26053.2	0.173731	96916.2	2015.16	2014.9
O16	14895.1	0.266171	95144.2	942.429	941.955
O16	14895.1	0.237041	99688.2	3870.58	3869.79
Mg24	22335.8	0.277355	96042	1765.5	1765.14
Mg24	22335.8	0.162068	96271	1901.35	1900.31
Fe54	50231.2	0.0564022	94309.9	652.369	651.944
O16	14895.1	0.193213	93741.9	155.23	154.905
O16	14895.1	0.391612	99269.8	3493.1	3492.19
Si28	26053.2	0.145701	94629.5	638.391	638.079
O16	14895.1	0.879274	97853.9	2433.99	2432.66
O16	14895.1	0.765587	94561.8	652.272	650.415
O16	14895.1	0.254348	95795.4	1336.87	1336.24
Si28	26053.2	0.131411	97114.7	2278.19	2277.81
Si28	26053.2	0.166035	94508.8	523.868	523.489
Si28	26053.2	0.11747	96695.5	2074.76	2074.55
O16	14895.1	0.19336	95215.4	1240.44	1239.47
O16	14895.1	0.299626	95187.3	1062.02	1061.06
Si28	26053.2	0.159749	94729.9	853.01	852.617
O16	14895.1	0.376462	97046.5	2330.64	2329.96
O16	14895.1	0.404272	95956.3	1613.41	1612.94
O16	14895.1	0.25892	94940.8	696.679	696.376
O16	14895.1	0.381511	94706.4	758.327	757.92
Si28	26053.2	0.339514	94269.1	510.439	509.683
O16	14895.1	0.988268	99467	3743.18	3742.15
O16	14895.1	0.267213	98311.8	2589.36	2588.97
Si30	27913.2	0.129432	99762.1	3909.42	3908.84
O16	14895.1	0.232658	97549.7	2412.79	2411.41
O16	14895.1	0.407138	95370.9	1245.91	1243.65
Si28	26053.2	0.178726	99634.7	3831.34	3831.15
Mg24	22335.8	0.165304	96982.4	2131.56	2131.37
Mg24	22335.8	0.169896	96114.6	1628.62	1628.43
O16	14895.1	0.296315	99187.5	3557.42	3556.91
O16	14895.1	0.411499	98438	3173.99	3172.19
O16	14895.1	0.207782	94558.4	782.95	782.202
Mg24	22335.8	0.137128	98926	3434.26	3433.23
O16	14895.1	0.239268	96351.1	1318.63	1318.12
Si30	27913.2	0.103572	94742.3	982.636	982.082
Si28	26053.2	0.207629	98615.9	3248.44	3247.56
Mg24	22335.8	0.181858	96002.5	1319.31	1318.66
neutron	939.565	12.7152	97410.3	2496.59	2170.58
N14	13040.2	0.621961	97410.3	2496.59	2170.58
O16	14895.1	0.34395	94498.1	566.244	565.899
O16	14895.1	0.872216	97668.4	2046.37	2045.15
O16	14895.1	0.344636	98224	2864.01	2863.15
Si28	26053.2	0.134662	97410	2423.98	2423.73
Si28	26053.2	0.164062	97468.9	2513.7	2513.32
Si28	26053.2	0.114459	93251.3	15.0597	14.6338
Si28	26053.2	0.15965	94622.8	807.546	807.203
O16	14895.1	0.211875	93451.1	256.063	254.943
O16	14895.1	0.402207	94786.2	872.768	872.206
Fe56	52089.8	0.204379	95208.9	1243.05	1242.52
O16	14895.1	0.952171	94890.5	685.19	683.928
O16	14895.1	0.196899	94778	621.495	621.124
O16	14895.1	0.319841	94221.2	598.221	597.627
O16	14895.1	0.880305	98631.2	3217.15	3216.16
O16	14895.1	0.207787	95466	1026.72	1026.28
Mg24	22335.8	0.174273	96125.7	1687.57	1687.24
Mg26	24196.5	0.168221	99983.7	4025.29	4024.87
Si28	26053.2	0.121313	99350.6	3668.43	3668.17
O16	14895.1	0.19275	94682.2	915.727	915.388
O16	14895.1	0.292144	96288.9	1749.46	1748.71
O16	14895.1	0.54531	93334.8	155.155	154.34
O16	14895.1	0.305227	98951.4	3423.37	3422.6
O16	14895.1	0.193679	93211	180.956	180.266
Mg24	22335.8	0.187436	98549.8	3111.31	3109.85
Mg26	24196.5	0.698899	95786.1	1467.62	1466.9
Si28	26053.2	0.121212	94095.9	487.751	487.514
O16	14895.1	0.250931	95970.3	1425.37	1424.83
O16	14895.1	0.459053	97476	2475.28	2473.45
O16	14895.1	0.332656	98305.1	3010.99	3009.93
O16	14895.1	0.96076	98112.4	2959.95	2958.81
Fe56	52089.8	0.0736661	96260	1297.13	1296.98
O16	14895.1	0.236053	98699.2	3293.66	3292.4
Si29	26984.3	0.12126	95358.4	953.965	952.809
Si28	26053.2	0.137624	97132.4	2221.34	2220.8
O16	14895.1	0.473764	93829.5	329.914	329.321
Mg24	22335.8	0.173077	99080.8	3414.41	3414.11
O16	14895.1	0.337772	94874.8	571.087	570.683
Fe56	52089.8	0.101665	96256.3	1792.74	1792.39
Si28	26053.2	0.169167	93718	163.089	162.675
Mg24	22335.8	0.419462	95061.9	398.904	398.402
Fe56	52089.8	0.0543774	95474.3	1233.98	1233.49
O16	14895.1	0.200003	99700.9	3433.1	3432.87
Mg24	22335.8	0.149497	95929.2	1373.09	1372.68
O16	14895.1	0.254678	98707.1	3184.4	3184.01
Si28	26053.2	0.1226	94960.6	976.958	975.932
Si28	26053.2	0.126786	93241.3	97.4529	97.3097
Si28	26053.2	0.128844	95901.9	856.606	856.441
Si28	26053.2	0.257533	93447.1	193.051	192.452
Mg24	22335.8	0.13376	98611.6	2838.02	2837.82
O16	14895.1	0.268878	93646.2	276.109	275.346
O16	14895.1	0.309889	99553.6	3467.7	3467.2
O16	14895.1	0.379443	97368.9	2222.08	2220.36
O16	14895.1	0.206138	98362.1	2786.86	2786.35
O16	14895.1	0.259276	96234.9	1718.76	1717.28
O16	14895.1	0.388557	95403.1	1038.79	1037.41
Si28	26053.2	0.182706	94266.2	404.036	403.799
Mg24	22335.8	0.854296	95296.4	1140.5	1139.63
O16	14895.1	0.350871	94150.7	440.035	439.475
O16	14895.1	0.257094	93829.3	338.548	337.802
O16	14895.1	0.293451	98780.4	3301.81	3300.67
O16	14895.1	0.25371	94101.5	479.033	478.746
O16	14895.1	1.53679	95314.2	1328.76	1326.83
O16	14895.1	0.280209	94395.9	803.278	802.665
O16	14895.1	0.217417	94531.5	611.484	611.115
O16	14895.1	0.225203	94362.5	125.763	125.519
O16	14895.1	0.592381	97147.4	2125.55	2124.73
