Fe56	52089.8	0.0656628	99183.7	2975.18	2974.88
Mg26	24196.5	0.174229	99290.7	2952.69	2951.77
Si28	26053.2	0.123061	98316.7	2389.16	2388.57
Fe56	52089.8	0.231264	98594.9	2581.44	2580.97
Mg24	22335.8	0.339494	99716.1	3246.97	3246.41
Mg24	22335.8	0.205876	97685.3	1967.37	1967.02
Mg24	22335.8	0.450982	97291.9	1464.06	1463.3
Si30	27913.2	0.141783	95414.5	518.595	516.769
O16	14895.1	0.344767	96823.7	1613.99	1613.57
O16	14895.1	0.391542	94514.7	354.388	353.691
O16	14895.1	0.435694	99950.4	3391.15	3390.42
Si28	26053.2	0.123053	98475	2495.28	2494.29
Fe56	52089.8	0.0592977	99277.5	2960.6	2960.05
Si28	26053.2	0.29089	95377.5	677.475	677.125
Fe56	52089.8	0.812044	96753.9	1321.04	1319.67
O16	14895.1	0.396042	98895.5	2581.31	2580.67
O16	14895.1	0.238781	97194.8	1707.88	1707.33
O16	14895.1	0.302333	95277.7	506.463	505.728
Si28	26053.2	0.134427	97628	2009.44	2008.78
O16	14895.1	0.197657	97273.8	1797.98	1797.66
Si28	26053.2	0.111058	96131.9	1002.07	1001.73
O16	14895.1	0.499709	94833	208.095	207.554
Si28	26053.2	0.206424	99849.5	3350.66	3350.09
Si28	26053.2	0.338037	98225	2304.24	2303.83
Mg24	22335.8	0.136944	97010.9	1610.92	1610.39
O16	14895.1	0.401732	98671.8	2602.18	2601.77
O16	14895.1	0.350285	98624.8	2569.59	2569.2
O16	14895.1	0.305766	94345.9	92.3038	91.8363
Mg24	22335.8	0.15464	97350.2	1664.42	1663.9
Mg24	22335.8	0.15901	97385.2	1836.55	1835.61
Si28	26053.2	0.209512	95354.8	518.583	518.281
Si28	26053.2	0.220243	95278.5	470.117	469.462
Si28	26053.2	0.116083	95430.9	740.223	739.814
Si28	26053.2	0.156919	99839	3326.98	3326.82
O16	14895.1	0.32355	98256	2103.95	2103.4
O16	14895.1	0.734636	98101.3	2236.73	2235.41
Mg24	22335.8	0.130994	94450.3	223.011	222.35
O16	14895.1	0.352219	94683.6	375.261	374.727
Mg24	22335.8	0.126892	96518.3	1195.68	1195.45
Si28	26053.2	0.161122	96026.8	990.485	990.016
Si29	26984.3	0.139514	95828	589.145	588.518
Si28	26053.2	0.111046	97377.3	1882.6	1882.42
O16	14895.1	0.367835	95588.3	821.87	821.482
Mg24	22335.8	0.15087	99563.4	3162.95	3162.56
Mg26	24196.5	0.34613	96347.6	1185.9	1184.97
O16	14895.1	0.448115	99607.6	3229.18	3228.61
O16	14895.1	1.17777	94518.5	116.843	115.336
O16	14895.1	0.249785	94983.1	156.607	155.768
O16	14895.1	0.202332	98080.6	2311.31	2310.61
Si28	26053.2	0.115513	97830.3	2164.52	2164.03
O16	14895.1	6.2986	96511.7	1260.47	1253.28
Mg24	22335.8	0.12973	98334.9	2158.09	2157.24
Si28	26053.2	0.155551	95982.6	1007.22	1006.87
Mg24	22335.8	0.27364	96859.2	1289.13	1288.22
Si28	26053.2	0.145224	97993.1	2225.47	2225.14
O16	14895.1	0.390376	98114.7	2217.12	2216.4
O16	14895.1	0.233959	94062.3	18.6834	18.4186
O16	14895.1	0.189259	98408.6	2316.25	2316
O16	14895.1	0.467383	94612.6	56.0295	55.4834
Si28	26053.2	0.278126	94860.8	458.442	457.601
O16	14895.1	0.331042	98691	2694.36	2693.8
O16	14895.1	0.485896	94587.8	141.15	140.375
Si28	26053.2	0.295872	95282.3	648.201	647.846
Si29	26984.3	0.413802	95162.1	310.326	309.87
Mg25	23268	0.747955	97887.5	2132.53	2130.8
O16	14895.1	0.267441	99030.8	2834.75	2834.45
O18	16762	0.43257	98955	2774.3	2773.84
O16	14895.1	0.519845	95692.4	813.262	812.72
O16	14895.1	0.546085	98368.5	2405.7	2404.49
Mg24	22335.8	0.28971	99713.8	3213.79	3213.46
O16	14895.1	0.249238	99026.2	2794.08	2792.65
O16	14895.1	0.90275	96634.9	1368.45	1367.36
Fe56	52089.8	0.0976485	94541.8	169.508	169.054
O16	14895.1	0.879366	98162.9	2266.17	2265.2
Si28	26053.2	0.200085	97966.1	2207.52	2207.18
Mg24	22335.8	0.218593	98236.5	2320.1	2319.11
Si28	26053.2	0.123069	94702.6	411.829	411.527
Si28	26053.2	0.114521	97932.7	2180.36	2180.14
Mg24	22335.8	0.178947	97912.5	2101.59	2101.1
Si28	26053.2	0.135891	97647.1	2027.74	2027.57
O16	14895.1	0.312965	95855.2	802.858	802.51
O16	14895.1	0.399379	96849.3	1640.24	1639.79
Fe56	52089.8	0.0635962	96724.9	1208.34	1208.24
O16	14895.1	0.199235	95795.3	1020.99	1019.61
Si28	26053.2	0.904912	94289.3	176.376	175.416
O16	14895.1	0.634397	97656.6	2089.59	2088.9
O16	14895.1	0.525322	95062.5	388.078	387.467
Mg24	22335.8	0.376961	96485.1	915.887	915.112
O16	14895.1	0.20261	94872.8	363.926	363.666
Si28	26053.2	0.3432	97291.4	1780.38	1778.75
Mg24	22335.8	0.178465	99454.1	3006.84	3006.39
Si28	26053.2	0.122428	99673.9	3198.28	3198.02
O16	14895.1	0.222126	94617.7	315.206	314.91
O16	14895.1	0.773583	98306.5	2415.38	2414.42
Si28	26053.2	0.150849	95727	874.053	873.402
O16	14895.1	0.314041	98764.5	2535.96	2535.42
Mg24	22335.8	0.127773	99093.3	2904.84	2904.6
Si28	26053.2	0.142297	96993.6	1722.59	1721.97
Si28	26053.2	0.191186	98772.4	2327.06	2326.69
neutron	939.565	31.184	98543.7	2581.26	2329.16
Mg23	21412.8	0.791184	98543.7	2581.26	2329.16
O16	14895.1	0.242924	98966.8	2861.38	2860.99
O16	14895.1	0.192431	94503.2	307.589	307.141
Si28	26053.2	0.110326	96417.6	1137.55	1137.37
O16	14895.1	0.345633	96277.1	1197.25	1195.73
O16	14895.1	0.189535	95079.9	482.395	482.125
O16	14895.1	1.17759	98531.4	2322.46	2320.8
O16	14895.1	0.428933	94698.3	109.961	109.355
Mg24	22335.8	0.134634	94304.8	46.2631	45.9103
Si28	26053.2	0.227163	95996.6	874.835	873.481
Si28	26053.2	0.120073	98172.9	2255.61	2255.45
O16	14895.1	0.272508	95715.6	864.183	863.851
O16	14895.1	0.455495	94324.1	61.3742	60.808
Mg25	23268	0.142784	99644	3210.02	3209.58
Si28	26053.2	0.168383	98196.2	2425.67	2424.92
Mg24	22335.8	0.340872	98958	2832.27	2831.41
O16	14895.1	0.455775	96759.9	1324.85	1324.17
O16	14895.1	0.331944	96456.1	1143.42	1142.96
O16	14895.1	0.259321	98893.2	2806.98	2806.63
O16	14895.1	0.722906	95849.7	765.459	764.578
Mg25	23268	0.443619	98486.2	2523.51	2522.73
O16	14895.1	0.301262	94550.3	233.547	232.968
Si28	26053.2	0.116863	99812.3	3317.33	3316.32
O16	14895.1	0.460367	98641.6	2607.65	2607.17
O16	14895.1	0.272225	96022.1	863.224	862.579
O16	14895.1	1.8218	98407.3	2328.11	2325.97
Si28	26053.2	0.285439	95965.2	756.948	756.405
Si28	26053.2	0.496702	97861	1992.13	1990.49
Mg24	22335.8	0.185469	97471.6	1866.72	1866.21
Si28	26053.2	1.06893	98080.1	2307.33	2306.09
Mg24	22335.8	0.134136	96258.8	1111.42	1111.23
O16	14895.1	0.220545	95136.1	494.583	493.956
O16	14895.1	0.286875	94779.4	252.102	251.7
O16	14895.1	0.429893	96169.9	1096.03	1095.36
Fe56	52089.8	0.480918	95645.4	815.159	814.353
Mg24	22335.8	0.410697	94900.7	160.776	159.372
Si28	26053.2	0.125091	95844.4	643.75	642.932
Si29	26984.3	0.191799	97339.9	1746.9	1746.5
O16	14895.1	0.215991	95626.5	844.951	844.597
Si28	26053.2	0.224005	96630.5	823.33	822.581
Si28	26053.2	0.159785	99975.6	2842.87	2842.33
Si28	26053.2	0.224867	99700.2	3260.24	3259.96
Mg24	22335.8	0.166353	97248.4	1833.7	1833.33
O16	14895.1	0.563495	94887	217.419	216.489
O16	14895.1	0.244098	98621	2507.33	2506.92
Si28	26053.2	0.164116	98536	2472.61	2472.37
O16	14895.1	0.851718	96237.5	1025.57	1024.52
O16	14895.1	0.823092	99038.4	2460.77	2458.88
Si28	26053.2	0.190841	95929	1029.21	1028.98
O16	14895.1	0.661712	97121.1	1612.16	1610.4
Mg26	24196.5	0.128443	95924.3	488.912	488.742
O16	14895.1	0.200673	95634.2	871.262	870.821
O16	14895.1	0.264043	99836.1	3347.67	3347.06
Mg24	22335.8	0.266334	97221.7	1790.1	1789.74
O16	14895.1	0.255797	95161.1	491.456	491.033
O16	14895.1	0.593186	97687.5	1950.26	1949.57
O16	14895.1	0.243481	97663.1	1953.26	1952.93
O16	14895.1	0.255555	96988.6	1688.04	1687.56
neutron	939.565	85.4258	99884.5	3340.74	2761.29
neutron	939.565	77.8871	99884.5	3340.74	2761.29
C12	11174.9	0.294785	99884.5	3340.74	2761.29
O16	14895.1	0.616161	96133.1	1102.7	1101.86
Si29	26984.3	0.191444	96904.6	1417.93	1417.12
Mg24	22335.8	0.354118	97606.7	1747.7	1747.26
Si28	26053.2	0.164082	96960.5	1683.61	1683.33
O16	14895.1	0.199646	94781.7	418.805	418.486
Si28	26053.2	0.571801	95144.5	443.904	442.71
O16	14895.1	0.351871	96471.4	1302.24	1301.66
O16	14895.1	0.441743	96075.4	986.201	985.534
Si28	26053.2	0.254439	97041.9	1351.09	1350.2
O16	14895.1	2.59469	99425.7	3102.42	3099.47
Mg24	22335.8	0.239094	96140.3	1048.07	1046
C14	13040.9	1.23116	98460.3	2521.56	2029.76
O16	14895.1	0.416098	98051.8	1792.06	1791.06
Si28	26053.2	0.630274	98871.6	2759.35	2758.57
O16	14895.1	0.299502	97660.6	1726.01	1724.91
Si28	26053.2	0.337777	99582.5	3207.97	3207.55
O16	14895.1	0.287684	98977.5	2771.05	2770.6
Fe56	52089.8	0.0676379	98486.6	2068.2	2068.08
O16	14895.1	0.71526	97620.5	1872.31	1871.5
O16	14895.1	0.350867	96204.5	994.757	994.286
Si28	26053.2	0.14439	99390	3070.63	3069.59
O16	14895.1	0.189704	96668.8	1422.28	1422.04
O16	14895.1	0.526097	94886	383.112	382.553
Si28	26053.2	0.113514	95122.5	495.353	494.897
Si28	26053.2	0.137807	94993.2	401.188	400.862
Mg26	24196.5	0.125357	99931.1	3394.66	3393.99
Si28	26053.2	0.121305	98284.9	2214.04	2213.85
O16	14895.1	0.827801	95592.1	795.031	794.002
Si28	26053.2	0.144053	96200.4	1180.14	1179.61
O16	14895.1	0.257607	94574.8	139.068	138.773
Mg26	24196.5	0.132263	95111.7	424.055	423.148
O16	14895.1	0.344867	99742.5	3266.53	3266.13
O16	14895.1	0.265891	94884	321.699	321.327
Si30	27913.2	0.123796	96355.4	1282.75	1281.98
O16	14895.1	0.502014	98513.9	2523.65	2523.03
Mg24	22335.8	0.725339	98784.8	2540.45	2539.5
Mg24	22335.8	0.139271	98544	2563.16	2562.22
Si28	26053.2	0.3032	95242.5	690.61	690.145
O16	14895.1	0.267897	97760.1	1718.85	1718.18
O16	14895.1	0.936369	95726.4	694.041	692.965
O16	14895.1	0.298123	99383.9	3020.78	3019.98
Mg24	22335.8	0.160266	99653.5	3252.24	3251.37
Mg24	22335.8	0.219909	95613.6	841.459	840.654
O16	14895.1	0.281025	94634.8	181.304	180.967
O16	14895.1	0.28908	96513.6	1125.58	1124.9
Si28	26053.2	0.164036	99857.9	3355.48	3355.21
O16	14895.1	0.380877	98311.6	2208.87	2208.32
Mg24	22335.8	0.14648	97741.6	2077.22	2077.01
Si28	26053.2	0.122782	95275.9	421.303	420.833
Mg24	22335.8	0.13516	97042.3	1671.42	1670.66
Si28	26053.2	0.253261	98206.9	2270.29	2269.78
Fe56	52089.8	0.18926	96689.3	1274.31	1273.71
Mg24	22335.8	0.132334	94762.1	145.585	145.056
O16	14895.1	0.343049	97454.5	1810.75	1810.03
O16	14895.1	0.323964	99276.2	2926.88	2926.14
Mg26	24196.5	0.186994	95230.6	559.723	558.487
Si28	26053.2	0.68331	96568.8	1411.72	1410.95
O16	14895.1	0.235642	95089.4	587.581	587.118
O16	14895.1	1.07785	96926.3	1504.53	1503.41
Fe56	52089.8	0.179455	95972.5	1110.7	1110.34
Mg24	22335.8	0.212809	97314.2	1654.78	1654.29
Mg24	22335.8	0.381121	96328.3	1203.39	1202.01
O16	14895.1	0.253037	94666.1	300.828	300.394
Si28	26053.2	1.11029	99939.8	3400.59	3398.69
O16	14895.1	0.306227	99451.3	2862.96	2862.41
Mg24	22335.8	0.152377	98880.7	2505.88	2504.55
O16	14895.1	0.335789	95178.6	364.254	363.783
Si30	27913.2	0.315461	97858.2	2004.1	2003.29
O16	14895.1	0.190089	96528.7	1126.61	1125.97
O16	14895.1	0.604878	96053.8	858.141	857.33
O16	14895.1	0.411316	97785	1933.69	1932.86
O16	14895.1	0.582645	98483.4	1976.96	1975.87
Mg24	22335.8	0.29984	96058.9	1035.55	1034.76
Si28	26053.2	0.256356	95951.9	976.818	976.489
Mg24	22335.8	0.231419	96209.4	1002.18	1001.47
O16	14895.1	0.386024	96165	1110.78	1110.32
neutron	939.565	9.15966	99232.3	2938.42	1743.51
Mg24	22335.8	0.922927	99232.3	2938.42	1743.51
Mg24	22335.8	0.193524	99053.6	2777.97	2777.69
O16	14895.1	0.521148	97966.4	2088.04	2087.39
Si28	26053.2	0.167428	97084.4	1754.54	1754.21
O16	14895.1	0.196441	94851.6	333.627	332.236
Si28	26053.2	0.111392	96325.4	1058.43	1058.03
Si28	26053.2	0.825489	95664.6	685.697	684.626
Si28	26053.2	0.13038	95428.7	699.209	699.021
Fe56	52089.8	0.103795	94596.3	151.737	151.424
Si29	26984.3	0.119262	96935.2	1643.69	1643.56
O16	14895.1	0.315934	94904.6	302.978	302.508
O16	14895.1	0.212659	99179.5	2955.42	2955.2
O16	14895.1	0.408495	96375.8	1357.52	1356.69
O16	14895.1	0.339297	94971.1	599.502	599.02
O16	14895.1	0.208919	99047.6	2861.37	2860.04
O16	14895.1	0.202565	97497.1	1953.4	1952.98
Si28	26053.2	0.257769	99110.7	2880.75	2880.36
O16	14895.1	0.358338	99591.3	3138.44	3137.64
Mg24	22335.8	0.221486	98591.4	2176.11	2175.7
Si28	26053.2	0.133933	96395.4	1100.71	1100.13
O16	14895.1	0.377438	99728.8	3278.16	3277.54
Mg24	22335.8	0.674366	97435.7	1579.93	1579.05
O16	14895.1	0.253991	94636.4	137.129	136.623
O16	14895.1	0.195425	97324.8	1697.48	1696.92
O16	14895.1	1.06218	97205.4	1650.93	1649.82
Mg24	22335.8	0.139335	97855.1	1985.4	1984.78
O16	14895.1	0.499656	98214.5	2312.08	2311.29
O16	14895.1	1.53258	95387.3	686.601	684.873
Si28	26053.2	0.287023	98333	2428.82	2428.36
O16	14895.1	0.485611	95360.3	597.626	597.099
O16	14895.1	0.213871	98702.9	2699.47	2699.11
O16	14895.1	3.46054	98715.1	2468.39	2464.55
Si28	26053.2	0.12461	96844.3	1387.66	1387.25
O16	14895.1	0.220409	97175.2	1563.3	1563.08
O16	14895.1	0.191671	95683.2	570.906	570.681
Si28	26053.2	0.108621	98975.3	2763.03	2762.68
O16	14895.1	0.253809	98764.4	2725.03	2724.71
O16	14895.1	0.458393	96124.1	1144.87	1144.22
Si28	26053.2	0.117153	98476.1	2549.03	2548.42
O16	14895.1	0.372895	94593.1	83.6384	82.9023
Mg24	22335.8	0.159153	99751.5	3294.5	3294.1
Mg24	22335.8	0.632646	94655.3	170.588	169.915
O16	14895.1	0.506985	98106.6	2358.6	2357.89
Mg24	22335.8	0.197065	96377.6	936.68	935.041
O16	14895.1	0.207268	94208.5	83.9096	81.8432
O16	14895.1	0.198309	98868.6	2782.63	2782.35
Mg24	22335.8	0.553389	95621.2	921.951	921.357
O16	14895.1	0.337645	97198.3	1459.12	1458.46
Si28	26053.2	0.428314	98716.4	2621.32	2620.86
Mg24	22335.8	0.482657	99527.1	3186.72	3186.06
Si28	26053.2	0.244386	99764.2	3172.37	3171.77
Si28	26053.2	0.145851	99839.7	3341.54	3341.37
Mg24	22335.8	0.17168	99293.1	2982.78	2982.4
Si28	26053.2	0.119083	98031.7	2096.97	2096.56
Mg24	22335.8	0.15511	97380.6	1820.52	1820.33
Si28	26053.2	0.215285	97361.2	1904.33	1904.01
Si28	26053.2	0.277951	98003.1	2218.79	2218.21
Si28	26053.2	0.280256	99747.7	3297.19	3295.91
O16	14895.1	0.344359	94928.2	109.388	109.034
O16	14895.1	0.250697	98670	2645.73	2645.35
Mg26	24196.5	0.178684	97541.9	1973.66	1972.88
O16	14895.1	0.416744	96248.4	1194.24	1193.71
O16	14895.1	0.409272	97300.9	1891.57	1891.15
Mg25	23268	0.12385	95392.7	531.931	531.788
O16	14895.1	0.23937	95577.1	842.654	841.944
O16	14895.1	0.289622	98831.1	2723.61	2722.28
O16	14895.1	0.325737	95349.4	623.507	621.69
Mg24	22335.8	0.899386	94939.8	430.728	429.451
O16	14895.1	0.245097	97047.2	1495.18	1494.53
O16	14895.1	0.192002	98864.3	2798.8	2798.31
Fe56	52089.8	0.0874608	98644.4	2617.77	2617.51
Si28	26053.2	0.123232	94109.8	27.5797	27.3368
O16	14895.1	0.496518	95535.8	810.66	809.836
O16	14895.1	0.269912	96006.6	987.208	986.5
Mg24	22335.8	0.141418	96690.6	1309.84	1309.64
O16	14895.1	0.251499	95626.1	882.623	882.209
O16	14895.1	0.282351	99676.1	2673.99	2673.64
O16	14895.1	0.275063	98138.5	2146.6	2146.17
Si28	26053.2	0.280237	99408.3	3072.95	3072.67
O16	14895.1	0.358157	97690.2	2114.21	2113.13
Mg25	23268	0.150061	95679.7	863.798	863.63
Mg25	23268	0.59715	96777.8	1529.27	1527.7
O16	14895.1	0.255629	98060.3	2255.47	2254.39
Mg24	22335.8	2.04756	99634.4	3193.35	3191.11
O16	14895.1	0.28106	95401.9	697.038	696.671
Si28	26053.2	0.270923	99780.4	3313.04	3312.61
Mg26	24196.5	0.120684	95335	632.041	631.537
Si28	26053.2	0.178514	97179.1	1706.38	1706.11
Mg24	22335.8	0.181255	95485.7	686.868	686.674
Mg26	24196.5	0.189639	99305.4	3011.82	3011.45
Mg24	22335.8	0.207381	96643.1	1183.79	1183.5
O16	14895.1	0.216413	96521.3	1188.99	1188.09
Si28	26053.2	0.197243	94670.9	115.443	115.234
O16	14895.1	0.190361	97121.5	1576.46	1575.74
Si28	26053.2	0.160479	94348.8	59.2774	58.8874
O16	14895.1	2.2056	99739.8	3273.7	3270.13
Fe56	52089.8	0.0939137	97734.8	1898.33	1897.88
O16	14895.1	1.53754	97699.4	1898.07	1896.26
O16	14895.1	0.665563	99526.4	3179.46	3178.56
Si28	26053.2	0.154895	96452.8	1029.72	1029.55
Mg24	22335.8	0.213285	97499.7	1811.92	1811.19
Mg24	22335.8	0.128501	98111.4	2209.51	2209.36
Si28	26053.2	0.219303	99445.1	3133.9	3132.32
O16	14895.1	0.918634	99969.9	3414.89	3413.71
O16	14895.1	0.370516	94929.3	317.279	316.897
O16	14895.1	0.544798	97623.8	1854.73	1853.47
O16	14895.1	0.55889	95089.3	211.848	211.236
O16	14895.1	0.422594	99766.7	3160.2	3159.59
O16	14895.1	0.693252	97657.5	2132.55	2131.71
O16	14895.1	0.371449	99969.7	3414.29	3413.75
Mg24	22335.8	0.582315	94569.8	195.434	194.234
O16	14895.1	0.189354	97077.2	1444.94	1443.63
Si28	26053.2	0.193098	95206.9	333.033	332.462
O16	14895.1	0.249085	97815.6	2157.86	2156.77
O16	14895.1	0.262029	94370.4	77.0596	76.3837
Mg24	22335.8	0.188026	97149.5	1661.25	1661.06
O16	14895.1	0.199875	98706.8	2699.25	2699.04
O16	14895.1	0.282954	99571.1	3126.59	3126.22
O16	14895.1	0.642858	96508.1	1395.33	1394.37
O16	14895.1	0.587754	95797.3	825.748	825.079
Mg24	22335.8	0.153717	94928.2	265.21	264.93
O16	14895.1	0.207769	96599.7	1192.22	1191.83
O16	14895.1	0.914587	94254.4	82.4586	81.46
Mg25	23268	0.809481	96322.8	1259.63	1258.31
Mg24	22335.8	0.22149	95376.7	637.252	636.881
Si29	26984.3	0.122807	96421.6	1269.23	1269.09
O16	14895.1	0.320399	97214.6	1689.02	1688.69
Si28	26053.2	0.476276	99181.6	2963.17	2962.64
Si28	26053.2	0.359699	96627.8	1466.29	1465.89
O16	14895.1	0.315603	96047.7	1105.08	1104.6
O16	14895.1	0.339903	96600.9	1398.16	1397.52
Si28	26053.2	0.156781	96680.6	1290.55	1289.77
O16	14895.1	1.19666	97984.6	2273.25	2271.35
O16	14895.1	0.311682	97957.3	2130.83	2130.37
neutron	939.565	0.569398	96824.5	1461.08	1196.48
C13	12109.5	0.803391	96824.5	1461.08	1196.48
neutron	939.565	177.998	98078.3	2195.63	1867.44
neutron	939.565	40.2061	98078.3	2195.63	1867.44
Be9	8392.75	9.64917	98078.3	2195.63	1867.44
O16	14895.1	2.15323	95478.9	424.305	422.051
Mg24	22335.8	0.357034	99689.1	3253.57	3252.93
O16	14895.1	0.241249	99728.5	3278.81	3277.83
Si28	26053.2	0.170978	98430.8	2522.41	2521.95
O16	14895.1	0.235193	97400	1706.85	1706.6
O16	14895.1	0.192514	97825	2113.98	2113.74
Si28	26053.2	0.169143	94865.7	444.433	444.226
O16	14895.1	0.346675	95889.7	670.235	669.637
Mg24	22335.8	0.172058	99969.5	3413.27	3412.52
O16	14895.1	0.683517	96070.3	1051.27	1050.54
O16	14895.1	0.36698	99469.1	3117.3	3116.46
O16	14895.1	0.202872	97563.7	1921.46	1921.21
Si28	26053.2	0.145051	94839.7	467.775	467.609
O16	14895.1	1.73324	99054.2	2890.08	2887.39
O16	14895.1	0.381706	97573.1	1693.36	1692.96
Si28	26053.2	0.257909	99874.2	3359.49	3358.73
O16	14895.1	0.363095	95199.3	435.601	434.754
Si28	26053.2	0.145039	97141	1607.06	1605.87
O16	14895.1	0.199938	94564.9	159.868	159.407
Si28	26053.2	0.286007	97708.3	1757.35	1756.91
O16	14895.1	0.289977	97320.5	1647.7	1647.4
Mg24	22335.8	0.423395	99260.3	2949.01	2948.58
O16	14895.1	0.408615	99196.1	2938.63	2937.76
O16	14895.1	0.377192	97086.9	1572.79	1571.98
Si28	26053.2	0.253495	98108.1	2241.69	2241.28
Mg24	22335.8	0.136146	94985.2	389.566	389.001
Si28	26053.2	0.115875	98408.2	2500.06	2498.35
Mg24	22335.8	0.266114	96834.3	1562.51	1561.43
O16	14895.1	0.221177	96303.1	1237.35	1237.04
Si28	26053.2	0.108275	94969.9	485.063	484.858
O16	14895.1	0.329884	99938.6	3400.06	3399.64
O16	14895.1	0.220926	94646.5	100.9	100.555
O16	14895.1	0.294436	97521.7	1952.19	1951.49
Si28	26053.2	0.160661	97955.2	2123.01	2122.73
O16	14895.1	0.224643	95693.2	758.333	758.058
O16	14895.1	0.244458	95414.7	555.811	555.292
O16	14895.1	0.360318	99185	2878.03	2877.63
O16	14895.1	0.365859	97461.5	1750.46	1749.74
O16	14895.1	0.333028	98126.4	2362.67	2362.28
O16	14895.1	0.262331	95643.2	583.78	582.727
Si28	26053.2	0.135204	96578.5	1202.54	1202.02
Mg24	22335.8	0.772516	95661.5	791.806	789.654
Si28	26053.2	0.204319	96657.4	1434.43	1433.74
O16	14895.1	0.543149	95456.7	429.862	429.196
Si28	26053.2	0.139977	95200.6	327.888	327.368
O16	14895.1	0.19517	96610.2	1217.97	1216.87
O16	14895.1	0.539879	94981.9	488.727	486.564
Si28	26053.2	0.249521	97133.8	1691.88	1691.54
Si28	26053.2	0.110437	96623.7	1449.73	1448.98
Mg24	22335.8	0.130743	98711.3	2538.96	2538.47
Si28	26053.2	0.227231	97344.6	1791.38	1790.77
Mg24	22335.8	0.533772	95777.7	888.895	888.302
O16	14895.1	0.258299	95456.6	772.781	772.349
O16	14895.1	0.75606	95891.3	730.081	728.936
Si28	26053.2	0.272896	99796.7	3313.95	3313.67
Mg24	22335.8	0.616437	97810.3	1941	1940.26
O16	14895.1	0.256743	94366.2	187.685	187.148
O16	14895.1	0.275512	94673.3	278.069	277.233
Mg24	22335.8	0.147516	99949.7	3405.07	3404.8
Si28	26053.2	0.119638	96718.4	1229.06	1228.84
Si28	26053.2	0.123729	95546.9	779.059	778.93
Fe56	52089.8	0.126549	99654.5	3257.3	3256.23
Si28	26053.2	0.294869	94995.3	532.835	532.294
O16	14895.1	0.233226	96019	1013.94	1013.69
neutron	939.565	3.98671	98410.8	2365.37	1304.17
neutron	939.565	1.79509	98410.8	2365.37	1304.17
B11	10252.5	0.886153	98410.8	2365.37	1304.17
Mg24	22335.8	0.147738	96244.1	1208.2	1206.98
Si28	26053.2	0.112275	97322.3	1752.97	1752.81
Si28	26053.2	0.140672	96106	923.843	923.505
Si28	26053.2	0.231496	96209.4	1085.84	1085.3
Mg26	24196.5	0.642056	99310.5	2975.03	2974.12
Mg26	24196.5	0.435033	95107	545.871	544.909
Mg24	22335.8	0.54859	99533	3174.89	3173.73
Fe56	52089.8	0.0674874	95214.4	240.255	240.088
O16	14895.1	0.252369	94658.8	300.177	299.191
Mg24	22335.8	0.250578	95377.7	715.756	715.062
Si28	26053.2	0.114165	99043.1	2773.31	2772.01
O16	14895.1	0.34382	97566.2	1968.52	1967.93
O16	14895.1	0.221327	97778.9	1938.53	1938.25
O16	14895.1	0.253696	98676.3	2275.81	2274.96
O16	14895.1	0.313009	96466.6	1266.31	1265.68
Mg24	22335.8	1.62949	99527.4	3142.32	3139.9
Si28	26053.2	0.128155	98450.7	2477.16	2476.96
Mg24	22335.8	0.126507	95020.9	247.789	247.066
O16	14895.1	0.209954	98637.9	2589.05	2588.46
O16	14895.1	1.52641	97527.8	1928.2	1926.63
Fe56	52089.8	0.0758329	96885.1	1569.8	1569.48
O16	14895.1	0.287057	96074.8	1087.22	1086.91
neutron	939.565	1.2942	95057.3	603.499	394.527
N15	13968.9	1.78512	95057.3	603.499	394.527
O16	14895.1	0.229022	96761.9	1322.09	1321.71
Si28	26053.2	0.368016	97755.5	2128.86	2127.03
Mg24	22335.8	0.184585	98844.3	2748.22	2747.23
O16	14895.1	0.254132	96785.7	1566.33	1565.72
O16	14895.1	0.413874	95703	933.51	932.899
O16	14895.1	0.525856	97090.3	1365.15	1363.99
O16	14895.1	0.386784	95758.8	774.837	774.399
Si28	26053.2	0.188107	96635.7	1195.21	1194.87
O16	14895.1	0.698968	99739.7	3270.73	3270
Mg24	22335.8	2.17899	98757.4	2695.1	2692.42
Si28	26053.2	0.821634	98422.7	2537.3	2535.81
O16	14895.1	0.191533	94481.4	218.437	218.203
O16	14895.1	0.215745	94814.1	316.171	315.346
O16	14895.1	0.631915	96859	1430.61	1429.47
O16	14895.1	0.521063	97830.8	1915.09	1913.9
Mg24	22335.8	0.25377	94341.5	83.3302	82.7831
Mg24	22335.8	0.397388	98722.5	2484.35	2483.78
Si28	26053.2	0.158429	98417.1	2552.88	2552.47
O16	14895.1	0.246132	99348	3026.83	3026.54
Si28	26053.2	0.206149	94412.8	164.308	163.764
O16	14895.1	0.49254	99032.7	2801.88	2801.29
O16	14895.1	0.218668	96253.6	1155.89	1155.31
O16	14895.1	0.282258	94541.1	209.84	209.401
O16	14895.1	0.257343	95478.5	580.043	579.271
O16	14895.1	0.306636	94627.3	318.929	318.483
Si28	26053.2	0.355004	99721	3152.53	3151.93
Fe56	52089.8	0.222672	97875.3	1726.09	1725.62
O16	14895.1	0.502817	96038.1	1070.72	1069.54
Mg24	22335.8	0.126232	97262.5	1750.35	1749.7
Mg24	22335.8	0.158002	96697.7	1060.14	1059.09
O16	14895.1	0.793075	98526.8	2551.98	2550.98
O16	14895.1	0.271433	95303.2	531.523	530.87
O16	14895.1	1.08111	99467.7	2989.21	2988.12
O16	14895.1	0.226664	95651.3	694.013	692.896
O16	14895.1	0.20583	97348.3	1836.84	1836.51
O16	14895.1	0.335122	99764.1	3288.92	3288.34
Mg25	23268	0.773751	94336.2	121.744	120.797
O16	14895.1	0.235282	96521.6	1353.54	1353.22
Si28	26053.2	0.135262	96710.7	1299.82	1299.68
O16	14895.1	0.301119	94846.4	424.121	423.349
Mg24	22335.8	0.611296	98283.7	2421.27	2420.41
O16	14895.1	0.208944	94368.5	171.972	170.887
Mg24	22335.8	0.149341	99173.2	2965.16	2964.91
O16	14895.1	0.190614	96535.1	1331.57	1331.25
Si28	26053.2	0.108212	96320.1	1197.96	1197.71
Si28	26053.2	0.127158	94638.3	53.0286	52.2432
Mg24	22335.8	0.402643	97766.7	1705.03	1704.45
Si29	26984.3	0.126672	99957.4	3402.6	3402.4
Mg24	22335.8	0.134159	95685	1014.68	1014.36
Mg24	22335.8	0.207685	95491.1	702.438	702.009
O16	14895.1	0.321707	94613	342.815	342.49
O16	14895.1	0.486053	97968.7	2249.94	2249.08
O16	14895.1	0.271271	96431.5	1313.42	1313.03
O16	14895.1	0.803636	97954.6	2233.26	2232.15
O16	14895.1	0.209915	96910.5	1518.02	1517.44
Si28	26053.2	0.334392	97523.2	1763.34	1761.64
O16	14895.1	0.452932	99726.8	3282.03	3281.13
Mg24	22335.8	0.135683	98908.1	2809.94	2809.57
O16	14895.1	0.39316	96026.4	1014.81	1013.93
Mg24	22335.8	0.131869	99277.8	3040.39	3038.92
O16	14895.1	0.304973	94502.2	181.885	181.164
Mg24	22335.8	0.261407	96545.7	1368.41	1367.6
O16	14895.1	0.396228	98987.7	2833.14	2832.14
O16	14895.1	0.348672	95220	524.573	523.911
O16	14895.1	0.384171	95406.7	724.425	723.54
Si28	26053.2	0.218534	98844.9	2786.7	2786.44
Si30	27913.2	0.816861	96121.7	947.88	946.199
Mg24	22335.8	0.19711	96198.1	1151.35	1150.95
Mg24	22335.8	0.330229	94457	59.4319	58.7265
O16	14895.1	0.252392	99383.7	3058.58	3058.22
O16	14895.1	0.23975	98195.6	2411.83	2411.51
Fe56	52089.8	0.0566364	94266	123.982	123.086
Si28	26053.2	0.133486	98965.5	2830	2829.21
Si30	27913.2	0.262535	97294.2	1876.2	1874.91
O16	14895.1	0.20482	95420	496.899	496.667
Mg24	22335.8	0.191866	97961.7	1805.98	1805.06
O16	14895.1	0.251708	97610.2	1733.2	1732.91
Si28	26053.2	0.86687	99003.2	2858.95	2858.02
Mg24	22335.8	0.215671	94883.2	419.5	418.946
O16	14895.1	0.282404	98822.7	2741.69	2741.4
Mg24	22335.8	0.127877	96639.2	1319.22	1318.85
O16	14895.1	0.233731	95215.7	525.481	525.006
Fe56	52089.8	0.0619496	98859.4	2778.52	2778.41
O16	14895.1	0.464421	94684.2	265.097	264.625
O16	14895.1	0.20207	99276.5	2950.65	2949.77
Si28	26053.2	0.245038	95655.8	482.945	482.433
Si28	26053.2	0.135465	97006.4	1708.3	1707.36
Si28	26053.2	0.109206	98338.4	2485.73	2485.43
O16	14895.1	0.341568	98608.9	2499.72	2499.15
Fe56	52089.8	0.0676985	95254.5	371.742	371.597
O16	14895.1	0.368402	95450.2	417.751	417.353
Si28	26053.2	0.203253	95911.2	744.749	744.027
Mg24	22335.8	0.139679	99838	3182.28	3181.95
Si28	26053.2	0.13066	97223.2	1694.79	1694.59
O16	14895.1	0.309262	96305	1209.38	1208.53
Si28	26053.2	0.125157	98898.9	2796.04	2794.75
O16	14895.1	0.240268	99274.1	3014.52	3014.21
neutron	939.565	20.5799	96811.3	1368.89	1056.48
C14	13040.9	5.03389	96811.3	1368.89	1056.48
Mg24	22335.8	0.21395	97187.7	1403.17	1402.81
Fe56	52089.8	0.0563078	98168.4	2243.09	2242.97
Mg24	22335.8	0.134166	97740.5	2163.79	2163.62
Si28	26053.2	0.137859	95154.6	459.356	458.882
O16	14895.1	0.455712	94886.2	458.036	457.463
O16	14895.1	0.228342	96599.5	1416.07	1415.63
O16	14895.1	0.252573	96803.6	1196.96	1196.6
Si29	26984.3	0.341268	95414.8	478.105	477.688
O16	14895.1	0.841483	98331	2416.59	2415.43
Si28	26053.2	0.128431	98126.9	2278	2277.63
Si28	26053.2	0.145364	98304.4	2416.5	2416.35
Si28	26053.2	0.420566	96501.5	1243.83	1242.87
Mg24	22335.8	0.170628	98194.2	2310.38	2310.15
O16	14895.1	0.363252	95629.5	682.715	682.077
Mg24	22335.8	0.860284	97913.8	2124.33	2122.86
O16	14895.1	0.217008	99571.7	3121.91	3121.23
O16	14895.1	0.237318	95005.3	517.676	516.324
O16	14895.1	3.74424	95653.7	848.398	844.576
O16	14895.1	0.238089	94447.4	196.147	195.888
O16	14895.1	0.305922	95217.9	563.451	563.066
Mg24	22335.8	0.172686	97182	1467.36	1466.92
Si28	26053.2	0.299323	99757.4	2766.88	2766.48
Si28	26053.2	0.213124	95370.3	506.576	506.125
Si28	26053.2	0.221282	98254	2397.55	2396.65
O16	14895.1	0.490103	99092.3	2859.29	2858.7
O16	14895.1	0.253315	97883.9	2129.83	2129.4
O16	14895.1	0.518572	94662.3	270.323	269.458
O16	14895.1	1.15832	98104.1	2306.67	2305.23
O16	14895.1	0.199062	98819.6	2620.96	2620.58
Si28	26053.2	0.131699	98198.2	2262.93	2262.61
O16	14895.1	0.492389	95665.7	770.304	769.645
Si28	26053.2	0.135145	94271.3	69.3148	68.9303
O16	14895.1	0.282016	95152.9	286.517	286.149
Fe56	52089.8	0.0646101	98203.8	2390.38	2388.96
Si28	26053.2	0.481933	98642.3	2424.59	2424.03
Mg24	22335.8	0.143219	99344.4	2820.35	2820.07
Si28	26053.2	0.292312	94834.9	436.517	435.649
Mg24	22335.8	0.339684	94723.6	369.974	369.218
Si28	26053.2	0.135542	97842.4	2095.42	2095.28
Mg24	22335.8	0.164886	98714.8	2573.88	2572.09
Si29	26984.3	0.298932	94692.1	344.164	343.74
O16	14895.1	0.193199	97769	2083.49	2083.26
O16	14895.1	0.534544	95343.9	352.75	352.021
Si28	26053.2	0.348834	98483.4	2562.38	2561.67
O16	14895.1	0.7328	98259.8	2439.52	2438.14
Si28	26053.2	0.141169	95729.7	756.415	755.703
O16	14895.1	0.306929	95223.3	654.806	654.076
Mg24	22335.8	0.371824	98213.5	2398.97	2398.5
Mg24	22335.8	0.146651	99565.2	3063.06	3062.71
Mg24	22335.8	0.192911	95594.4	569.371	567.686
O16	14895.1	0.229204	99109.2	2894.16	2893.83
O16	14895.1	0.556815	95637.7	854.835	854.143
Si28	26053.2	0.183513	99854.8	3343.65	3341.66
O16	14895.1	0.331717	97919.2	2016.78	2015.58
Si28	26053.2	0.112991	99262.6	2965.09	2964.78
Mg25	23268	0.270768	95328.9	603.15	602.286
O16	14895.1	0.218354	98868.6	2135.95	2135.6
O16	14895.1	0.285351	94589.6	277.681	277.347
Si28	26053.2	0.524256	95869.5	1096.29	1095.68
O16	14895.1	0.408089	98736.3	2703.16	2702.27
Mg24	22335.8	0.297901	96318.9	756.986	756.578
O16	14895.1	0.613291	95956.1	942.447	940.317
O16	14895.1	1.10776	94556	174.308	173.002
O16	14895.1	0.229303	95236.1	366.774	366.522
O16	14895.1	0.549102	96165	931.295	930.661
Si28	26053.2	0.123339	96519	1336.33	1336.17
O16	14895.1	0.423854	94856.9	142.299	141.841
Si28	26053.2	0.112507	97440	1845.4	1844.95
O16	14895.1	0.23921	95787.4	875.072	874.743
O16	14895.1	0.251645	99854.3	3204.59	3202.87
O16	14895.1	0.515635	95631.3	482.562	481.607
O16	14895.1	0.197244	94624.8	73.0625	72.8273
O16	14895.1	0.199738	96768.6	1473.52	1473.21
O16	14895.1	0.75611	94605.2	168.38	167.217
O16	14895.1	0.397161	97235.4	1831.17	1829.34
O16	14895.1	0.504237	97168.2	1663.34	1662.81
O16	14895.1	0.314501	96134.2	768.087	766.737
O16	14895.1	0.202297	98391.4	2402.63	2402.42
Si28	26053.2	0.118928	96001.5	1091.18	1089.95
O16	14895.1	1.19916	97421.3	1820.52	1818.74
O16	14895.1	0.205233	95277.6	328.402	328.021
O16	14895.1	0.291774	97495.7	1809.82	1809.46
Mg24	22335.8	0.146039	95312.3	721.874	721.656
Si28	26053.2	0.255093	99988.5	3425.2	3424.63
O16	14895.1	0.229365	98759	2757.27	2756.98
Mg24	22335.8	0.293146	99378.3	3074.1	3073.72
O16	14895.1	0.374606	99537.3	3106.61	3105.92
O16	14895.1	0.371403	94968.7	107.207	106.289
Si28	26053.2	0.200753	96150.3	1068.82	1068.61
O16	14895.1	0.205995	94681.2	337.051	336.581
O16	14895.1	0.195475	96338.9	1184.3	1183.31
Si28	26053.2	0.309408	94846.8	312.976	312.649
Si28	26053.2	0.109871	97018.1	1630.34	1630.06
O16	14895.1	0.217283	97266.1	1645.39	1644.48
Fe56	52089.8	0.0728756	98750.5	2698.93	2698.44
Mg26	24196.5	0.11704	95652.6	707.026	706.452
Fe56	52089.8	0.155614	98583.8	2201.51	2201.29
O16	14895.1	0.958151	97934.9	2100.88	2099.85
Mg24	22335.8	0.243496	96549.3	1306.94	1306.64
O16	14895.1	0.229775	98222.6	2409.21	2408.88
neutron	939.565	14.8912	96232.4	868.328	581.981
alpha	3727.38	6.27878	96232.4	868.328	581.981
Be8	7454.85	0.399631	96232.4	868.328	581.981
Si28	26053.2	0.108426	95109.1	478.296	478.124
O16	14895.1	0.217895	97765.6	1696.97	1696.47
Si28	26053.2	0.142725	97520.7	1731.04	1730.48
O16	14895.1	0.263732	97072	1596.71	1596.22
O16	14895.1	0.231214	95478.6	657.931	656.335
O16	14895.1	0.307804	97582.5	2032.44	2031.21
Mg24	22335.8	0.907088	99548.4	3131.97	3130.68
O16	14895.1	0.763765	99704.8	3232.61	3231.76
Mg25	23268	0.650778	97366.8	1720.42	1719.58
O16	14895.1	1.17567	97102.2	1737.81	1736.35
Mg24	22335.8	0.143811	96197	1059.2	1058.94
O16	14895.1	0.280199	96970	1460.25	1459.86
Si28	26053.2	0.537289	95662	851.502	850.886
O16	14895.1	0.371637	98980.8	2795.98	2795.21
O16	14895.1	0.205263	99586.9	3188.45	3188.09
Si28	26053.2	0.129115	98850.7	2686.01	2685.7
O16	14895.1	0.234071	99506.2	3110.47	3109.97
O16	14895.1	0.260997	98792.6	2688.34	2687.87
O16	14895.1	0.19951	94701.3	187.897	187.562
Si28	26053.2	0.11193	97672.1	1941.33	1940.92
O16	14895.1	0.41324	98686.6	2664.98	2664.11
O16	14895.1	0.307163	96606.2	1433.75	1433.34
Si28	26053.2	0.136705	96282.7	1259.35	1259.05
O16	14895.1	0.300335	95426.4	499.725	499.309
O16	14895.1	0.55131	95627.9	725.284	724.553
Si28	26053.2	0.143357	99282.6	3032.56	3032.03
Mg25	23268	0.21749	99590.1	3160.82	3159.69
O16	14895.1	0.350399	99538.5	3120.74	3120.3
Si28	26053.2	0.161507	97827.4	2055.82	2055.65
Si28	26053.2	0.228853	95597.6	816.654	816.172
O16	14895.1	0.504186	99426.9	3068.17	3067.53
Mg25	23268	0.121412	98824.7	2719.02	2718.72
Si28	26053.2	0.840383	97746.8	2033.41	2032.35
Si28	26053.2	0.215023	98905.4	2727.45	2727.16
Si29	26984.3	0.122663	98239.1	2362.93	2362.29
O16	14895.1	0.199807	94304.3	46.9005	46.3497
O16	14895.1	0.302087	95086.6	546.102	545.497
O16	14895.1	0.750612	96184.7	1239.91	1239.07
Fe56	52089.8	0.090985	97006.5	1386.52	1386.19
Mg24	22335.8	0.247018	94333.3	132.848	132.225
O16	14895.1	0.517471	97741.2	2020.79	2019.74
Mg24	22335.8	0.551043	96716.5	1523.85	1523.26
O16	14895.1	0.95975	94500.3	86.9534	84.9641
Si28	26053.2	0.822184	96832.7	1545.49	1544.56
Mg24	22335.8	0.326485	94715	157.225	156.705
O16	14895.1	0.396971	96968.6	1670.01	1669.48
O16	14895.1	0.670991	99415.5	2970.41	2969.33
O16	14895.1	0.454363	97122	1638.09	1637
O16	14895.1	0.202828	96145.6	1147.01	1146.61
O16	14895.1	0.265893	95724	814.489	814.164
Si28	26053.2	0.111295	94289.8	124.723	124.54
Si28	26053.2	0.354924	99916.5	3365.24	3364.02
Mg24	22335.8	0.476861	95455	710.046	709.306
Si28	26053.2	0.683413	95351.7	775.625	774.584
Si30	27913.2	0.106273	96051.4	1022.42	1022.02
O16	14895.1	1.13188	95748.4	846.508	844.436
O16	14895.1	0.355899	98268.9	2391.7	2391.03
Mg24	22335.8	0.171984	96015.2	1096.01	1095.72
O16	14895.1	0.504823	96814.5	1461.11	1460.32
O16	14895.1	0.250362	99199.1	2960.31	2959.82
Si28	26053.2	0.497381	99103.8	2879.81	2878.74
O16	14895.1	0.374265	99167	2956.66	2955.87
Si28	26053.2	0.155996	94169.5	72.1689	71.8876
Fe56	52089.8	0.0623091	97079.2	1536.26	1535.51
Si28	26053.2	0.117424	96368	1173.03	1172.31
Mg24	22335.8	0.135961	97911.3	2194.21	2193.88
Si28	26053.2	0.376806	96788.3	1469.73	1468.38
O16	14895.1	0.594058	98592.3	2074.27	2073.14
O16	14895.1	0.281014	97644.2	2027.19	2026.44
O16	14895.1	0.303796	95281.7	588.278	587.438
Si28	26053.2	0.197152	99556.8	3109.47	3109.12
O16	14895.1	0.247862	94911.5	257.435	256.823
Si28	26053.2	0.12608	96623.2	1306.1	1305.51
Mg24	22335.8	0.135438	97683.6	2069.85	2069.54
O16	14895.1	0.468097	94397.8	155.478	154.902
O16	14895.1	0.204839	98066.8	2253.93	2253.55
O16	14895.1	0.561732	94772.7	328.567	328.002
O16	14895.1	0.434614	98952.8	2830.85	2829.78
Fe56	52089.8	0.106027	98039.1	2293.49	2293.04
O16	14895.1	0.213221	97816.6	2158.34	2157.13
O16	14895.1	0.426272	96529.4	1370.66	1370.17
O16	14895.1	0.551647	98145.4	2321.9	2321.12
O16	14895.1	0.238752	99680.7	3242.71	3242.03
Si28	26053.2	0.24483	95332.3	384.18	383.89
O16	14895.1	0.259753	97859.7	2172	2171.72
Si28	26053.2	0.185955	99345.1	3047.32	3046.6
O16	14895.1	0.274789	94941.7	291.478	290.875
O16	14895.1	0.589402	99620.1	3162.3	3160.6
Si28	26053.2	0.112811	95412.7	568.473	568.31
Fe56	52089.8	0.0782902	98938.1	2815.75	2815.24
Si28	26053.2	0.541643	94264.8	64.9344	63.9976
O16	14895.1	0.200247	95915.7	1004.61	1003.8
Si28	26053.2	0.127764	96971.4	1667.51	1667.16
Mg24	22335.8	0.169346	94690.2	386.466	386.296
Si28	26053.2	0.11318	95159.4	457.672	457.531
Si28	26053.2	0.38996	94793.8	375.011	374.493
Si28	26053.2	0.127195	97035	1511.78	1511.54
O16	14895.1	0.248766	98202.4	2361.8	2361.54
Si28	26053.2	0.352999	97111.1	1538.95	1536.81
Mg24	22335.8	0.146478	99358.4	3026.18	3025.78
Mg24	22335.8	0.158424	97468.8	1671.7	1670.53
O16	14895.1	0.195335	97839.8	1891.55	1891.23
O16	14895.1	1.11307	99806.2	3312.74	3311.02
Si28	26053.2	0.109617	94474.8	150.303	149.958
Fe56	52089.8	0.0553576	98208.4	2362.32	2361.35
Mg24	22335.8	0.198372	96387.9	1200.12	1198.95
Si28	26053.2	0.163056	99977.3	3417.84	3417.65
O16	14895.1	0.25534	97690.1	1754.06	1752.03
O16	14895.1	0.271172	94733.1	198.458	198.135
O16	14895.1	0.432381	96241.8	1153.37	1152.04
O16	14895.1	0.267304	95654.8	866.621	866.209
O16	14895.1	0.245092	99501.4	3103	3102.28
Mg25	23268	0.123255	96057.4	1057.88	1056.98
O16	14895.1	0.920738	94964.8	490.785	489.847
O16	14895.1	0.192866	95376.5	615.541	614.718
Mg24	22335.8	0.245693	94693.4	120.317	119.948
O16	14895.1	0.450639	96554.1	1385.63	1383.57
O16	14895.1	0.891487	97087.5	1603.59	1601.09
O16	14895.1	0.532924	98654	2537.55	2536.49
O16	14895.1	0.353178	98637.4	2527.3	2526.92
Mg24	22335.8	0.17321	94775.1	308.425	308.125
Mg24	22335.8	0.164951	99445.1	3090.38	3090.11
O16	14895.1	0.358866	96043.2	1030.45	1030.07
Si28	26053.2	0.128036	94987.2	89.4774	89.3361
Mg24	22335.8	0.179415	96978.1	1596.54	1596.34
O16	14895.1	0.361324	99748.8	3301.25	3300.23
Mg24	22335.8	0.131775	95916.4	811.113	810.815
O16	14895.1	0.608526	96261.6	1151.48	1150.69
Mg24	22335.8	0.141651	97364.1	1674.71	1674.32
O16	14895.1	0.719239	96314.6	997.04	996.122
O16	14895.1	0.502907	97176	1679.21	1677.68
O16	14895.1	0.200634	95255.3	583.38	582.941
O16	14895.1	0.189648	94746.5	385.626	385.248
O16	14895.1	0.784745	98227.1	2267.81	2266.93
O16	14895.1	0.23975	97013.7	1674.67	1674.19
O16	14895.1	0.313561	96995.2	1745.16	1744.55
O16	14895.1	0.570735	99465.2	3115.63	3115.03
Si28	26053.2	0.293701	96696.9	1568.7	1568.23
Si28	26053.2	0.142211	98955	2832.07	2831.46
O16	14895.1	1.15909	97800.2	2149.08	2147.86
Mg24	22335.8	0.223574	96702.9	1362.96	1362.71
O18	16762	0.229736	98638.4	2642.27	2642.04
O16	14895.1	0.772765	99874.5	3360.31	3358.49
O16	14895.1	0.26146	96224	1270.62	1270.32
O16	14895.1	0.363403	95283.5	623.022	621.973
Mg24	22335.8	0.204355	96420.5	1280.03	1278.17
O16	14895.1	0.264885	99134.9	2941.89	2941.07
O16	14895.1	0.558447	96591.7	1467.55	1466.21
Si28	26053.2	0.252257	94587.1	96.0393	94.215
O16	14895.1	0.36651	98646.8	2627.62	2626.97
O16	14895.1	0.452114	98393	2481.62	2480.74
Mg25	23268	0.196281	99371.4	3049.7	3049.36
O16	14895.1	0.299216	96883.3	1514.31	1513.45
Si28	26053.2	0.346811	97887.6	2264.64	2264.05
Mg24	22335.8	0.273051	98965	2616.08	2615.46
O16	14895.1	0.288163	97340	1864.06	1863.25
O16	14895.1	0.383654	98727.4	2409.01	2407.98
O16	14895.1	0.534227	98628.9	2335.81	2335.21
O16	14895.1	0.215485	96871.2	1528.88	1527.7
Mg24	22335.8	0.168781	99358.6	3059.25	3059.03
Mg24	22335.8	0.222442	96787.6	1430.73	1430.37
Si28	26053.2	0.172127	96025.5	605.386	605.198
Si28	26053.2	0.360059	94814.5	379.999	379.57
Mg24	22335.8	0.265638	94910.4	312.211	311.128
O16	14895.1	0.197846	96575.2	1117.39	1117.02
Mg24	22335.8	0.128285	97999.2	2280.29	2280.02
Mg24	22335.8	0.293733	98290.5	2356.81	2356.4
Mg25	23268	1.9923	95789.4	851.469	849.469
Si28	26053.2	0.254534	95488.6	673.447	672.607
Si28	26053.2	0.111433	98180	2365.42	2365.03
O16	14895.1	0.382246	98585.1	2564.9	2563.89
Mg26	24196.5	0.420592	97489.6	1648.39	1647.95
Fe56	52089.8	0.0552288	97228.7	1634.12	1633.27
Mg24	22335.8	0.138898	96544.7	1242.13	1241.98
O16	14895.1	0.754268	96140.2	1246.99	1246.22
Mg25	23268	0.165272	95475.7	620.13	619.651
O16	14895.1	0.201321	97455	1961.53	1961.03
Mg24	22335.8	0.325708	97868.7	2179.79	2178.77
O16	14895.1	0.249454	97004	1486.48	1485.76
Mg24	22335.8	0.138241	98559.8	2424.29	2423.5
O16	14895.1	0.528976	97013	1579	1577.79
Mg24	22335.8	0.235366	97086.7	1682.54	1681.87
Si28	26053.2	0.146108	94637.5	354.298	353.666
O16	14895.1	1.70288	98013.4	2216.14	2213.81
Si28	26053.2	0.169291	99934	3322.54	3322.32
Si28	26053.2	0.339026	94394.6	170.333	169.906
Mg24	22335.8	0.167112	94960.7	450.749	450.426
Si28	26053.2	0.346695	98923.5	2681.25	2680.9
O16	14895.1	0.194419	98558.9	2529.86	2529.05
O16	14895.1	0.200032	94886.6	243.769	243.006
O16	14895.1	0.308801	97446.1	1791.62	1791.02
Si28	26053.2	0.37274	98909	2696.02	2695.64
O16	14895.1	0.362066	97614	1813.13	1811.82
O16	14895.1	0.245016	98243.5	2406.36	2405.83
Mg24	22335.8	0.181986	94341.4	144.351	143.733
O16	14895.1	1.04643	97154.9	1790.2	1789.03
O16	14895.1	0.295128	94794.3	304.776	303.937
Mg26	24196.5	0.156179	98704.7	2548.51	2548.31
Mg26	24196.5	0.131721	95218.9	714.211	713.897
O16	14895.1	0.420006	99817.6	3326.01	3324.93
O16	14895.1	0.195911	95653.4	632.269	631.945
Mg24	22335.8	0.175627	96512.5	1296.61	1296.05
O16	14895.1	0.379017	95707.2	872.467	871.916
O16	14895.1	0.387041	99755.7	3298.25	3297.68
Si28	26053.2	0.156073	99862.1	3360.27	3360.03
O16	14895.1	2.45157	97770.3	2043.44	2040.89
Mg24	22335.8	0.134139	98402.2	2438.02	2437.76
Mg24	22335.8	0.128194	97699.4	2075.5	2075.27
O16	14895.1	0.334216	95815.6	858.524	857.564
Si28	26053.2	0.197674	97644	1936.54	1936.28
O16	14895.1	0.236389	99529.1	3083.56	3082.86
Si28	26053.2	0.169582	99445.4	3125.45	3125.17
Fe56	52089.8	0.0562637	97642.2	1965.21	1963.37
Si30	27913.2	0.132781	99377.1	3009.94	3009.67
O16	14895.1	0.313632	99975.3	3418.54	3418.21
neutron	939.565	262.448	97349.1	1820.01	856.417
C12	11174.9	0.893152	97349.1	1820.01	856.417
Mg25	23268	0.658652	97212.7	1674.76	1674.02
Si30	27913.2	0.441868	96986.6	1593.64	1592.7
O16	14895.1	0.264675	97726.7	2123.98	2123.35
Mg24	22335.8	0.158707	94485.3	242.719	242.324
Mg24	22335.8	0.128277	99346.1	3011.4	3010.47
Mg25	23268	0.30856	95155.4	356.72	355.293
O16	14895.1	0.201462	98672.7	2568.78	2568.41
O16	14895.1	0.199201	99764.1	3292.16	3291.71
Si28	26053.2	0.193139	97711.6	2113.77	2113.36
Mg26	24196.5	0.463914	94685.3	254.016	253.039
Si28	26053.2	0.270663	98740.1	2467.49	2466.66
Si28	26053.2	0.129277	94977.3	533.59	533.053
O16	14895.1	0.421721	98897	2716.81	2715.42
Si28	26053.2	0.232903	96646.8	1386.67	1385.83
Mg24	22335.8	0.140567	97785.6	2176.71	2176.14
Mg24	22335.8	0.252968	95811.4	795.133	794.711
Mg24	22335.8	0.131773	94749.7	129.016	128.245
Mg24	22335.8	0.346848	95115.1	433.899	433.495
Mg24	22335.8	0.361937	94608.6	113.376	112.347
O16	14895.1	0.51632	97646.3	2101.17	2100.27
O16	14895.1	0.247832	97085.5	1675.76	1675.47
O16	14895.1	0.409789	94840.7	447.698	447.051
O16	14895.1	0.299929	94166.5	51.7994	50.9221
Si28	26053.2	0.136754	95113.5	546.351	545.742
O16	14895.1	3.11533	99578.6	3192.64	3189.49
O16	14895.1	0.257294	98146.7	2278.63	2278.09
O16	14895.1	0.462988	94492.7	120.556	119.344
Fe56	52089.8	0.827407	99823.6	3330.65	3329.8
Si29	26984.3	0.332901	96493.3	1348.13	1347.39
Si28	26053.2	0.121392	95117.8	541.584	541.459
O16	14895.1	0.760582	98174.1	2306.47	2305.69
O16	14895.1	0.403369	97235.5	1833.17	1832.74
O16	14895.1	0.264964	99692.8	3251.81	3251.24
O16	14895.1	0.221037	95417.9	391.405	391.007
O16	14895.1	0.397156	98595.6	2528.66	2528.07
O16	14895.1	0.394652	98971	2843.39	2842.79
Mg26	24196.5	0.305972	94829	389.932	389.24
O16	14895.1	0.418493	96697.4	1468.47	1467.68
O16	14895.1	0.495164	97009.4	1754.74	1753.79
Si28	26053.2	0.118325	95732.1	734.133	733.97
O16	14895.1	0.349149	99070.4	2277.92	2277.52
Fe56	52089.8	0.0751263	97944.3	2246.86	2246.58
O16	14895.1	0.253997	96611.2	1489.11	1488.76
O16	14895.1	0.329276	99750.6	3290.01	3289.39
O16	14895.1	0.455053	96587.9	1348.32	1347.72
Si28	26053.2	0.168565	94878.1	292.557	291.867
O16	14895.1	0.381786	96428.9	981.627	981.131
Si28	26053.2	0.886706	99410.2	3037.49	3036.24
Si30	27913.2	0.199167	95116.8	414.14	413.472
O16	14895.1	0.390087	97503.2	1889.79	1889.35
O16	14895.1	0.286034	99297.3	2802.18	2801.53
Mg25	23268	0.245631	97194	1492.08	1491.06
Mg24	22335.8	0.389492	96141.1	1163.49	1162.34
Si28	26053.2	0.317637	96732	1367.73	1367.36
O16	14895.1	0.351226	96912.5	1479.07	1478.53
O16	14895.1	1.48262	99222.1	2971.57	2969.7
O16	14895.1	0.270697	95855.2	1078.82	1078.18
O16	14895.1	1.29858	96168.1	1177.09	1175.65
O16	14895.1	0.80682	95663.6	924.42	923.053
Si28	26053.2	0.116115	96515.9	1255.05	1254.15
O16	14895.1	0.53281	94752.8	98.9514	97.7698
Fe56	52089.8	0.0606744	96336.6	939.271	939.051
O16	14895.1	0.189254	95880.7	895.6	895.149
O16	14895.1	0.373113	94397.2	40.3513	39.3108
Si28	26053.2	0.111116	97741	2035.66	2034.82
Mg24	22335.8	0.294454	96182	1001.98	1000.97
Mg24	22335.8	0.253971	99001.5	2755.6	2755.13
O16	14895.1	0.289888	98251.9	2229.81	2229.45
Mg24	22335.8	0.354763	95098.8	586.255	585.804
Mg24	22335.8	0.188884	94219.5	118.309	117.793
Mg24	22335.8	0.440652	96670.8	1178.56	1177.05
O16	14895.1	0.477565	98300.8	2395	2394.08
Si28	26053.2	0.266527	94320.5	31.6592	31.1978
Mg24	22335.8	0.174208	99374.9	3045.86	3045.22
Si28	26053.2	0.110251	98643.4	2637.78	2637.28
Mg24	22335.8	0.150326	96007.7	881.481	881.204
O16	14895.1	0.236389	96085.2	1065.55	1065.1
Si28	26053.2	0.245374	98369.2	2394.66	2394.38
Mg26	24196.5	0.151563	98880.3	2669.39	2669.05
Mg24	22335.8	1.26155	99882.4	3373.76	3371.72
O16	14895.1	0.246107	99297	3050.81	3050.45
O16	14895.1	0.478467	98401.3	2386.87	2386.07
Mg24	22335.8	0.181297	98604.8	2579.61	2579.35
Si30	27913.2	0.452425	95753.6	1028.32	1027.47
O16	14895.1	0.359313	96035.6	811.342	810.946
Si28	26053.2	0.152969	95631.4	743.744	743.357
Mg24	22335.8	0.175523	97634.6	1858.27	1857.89
O16	14895.1	0.22573	96676.6	1219.03	1218.61
O16	14895.1	0.348955	99335.5	3055.57	3054.49
O16	14895.1	2.16045	95268.8	760.617	758.402
O16	14895.1	0.275774	97064.9	1648.88	1648.57
O16	14895.1	1.2877	99773.3	3300.66	3299.27
Mg26	24196.5	0.338824	98811.1	2674.21	2673.52
Mg25	23268	0.123254	99986.6	3424.8	3424.24
O16	14895.1	0.275602	96552.7	1357.13	1356.32
Si28	26053.2	0.495314	95084	462.939	462.273
Si28	26053.2	0.153771	99473.6	2960.37	2959.59
O16	14895.1	0.198162	97881.6	2266.9	2266.16
Mg24	22335.8	0.127973	94423.3	247.934	247.626
Si28	26053.2	0.174522	94136.4	28.0466	27.5874
Mg24	22335.8	0.266704	98146.9	1914.59	1914.21
O16	14895.1	0.276576	97672.3	1635.55	1635.23
O16	14895.1	0.491272	98425	2387.17	2386.33
Mg24	22335.8	0.25719	99370.8	3068.14	3067.63
Mg24	22335.8	0.134458	99837.3	3336.69	3335.56
O16	14895.1	2.1676	99633.7	3226.02	3223.79
Si28	26053.2	0.139053	95242.2	549.353	549.135
O16	14895.1	0.315837	99749.4	3292.87	3292.16
neutron	939.565	208.072	98000.4	2112.95	1812.95
C13	12109.5	1.59538	98000.4	2112.95	1812.95
O16	14895.1	0.23529	97084.8	1500.85	1500.58
O16	14895.1	0.552175	96824.6	1317.23	1316.55
O16	14895.1	0.455081	95338.6	764.627	763.738
O16	14895.1	1.52431	96657	1345.91	1344.22
Fe56	52089.8	0.0553588	96421.2	1247.68	1246.54
O16	14895.1	0.429189	98323.9	2296.8	2296.32
O16	14895.1	0.429673	94984.6	407.245	406.772
O16	14895.1	0.315187	98959.1	2805.87	2805.55
O16	14895.1	0.255556	98735.7	2524.91	2524.17
O16	14895.1	0.491678	98387.5	2467.11	2466.19
Si28	26053.2	0.217305	98333.3	2458.8	2457.52
O16	14895.1	0.31198	98079	2323.78	2323.22
O16	14895.1	0.396587	99243.4	2968.14	2967.4
O16	14895.1	1.22854	97991.2	2243.57	2242.03
O16	14895.1	1.09876	95410.1	614.586	613.13
Mg26	24196.5	0.12309	99546.8	3158.99	3158.43
Fe56	52089.8	0.242972	95099.8	390.39	390.044
O16	14895.1	0.281745	99167.2	2986.1	2985.73
Mg24	22335.8	0.670327	96715.9	1399.29	1397.81
Mg24	22335.8	0.149823	97721.7	2062.59	2061.92
Si28	26053.2	0.293131	95198.1	473.166	472.486
Mg24	22335.8	0.128401	99738.2	3278.97	3278.81
O16	14895.1	0.228305	97276.6	1739.21	1737.99
O16	14895.1	0.242338	95543.9	667.228	666.867
Fe56	52089.8	0.0856529	98994.4	2845.11	2844.62
Si28	26053.2	0.111393	98574.1	2511.89	2511.73
Mg25	23268	0.417909	95882.2	900.216	899.575
Si28	26053.2	0.160257	96077.3	1196.73	1196.08
O16	14895.1	0.30546	94254.5	14.6891	13.8531
Mg24	22335.8	0.142441	95944.4	810.224	810.041
Si28	26053.2	0.129191	95412	674.427	674.149
O16	14895.1	0.644344	97540.8	1883.65	1882.82
O16	14895.1	1.01318	97274	1720.38	1719.28
O16	14895.1	0.557443	97217	1615.04	1614.43
Si28	26053.2	0.204394	99962.1	3413.04	3412.56
O16	14895.1	0.465753	95093.2	375.678	375.144
Si28	26053.2	0.245802	99977	3419.07	3418.64
O16	14895.1	2.28403	99907.5	3382.23	3379.76
Si28	26053.2	0.144641	96065.2	893.559	893.29
Mg24	22335.8	0.150909	98583.5	2378.32	2377.57
O16	14895.1	0.339363	96339.2	869.479	868.851
Fe56	52089.8	0.214157	99633.9	3146.95	3146.73
O16	14895.1	0.260404	96781.6	1041.69	1040.9
Si28	26053.2	0.204276	98442.9	2477.19	2476.9
O16	14895.1	0.657817	96825.8	1533.78	1532.73
O16	14895.1	0.308305	96296.7	1246.22	1244.76
O16	14895.1	0.329896	97361.3	1637.92	1637.44
O16	14895.1	0.33979	99484.3	3113.32	3112.98
Si28	26053.2	0.189277	98101.3	2249.6	2249.08
O16	14895.1	0.898402	96988.6	1630.16	1628.66
Si28	26053.2	0.141345	98030.9	1985.69	1985.19
O16	14895.1	0.20404	94889.8	329.337	328.792
O16	14895.1	0.753428	96836.1	1528.5	1527.64
Mg24	22335.8	0.174295	99743.7	3286.12	3285.51
O16	14895.1	0.227226	99148	2936.13	2935.51
O16	14895.1	0.192707	96844.6	1436.8	1436.53
O16	14895.1	0.901836	97890.5	2062.4	2060.53
Fe56	52089.8	0.275154	97513	1977.66	1976.81
O16	14895.1	0.300256	98981.6	2799.05	2798.54
O16	14895.1	0.535881	99495.4	3111.31	3109.25
Mg24	22335.8	0.419754	97088.5	1676.15	1675.66
O16	14895.1	0.500263	96499.1	1371.38	1370.83
O16	14895.1	0.215465	96819.3	1444.4	1444.14
O16	14895.1	0.255459	96614	1537.04	1536.56
Si28	26053.2	0.120109	99515.1	2987.66	2986.94
O16	14895.1	0.537429	95645.4	851.915	851.313
Si28	26053.2	0.677942	98611.4	2554.96	2553.79
O16	14895.1	0.227877	98236.4	2181.46	2181.01
Si28	26053.2	0.111622	97292.4	1757.41	1757.18
Mg24	22335.8	0.175661	95849.8	982.17	981.182
Si28	26053.2	0.297873	94256.1	125.317	124.838
Si28	26053.2	0.137205	96108	1026.05	1025.78
O16	14895.1	0.35367	99251.3	2960.79	2960.05
O16	14895.1	0.316106	97387.2	1891.75	1891.15
Si28	26053.2	0.383694	97804.3	2031.48	2030.94
O16	14895.1	0.197454	98766.3	2313.33	2313.13
O16	14895.1	0.21049	96170.2	1073.6	1072.94
Si28	26053.2	0.127233	98058.7	2209.57	2209.43
Si28	26053.2	1.03027	94529.5	297.691	296.492
Si28	26053.2	0.113292	97018	1523.49	1522.61
O16	14895.1	0.369013	98281.6	2456.93	2455.98
O16	14895.1	0.213231	98245.9	2157.3	2156.97
O16	14895.1	0.44783	98366.9	2382.17	2381.28
O16	14895.1	1.63837	95496.5	801.45	799.246
Si28	26053.2	0.220193	97265.4	1731.79	1730.9
O16	14895.1	0.702068	99953.7	3393.1	3392.27
O16	14895.1	0.23248	99429.8	3096.45	3095.29
O16	14895.1	0.697264	95918.2	902.017	900.897
O16	14895.1	0.386868	98553.9	2587.94	2587.54
Si28	26053.2	0.168923	97688.6	2045.56	2045.38
O16	14895.1	1.09612	94474.2	167.061	165.405
Mg24	22335.8	0.147107	99652	3220.07	3219.7
O16	14895.1	0.752355	95264.9	532.138	531.087
Si28	26053.2	0.108257	98213	2339.29	2339.15
O16	14895.1	0.301446	94758.6	311.863	311.48
O16	14895.1	0.243587	95910.7	1031.91	1031.61
Mg24	22335.8	0.148836	99784	3315.22	3314.89
O16	14895.1	0.39975	98004.8	2156.69	2156.29
Si28	26053.2	0.195802	99924.6	3231.68	3231.43
O16	14895.1	0.205333	99690.1	3057.67	3056.92
Mg24	22335.8	0.650669	99405.1	3073.21	3070.9
O16	14895.1	1.16049	98129.9	2286.35	2284.84
Mg24	22335.8	0.158636	95108.5	557.014	556.643
Mg26	24196.5	0.128284	95559.9	679.428	678.654
Mg25	23268	0.316029	97258.5	1702.57	1701.76
O16	14895.1	0.337006	97435.1	1542.87	1542.49
O16	14895.1	1.06356	95218.5	646.167	644.363
Mg24	22335.8	0.138187	97164.5	1582.07	1581.83
O16	14895.1	0.191431	95001.2	351.734	350.534
Si28	26053.2	0.116501	95591	782.129	781.934
O16	14895.1	0.884915	96227.1	963.453	961.491
O16	14895.1	0.298204	99010.5	2835.23	2834.9
O16	14895.1	0.948567	94959.5	179.505	178.497
O16	14895.1	0.195245	99179.3	2902.79	2902.38
O16	14895.1	0.417787	98303	2456.12	2455.01
neutron	939.565	102.375	96981.6	1557.68	1297.01
neutron	939.565	29.7024	96981.6	1557.68	1297.01
neutron	939.565	2.90556	96981.6	1557.68	1297.01
neutron	939.565	2.06193	96981.6	1557.68	1297.01
O16	14895.1	1.22883	96981.6	1557.68	1297.01
Si28	26053.2	0.733118	98760	2722.27	2721.2
O16	14895.1	0.228963	97342.2	1781.89	1781.64
O16	14895.1	0.460294	99992.1	3421.42	3420.48
O16	14895.1	0.226134	96467.7	1109.43	1109.15
O16	14895.1	0.355277	99692	3159.05	3158.59
O16	14895.1	0.377132	95307	617.866	617.437
O16	14895.1	0.272658	95534.1	826.581	825.881
Mg24	22335.8	0.761387	97853.7	2162.64	2161.52
Si28	26053.2	0.515755	95605.4	707.591	706.775
Mg24	22335.8	0.222548	95689.8	721.871	720.832
Mg24	22335.8	0.576244	97082.3	1743.14	1742.46
O16	14895.1	0.255825	97924.1	2129.09	2127.37
O16	14895.1	0.311448	95338.4	485.432	485.095
Si29	26984.3	0.152312	99949.9	3403.66	3402.25
Si28	26053.2	0.28512	98524.5	2524.45	2524.12
Si28	26053.2	0.175388	95742.6	746.177	745.226
Si28	26053.2	0.260916	95244.3	464.482	463.337
Si28	26053.2	0.124238	96217.4	1030.88	1030.75
neutron	939.565	72.2588	99258.1	2985.95	1667.26
N14	13040.2	1.42548	99258.1	2985.95	1667.26
O16	14895.1	0.207253	99897.6	3382.25	3380.78
Mg24	22335.8	0.51504	98440.1	2044.24	2043.71
O16	14895.1	0.514301	94216.7	73.6945	72.6608
O16	14895.1	0.202973	94590.9	419.616	418.892
O16	14895.1	0.5461	96015.6	961.802	961.102
Si28	26053.2	0.15609	98986.5	2788.57	2788.25
Mg24	22335.8	0.886369	98979.5	2883.51	2882.52
O16	14895.1	0.313836	98051.5	2104.33	2103.8
O16	14895.1	0.793712	94422.5	115.213	114.377
Fe54	50231.2	0.0913303	96039.5	1009.44	1008.67
Mg24	22335.8	0.128526	96957.8	1683.23	1682.91
Mg25	23268	0.148385	96749.4	1560.17	1559.9
Mg25	23268	0.250762	99140.7	2841.79	2841.22
O16	14895.1	0.268274	96099.7	846.877	846.282
Mg24	22335.8	0.128833	97936.5	2169.5	2169.2
O16	14895.1	0.319947	95123.4	457.647	457.131
O16	14895.1	0.902537	98962.6	2783.67	2782.7
Si28	26053.2	0.129144	97667.7	1934.75	1934.29
O16	14895.1	0.325507	98332.4	2448.86	2448.43
O16	14895.1	0.625449	95144.5	496.276	493.936
O16	14895.1	0.203616	96192.7	1096.87	1096.56
Si28	26053.2	0.263174	95714.5	832.623	831.115
O16	14895.1	0.226882	96211.2	1085.54	1085.25
O16	14895.1	0.603681	99440.8	3103.31	3102.68
Mg24	22335.8	0.333263	94650.3	254.567	253.804
O16	14895.1	0.689873	94454.5	71.8802	70.4187
Fe56	52089.8	0.0621411	99351.8	3054.02	3052.38
Fe56	52089.8	0.305572	97740.9	1926.66	1926.16
O16	14895.1	0.342521	99230.2	2988.82	2988.46
O16	14895.1	1.1113	96423	1207.02	1205.77
Mg24	22335.8	0.159685	95210.9	590.324	590.015
Si28	26053.2	0.238789	98121.3	2311.67	2311.2
O16	14895.1	0.421878	98293.7	2361.21	2360.69
O16	14895.1	0.479467	94454.5	208.826	208.133
Si30	27913.2	0.248788	94922.8	231.447	231.189
O16	14895.1	0.263738	97187.3	1681.18	1680.44
Si28	26053.2	0.770925	98762.2	2690.01	2689.24
Si28	26053.2	0.108743	94527.1	90.7479	90.5731
O16	14895.1	0.303244	95748.7	974.342	974.036
Mg24	22335.8	0.290454	97146.7	1838.62	1838.33
O16	14895.1	0.259283	96527.7	1377.32	1377.02
O16	14895.1	0.354192	95143.7	412.003	411.055
Si28	26053.2	0.368564	94814.9	192.652	192.247
Si28	26053.2	0.267626	99545.1	3138.55	3138.1
Si28	26053.2	0.291388	98992.8	2819.7	2818.07
Si28	26053.2	0.194891	95879.7	825.57	825.266
Mg24	22335.8	0.201182	95547.2	547.455	547.195
Si28	26053.2	0.132502	95119.4	311.07	310.859
Mg26	24196.5	0.161665	98157.2	2223.54	2223.35
Mg24	22335.8	0.986046	94971.5	406.885	405.541
Si28	26053.2	0.157985	98808.2	2665.41	2664.94
O16	14895.1	1.63898	96118.4	987.001	985.3
O16	14895.1	0.202562	96852.3	1557.45	1556.4
Si28	26053.2	0.389074	96137	1096.24	1094.94
Fe56	52089.8	0.0874746	96497.9	1432.36	1432.04
Si30	27913.2	0.338826	99300.1	3008.58	3008.18
O16	14895.1	0.27434	95050.5	372.339	372.002
Mg24	22335.8	0.142803	97763.9	2039.21	2038.96
Si28	26053.2	0.31967	95494.6	580.356	579.771
O16	14895.1	0.66434	96614.4	1318.33	1317.24
Fe56	52089.8	0.0549235	97133.9	1724.1	1723.52
Fe56	52089.8	0.180573	96541.4	1090.54	1089.99
Mg24	22335.8	0.182637	95265.2	426.572	425.941
Mg24	22335.8	0.228801	99240.8	2981.66	2980.79
O16	14895.1	0.240933	96945.4	1607.65	1606.19
O16	14895.1	0.264781	95393.1	563.176	562.886
O16	14895.1	0.298812	98671.9	2391.96	2391.18
Fe56	52089.8	0.0937024	97464	1937.96	1937.67
Mg25	23268	0.130889	97058.4	1646.24	1645.99
Fe56	52089.8	0.100037	98850.4	2709.16	2708.3
Mg26	24196.5	0.352052	97318.4	1312.34	1311.34
O16	14895.1	1.84641	98777.6	2632.21	2630.18
Mg24	22335.8	0.178281	96896.5	1336.92	1336.53
Si28	26053.2	0.146478	96288.1	1215.82	1215.24
O16	14895.1	0.316669	98407.6	2382.72	2382.4
Si28	26053.2	1.90314	96785.5	1416.98	1414.31
O16	14895.1	0.702796	95644.7	725.106	724.391
O16	14895.1	0.284003	99049.5	2876.29	2875.79
O16	14895.1	0.618078	95185	418.34	417.707
O16	14895.1	0.554086	98652.3	2444.88	2444.05
O16	14895.1	0.57152	98357.8	2307.34	2306.45
O16	14895.1	0.34468	95673.8	648.036	647.047
Mg24	22335.8	0.257328	99724.1	3290.77	3290.4
Mg24	22335.8	0.278466	98651.7	2661.67	2661.15
O16	14895.1	0.260857	99661.2	3247.73	3247.42
O16	14895.1	5.7213	95752.7	881.705	875.678
O16	14895.1	1.1867	96220.8	1179.04	1177.64
O16	14895.1	0.305466	97089.9	1430.24	1429.77
O16	14895.1	0.224546	94939.3	146.505	146.14
Mg24	22335.8	0.458104	97085	1479.05	1478.19
Mg24	22335.8	0.252027	95247.6	630.167	629.62
Si28	26053.2	0.12979	96420.9	1115.77	1115.48
Si28	26053.2	0.150544	98191.1	2298.63	2296.88
O16	14895.1	1.80677	98286.7	2359.49	2357.63
O16	14895.1	0.301326	99781.2	3304.61	3304.13
O16	14895.1	0.315756	97034.6	1600.08	1599.16
Mg26	24196.5	0.273631	95067.2	548.732	548.145
Si28	26053.2	0.136615	98540.6	2498.92	2498.29
Si28	26053.2	0.110125	94718.4	346.809	346.642
O16	14895.1	0.1911	97121.4	1796.38	1795.49
O16	14895.1	0.210224	96095.6	1121.12	1120.83
Mg24	22335.8	0.146446	98168.4	2169.2	2169.05
O16	14895.1	0.203848	94733.2	192.958	192.704
O16	14895.1	0.613179	95877.6	935.687	934.452
Si28	26053.2	0.120611	95406	321.649	321.421
Fe56	52089.8	0.0608706	99238.5	2959.93	2959.28
Si28	26053.2	0.132781	94317.9	194	193.729
O16	14895.1	0.382529	98419.7	2474.39	2473.96
O16	14895.1	1.14577	99493	3109.99	3108.69
Si28	26053.2	0.137536	98029	2040.08	2039.92
O16	14895.1	0.397951	99103.3	2900.91	2900.16
O16	14895.1	0.303385	95250	636.4	635.891
Si28	26053.2	0.142209	98159.6	2311.64	2311.24
O16	14895.1	0.749008	99618	3197.57	3196.53
O16	14895.1	0.317667	95958.4	849.591	848.918
O16	14895.1	0.243076	99149.4	2790.05	2789.39
O16	14895.1	0.436208	98710.4	2682.93	2682.35
Mg24	22335.8	0.195857	94785.3	416.699	416.157
Mg24	22335.8	0.175363	95883.5	973.642	973.208
O16	14895.1	0.396867	94738	183.709	182.779
neutron	939.565	52.1882	98172.9	2333.8	1667.25
alpha	3727.38	6.83063	98172.9	2333.8	1667.25
Na23	21409.2	1.11679	98172.9	2333.8	1667.25
O16	14895.1	1.10623	94780.1	57.5426	56.3371
O16	14895.1	0.965122	94970.4	391.895	389.636
O16	14895.1	0.275391	97211.8	1648.05	1647.71
Si28	26053.2	0.209637	97649.5	2050.26	2049.94
Si28	26053.2	0.110372	94464.2	131.762	131.581
Si28	26053.2	0.137685	99551.4	3184.59	3184.36
O16	14895.1	1.36653	96797.6	1482.62	1480.23
O16	14895.1	0.440035	98628.1	2615.06	2614.03
Mg24	22335.8	0.209355	99293.8	2921.68	2920.99
Fe56	52089.8	0.0557869	98367.3	2445.97	2445.76
O16	14895.1	0.217291	95287.7	628.739	628.223
Mg24	22335.8	0.128553	99623.5	3208.76	3208
O16	14895.1	2.14515	97322.9	1895.8	1893.26
O16	14895.1	0.310797	96609.8	1381.61	1381.25
Mg26	24196.5	0.245527	97081.1	1625.8	1624.77
Mg24	22335.8	0.267341	98363.1	2522.28	2521.44
O16	14895.1	0.679932	95144.1	460.7	459.982
O16	14895.1	1.27438	94808.6	41.4455	39.7364
O16	14895.1	0.316503	97134	1752.14	1751.62
Mg24	22335.8	0.155821	94890.6	238.904	238.561
O16	14895.1	0.398253	96293.9	1197.1	1196.36
O16	14895.1	0.552761	95696.8	723.354	722.686
O16	14895.1	0.350897	95638.8	964.622	963.831
Si28	26053.2	0.109503	97538.8	2011.05	2010.79
O16	14895.1	0.263194	94570.9	235.958	235.632
Mg24	22335.8	0.407513	99353.3	3057.92	3056.43
Si28	26053.2	0.159975	94794.1	74.067	73.8839
Si28	26053.2	0.228137	97781.2	1853.56	1853.33
Mg25	23268	0.297983	97353.7	1771.22	1770
O16	14895.1	0.201419	95802.4	728.539	727.99
O16	14895.1	0.385054	99069.3	2858.65	2858.21
O15	13971.2	4.31471	96263.6	1077.96	869.51
O16	14895.1	0.556658	96367.5	1190.9	1190.06
O16	14895.1	0.767658	97646.7	1860.88	1859.4
O16	14895.1	0.351149	96176.9	1041.38	1040.78
Si28	26053.2	0.304075	96071.4	842.671	841.548
O16	14895.1	0.268337	96334.1	1148.82	1147.28
Si28	26053.2	0.200223	98720.2	2331.84	2331.5
Si29	26984.3	0.169193	94767.2	199.28	198.39
O16	14895.1	0.207728	99176.2	2905.25	2904.76
Si28	26053.2	0.220012	95025.7	79.1932	78.9562
Si28	26053.2	0.214755	97770.3	2059.57	2059.22
Si28	26053.2	0.144104	96596.3	1366.21	1365.22
Si28	26053.2	0.12535	97890.9	1936	1935.15
Si28	26053.2	0.209068	94705.7	278.222	277.898
Si28	26053.2	0.121509	96150.1	1143.9	1143.26
Mg24	22335.8	0.66295	95589.8	695.498	694.042
Si28	26053.2	0.220379	99281.6	2970.5	2970.26
O16	14895.1	2.11816	98598.5	2500.12	2498
O16	14895.1	0.221968	99528.6	3161.11	3160.86
Si28	26053.2	0.199788	96853.8	1365.32	1364.75
Si28	26053.2	0.247072	99005.6	2824.16	2823.82
Si30	27913.2	0.376515	95881.3	923.975	923.074
Si28	26053.2	0.658265	98153.4	2313.9	2311.97
O16	14895.1	0.402661	97095.4	1573.3	1572.83
Mg24	22335.8	0.14739	95742.3	925.486	925.01
Mg26	24196.5	0.382433	99739.4	3247.11	3245.96
Mg26	24196.5	0.123691	95661.3	776.324	775.863
O16	14895.1	0.494727	99036.1	2919.87	2919.34
O16	14895.1	0.347862	99220.9	2800.6	2800.02
Mg24	22335.8	0.144581	94548.8	166.367	165.194
O16	14895.1	0.374605	98372.3	2424.86	2424.19
O16	14895.1	0.233753	94551.6	164.478	163.302
O16	14895.1	0.202708	99164.4	2835.56	2835.17
Mg25	23268	0.186743	99436.3	3118.52	3118.22
Mg24	22335.8	0.564216	96305.6	1202.04	1201.01
O16	14895.1	0.264503	99162.2	2936.42	2936.05
O16	14895.1	0.214859	97824	2077.97	2077.55
O16	14895.1	0.600426	94617.5	69.0606	68.2875
Si28	26053.2	0.12	99406	3079.53	3079.4
Si28	26053.2	0.285806	99166.5	2882.31	2881.49
O16	14895.1	0.23661	97833.6	2134.8	2134.53
O16	14895.1	0.410096	96565	1146.51	1145.47
O16	14895.1	0.774361	94847.6	206.495	205.585
O16	14895.1	0.309901	99130.1	2939.6	2939.07
O16	14895.1	0.199892	94842.2	320.361	320.147
Mg24	22335.8	0.126328	98936.8	2777.59	2777.23
O16	14895.1	0.203204	94229.5	9.56175	9.1461
O16	14895.1	0.22463	97863.9	2154.88	2154.21
O16	14895.1	0.323858	99461.9	3054.46	3053.91
Si28	26053.2	0.131186	99160.2	2942.36	2941.09
Si28	26053.2	0.287731	95942.5	796.99	796.298
Si28	26053.2	0.310012	97834.2	1934.06	1933.54
O16	14895.1	0.450491	99113.1	2908.48	2907.94
O16	14895.1	0.264275	98447	2470.98	2469.67
Mg24	22335.8	0.228373	99909.5	3378.22	3377.94
Si28	26053.2	0.135089	96420.8	1214.06	1213.66
Si29	26984.3	0.995194	98273.6	2403.67	2402.04
O16	14895.1	2.06276	98728.7	2594.28	2592
O16	14895.1	0.302522	94969.5	317.063	316.743
Mg24	22335.8	0.173753	97366.7	1822.19	1821.98
O16	14895.1	0.212758	96811.3	1367.36	1367.11
O16	14895.1	0.310107	99214	2870.51	2869.28
O16	14895.1	0.239072	94973.8	83.5705	82.8512
Si28	26053.2	1.734	94880.8	180.451	177.869
Si28	26053.2	0.433417	96340.8	1353.51	1352.55
O16	14895.1	0.330883	94929.7	154.62	154.174
O16	14895.1	0.209098	94845.9	358.818	358.153
Mg24	22335.8	0.155201	98979.6	2759.41	2758.77
O16	14895.1	0.26731	95710.3	471.786	471.243
Si28	26053.2	0.143406	94959.7	431.193	430.939
Si28	26053.2	0.121123	95234.1	621.052	620.447
Fe56	52089.8	0.0589919	99273.6	2979.26	2978.4
O16	14895.1	0.537465	97981.6	2213.1	2212.08
O16	14895.1	0.303965	95467.9	562.207	561.596
O16	14895.1	0.567741	98332.4	2490.49	2489.37
O16	14895.1	0.781222	98452.8	2525.63	2524.57
O16	14895.1	0.234179	94191.9	116.801	116.494
Mg25	23268	0.155543	97841.5	2166.96	2166.68
O16	14895.1	0.249395	98575.5	2563.06	2562.35
O16	14895.1	0.192758	95290.2	782.246	781.118
O16	14895.1	0.575833	96996.8	1388.31	1387.57
O16	14895.1	3.376	99523.9	3128.07	3124.65
O16	14895.1	0.196988	97750.2	1994.94	1994.64
Si28	26053.2	0.14958	97846.9	2004.95	2004.18
O16	14895.1	0.652105	94800.2	130.75	130.006
O16	14895.1	0.354506	95405.9	662.095	661.445
Si28	26053.2	0.170802	98360.8	2424.24	2423.74
O16	14895.1	0.267471	97250.3	1780.99	1780.55
Mg24	22335.8	0.499376	99212.5	2963.49	2962.15
O16	14895.1	0.247859	95685.9	648.193	647.781
O16	14895.1	0.217523	96922.7	1613.61	1613.36
Si28	26053.2	0.179399	95601.8	772.538	771.487
Si29	26984.3	0.110584	94732.8	392.168	390.393
O16	14895.1	0.222018	97182.1	1637.94	1637.66
neutron	939.565	25.8772	95443.6	887.082	575.925
neutron	939.565	1.19116	95443.6	887.082	575.925
neutron	939.565	0.753031	95443.6	887.082	575.925
Mg24	22335.8	1.45513	95443.6	887.082	575.925
Mg24	22335.8	0.15026	97707.3	2144.94	2144.66
O16	14895.1	0.380751	98922.7	2838.67	2838.21
O16	14895.1	0.278	96213.5	1293.36	1293.07
Si28	26053.2	0.149047	95487.5	385.656	385.451
O16	14895.1	0.279561	95425.8	746.782	745.54
Mg24	22335.8	0.222948	98319.7	2391.76	2391.4
Si28	26053.2	0.228913	99890	3360.27	3359.62
Si28	26053.2	0.239798	97770.9	2061.53	2060.94
O16	14895.1	0.767497	98507.5	2431.85	2430.37
O16	14895.1	0.216133	99939.2	3395.45	3395.16
Si28	26053.2	0.112681	98838.2	2720.94	2720.81
Si28	26053.2	0.129248	96321.7	1008.1	1007.78
O16	14895.1	0.41691	96882.7	1586.3	1585.79
O16	14895.1	0.458471	97202.1	1806.16	1805.38
Si28	26053.2	0.189435	96069	920.992	920.773
O16	14895.1	0.21131	95073	460.667	460.24
neutron	939.565	4.32381	99899.2	3360.22	3034.96
Mn53	49301.8	2.59065	99899.2	3360.22	3034.96
O16	14895.1	0.291001	99925.7	3392.59	3391.86
O16	14895.1	0.219251	96494.5	1394.15	1393.67
O16	14895.1	0.208066	98255	2319.94	2319.63
O16	14895.1	0.190324	94978.5	397.779	396.487
O16	14895.1	0.229143	98551.2	2553.19	2552.49
Si28	26053.2	0.451216	97781.5	2078.04	2077.22
O16	14895.1	0.329445	96277.1	1019.91	1018.98
O16	14895.1	0.29998	99439.9	3095.59	3095.21
Si28	26053.2	0.181649	99264.5	2992.19	2991.97
O16	14895.1	0.225116	97069.2	1463.37	1462.72
Si28	26053.2	0.213478	96172.5	1142.49	1142.07
Mg24	22335.8	0.189137	99968	3389.35	3389.03
O16	14895.1	0.192479	95799.2	837.418	837.059
O16	14895.1	0.267807	98595	2551.6	2550.77
Si28	26053.2	0.386566	96040.6	1092.5	1091.52
Mg24	22335.8	0.248153	99670.3	2714.12	2713.73
O16	14895.1	0.259341	97887.6	1884.51	1883.5
O16	14895.1	0.219769	99566.3	3199.25	3198.97
Si28	26053.2	0.458985	97467.1	1965.48	1964.66
Si28	26053.2	0.142571	96067.5	1035.85	1035.36
O16	14895.1	0.79421	95917.2	873.279	872.409
O16	14895.1	0.198449	96510.6	1064.38	1063.83
O16	14895.1	0.461692	97322.1	1638.15	1637.16
Mg24	22335.8	0.151707	99578.1	3162.75	3162.47
O16	14895.1	0.43833	95985.2	1076.08	1074.85
O16	14895.1	0.930047	98517.6	2540.93	2539.62
Mg24	22335.8	0.246584	94628.2	396.073	395.475
O16	14895.1	0.212306	95120.4	475.856	475.634
Si28	26053.2	0.497117	95788.4	873.635	872.719
O16	14895.1	1.56324	97592.6	1764.82	1763.05
Si28	26053.2	0.179796	95865.3	661.952	661.507
Fe56	52089.8	0.0559259	95599.9	639.112	638.556
Si28	26053.2	0.281238	95823.2	750.483	749.754
O16	14895.1	0.461564	95347.5	750.585	749.895
O16	14895.1	0.241223	99716.3	3275.74	3275.09
Mg24	22335.8	0.127361	96697.9	1250.13	1249.88
Mg24	22335.8	0.24453	96925.6	1333.41	1332.78
Si28	26053.2	0.12316	98135	1765.12	1764.88
O16	14895.1	0.220675	97958.5	2170.78	2170.19
Mg24	22335.8	0.13588	98813.2	2740.79	2740.34
Mg24	22335.8	0.147169	95323.5	603.85	602.602
O16	14895.1	0.231266	95463.9	848.172	847.929
O16	14895.1	0.267509	98916	2842.69	2842.11
O16	14895.1	0.581489	99150.2	2911.32	2910.43
O16	14895.1	0.281452	96187.8	1276.95	1276.62
Si28	26053.2	0.268093	96305	1132.28	1131.82
Mg24	22335.8	0.241447	97727.9	2062.11	2061.22
O16	14895.1	0.267304	96073.5	1103.38	1102.28
O16	14895.1	0.302348	99513.7	2449.41	2448.73
Si28	26053.2	0.157952	95262.7	416.755	416.102
Si28	26053.2	0.168898	99649	3230.82	3230.54
O16	14895.1	0.253193	94963.6	555.902	555.36
O16	14895.1	0.192246	98722.3	2596.72	2596.2
Si28	26053.2	0.155052	99551	3185.09	3184.94
O16	14895.1	0.240838	95849.2	902.126	901.783
O16	14895.1	0.285186	99241.3	2928.51	2927.02
Si28	26053.2	0.394604	99030	2775.1	2773.47
Mg24	22335.8	0.195121	94384	81.6521	81.1655
O16	14895.1	0.366022	98165.9	2255.58	2255.13
O16	14895.1	0.373279	94740.6	260.01	259.52
Mg24	22335.8	0.182651	99298.9	2991.52	2990.34
Si28	26053.2	0.203136	94314.6	94.7501	94.478
O16	14895.1	0.274284	94378.2	166.011	165.005
Mg26	24196.5	0.209215	99558.7	3105.86	3105.63
Si28	26053.2	0.176623	98560.8	2493.14	2492.63
O16	14895.1	0.752926	95124.3	481.705	480.347
O16	14895.1	0.65941	96569.7	1052.78	1051.59
O16	14895.1	0.65564	98995.5	2895.5	2894.42
Mg23	21412.8	0.698733	98131.3	2378.45	2172.43
O16	14895.1	0.732091	96943.3	1683.28	1681.88
Si28	26053.2	0.112387	97345.6	1581.94	1581.5
O16	14895.1	0.281838	99283.6	3042.79	3041.81
C13	12109.5	1.58751	98387.6	2455.73	2153.71
Mg24	22335.8	0.989554	96264	1194.69	1193.68
Si28	26053.2	0.187488	97570.4	1585.68	1584.82
O16	14895.1	0.265602	99714.5	3257.72	3257.31
Mg24	22335.8	0.215421	97830.6	2167.24	2166.93
Fe56	52089.8	0.261012	98429.1	2534.51	2533.84
Si28	26053.2	0.211061	99768.9	3302.65	3302.16
O16	14895.1	0.428898	98912.8	2408.39	2407.79
Mg24	22335.8	0.147307	94925.2	319.709	319.384
O16	14895.1	0.302376	96716.5	1326.57	1325.41
O16	14895.1	0.226877	95561.9	782.697	781.581
O16	14895.1	0.393241	98561.9	2482.41	2481.88
O16	14895.1	0.874723	98531.4	2464.62	2463.65
O16	14895.1	0.252191	98410.1	2487.33	2486.93
Si28	26053.2	0.825202	96983.5	921.403	920.225
Mg24	22335.8	0.224169	95279.9	479.925	479.267
Si28	26053.2	0.323722	94935.7	395.328	394.55
O16	14895.1	0.189607	98437.1	2585.82	2585.62
O16	14895.1	0.292674	95399.5	461.714	461.261
Si29	26984.3	0.191012	98878.7	2805.99	2805.78
Si28	26053.2	0.144773	97589.8	1848.09	1847.58
Mg24	22335.8	0.183514	98194.1	2259.24	2258.65
Mg24	22335.8	0.147317	95159.4	353.356	352.703
O16	14895.1	0.245426	99275.4	3032.32	3031.59
O16	14895.1	0.281072	95039.7	583.838	582.986
Mg24	22335.8	0.184278	99781.6	3263.39	3262.4
Fe56	52089.8	0.0720367	96025.5	1168.43	1167.73
O16	14895.1	0.670297	99331.1	2877.24	2876.34
O16	14895.1	0.279618	97264.9	1630.83	1629.64
Mg24	22335.8	0.297416	94923.6	205.566	204.976
Mg24	22335.8	0.203938	94810.6	177.511	176.626
O16	14895.1	0.49197	94500.2	187.398	186.78
Fe56	52089.8	0.126071	96129.8	1024.82	1024.52
O16	14895.1	0.205937	98696.4	2649.57	2648.92
O16	14895.1	0.192681	97579.6	1969.16	1968.21
Mg24	22335.8	0.182904	95268.8	338.749	338.554
O16	14895.1	0.211434	96763.5	1492.05	1491.78
O16	14895.1	0.430245	95106.8	543.811	543.283
Si28	26053.2	0.190586	97631.3	2115.63	2114.91
Si28	26053.2	0.227742	95464.5	870.484	869.637
Si28	26053.2	0.114607	97976.7	2180.62	2180.19
Si28	26053.2	0.227443	99137	2862.25	2861.86
Si28	26053.2	0.158742	94555.4	40.6921	40.4924
O16	14895.1	0.211467	98902.5	2764.76	2763.89
Si28	26053.2	0.141314	97780.6	2124.85	2124.4
Si28	26053.2	0.124102	96038.1	771.619	770.749
O16	14895.1	0.773496	99946.6	3403.51	3402.69
O16	14895.1	0.237414	98342	2418.01	2417.73
O16	14895.1	1.36796	95784.8	282.733	281.279
Si28	26053.2	0.151519	96227	1131.4	1130.71
Si28	26053.2	0.247029	97234.9	1753.3	1752.92
Mg25	23268	0.144145	96326.8	1316.08	1315.92
O16	14895.1	1.1197	98531.3	2591.91	2589.65
neutron	939.565	218.6	96246.7	1190.64	822.633
C13	12109.5	2.09349	96246.7	1190.64	822.633
Mg24	22335.8	0.292833	94756.5	334.637	334.331
O16	14895.1	1.35595	97192	1764.71	1763.29
Si28	26053.2	0.416095	95238.7	660.581	659.496
Si28	26053.2	0.144878	96298.8	1028.33	1028.04
Si28	26053.2	0.362129	99995	3418.14	3417.71
O16	14895.1	0.255886	96026	917.409	916.889
Mg24	22335.8	0.621563	97314	1487	1485.49
Mg25	23268	0.818801	96819.3	1550.11	1548.85
Si29	26984.3	0.126131	96359.8	1220.03	1219.39
Mg24	22335.8	0.331515	98687.6	2688.51	2687.76
Si28	26053.2	0.168154	95220.3	614.332	613.168
Si28	26053.2	0.119937	98931.7	2760.72	2760.38
Mg24	22335.8	0.12757	99771.2	3283.06	3282.14
Mg24	22335.8	0.152233	95443.5	754.654	754.198
O16	14895.1	0.245273	97506	1804.48	1804.22
Si28	26053.2	0.165812	96146.3	1051.37	1051.02
O16	14895.1	0.424948	97760.5	1575.14	1574.1
O16	14895.1	0.505625	96743.7	1292.39	1291.7
Si30	27913.2	0.112962	98154.7	2368.78	2367.98
Si28	26053.2	0.171672	97898.4	2056.09	2055.46
O16	14895.1	1.62397	99378.6	3009.49	3007.69
Mg24	22335.8	0.288249	97524	1866.33	1865.91
Mg24	22335.8	0.31099	99786	3290.27	3289.57
O16	14895.1	0.246146	99497	3122.46	3121.59
Si28	26053.2	0.176124	95558.3	494.942	494.151
Si28	26053.2	0.198367	97514.8	1896.86	1896.52
Si28	26053.2	0.294715	97995.3	2173.85	2172.87
Mg26	24196.5	0.124025	98801.1	2682.77	2682.45
O16	14895.1	0.580839	98944.4	2798.03	2797.14
O16	14895.1	0.282444	99331	3063.59	3063.26
Si28	26053.2	0.130671	95238.4	384.076	383.879
Si28	26053.2	0.918801	95374.7	599.135	598.214
Si28	26053.2	0.162951	99955.4	3400.23	3399.77
O16	14895.1	1.28263	99267.2	3003.4	3001.83
O16	14895.1	0.198006	94964.9	97.4435	97.1214
O16	14895.1	0.830313	98628.4	2611.11	2610.21
Si28	26053.2	0.118082	96186.7	935.301	934.462
O16	14895.1	0.575945	96646.2	1278.74	1277.72
O16	14895.1	0.387649	95146.4	290.947	289.561
O16	14895.1	0.463135	96978.1	1608.24	1607.76
Si28	26053.2	0.746718	97789.7	2114.16	2113.23
Mg25	23268	0.347144	99598.9	3210.07	3209.44
Si28	26053.2	0.399852	98953.8	2774.66	2774.07
Mg24	22335.8	0.296623	99815.2	3328.98	3328.56
O16	14895.1	0.317244	97250.5	1736.57	1736.01
Mg24	22335.8	0.142867	96728.8	1491.5	1491.09
O16	14895.1	0.598204	95483.8	578.118	577.307
O16	14895.1	0.375214	95057.6	508.082	507.677
Fe56	52089.8	0.0690382	97374.1	1641.59	1641.5
Si28	26053.2	0.121922	99005.9	2879.66	2878.84
Si28	26053.2	0.134659	95916.2	797.366	797.172
O16	14895.1	0.286709	98236.1	2412.83	2411.97
Mg24	22335.8	0.714567	98642.5	2626.99	2626.21
Mg24	22335.8	0.246396	94799.1	106.345	106.019
O16	14895.1	0.212839	99987.5	3424.43	3424.18
O16	14895.1	0.219377	97590.2	1860.57	1858.06
Si30	27913.2	0.156887	97488.9	2003.81	2003.49
Mg24	22335.8	0.199176	94534.4	205.266	204.915
Si28	26053.2	0.177143	98604.5	2541.23	2540.52
O16	14895.1	0.491226	97040.5	1550.81	1550.31
O16	14895.1	0.310783	94321.4	24.3527	23.4757
Mg26	24196.5	0.293175	98621.5	2594.19	2593.5
Si28	26053.2	0.194697	99232.2	2991.13	2990.68
Si28	26053.2	0.183072	99043.7	2725.2	2724.71
Mg24	22335.8	0.542685	95273.4	674.372	673.812
Si28	26053.2	0.217584	96957.9	1496.3	1496.05
Mg24	22335.8	0.141045	95045	481.739	481.112
Si28	26053.2	0.108891	95024.1	471.91	471.372
O16	14895.1	0.301016	98196.2	2355.46	2354.43
Si28	26053.2	1.19507	96945.5	1633.46	1632.24
O16	14895.1	0.801728	96859.9	1394.77	1393.81
Si28	26053.2	0.228917	94991.8	480.148	479.556
O16	14895.1	0.567708	99154.9	2904.7	2903.99
O16	14895.1	0.217759	98333.4	2411.78	2411.55
O16	14895.1	0.200732	99101.6	2746.44	2745.63
Mg24	22335.8	0.14663	96704.5	1462.27	1461.86
Mg24	22335.8	0.206826	99772	3303.43	3302.86
O16	14895.1	0.568683	99984.5	3423.76	3422.65
Si28	26053.2	0.325654	99342.4	2942.07	2941.52
Si28	26053.2	0.159396	95258.4	439.009	438.712
O16	14895.1	0.442642	98071.5	2158.11	2157.65
O16	14895.1	0.226913	95109.5	391.571	391.324
Si28	26053.2	0.113878	99886.1	3367.71	3367.54
Mg24	22335.8	0.18838	97563.8	1754.37	1754.13
O16	14895.1	0.641313	99756.4	3273.76	3272.51
Si29	26984.3	0.169342	95004.5	293.899	292.866
Si28	26053.2	0.111461	97883.4	2032.02	2031.73
O16	14895.1	0.231609	97506.3	1678.16	1677.3
Mg26	24196.5	0.348824	94213.5	62.0324	61.3981
O16	14895.1	0.227983	96285.4	1239.97	1239.65
O16	14895.1	0.328321	94514	93.8552	93.4211
O16	14895.1	0.282741	96123.7	963.657	963.218
Si28	26053.2	0.124088	98586.2	2557.29	2556.09
Mg24	22335.8	0.202878	99023.3	2801.1	2800.76
O16	14895.1	0.259836	99259.2	2888.26	2887.67
Si29	26984.3	0.106511	99448.4	3027.84	3026.92
O16	14895.1	0.996147	98598.4	2559.56	2558.31
O16	14895.1	0.272343	99298.6	3011.4	3010.75
Mg24	22335.8	0.164704	96075.3	796.805	796.389
O16	14895.1	0.469816	94755.1	367.916	366.813
neutron	939.565	108.224	99894.8	3371.26	2465.71
neutron	939.565	10.5662	99894.8	3371.26	2465.71
neutron	939.565	1.10534	99894.8	3371.26	2465.71
alpha	3727.38	33.78	99894.8	3371.26	2465.71
He3	2808.39	1.81151	99894.8	3371.26	2465.71
O16	14895.1	0.380782	95668.4	731.646	730.765
Si30	27913.2	0.269624	95830.3	787.323	786.538
Mg24	22335.8	0.413166	96599.2	1419.95	1419.31
Mg24	22335.8	0.217967	95087.8	401.796	401.231
Fe56	52089.8	0.117071	96422.6	1155.41	1155.03
O16	14895.1	0.611036	94782.8	297.748	296.84
O16	14895.1	0.198978	95330.3	686.242	685.708
Mg24	22335.8	0.307983	98026.1	2226.7	2226.02
Mg24	22335.8	0.214066	95615.2	819.596	819.321
O16	14895.1	0.661927	96318.7	1267.56	1266.85
O16	14895.1	0.428674	96133.8	880.215	879.516
O16	14895.1	0.263658	98896.2	2528.31	2527.52
O16	14895.1	0.533024	94764.5	322.532	320.066
Si28	26053.2	0.144392	94538.2	179.822	179.447
Si28	26053.2	0.740436	98238.6	2077.73	2076.92
Si28	26053.2	0.113377	96742.9	1394.1	1393.85
O16	14895.1	0.211341	98909	2797.16	2796.69
Si28	26053.2	0.199769	98226.8	2340.85	2340.51
O16	14895.1	0.266752	96115.2	1083.73	1083.2
Mg24	22335.8	0.343668	98506.4	2444.51	2443.61
Fe54	50231.2	0.0750256	97261.6	1667.69	1667.56
Mg26	24196.5	0.580752	97433	1910.32	1909.5
O16	14895.1	0.317792	96980.8	1752.9	1752.55
O16	14895.1	0.578822	95583.3	830.248	829.572
O16	14895.1	0.209727	95004.7	509.028	508.791
Si28	26053.2	0.11004	98491	2594.5	2594.28
O16	14895.1	0.248228	96852.4	1645.07	1644.49
O16	14895.1	0.249602	96158.1	1124.18	1123.77
Si29	26984.3	0.315945	94205.3	74.1116	73.4844
O16	14895.1	0.433573	97257	1650.95	1650.13
O16	14895.1	0.449313	97850.2	2098.75	2098.29
Mg24	22335.8	0.158467	98539.5	2591.64	2591.39
Si28	26053.2	0.264574	96438.5	1292.79	1292.4
Mg24	22335.8	0.239765	97785.2	2071.26	2070.68
O16	14895.1	0.22344	99974.6	3419.85	3417.98
Mg24	22335.8	0.144661	96269.9	1290.16	1289.67
O16	14895.1	0.211565	96954.9	1554.61	1554.16
O16	14895.1	2.0541	99524.3	3114.55	3112.06
Mg25	23268	0.791898	97614.9	2055.22	2053.85
O16	14895.1	0.537902	96899.8	1572.78	1572.12
Si28	26053.2	0.2292	99994.6	3429.05	3427.8
O16	14895.1	0.24108	94971.7	496.188	495.679
O16	14895.1	0.247907	98248.2	2252.66	2251.1
O16	14895.1	1.53162	99079.2	2905.95	2904.39
N14	13040.2	0.541292	99500.8	3160.99	2879.59
O16	14895.1	0.623335	94657.1	164.921	163.851
Si28	26053.2	0.195763	96867.4	1493.46	1493.25
Si28	26053.2	0.365253	96332.6	1250.67	1249.89
Mg26	24196.5	0.186751	96286.3	1215.53	1215.24
Mg24	22335.8	0.165843	97745.4	2092.89	2092.42
Mg25	23268	0.816766	95827.1	1000.93	1000.03
Mg26	24196.5	0.306203	96032.9	1129.53	1128.66
Mg24	22335.8	0.187991	95242.4	501.867	500.585
Si28	26053.2	0.417659	95592.9	799.833	799.368
O16	14895.1	1.59409	99723.2	3275.36	3273.7
O16	14895.1	0.195994	98609.6	2480.8	2480.05
O16	14895.1	0.364764	97958.5	2252.24	2251.87
Si28	26053.2	0.126142	96863.4	1482.62	1482.45
O16	14895.1	0.703969	94742.6	291.784	290.711
O16	14895.1	0.289397	99030.6	2716.25	2715.81
Mg24	22335.8	0.139817	96157.8	1012.31	1011.71
Mg24	22335.8	0.700775	94974.3	328.221	327.46
Mg24	22335.8	0.161443	95032.9	557.584	557.264
Si28	26053.2	0.194638	97358.4	1600.49	1599.3
Mg24	22335.8	0.260211	97084.5	1735.52	1735.06
Mg24	22335.8	0.401302	96070.3	1070.84	1070.1
Si28	26053.2	0.308303	97754.3	2055.93	2055.55
O16	14895.1	2.05428	95690	723.096	720.97
O16	14895.1	0.273531	94829.6	77.8633	77.4511
Si28	26053.2	0.129985	98193.9	2201.65	2201.24
Si28	26053.2	0.293768	94852.5	94.9967	94.2752
O16	14895.1	0.190876	97721.6	1959.47	1958.67
O16	14895.1	0.373078	94267.6	21.3524	20.7296
O16	14895.1	0.228474	99987.4	3423.45	3423.01
