# Energy(keV)    dEe/dx(keV/micro_m)  dEn/dx(keV/micro_m)  x(micro_m)
1.000000e+01 1.114000e+02 1.310000e+02 3.364313e-02
1.100000e+01 1.168000e+02 1.277000e+02 3.672138e-02
1.200000e+01 1.220000e+02 1.246000e+02 3.984118e-02
1.300000e+01 1.270000e+02 1.217000e+02 4.295544e-02
1.400000e+01 1.318000e+02 1.189000e+02 4.604715e-02
1.500000e+01 1.364000e+02 1.163000e+02 4.908859e-02
1.600000e+01 1.409000e+02 1.137000e+02 5.217432e-02
1.700000e+01 1.452000e+02 1.113000e+02 5.530371e-02
1.800000e+01 1.495000e+02 1.091000e+02 5.827615e-02
2.000000e+01 1.576000e+02 1.048000e+02 6.442872e-02
2.250000e+01 1.674000e+02 1.000000e+02 7.195422e-02
2.500000e+01 1.789000e+02 9.571000e+01 7.933228e-02
2.750000e+01 1.906000e+02 9.183000e+01 8.656246e-02
3.000000e+01 2.021000e+02 8.830000e+01 9.367449e-02
3.250000e+01 2.131000e+02 8.507000e+01 1.006906e-01
3.500000e+01 2.235000e+02 8.211000e+01 1.075366e-01
3.750000e+01 2.333000e+02 7.939000e+01 1.142055e-01
4.000000e+01 2.425000e+02 7.687000e+01 1.208401e-01
4.500000e+01 2.593000e+02 7.238000e+01 1.337724e-01
5.000000e+01 2.741000e+02 6.847000e+01 1.462990e-01
5.500000e+01 2.873000e+02 6.501000e+01 1.586660e-01
6.000000e+01 2.991000e+02 6.195000e+01 1.706565e-01
6.500000e+01 3.098000e+02 5.919000e+01 1.826062e-01
7.000000e+01 3.196000e+02 5.671000e+01 1.942392e-01
8.000000e+01 3.372000e+02 5.243000e+01 2.172877e-01
9.000000e+01 3.529000e+02 4.882000e+01 2.397082e-01
1.000000e+02 3.675000e+02 4.573000e+01 2.617185e-01
1.100000e+02 3.811000e+02 4.308000e+01 2.832147e-01
1.200000e+02 3.947000e+02 4.076000e+01 3.042710e-01
1.300000e+02 4.080000e+02 3.869000e+01 3.249781e-01
1.400000e+02 4.209000e+02 3.685000e+01 3.451910e-01
1.500000e+02 4.338000e+02 3.522000e+01 3.650514e-01
1.600000e+02 4.467000e+02 3.374000e+01 3.844644e-01
1.700000e+02 4.597000e+02 3.239000e+01 4.035674e-01
1.800000e+02 4.726000e+02 3.116000e+01 4.221673e-01
2.000000e+02 4.984000e+02 2.898000e+01 4.584245e-01
2.250000e+02 5.307000e+02 2.671000e+01 5.016611e-01
2.500000e+02 5.627000e+02 2.480000e+01 5.428050e-01
2.750000e+02 5.943000e+02 2.318000e+01 5.821499e-01
3.000000e+02 6.256000e+02 2.177000e+01 6.197145e-01
3.250000e+02 6.562000e+02 2.055000e+01 6.557920e-01
3.500000e+02 6.861000e+02 1.947000e+01 6.903404e-01
3.750000e+02 7.150000e+02 1.851000e+01 7.236656e-01
4.000000e+02 7.436000e+02 1.765000e+01 7.557817e-01
4.500000e+02 7.980000e+02 1.617000e+01 8.170040e-01
5.000000e+02 8.493000e+02 1.494000e+01 8.746055e-01
5.500000e+02 8.972000e+02 1.390000e+01 9.292202e-01
6.000000e+02 9.421000e+02 1.301000e+01 9.813136e-01
6.500000e+02 9.839000e+02 1.224000e+01 1.027454e+00
7.000000e+02 1.023000e+03 1.156000e+01 1.077222e+00
8.000000e+02 1.094000e+03 1.042000e+01 1.166873e+00
9.000000e+02 1.155000e+03 9.506000e+00 1.256463e+00
1.000000e+03 1.209000e+03 8.751000e+00 1.336146e+00
1.100000e+03 1.256000e+03 8.116000e+00 1.415813e+00
1.200000e+03 1.297000e+03 7.575000e+00 1.495466e+00
1.300000e+03 1.333000e+03 7.106000e+00 1.565218e+00
1.400000e+03 1.364000e+03 6.698000e+00 1.644866e+00
1.500000e+03 1.392000e+03 6.334000e+00 1.714618e+00
1.600000e+03 1.415000e+03 6.014000e+00 1.784366e+00
1.700000e+03 1.436000e+03 5.725000e+00 1.854120e+00
1.800000e+03 1.454000e+03 5.467000e+00 1.923885e+00
2.000000e+03 1.484000e+03 5.018000e+00 2.053528e+00
2.250000e+03 1.510000e+03 4.559000e+00 2.223089e+00
2.500000e+03 1.527000e+03 4.178000e+00 2.382727e+00
2.750000e+03 1.538000e+03 3.866000e+00 2.542391e+00
3.000000e+03 1.543000e+03 3.597000e+00 2.702077e+00
3.250000e+03 1.544000e+03 3.365000e+00 2.871744e+00
3.500000e+03 1.542000e+03 3.164000e+00 3.031485e+00
3.750000e+03 1.538000e+03 2.987000e+00 3.191239e+00
4.000000e+03 1.533000e+03 2.830000e+00 3.351016e+00
4.500000e+03 1.518000e+03 2.565000e+00 3.680739e+00
5.000000e+03 1.500000e+03 2.347000e+00 4.010507e+00
5.500000e+03 1.480000e+03 2.166000e+00 4.340317e+00
6.000000e+03 1.460000e+03 2.012000e+00 4.680132e+00
6.500000e+03 1.439000e+03 1.880000e+00 5.019984e+00
7.000000e+03 1.418000e+03 1.765000e+00 5.369847e+00
8.000000e+03 1.376000e+03 1.576000e+00 6.090033e+00
9.000000e+03 1.334000e+03 1.425000e+00 6.820229e+00
1.000000e+04 1.295000e+03 1.301000e+00 7.580414e+00
1.100000e+04 1.257000e+03 1.199000e+00 8.370584e+00
1.200000e+04 1.221000e+03 1.113000e+00 9.170777e+00
1.300000e+04 1.187000e+03 1.039000e+00 1.000096e+01
1.400000e+04 1.155000e+03 9.741000e-01 1.085115e+01
1.500000e+04 1.124000e+03 9.176000e-01 1.173135e+01
1.600000e+04 1.094000e+03 8.677000e-01 1.263154e+01
1.700000e+04 1.067000e+03 8.231000e-01 1.356174e+01
1.800000e+04 1.040000e+03 7.833000e-01 1.450195e+01
2.000000e+04 9.901000e+02 7.147000e-01 1.647355e+01
2.250000e+04 9.357000e+02 6.450000e-01 1.907605e+01
2.500000e+04 8.881000e+02 5.882000e-01 2.181829e+01
2.750000e+04 8.388000e+02 5.413000e-01 2.471035e+01
3.000000e+04 7.966000e+02 5.015000e-01 2.777229e+01
3.250000e+04 7.585000e+02 4.675000e-01 3.096509e+01
3.500000e+04 7.238000e+02 4.379000e-01 3.434526e+01
3.750000e+04 6.922000e+02 4.121000e-01 3.787546e+01
4.000000e+04 6.633000e+02 3.893000e-01 4.155567e+01
4.500000e+04 6.123000e+02 3.509000e-01 4.939614e+01
5.000000e+04 5.691000e+02 3.196000e-01 5.786666e+01
5.500000e+04 5.314000e+02 2.937000e-01 6.695723e+01
6.000000e+04 4.991000e+02 2.719000e-01 7.665000e+01
6.500000e+04 4.702000e+02 2.533000e-01 8.697000e+01
7.000000e+04 4.450000e+02 2.371000e-01 9.789000e+01
8.000000e+04 4.022000e+02 2.105000e-01 1.215200e+02
9.000000e+04 3.672000e+02 1.895000e-01 1.475400e+02
1.000000e+05 3.381000e+02 1.725000e-01 1.759100e+02
