# Energy(keV)    dEe/dx(keV/micro_m)  dEn/dx(keV/micro_m)  x(micro_m)
1.000000e+01 1.080000e+02 9.642000e+02 1.058206e-02
1.100000e+01 1.133000e+02 9.751000e+02 1.136926e-02
1.200000e+01 1.183000e+02 9.843000e+02 1.215648e-02
1.300000e+01 1.231000e+02 9.918000e+02 1.290697e-02
1.400000e+01 1.277000e+02 9.979000e+02 1.365796e-02
1.500000e+01 1.322000e+02 1.003000e+03 1.444507e-02
1.600000e+01 1.366000e+02 1.007000e+03 1.516971e-02
1.700000e+01 1.408000e+02 1.010000e+03 1.586726e-02
1.800000e+01 1.449000e+02 1.013000e+03 1.661866e-02
2.000000e+01 1.527000e+02 1.017000e+03 1.804134e-02
2.250000e+01 1.620000e+02 1.019000e+03 1.985019e-02
2.500000e+01 1.707000e+02 1.019000e+03 2.169470e-02
2.750000e+01 1.790000e+02 1.017000e+03 2.341474e-02
3.000000e+01 1.870000e+02 1.014000e+03 2.525985e-02
3.250000e+01 1.946000e+02 1.009000e+03 2.707139e-02
3.500000e+01 2.020000e+02 1.005000e+03 2.882603e-02
3.750000e+01 2.091000e+02 9.996000e+02 3.063821e-02
4.000000e+01 2.159000e+02 9.938000e+02 3.248400e-02
4.500000e+01 2.291000e+02 9.816000e+02 3.599458e-02
5.000000e+01 2.414000e+02 9.683000e+02 3.965426e-02
5.500000e+01 2.532000e+02 9.550000e+02 4.325864e-02
6.000000e+01 2.645000e+02 9.414000e+02 4.691929e-02
6.500000e+01 2.753000e+02 9.278000e+02 5.052534e-02
7.000000e+01 2.857000e+02 9.142000e+02 5.422444e-02
8.000000e+01 3.054000e+02 8.884000e+02 6.155526e-02
9.000000e+01 3.247000e+02 8.632000e+02 6.905100e-02
1.000000e+02 3.454000e+02 8.394000e+02 7.657088e-02
1.100000e+02 3.662000e+02 8.170000e+02 8.406242e-02
1.200000e+02 3.869000e+02 7.956000e+02 9.162729e-02
1.300000e+02 4.070000e+02 7.755000e+02 9.928736e-02
1.400000e+02 4.267000e+02 7.568000e+02 1.068481e-01
1.500000e+02 4.457000e+02 7.388000e+02 1.144829e-01
1.600000e+02 4.644000e+02 7.218000e+02 1.220185e-01
1.700000e+02 4.821000e+02 7.055000e+02 1.296288e-01
1.800000e+02 4.994000e+02 6.902000e+02 1.372407e-01
2.000000e+02 5.328000e+02 6.620000e+02 1.525358e-01
2.250000e+02 5.715000e+02 6.300000e+02 1.715586e-01
2.500000e+02 6.076000e+02 6.014000e+02 1.905171e-01
2.750000e+02 6.419000e+02 5.759000e+02 2.093379e-01
3.000000e+02 6.745000e+02 5.528000e+02 2.281020e-01
3.250000e+02 7.062000e+02 5.317000e+02 2.468442e-01
3.500000e+02 7.368000e+02 5.127000e+02 2.653406e-01
3.750000e+02 7.663000e+02 4.950000e+02 2.837971e-01
4.000000e+02 7.956000e+02 4.787000e+02 3.020690e-01
4.500000e+02 8.527000e+02 4.495000e+02 3.381004e-01
5.000000e+02 9.085000e+02 4.243000e+02 3.735306e-01
5.500000e+02 9.635000e+02 4.022000e+02 4.081868e-01
6.000000e+02 1.018000e+03 3.828000e+02 4.420691e-01
6.500000e+02 1.072000e+03 3.651000e+02 4.751799e-01
7.000000e+02 1.125000e+03 3.495000e+02 5.075368e-01
8.000000e+02 1.231000e+03 3.223000e+02 5.700260e-01
9.000000e+02 1.335000e+03 2.996000e+02 6.295666e-01
1.000000e+03 1.438000e+03 2.803000e+02 6.862871e-01
1.100000e+03 1.539000e+03 2.637000e+02 7.404769e-01
1.200000e+03 1.639000e+03 2.491000e+02 7.923786e-01
1.300000e+03 1.737000e+03 2.363000e+02 8.420366e-01
1.400000e+03 1.833000e+03 2.249000e+02 8.897259e-01
1.500000e+03 1.927000e+03 2.147000e+02 9.355725e-01
1.600000e+03 2.019000e+03 2.054000e+02 9.797704e-01
1.700000e+03 2.110000e+03 1.971000e+02 1.020598e+00
1.800000e+03 2.198000e+03 1.894000e+02 1.060667e+00
2.000000e+03 2.370000e+03 1.760000e+02 1.140708e+00
2.250000e+03 2.575000e+03 1.620000e+02 1.230747e+00
2.500000e+03 2.770000e+03 1.502000e+02 1.320639e+00
2.750000e+03 2.956000e+03 1.403000e+02 1.400561e+00
3.000000e+03 3.132000e+03 1.317000e+02 1.480380e+00
3.250000e+03 3.300000e+03 1.242000e+02 1.550279e+00
3.500000e+03 3.461000e+03 1.175000e+02 1.620123e+00
3.750000e+03 3.614000e+03 1.117000e+02 1.689917e+00
4.000000e+03 3.760000e+03 1.064000e+02 1.749794e+00
4.500000e+03 4.032000e+03 9.741000e+01 1.879408e+00
5.000000e+03 4.284000e+03 8.993000e+01 1.989147e+00
5.500000e+03 4.515000e+03 8.360000e+01 2.098834e+00
6.000000e+03 4.729000e+03 7.820000e+01 2.208491e+00
6.500000e+03 4.926000e+03 7.351000e+01 2.308197e+00
7.000000e+03 5.107000e+03 6.939000e+01 2.407889e+00
8.000000e+03 5.430000e+03 6.252000e+01 2.587459e+00
9.000000e+03 5.705000e+03 5.698000e+01 2.766984e+00
1.000000e+04 5.946000e+03 5.243000e+01 2.936568e+00
1.100000e+04 6.154000e+03 4.858000e+01 3.096185e+00
1.200000e+04 6.334000e+03 4.532000e+01 3.255810e+00
1.300000e+04 6.494000e+03 4.250000e+01 3.405480e+00
1.400000e+04 6.637000e+03 4.002000e+01 3.565120e+00
1.500000e+04 6.762000e+03 3.784000e+01 3.704849e+00
1.600000e+04 6.875000e+03 3.594000e+01 3.854544e+00
1.700000e+04 6.973000e+03 3.420000e+01 3.994287e+00
1.800000e+04 7.065000e+03 3.264000e+01 4.134032e+00
2.000000e+04 7.221000e+03 2.994000e+01 4.413634e+00
2.250000e+04 7.374000e+03 2.718000e+01 4.753248e+00
2.500000e+04 7.497000e+03 2.491000e+01 5.092878e+00
2.750000e+04 7.589000e+03 2.302000e+01 5.422550e+00
3.000000e+04 7.660000e+03 2.142000e+01 5.742271e+00
3.250000e+04 7.718000e+03 2.004000e+01 6.071983e+00
3.500000e+04 7.759000e+03 1.883000e+01 6.391732e+00
3.750000e+04 7.786000e+03 1.777000e+01 6.711503e+00
4.000000e+04 7.806000e+03 1.684000e+01 7.031283e+00
4.500000e+04 7.820000e+03 1.525000e+01 7.671158e+00
5.000000e+04 7.813000e+03 1.395000e+01 8.311037e+00
5.500000e+04 7.786000e+03 1.287000e+01 8.940944e+00
6.000000e+04 7.748000e+03 1.195000e+01 9.590837e+00
6.500000e+04 7.697000e+03 1.117000e+01 1.023076e+01
7.000000e+04 7.640000e+03 1.048000e+01 1.088069e+01
8.000000e+04 7.510000e+03 9.350000e+00 1.220127e+01
9.000000e+04 7.405000e+03 8.452000e+00 1.354176e+01
1.000000e+05 7.221000e+03 7.718000e+00 1.491219e+01
