# Energy(keV)    dEe/dx(keV/micro_m)  dEn/dx(keV/micro_m)  x(micro_m)
1.000000e+01 8.265000e+01 1.244000e+03 9.544632e-03
1.100000e+01 8.666000e+01 1.266000e+03 1.018086e-02
1.200000e+01 9.054000e+01 1.286000e+03 1.080926e-02
1.300000e+01 9.421000e+01 1.303000e+03 1.135518e-02
1.400000e+01 9.778000e+01 1.318000e+03 1.199208e-02
1.500000e+01 1.012000e+02 1.331000e+03 1.265425e-02
1.600000e+01 1.045000e+02 1.343000e+03 1.320038e-02
1.700000e+01 1.077000e+02 1.354000e+03 1.380471e-02
1.800000e+01 1.109000e+02 1.363000e+03 1.437567e-02
2.000000e+01 1.169000e+02 1.379000e+03 1.552675e-02
2.250000e+01 1.240000e+02 1.394000e+03 1.706605e-02
2.500000e+01 1.307000e+02 1.406000e+03 1.845725e-02
2.750000e+01 1.370000e+02 1.415000e+03 1.984868e-02
3.000000e+01 1.431000e+02 1.421000e+03 2.124029e-02
3.250000e+01 1.490000e+02 1.425000e+03 2.260088e-02
3.500000e+01 1.546000e+02 1.428000e+03 2.406159e-02
3.750000e+01 1.600000e+02 1.430000e+03 2.545388e-02
4.000000e+01 1.653000e+02 1.430000e+03 2.684623e-02
4.500000e+01 1.753000e+02 1.428000e+03 2.963106e-02
5.000000e+01 1.848000e+02 1.424000e+03 3.236325e-02
5.500000e+01 1.938000e+02 1.417000e+03 3.511880e-02
6.000000e+01 2.024000e+02 1.409000e+03 3.788192e-02
6.500000e+01 2.107000e+02 1.400000e+03 4.061601e-02
7.000000e+01 2.186000e+02 1.391000e+03 4.337246e-02
8.000000e+01 2.337000e+02 1.369000e+03 4.896478e-02
9.000000e+01 2.479000e+02 1.347000e+03 5.455099e-02
1.000000e+02 2.613000e+02 1.325000e+03 6.023886e-02
1.100000e+02 2.741000e+02 1.303000e+03 6.601409e-02
1.200000e+02 3.055000e+02 1.280000e+03 7.167580e-02
1.300000e+02 3.330000e+02 1.258000e+03 7.743236e-02
1.400000e+02 3.539000e+02 1.237000e+03 8.308869e-02
1.500000e+02 3.696000e+02 1.216000e+03 8.884672e-02
1.600000e+02 3.821000e+02 1.196000e+03 9.457864e-02
1.700000e+02 3.920000e+02 1.177000e+03 1.004256e-01
1.800000e+02 4.005000e+02 1.158000e+03 1.062535e-01
2.000000e+02 4.138000e+02 1.122000e+03 1.181266e-01
2.250000e+02 4.277000e+02 1.081000e+03 1.332080e-01
2.500000e+02 4.406000e+02 1.042000e+03 1.485585e-01
2.750000e+02 4.539000e+02 1.007000e+03 1.642162e-01
3.000000e+02 4.678000e+02 9.744000e+02 1.801382e-01
3.250000e+02 4.824000e+02 9.442000e+02 1.963735e-01
3.500000e+02 4.981000e+02 9.159000e+02 2.127014e-01
3.750000e+02 5.141000e+02 8.898000e+02 2.292050e-01
4.000000e+02 5.307000e+02 8.653000e+02 2.458016e-01
4.500000e+02 5.657000e+02 8.207000e+02 2.792896e-01
5.000000e+02 6.018000e+02 7.813000e+02 3.130293e-01
5.500000e+02 6.392000e+02 7.459000e+02 3.468125e-01
6.000000e+02 6.766000e+02 7.143000e+02 3.806535e-01
6.500000e+02 7.147000e+02 6.858000e+02 4.142341e-01
7.000000e+02 7.524000e+02 6.596000e+02 4.476854e-01
8.000000e+02 8.279000e+02 6.137000e+02 5.138194e-01
9.000000e+02 9.030000e+02 5.749000e+02 5.785606e-01
1.000000e+03 9.768000e+02 5.413000e+02 6.417548e-01
1.100000e+03 1.050000e+03 5.120000e+02 7.033269e-01
1.200000e+03 1.122000e+03 4.862000e+02 7.632758e-01
1.300000e+03 1.193000e+03 4.634000e+02 8.216371e-01
1.400000e+03 1.264000e+03 4.427000e+02 8.783948e-01
1.500000e+03 1.334000e+03 4.240000e+02 9.335964e-01
1.600000e+03 1.403000e+03 4.073000e+02 9.872102e-01
1.700000e+03 1.472000e+03 3.917000e+02 1.034483e+00
1.800000e+03 1.540000e+03 3.777000e+02 1.094669e+00
2.000000e+03 1.676000e+03 3.526000e+02 1.185540e+00
2.250000e+03 1.844000e+03 3.262000e+02 1.306085e+00
2.500000e+03 2.010000e+03 3.039000e+02 1.406722e+00
2.750000e+03 2.174000e+03 2.848000e+02 1.507096e+00
3.000000e+03 2.336000e+03 2.683000e+02 1.607251e+00
3.250000e+03 2.497000e+03 2.537000e+02 1.697421e+00
3.500000e+03 2.656000e+03 2.409000e+02 1.787437e+00
3.750000e+03 2.813000e+03 2.294000e+02 1.867512e+00
4.000000e+03 2.968000e+03 2.191000e+02 1.947503e+00
4.500000e+03 3.271000e+03 2.013000e+02 2.087547e+00
5.000000e+03 3.566000e+03 1.865000e+02 2.227360e+00
5.500000e+03 3.849000e+03 1.739000e+02 2.357138e+00
6.000000e+03 4.124000e+03 1.631000e+02 2.467007e+00
6.500000e+03 4.386000e+03 1.536000e+02 2.586691e+00
7.000000e+03 4.641000e+03 1.453000e+02 2.686497e+00
8.000000e+03 5.113000e+03 1.314000e+02 2.886009e+00
9.000000e+03 5.545000e+03 1.201000e+02 3.065554e+00
1.000000e+04 5.936000e+03 1.108000e+02 3.235087e+00
1.100000e+04 6.293000e+03 1.029000e+02 3.394624e+00
1.200000e+04 6.613000e+03 9.618000e+01 3.544189e+00
1.300000e+04 6.905000e+03 9.037000e+01 3.693738e+00
1.400000e+04 7.167000e+03 8.527000e+01 3.833334e+00
1.500000e+04 7.405000e+03 8.075000e+01 3.962982e+00
1.600000e+04 7.623000e+03 7.674000e+01 4.092617e+00
1.700000e+04 7.820000e+03 7.313000e+01 4.222249e+00
1.800000e+04 8.003000e+03 6.987000e+01 4.341939e+00
2.000000e+04 8.320000e+03 6.422000e+01 4.591324e+00
2.250000e+04 8.649000e+03 5.841000e+01 4.880703e+00
2.500000e+04 8.921000e+03 5.365000e+01 5.160123e+00
2.750000e+04 9.149000e+03 4.967000e+01 5.429598e+00
3.000000e+04 9.343000e+03 4.627000e+01 5.699093e+00
3.250000e+04 9.506000e+03 4.335000e+01 5.968610e+00
3.500000e+04 9.646000e+03 4.076000e+01 6.228175e+00
3.750000e+04 9.765000e+03 3.852000e+01 6.477778e+00
4.000000e+04 9.867000e+03 3.651000e+01 6.737388e+00
4.500000e+04 1.003000e+04 3.314000e+01 7.236860e+00
5.000000e+04 1.016000e+04 3.036000e+01 7.726397e+00
5.500000e+04 1.025000e+04 2.804000e+01 8.215957e+00
6.000000e+04 1.032000e+04 2.607000e+01 8.695571e+00
6.500000e+04 1.036000e+04 2.438000e+01 9.175215e+00
7.000000e+04 1.039000e+04 2.291000e+01 9.654886e+00
8.000000e+04 1.042000e+04 2.047000e+01 1.061472e+01
9.000000e+04 1.041000e+04 1.853000e+01 1.157457e+01
1.000000e+05 1.037000e+04 1.695000e+01 1.253444e+01
