# Energy(keV)    dEe/dx(keV/micro_m)  dEn/dx(keV/micro_m)  x(micro_m)
1.000000e+01 7.184000e+01 1.828000e+03 8.450444e-03
1.100000e+01 7.534000e+01 1.884000e+03 8.967720e-03
1.200000e+01 7.871000e+01 1.935000e+03 9.391486e-03
1.300000e+01 8.190000e+01 1.982000e+03 9.815294e-03
1.400000e+01 8.500000e+01 2.026000e+03 1.023914e-02
1.500000e+01 8.799000e+01 2.066000e+03 1.066302e-02
1.600000e+01 9.088000e+01 2.104000e+03 1.106571e-02
1.700000e+01 9.367000e+01 2.139000e+03 1.148956e-02
1.800000e+01 9.639000e+01 2.172000e+03 1.191344e-02
2.000000e+01 1.016000e+02 2.232000e+03 1.274049e-02
2.250000e+01 1.078000e+02 2.298000e+03 1.368247e-02
2.500000e+01 1.136000e+02 2.355000e+03 1.462464e-02
2.750000e+01 1.191000e+02 2.406000e+03 1.547256e-02
3.000000e+01 1.244000e+02 2.452000e+03 1.639451e-02
3.250000e+01 1.295000e+02 2.493000e+03 1.724239e-02
3.500000e+01 1.344000e+02 2.530000e+03 1.809033e-02
3.750000e+01 1.391000e+02 2.563000e+03 1.901263e-02
4.000000e+01 1.437000e+02 2.593000e+03 1.986051e-02
4.500000e+01 1.524000e+02 2.646000e+03 2.151139e-02
5.000000e+01 1.606000e+02 2.690000e+03 2.309242e-02
5.500000e+01 1.685000e+02 2.727000e+03 2.462925e-02
6.000000e+01 1.760000e+02 2.759000e+03 2.630532e-02
6.500000e+01 1.832000e+02 2.787000e+03 2.786216e-02
7.000000e+01 1.901000e+02 2.810000e+03 2.941921e-02
8.000000e+01 2.032000e+02 2.847000e+03 3.241928e-02
9.000000e+01 2.156000e+02 2.874000e+03 3.544319e-02
1.000000e+02 2.272000e+02 2.894000e+03 3.844399e-02
1.100000e+02 2.383000e+02 2.907000e+03 4.134961e-02
1.200000e+02 2.489000e+02 2.916000e+03 4.432832e-02
1.300000e+02 2.591000e+02 2.921000e+03 4.721610e-02
1.400000e+02 2.688000e+02 2.923000e+03 5.012235e-02
1.500000e+02 2.783000e+02 2.923000e+03 5.312448e-02
1.600000e+02 2.874000e+02 2.920000e+03 5.600884e-02
1.700000e+02 2.962000e+02 2.916000e+03 5.889745e-02
1.800000e+02 3.048000e+02 2.910000e+03 6.178228e-02
2.000000e+02 3.213000e+02 2.895000e+03 6.757795e-02
2.250000e+02 3.407000e+02 2.872000e+03 7.487196e-02
2.500000e+02 3.760000e+02 2.845000e+03 8.218826e-02
2.750000e+02 4.053000e+02 2.815000e+03 8.948430e-02
3.000000e+02 4.280000e+02 2.785000e+03 9.680176e-02
3.250000e+02 4.471000e+02 2.753000e+03 1.040990e-01
3.500000e+02 4.641000e+02 2.721000e+03 1.114934e-01
3.750000e+02 4.801000e+02 2.689000e+03 1.189684e-01
4.000000e+02 4.957000e+02 2.657000e+03 1.263638e-01
4.500000e+02 5.266000e+02 2.594000e+03 1.414458e-01
5.000000e+02 5.586000e+02 2.533000e+03 1.567069e-01
5.500000e+02 5.912000e+02 2.474000e+03 1.721791e-01
6.000000e+02 6.242000e+02 2.418000e+03 1.877149e-01
6.500000e+02 6.575000e+02 2.364000e+03 2.033681e-01
7.000000e+02 6.909000e+02 2.312000e+03 2.192133e-01
8.000000e+02 7.565000e+02 2.216000e+03 2.510860e-01
9.000000e+02 8.194000e+02 2.129000e+03 2.833160e-01
1.000000e+03 8.799000e+02 2.049000e+03 3.158275e-01
1.100000e+03 9.377000e+02 1.975000e+03 3.486151e-01
1.200000e+03 9.928000e+02 1.908000e+03 3.816016e-01
1.300000e+03 1.045000e+03 1.845000e+03 4.147389e-01
1.400000e+03 1.096000e+03 1.788000e+03 4.479612e-01
1.500000e+03 1.145000e+03 1.734000e+03 4.812848e-01
1.600000e+03 1.192000e+03 1.684000e+03 5.146634e-01
1.700000e+03 1.238000e+03 1.637000e+03 5.481277e-01
1.800000e+03 1.282000e+03 1.594000e+03 5.815953e-01
2.000000e+03 1.368000e+03 1.514000e+03 6.485929e-01
2.250000e+03 1.472000e+03 1.427000e+03 7.321362e-01
2.500000e+03 1.573000e+03 1.351000e+03 8.151893e-01
2.750000e+03 1.673000e+03 1.283000e+03 8.974744e-01
3.000000e+03 1.772000e+03 1.224000e+03 9.789775e-01
3.250000e+03 1.871000e+03 1.170000e+03 1.057834e+00
3.500000e+03 1.970000e+03 1.122000e+03 1.138480e+00
3.750000e+03 2.070000e+03 1.077000e+03 1.219052e+00
4.000000e+03 2.169000e+03 1.037000e+03 1.289703e+00
4.500000e+03 2.371000e+03 9.666000e+02 1.440733e+00
5.000000e+03 2.574000e+03 9.061000e+02 1.581630e+00
5.500000e+03 2.778000e+03 8.541000e+02 1.722316e+00
6.000000e+03 2.982000e+03 8.082000e+02 1.852934e+00
6.500000e+03 3.186000e+03 7.677000e+02 1.983382e+00
7.000000e+03 3.389000e+03 7.313000e+02 2.103810e+00
8.000000e+03 3.791000e+03 6.698000e+02 2.334523e+00
9.000000e+03 4.182000e+03 6.188000e+02 2.545029e+00
1.000000e+04 4.559000e+03 5.759000e+02 2.745330e+00
1.100000e+04 4.926000e+03 5.392000e+02 2.925574e+00
1.200000e+04 5.277000e+03 5.073000e+02 3.105644e+00
1.300000e+04 5.610000e+03 4.794000e+02 3.265740e+00
1.400000e+04 5.933000e+03 4.549000e+02 3.425722e+00
1.500000e+04 6.239000e+03 4.331000e+02 3.575695e+00
1.600000e+04 6.531000e+03 4.134000e+02 3.725591e+00
1.700000e+04 6.810000e+03 3.954000e+02 3.865496e+00
1.800000e+04 7.075000e+03 3.794000e+02 3.995428e+00
2.000000e+04 7.572000e+03 3.512000e+02 4.255248e+00
2.250000e+04 8.129000e+03 3.218000e+02 4.555045e+00
2.500000e+04 8.632000e+03 2.974000e+02 4.844743e+00
2.750000e+04 9.088000e+03 2.768000e+02 5.114458e+00
3.000000e+04 9.503000e+03 2.591000e+02 5.374153e+00
3.250000e+04 9.884000e+03 2.437000e+02 5.623848e+00
3.500000e+04 1.024000e+04 2.302000e+02 5.863544e+00
3.750000e+04 1.057000e+04 2.183000e+02 6.103223e+00
4.000000e+04 1.088000e+04 2.076000e+02 6.322959e+00
4.500000e+04 1.145000e+04 1.894000e+02 6.762528e+00
5.000000e+04 1.198000e+04 1.744000e+02 7.182108e+00
5.500000e+04 1.246000e+04 1.618000e+02 7.581708e+00
6.000000e+04 1.291000e+04 1.510000e+02 7.971316e+00
6.500000e+04 1.333000e+04 1.417000e+02 8.350931e+00
7.000000e+04 1.373000e+04 1.335000e+02 8.710590e+00
8.000000e+04 1.446000e+04 1.199000e+02 9.420176e+00
9.000000e+04 1.512000e+04 1.090000e+02 1.007980e+01
1.000000e+05 1.572000e+04 1.001000e+02 1.072941e+01
