# Energy(keV)    dEe/dx(keV/micro_m)  dEn/dx(keV/micro_m)  x(micro_m)
1.000000e+01 1.169000e+02 1.571000e+03 8.646387e-03
1.100000e+01 1.226000e+02 1.610000e+03 9.100000e-03
1.200000e+01 1.280000e+02 1.645000e+03 9.615612e-03
1.300000e+01 1.332000e+02 1.677000e+03 1.013163e-02
1.400000e+01 1.382000e+02 1.706000e+03 1.058489e-02
1.500000e+01 1.431000e+02 1.733000e+03 1.110090e-02
1.600000e+01 1.478000e+02 1.757000e+03 1.152432e-02
1.700000e+01 1.523000e+02 1.780000e+03 1.204076e-02
1.800000e+01 1.568000e+02 1.800000e+03 1.246435e-02
2.000000e+01 1.652000e+02 1.837000e+03 1.340485e-02
2.250000e+01 1.753000e+02 1.877000e+03 1.446720e-02
2.500000e+01 1.848000e+02 1.910000e+03 1.552965e-02
2.750000e+01 1.938000e+02 1.939000e+03 1.656412e-02
3.000000e+01 2.024000e+02 1.964000e+03 1.764851e-02
3.250000e+01 2.107000e+02 1.985000e+03 1.868342e-02
3.500000e+01 2.186000e+02 2.003000e+03 1.972435e-02
3.750000e+01 2.263000e+02 2.019000e+03 2.066591e-02
4.000000e+01 2.337000e+02 2.033000e+03 2.172855e-02
4.500000e+01 2.479000e+02 2.055000e+03 2.370612e-02
5.000000e+01 2.613000e+02 2.072000e+03 2.561660e-02
5.500000e+01 2.740000e+02 2.084000e+03 2.757408e-02
6.000000e+01 2.862000e+02 2.093000e+03 2.948457e-02
6.500000e+01 2.979000e+02 2.099000e+03 3.144296e-02
7.000000e+01 3.092000e+02 2.103000e+03 3.332777e-02
8.000000e+01 3.305000e+02 2.105000e+03 3.708275e-02
9.000000e+01 3.505000e+02 2.101000e+03 4.083307e-02
1.000000e+02 3.696000e+02 2.094000e+03 4.456434e-02
1.100000e+02 3.876000e+02 2.083000e+03 4.831573e-02
1.200000e+02 4.049000e+02 2.071000e+03 5.195306e-02
1.300000e+02 4.212000e+02 2.058000e+03 5.568590e-02
1.400000e+02 4.372000e+02 2.043000e+03 5.941919e-02
1.500000e+02 4.525000e+02 2.027000e+03 6.317159e-02
1.600000e+02 4.675000e+02 2.011000e+03 6.690538e-02
1.700000e+02 4.688000e+02 1.994000e+03 7.071146e-02
1.800000e+02 4.314000e+02 1.978000e+03 7.444589e-02
2.000000e+02 3.876000e+02 1.944000e+03 8.229769e-02
2.250000e+02 3.702000e+02 1.902000e+03 9.242408e-02
2.500000e+02 3.764000e+02 1.861000e+03 1.028570e-01
2.750000e+02 3.947000e+02 1.821000e+03 1.133699e-01
3.000000e+02 4.195000e+02 1.782000e+03 1.239012e-01
3.250000e+02 4.464000e+02 1.745000e+03 1.346254e-01
3.500000e+02 4.739000e+02 1.709000e+03 1.453289e-01
3.750000e+02 5.011000e+02 1.675000e+03 1.561296e-01
4.000000e+02 5.270000e+02 1.642000e+03 1.669478e-01
4.500000e+02 5.746000e+02 1.580000e+03 1.887250e-01
5.000000e+02 6.167000e+02 1.523000e+03 2.107145e-01
5.500000e+02 6.541000e+02 1.471000e+03 2.328632e-01
6.000000e+02 6.878000e+02 1.423000e+03 2.552040e-01
6.500000e+02 7.191000e+02 1.379000e+03 2.776283e-01
7.000000e+02 7.483000e+02 1.337000e+03 3.003225e-01
8.000000e+02 8.034000e+02 1.262000e+03 3.461293e-01
9.000000e+02 8.568000e+02 1.197000e+03 3.923583e-01
1.000000e+03 9.098000e+02 1.139000e+03 4.387359e-01
1.100000e+03 9.639000e+02 1.087000e+03 4.853633e-01
1.200000e+03 1.019000e+03 1.040000e+03 5.318498e-01
1.300000e+03 1.075000e+03 9.986000e+02 5.780859e-01
1.400000e+03 1.132000e+03 9.601000e+02 6.240846e-01
1.500000e+03 1.190000e+03 9.251000e+02 6.696388e-01
1.600000e+03 1.249000e+03 8.932000e+02 7.147470e-01
1.700000e+03 1.308000e+03 8.636000e+02 7.592158e-01
1.800000e+03 1.367000e+03 8.364000e+02 8.031420e-01
2.000000e+03 1.485000e+03 7.871000e+02 8.892479e-01
2.250000e+03 1.632000e+03 7.344000e+02 9.932243e-01
2.500000e+03 1.776000e+03 6.895000e+02 1.090689e+00
2.750000e+03 1.917000e+03 6.501000e+02 1.191372e+00
3.000000e+03 2.054000e+03 6.157000e+02 1.282062e+00
3.250000e+03 2.186000e+03 5.855000e+02 1.372593e+00
3.500000e+03 2.314000e+03 5.583000e+02 1.453142e+00
3.750000e+03 2.439000e+03 5.338000e+02 1.543404e+00
4.000000e+03 2.559000e+03 5.117000e+02 1.623741e+00
4.500000e+03 2.791000e+03 4.733000e+02 1.774375e+00
5.000000e+03 3.012000e+03 4.410000e+02 1.924713e+00
5.500000e+03 3.224000e+03 4.131000e+02 2.055093e+00
6.000000e+03 3.427000e+03 3.889000e+02 2.185287e+00
6.500000e+03 3.628000e+03 3.679000e+02 2.315360e+00
7.000000e+03 3.821000e+03 3.492000e+02 2.435428e+00
8.000000e+03 4.202000e+03 3.175000e+02 2.665497e+00
9.000000e+03 4.573000e+03 2.917000e+02 2.875482e+00
1.000000e+04 4.933000e+03 2.701000e+02 3.065434e+00
1.100000e+04 5.290000e+03 2.519000e+02 3.255233e+00
1.200000e+04 5.634000e+03 2.361000e+02 3.425070e+00
1.300000e+04 5.970000e+03 2.225000e+02 3.584887e+00
1.400000e+04 6.300000e+03 2.104000e+02 3.744640e+00
1.500000e+04 6.616000e+03 1.997000e+02 3.894400e+00
1.600000e+04 6.922000e+03 1.902000e+02 4.034192e+00
1.700000e+04 7.218000e+03 1.816000e+02 4.173931e+00
1.800000e+04 7.500000e+03 1.738000e+02 4.303717e+00
2.000000e+04 8.034000e+03 1.603000e+02 4.553338e+00
2.250000e+04 8.636000e+03 1.463000e+02 4.842912e+00
2.500000e+04 9.176000e+03 1.348000e+02 5.122456e+00
2.750000e+04 9.652000e+03 1.250000e+02 5.382040e+00
3.000000e+04 1.008000e+04 1.168000e+02 5.631635e+00
3.250000e+04 1.046000e+04 1.096000e+02 5.871247e+00
3.500000e+04 1.080000e+04 1.033000e+02 6.100889e+00
3.750000e+04 1.111000e+04 9.778000e+01 6.330520e+00
4.000000e+04 1.138000e+04 9.285000e+01 6.550189e+00
4.500000e+04 1.185000e+04 8.445000e+01 6.969701e+00
5.000000e+04 1.224000e+04 7.755000e+01 7.379234e+00
5.500000e+04 1.255000e+04 7.177000e+01 7.778796e+00
6.000000e+04 1.281000e+04 6.684000e+01 8.178361e+00
6.500000e+04 1.303000e+04 6.263000e+01 8.557980e+00
7.000000e+04 1.322000e+04 5.892000e+01 8.937613e+00
8.000000e+04 1.350000e+04 5.277000e+01 9.677235e+00
9.000000e+04 1.372000e+04 4.787000e+01 1.040687e+01
1.000000e+05 1.387000e+04 4.386000e+01 1.113653e+01
