# Energy(keV)    dEe/dx(keV/micro_m)  dEn/dx(keV/micro_m)  x(micro_m)
1.000000e+01 7.776000e+01 1.209000e+03 9.725225e-03
1.100000e+01 8.153000e+01 1.230000e+03 1.038749e-02
1.200000e+01 8.517000e+01 1.248000e+03 1.102406e-02
1.300000e+01 8.864000e+01 1.263000e+03 1.168632e-02
1.400000e+01 9.200000e+01 1.277000e+03 1.232315e-02
1.500000e+01 9.523000e+01 1.290000e+03 1.289457e-02
1.600000e+01 9.836000e+01 1.300000e+03 1.353144e-02
1.700000e+01 1.014000e+02 1.310000e+03 1.416863e-02
1.800000e+01 1.043000e+02 1.318000e+03 1.470680e-02
2.000000e+01 1.100000e+02 1.333000e+03 1.598155e-02
2.250000e+01 1.166000e+02 1.347000e+03 1.748857e-02
2.500000e+01 1.229000e+02 1.357000e+03 1.887988e-02
2.750000e+01 1.289000e+02 1.364000e+03 2.039485e-02
3.000000e+01 1.347000e+02 1.369000e+03 2.187830e-02
3.250000e+01 1.402000e+02 1.372000e+03 2.327015e-02
3.500000e+01 1.454000e+02 1.374000e+03 2.475419e-02
3.750000e+01 1.506000e+02 1.375000e+03 2.623852e-02
4.000000e+01 1.555000e+02 1.374000e+03 2.763078e-02
4.500000e+01 1.649000e+02 1.371000e+03 3.050787e-02
5.000000e+01 1.739000e+02 1.365000e+03 3.338533e-02
5.500000e+01 1.823000e+02 1.357000e+03 3.633332e-02
6.000000e+01 1.905000e+02 1.348000e+03 3.918176e-02
6.500000e+01 1.982000e+02 1.339000e+03 4.206019e-02
7.000000e+01 2.057000e+02 1.328000e+03 4.500989e-02
8.000000e+01 2.199000e+02 1.307000e+03 5.081004e-02
9.000000e+01 2.333000e+02 1.284000e+03 5.670485e-02
1.000000e+02 2.459000e+02 1.261000e+03 6.269442e-02
1.100000e+02 2.581000e+02 1.238000e+03 6.868508e-02
1.200000e+02 2.868000e+02 1.216000e+03 7.477045e-02
1.300000e+02 3.096000e+02 1.194000e+03 8.076268e-02
1.400000e+02 3.280000e+02 1.173000e+03 8.682223e-02
1.500000e+02 3.434000e+02 1.152000e+03 9.288278e-02
1.600000e+02 3.563000e+02 1.133000e+03 9.906513e-02
1.700000e+02 3.679000e+02 1.113000e+03 1.051270e-01
1.800000e+02 3.784000e+02 1.095000e+03 1.113784e-01
2.000000e+02 3.971000e+02 1.059000e+03 1.238638e-01
2.250000e+02 4.185000e+02 1.019000e+03 1.396719e-01
2.500000e+02 4.393000e+02 9.819000e+02 1.557494e-01
2.750000e+02 4.597000e+02 9.476000e+02 1.721157e-01
3.000000e+02 4.801000e+02 9.159000e+02 1.885992e-01
3.250000e+02 5.005000e+02 8.867000e+02 2.052335e-01
3.500000e+02 5.209000e+02 8.595000e+02 2.219610e-01
3.750000e+02 5.416000e+02 8.343000e+02 2.387690e-01
4.000000e+02 5.623000e+02 8.109000e+02 2.557662e-01
4.500000e+02 6.038000e+02 7.684000e+02 2.897287e-01
5.000000e+02 6.456000e+02 7.306000e+02 3.236392e-01
5.500000e+02 6.878000e+02 6.970000e+02 3.575905e-01
6.000000e+02 7.296000e+02 6.671000e+02 3.912782e-01
6.500000e+02 7.714000e+02 6.399000e+02 4.247240e-01
7.000000e+02 8.133000e+02 6.150000e+02 4.578115e-01
8.000000e+02 8.969000e+02 5.719000e+02 5.229153e-01
9.000000e+02 9.799000e+02 5.351000e+02 5.863409e-01
1.000000e+03 1.063000e+03 5.035000e+02 6.478026e-01
1.100000e+03 1.145000e+03 4.760000e+02 7.074495e-01
1.200000e+03 1.227000e+03 4.515000e+02 7.651699e-01
1.300000e+03 1.309000e+03 4.301000e+02 8.209151e-01
1.400000e+03 1.390000e+03 4.107000e+02 8.749602e-01
1.500000e+03 1.471000e+03 3.934000e+02 9.271272e-01
1.600000e+03 1.551000e+03 3.774000e+02 9.776413e-01
1.700000e+03 1.631000e+03 3.631000e+02 1.023472e+00
1.800000e+03 1.711000e+03 3.498000e+02 1.073707e+00
2.000000e+03 1.868000e+03 3.265000e+02 1.164232e+00
2.250000e+03 2.061000e+03 3.018000e+02 1.274605e+00
2.500000e+03 2.250000e+03 2.811000e+02 1.365084e+00
2.750000e+03 2.435000e+03 2.633000e+02 1.465157e+00
3.000000e+03 2.615000e+03 2.479000e+02 1.545381e+00
3.250000e+03 2.791000e+03 2.344000e+02 1.635310e+00
3.500000e+03 2.962000e+03 2.224000e+02 1.715296e+00
3.750000e+03 3.128000e+03 2.118000e+02 1.785332e+00
4.000000e+03 3.290000e+03 2.022000e+02 1.855281e+00
4.500000e+03 3.600000e+03 1.857000e+02 1.995064e+00
5.000000e+03 3.893000e+03 1.720000e+02 2.114918e+00
5.500000e+03 4.168000e+03 1.603000e+02 2.234650e+00
6.000000e+03 4.427000e+03 1.503000e+02 2.344403e+00
6.500000e+03 4.671000e+03 1.415000e+02 2.444174e+00
7.000000e+03 4.903000e+03 1.339000e+02 2.553811e+00
8.000000e+03 5.324000e+03 1.210000e+02 2.733416e+00
9.000000e+03 5.698000e+03 1.105000e+02 2.912901e+00
1.000000e+04 6.031000e+03 1.019000e+02 3.082405e+00
1.100000e+04 6.327000e+03 9.465000e+01 3.232020e+00
1.200000e+04 6.592000e+03 8.847000e+01 3.391540e+00
1.300000e+04 6.830000e+03 8.306000e+01 3.531167e+00
1.400000e+04 7.045000e+03 7.837000e+01 3.670796e+00
1.500000e+04 7.238000e+03 7.419000e+01 3.810413e+00
1.600000e+04 7.415000e+03 7.048000e+01 3.950031e+00
1.700000e+04 7.575000e+03 6.718000e+01 4.079711e+00
1.800000e+04 7.721000e+03 6.419000e+01 4.209386e+00
2.000000e+04 7.983000e+03 5.899000e+01 4.458862e+00
2.250000e+04 8.258000e+03 5.365000e+01 4.758319e+00
2.500000e+04 8.486000e+03 4.926000e+01 5.057781e+00
2.750000e+04 8.683000e+03 4.556000e+01 5.347297e+00
3.000000e+04 8.853000e+03 4.246000e+01 5.626867e+00
3.250000e+04 9.000000e+03 3.974000e+01 5.906451e+00
3.500000e+04 9.129000e+03 3.740000e+01 6.176088e+00
3.750000e+04 9.238000e+03 3.532000e+01 6.455709e+00
4.000000e+04 9.336000e+03 3.350000e+01 6.715393e+00
4.500000e+04 9.496000e+03 3.038000e+01 7.244982e+00
5.000000e+04 9.622000e+03 2.783000e+01 7.764611e+00
5.500000e+04 9.717000e+03 2.570000e+01 8.284262e+00
6.000000e+04 9.788000e+03 2.390000e+01 8.793956e+00
6.500000e+04 9.843000e+03 2.234000e+01 9.303668e+00
7.000000e+04 9.880000e+03 2.099000e+01 9.803416e+00
8.000000e+04 9.914000e+03 1.875000e+01 1.081342e+01
9.000000e+04 9.911000e+03 1.697000e+01 1.182341e+01
1.000000e+05 9.880000e+03 1.552000e+01 1.282341e+01
