# Energy(keV)    dEe/dx(keV/micro_m)  dEn/dx(keV/micro_m)  x(micro_m)
1.000000e+01 8.952000e+01 4.042000e+02 1.819148e-02
1.100000e+01 9.391000e+01 4.019000e+02 1.976082e-02
1.200000e+01 9.809000e+01 3.988000e+02 2.136118e-02
1.300000e+01 1.021000e+02 3.957000e+02 2.293164e-02
1.400000e+01 1.059000e+02 3.923000e+02 2.450265e-02
1.500000e+01 1.096000e+02 3.889000e+02 2.607413e-02
1.600000e+01 1.133000e+02 3.855000e+02 2.771714e-02
1.700000e+01 1.167000e+02 3.821000e+02 2.937499e-02
1.800000e+01 1.201000e+02 3.787000e+02 3.094721e-02
2.000000e+01 1.266000e+02 3.716000e+02 3.413810e-02
2.250000e+01 1.343000e+02 3.628000e+02 3.827349e-02
2.500000e+01 1.416000e+02 3.546000e+02 4.238184e-02
2.750000e+01 1.485000e+02 3.464000e+02 4.645202e-02
3.000000e+01 1.551000e+02 3.387000e+02 5.063931e-02
3.250000e+01 1.614000e+02 3.313000e+02 5.480055e-02
3.500000e+01 1.675000e+02 3.241000e+02 5.896321e-02
3.750000e+01 1.734000e+02 3.174000e+02 6.324255e-02
4.000000e+01 1.791000e+02 3.109000e+02 6.740727e-02
4.500000e+01 2.106000e+02 2.988000e+02 7.578060e-02
5.000000e+01 2.350000e+02 2.877000e+02 8.390697e-02
5.500000e+01 2.542000e+02 2.776000e+02 9.185042e-02
6.000000e+01 2.695000e+02 2.682000e+02 9.979890e-02
6.500000e+01 2.821000e+02 2.596000e+02 1.076006e-01
7.000000e+01 2.927000e+02 2.516000e+02 1.154706e-01
8.000000e+01 3.100000e+02 2.372000e+02 1.311815e-01
9.000000e+01 3.242000e+02 2.247000e+02 1.469140e-01
1.000000e+02 3.367000e+02 2.136000e+02 1.627547e-01
1.100000e+02 3.485000e+02 2.037000e+02 1.785782e-01
1.200000e+02 3.597000e+02 1.949000e+02 1.944510e-01
1.300000e+02 3.713000e+02 1.869000e+02 2.102815e-01
1.400000e+02 3.828000e+02 1.797000e+02 2.260649e-01
1.500000e+02 3.944000e+02 1.730000e+02 2.418304e-01
1.600000e+02 4.066000e+02 1.670000e+02 2.574651e-01
1.700000e+02 4.189000e+02 1.614000e+02 2.729566e-01
1.800000e+02 4.314000e+02 1.562000e+02 2.883173e-01
2.000000e+02 4.576000e+02 1.469000e+02 3.186075e-01
2.250000e+02 4.913000e+02 1.370000e+02 3.553298e-01
2.500000e+02 5.260000e+02 1.285000e+02 3.908194e-01
2.750000e+02 5.617000e+02 1.212000e+02 4.250222e-01
3.000000e+02 5.977000e+02 1.147000e+02 4.578919e-01
3.250000e+02 6.337000e+02 1.090000e+02 4.895902e-01
3.500000e+02 6.698000e+02 1.039000e+02 5.200724e-01
3.750000e+02 7.058000e+02 9.935000e+01 5.494417e-01
4.000000e+02 7.412000e+02 9.523000e+01 5.778260e-01
4.500000e+02 8.112000e+02 8.802000e+01 6.317002e-01
5.000000e+02 8.792000e+02 8.194000e+01 6.822064e-01
5.500000e+02 9.452000e+02 7.677000e+01 7.297044e-01
6.000000e+02 1.008000e+03 7.228000e+01 7.747430e-01
6.500000e+02 1.070000e+03 6.834000e+01 8.174936e-01
7.000000e+02 1.128000e+03 6.484000e+01 8.584087e-01
8.000000e+02 1.239000e+03 5.895000e+01 9.351770e-01
9.000000e+02 1.342000e+03 5.413000e+01 1.006451e+00
1.000000e+03 1.437000e+03 5.011000e+01 1.074314e+00
1.100000e+03 1.526000e+03 4.671000e+01 1.134168e+00
1.200000e+03 1.608000e+03 4.379000e+01 1.193934e+00
1.300000e+03 1.686000e+03 4.124000e+01 1.253620e+00
1.400000e+03 1.759000e+03 3.900000e+01 1.313295e+00
1.500000e+03 1.828000e+03 3.702000e+01 1.363087e+00
1.600000e+03 1.894000e+03 3.526000e+01 1.412865e+00
1.700000e+03 1.956000e+03 3.366000e+01 1.462614e+00
1.800000e+03 2.015000e+03 3.221000e+01 1.512338e+00
2.000000e+03 2.126000e+03 2.970000e+01 1.601936e+00
2.250000e+03 2.250000e+03 2.710000e+01 1.711409e+00
2.500000e+03 2.363000e+03 2.496000e+01 1.820866e+00
2.750000e+03 2.464000e+03 2.316000e+01 1.920419e+00
3.000000e+03 2.556000e+03 2.162000e+01 2.019946e+00
3.250000e+03 2.640000e+03 2.029000e+01 2.109576e+00
3.500000e+03 2.716000e+03 1.912000e+01 2.209119e+00
3.750000e+03 2.785000e+03 1.810000e+01 2.298749e+00
4.000000e+03 2.848000e+03 1.718000e+01 2.378462e+00
4.500000e+03 2.958000e+03 1.563000e+01 2.547869e+00
5.000000e+03 3.048000e+03 1.435000e+01 2.717305e+00
5.500000e+03 3.122000e+03 1.328000e+01 2.876818e+00
6.000000e+03 3.184000e+03 1.237000e+01 3.036360e+00
6.500000e+03 3.234000e+03 1.158000e+01 3.185968e+00
7.000000e+03 3.276000e+03 1.090000e+01 3.335586e+00
8.000000e+03 3.338000e+03 9.758000e+00 3.635011e+00
9.000000e+03 3.378000e+03 8.850000e+00 3.934485e+00
1.000000e+04 3.403000e+03 8.109000e+00 4.224045e+00
1.100000e+04 3.417000e+03 7.487000e+00 4.523604e+00
1.200000e+04 3.420000e+03 6.960000e+00 4.813239e+00
1.300000e+04 3.417000e+03 6.507000e+00 5.102903e+00
1.400000e+04 3.410000e+03 6.116000e+00 5.392599e+00
1.500000e+04 3.397000e+03 5.770000e+00 5.682324e+00
1.600000e+04 3.381000e+03 5.464000e+00 5.982056e+00
1.700000e+04 3.363000e+03 5.188000e+00 6.271824e+00
1.800000e+04 3.343000e+03 4.943000e+00 6.571605e+00
2.000000e+04 3.300000e+03 4.518000e+00 7.171459e+00
2.250000e+04 3.241000e+03 4.087000e+00 7.931466e+00
2.500000e+04 3.180000e+03 3.736000e+00 8.711468e+00
2.750000e+04 3.118000e+03 3.444000e+00 9.501493e+00
3.000000e+04 3.056000e+03 3.195000e+00 1.031151e+01
3.250000e+04 2.996000e+03 2.982000e+00 1.114155e+01
3.500000e+04 2.937000e+03 2.797000e+00 1.198160e+01
3.750000e+04 2.879000e+03 2.636000e+00 1.284165e+01
4.000000e+04 2.824000e+03 2.492000e+00 1.371172e+01
4.500000e+04 2.732000e+03 2.250000e+00 1.551290e+01
5.000000e+04 2.621000e+03 2.054000e+00 1.738395e+01
5.500000e+04 2.524000e+03 1.890000e+00 1.932492e+01
6.000000e+04 2.434000e+03 1.752000e+00 2.134581e+01
6.500000e+04 2.351000e+03 1.634000e+00 2.343666e+01
7.000000e+04 2.274000e+03 1.531000e+00 2.559747e+01
8.000000e+04 2.135000e+03 1.362000e+00 3.011417e+01
9.000000e+04 2.012000e+03 1.228000e+00 3.493419e+01
1.000000e+05 1.904000e+03 1.120000e+00 4.004424e+01
