# Energy(keV)    dEe/dx(keV/micro_m)  dEn/dx(keV/micro_m)  x(micro_m)
1.000000e+01 1.196000e+02 2.844000e+02 2.154298e-02
1.100000e+01 1.254000e+02 2.809000e+02 2.338568e-02
1.200000e+01 1.310000e+02 2.773000e+02 2.532528e-02
1.300000e+01 1.363000e+02 2.736000e+02 2.722242e-02
1.400000e+01 1.415000e+02 2.700000e+02 2.912061e-02
1.500000e+01 1.465000e+02 2.663000e+02 3.105012e-02
1.600000e+01 1.513000e+02 2.628000e+02 3.294966e-02
1.700000e+01 1.559000e+02 2.593000e+02 3.484982e-02
1.800000e+01 1.604000e+02 2.559000e+02 3.675051e-02
2.000000e+01 1.691000e+02 2.493000e+02 4.063951e-02
2.250000e+01 1.794000e+02 2.415000e+02 4.539262e-02
2.500000e+01 1.891000e+02 2.342000e+02 5.020687e-02
2.750000e+01 1.983000e+02 2.273000e+02 5.505307e-02
3.000000e+01 2.071000e+02 2.209000e+02 5.974663e-02
3.250000e+01 2.160000e+02 2.149000e+02 6.453069e-02
3.500000e+01 2.257000e+02 2.092000e+02 6.931710e-02
3.750000e+01 2.345000e+02 2.039000e+02 7.406848e-02
4.000000e+01 2.427000e+02 1.989000e+02 7.882220e-02
4.500000e+01 2.573000e+02 1.896000e+02 8.823667e-02
5.000000e+01 2.703000e+02 1.814000e+02 9.757013e-02
5.500000e+01 2.823000e+02 1.740000e+02 1.069387e-01
6.000000e+01 2.935000e+02 1.672000e+02 1.161301e-01
6.500000e+01 3.042000e+02 1.611000e+02 1.254457e-01
7.000000e+01 3.145000e+02 1.554000e+02 1.346180e-01
8.000000e+01 3.338000e+02 1.454000e+02 1.528652e-01
9.000000e+01 3.519000e+02 1.368000e+02 1.708331e-01
1.000000e+02 3.692000e+02 1.293000e+02 1.886188e-01
1.100000e+02 3.859000e+02 1.228000e+02 2.061506e-01
1.200000e+02 4.015000e+02 1.169000e+02 2.234122e-01
1.300000e+02 4.168000e+02 1.117000e+02 2.404202e-01
1.400000e+02 4.318000e+02 1.070000e+02 2.571815e-01
1.500000e+02 4.464000e+02 1.027000e+02 2.736931e-01
1.600000e+02 4.607000e+02 9.887000e+01 2.898864e-01
1.700000e+02 4.750000e+02 9.530000e+01 3.059486e-01
1.800000e+02 4.889000e+02 9.200000e+01 3.216666e-01
2.000000e+02 5.161000e+02 8.619000e+01 3.525426e-01
2.250000e+02 5.498000e+02 8.000000e+01 3.897242e-01
2.500000e+02 5.827000e+02 7.473000e+01 4.255173e-01
2.750000e+02 6.154000e+02 7.021000e+01 4.599926e-01
3.000000e+02 6.477000e+02 6.626000e+01 4.932105e-01
3.250000e+02 6.796000e+02 6.280000e+01 5.252631e-01
3.500000e+02 7.113000e+02 5.974000e+01 5.562639e-01
3.750000e+02 7.425000e+02 5.698000e+01 5.862114e-01
4.000000e+02 7.738000e+02 5.450000e+01 6.151411e-01
4.500000e+02 8.350000e+02 5.022000e+01 6.704199e-01
5.000000e+02 8.952000e+02 4.661000e+01 7.224134e-01
5.500000e+02 9.544000e+02 4.355000e+01 7.716163e-01
6.000000e+02 1.012000e+03 4.090000e+01 8.182014e-01
6.500000e+02 1.069000e+03 3.859000e+01 8.626498e-01
7.000000e+02 1.124000e+03 3.655000e+01 9.050535e-01
8.000000e+02 1.230000e+03 3.312000e+01 9.846753e-01
9.000000e+02 1.331000e+03 3.034000e+01 1.060708e+00
1.000000e+03 1.427000e+03 2.803000e+01 1.130439e+00
1.100000e+03 1.517000e+03 2.607000e+01 1.190265e+00
1.200000e+03 1.602000e+03 2.440000e+01 1.250023e+00
1.300000e+03 1.683000e+03 2.294000e+01 1.309741e+00
1.400000e+03 1.758000e+03 2.167000e+01 1.369411e+00
1.500000e+03 1.828000e+03 2.054000e+01 1.419215e+00
1.600000e+03 1.895000e+03 1.954000e+01 1.478863e+00
1.700000e+03 1.957000e+03 1.863000e+01 1.528643e+00
1.800000e+03 2.015000e+03 1.782000e+01 1.578395e+00
2.000000e+03 2.121000e+03 1.640000e+01 1.668037e+00
2.250000e+03 2.234000e+03 1.494000e+01 1.777577e+00
2.500000e+03 2.329000e+03 1.373000e+01 1.887113e+00
2.750000e+03 2.408000e+03 1.273000e+01 1.996645e+00
3.000000e+03 2.474000e+03 1.187000e+01 2.096263e+00
3.250000e+03 2.529000e+03 1.112000e+01 2.195887e+00
3.500000e+03 2.573000e+03 1.047000e+01 2.285590e+00
3.750000e+03 2.610000e+03 9.901000e+00 2.385230e+00
4.000000e+03 2.639000e+03 9.394000e+00 2.474953e+00
4.500000e+03 2.680000e+03 8.530000e+00 2.664427e+00
5.000000e+03 2.705000e+03 7.823000e+00 2.843987e+00
5.500000e+03 2.717000e+03 7.232000e+00 3.033541e+00
6.000000e+03 2.721000e+03 6.728000e+00 3.213169e+00
6.500000e+03 2.718000e+03 6.297000e+00 3.392829e+00
7.000000e+03 2.711000e+03 5.919000e+00 3.582476e+00
8.000000e+03 2.688000e+03 5.294000e+00 3.952062e+00
9.000000e+03 2.658000e+03 4.797000e+00 4.321714e+00
1.000000e+04 2.623000e+03 4.389000e+00 4.701398e+00
1.100000e+04 2.588000e+03 4.049000e+00 5.081134e+00
1.200000e+04 2.551000e+03 3.764000e+00 5.470895e+00
1.300000e+04 2.515000e+03 3.515000e+00 5.860694e+00
1.400000e+04 2.479000e+03 3.301000e+00 6.260512e+00
1.500000e+04 2.443000e+03 3.112000e+00 6.670348e+00
1.600000e+04 2.408000e+03 2.945000e+00 7.080204e+00
1.700000e+04 2.375000e+03 2.797000e+00 7.490094e+00
1.800000e+04 2.342000e+03 2.663000e+00 7.919978e+00
2.000000e+04 2.279000e+03 2.433000e+00 8.780229e+00
2.250000e+04 2.206000e+03 2.199000e+00 9.890774e+00
2.500000e+04 2.136000e+03 2.008000e+00 1.104127e+01
2.750000e+04 2.072000e+03 1.849000e+00 1.223172e+01
3.000000e+04 2.011000e+03 1.715000e+00 1.345215e+01
3.250000e+04 1.957000e+03 1.600000e+00 1.471256e+01
3.500000e+04 1.910000e+03 1.500000e+00 1.600295e+01
3.750000e+04 1.855000e+03 1.413000e+00 1.733332e+01
4.000000e+04 1.801000e+03 1.335000e+00 1.870369e+01
4.500000e+04 1.708000e+03 1.205000e+00 2.155630e+01
5.000000e+04 1.624000e+03 1.099000e+00 2.455862e+01
5.500000e+04 1.549000e+03 1.011000e+00 2.771072e+01
6.000000e+04 1.480000e+03 9.367000e-01 3.099431e+01
6.500000e+04 1.417000e+03 8.728000e-01 3.444439e+01
7.000000e+04 1.360000e+03 8.177000e-01 3.804448e+01
8.000000e+04 1.258000e+03 7.269000e-01 4.568472e+01
9.000000e+04 1.171000e+03 6.552000e-01 5.391501e+01
1.000000e+05 1.096000e+03 5.967000e-01 6.273534e+01
