# Energy(keV)    dEe/dx(keV/micro_m)  dEn/dx(keV/micro_m)  x(micro_m)
1.000000e+01 7.483000e+01 1.518000e+03 8.915716e-03
1.100000e+01 7.847000e+01 1.554000e+03 9.430801e-03
1.200000e+01 8.197000e+01 1.587000e+03 1.000050e-02
1.300000e+01 8.534000e+01 1.616000e+03 1.051570e-02
1.400000e+01 8.853000e+01 1.643000e+03 1.103132e-02
1.500000e+01 9.166000e+01 1.667000e+03 1.157713e-02
1.600000e+01 9.465000e+01 1.689000e+03 1.200042e-02
1.700000e+01 9.758000e+01 1.710000e+03 1.251639e-02
1.800000e+01 1.004000e+02 1.729000e+03 1.296958e-02
2.000000e+01 1.058000e+02 1.762000e+03 1.400179e-02
2.250000e+01 1.122000e+02 1.798000e+03 1.515685e-02
2.500000e+01 1.183000e+02 1.827000e+03 1.633463e-02
2.750000e+01 1.241000e+02 1.852000e+03 1.739684e-02
3.000000e+01 1.296000e+02 1.874000e+03 1.855236e-02
3.250000e+01 1.349000e+02 1.892000e+03 1.967994e-02
3.500000e+01 1.400000e+02 1.907000e+03 2.076439e-02
3.750000e+01 1.449000e+02 1.921000e+03 2.182682e-02
4.000000e+01 1.497000e+02 1.932000e+03 2.295517e-02
4.500000e+01 1.587000e+02 1.950000e+03 2.508027e-02
5.000000e+01 1.673000e+02 1.962000e+03 2.717812e-02
5.500000e+01 1.755000e+02 1.971000e+03 2.937022e-02
6.000000e+01 1.833000e+02 1.977000e+03 3.146871e-02
6.500000e+01 1.908000e+02 1.980000e+03 3.356739e-02
7.000000e+01 1.980000e+02 1.981000e+03 3.564562e-02
8.000000e+01 2.116000e+02 1.978000e+03 3.972342e-02
9.000000e+01 2.245000e+02 1.971000e+03 4.390194e-02
1.000000e+02 2.366000e+02 1.960000e+03 4.807546e-02
1.100000e+02 2.482000e+02 1.947000e+03 5.225495e-02
1.200000e+02 2.592000e+02 1.933000e+03 5.640975e-02
1.300000e+02 2.698000e+02 1.917000e+03 6.066012e-02
1.400000e+02 2.800000e+02 1.900000e+03 6.484073e-02
1.500000e+02 2.898000e+02 1.883000e+03 6.911107e-02
1.600000e+02 2.996000e+02 1.866000e+03 7.336273e-02
1.700000e+02 3.251000e+02 1.848000e+03 7.761482e-02
1.800000e+02 3.458000e+02 1.831000e+03 8.186727e-02
2.000000e+02 3.764000e+02 1.795000e+03 9.037306e-02
2.250000e+02 4.032000e+02 1.752000e+03 1.011290e-01
2.500000e+02 4.240000e+02 1.710000e+03 1.118868e-01
2.750000e+02 4.423000e+02 1.670000e+03 1.229508e-01
3.000000e+02 4.603000e+02 1.632000e+03 1.339984e-01
3.250000e+02 4.784000e+02 1.595000e+03 1.452166e-01
3.500000e+02 4.971000e+02 1.560000e+03 1.565546e-01
3.750000e+02 5.164000e+02 1.527000e+03 1.679850e-01
4.000000e+02 5.365000e+02 1.495000e+03 1.794957e-01
4.500000e+02 5.776000e+02 1.435000e+03 2.027300e-01
5.000000e+02 6.198000e+02 1.381000e+03 2.261399e-01
5.500000e+02 6.620000e+02 1.331000e+03 2.497258e-01
6.000000e+02 7.038000e+02 1.286000e+03 2.734884e-01
6.500000e+02 7.449000e+02 1.243000e+03 2.972185e-01
7.000000e+02 7.850000e+02 1.204000e+03 3.210455e-01
8.000000e+02 8.619000e+02 1.134000e+03 3.686579e-01
9.000000e+02 9.343000e+02 1.073000e+03 4.160754e-01
1.000000e+03 1.003000e+03 1.019000e+03 4.633217e-01
1.100000e+03 1.068000e+03 9.714000e+02 5.103160e-01
1.200000e+03 1.130000e+03 9.285000e+02 5.568471e-01
1.300000e+03 1.190000e+03 8.901000e+02 6.030321e-01
1.400000e+03 1.248000e+03 8.551000e+02 6.488547e-01
1.500000e+03 1.304000e+03 8.231000e+02 6.941356e-01
1.600000e+03 1.359000e+03 7.939000e+02 7.389738e-01
1.700000e+03 1.413000e+03 7.670000e+02 7.832864e-01
1.800000e+03 1.466000e+03 7.422000e+02 8.271564e-01
2.000000e+03 1.572000e+03 6.977000e+02 9.132649e-01
2.250000e+03 1.702000e+03 6.497000e+02 1.017712e+00
2.500000e+03 1.831000e+03 6.093000e+02 1.120685e+00
2.750000e+03 1.961000e+03 5.739000e+02 1.211482e+00
3.000000e+03 2.091000e+03 5.430000e+02 1.311934e+00
3.250000e+03 2.221000e+03 5.158000e+02 1.402405e+00
3.500000e+03 2.351000e+03 4.916000e+02 1.482904e+00
3.750000e+03 2.482000e+03 4.695000e+02 1.573147e+00
4.000000e+03 2.613000e+03 4.498000e+02 1.653428e+00
4.500000e+03 2.874000e+03 4.158000e+02 1.803960e+00
5.000000e+03 3.132000e+03 3.869000e+02 1.954181e+00
5.500000e+03 3.387000e+03 3.621000e+02 2.084455e+00
6.000000e+03 3.634000e+03 3.407000e+02 2.214540e+00
6.500000e+03 3.879000e+03 3.221000e+02 2.334592e+00
7.000000e+03 4.117000e+03 3.055000e+02 2.444646e+00
8.000000e+03 4.569000e+03 2.776000e+02 2.654659e+00
9.000000e+03 4.991000e+03 2.548000e+02 2.854505e+00
1.000000e+04 5.385000e+03 2.358000e+02 3.034339e+00
1.100000e+04 5.753000e+03 2.197000e+02 3.204125e+00
1.200000e+04 6.093000e+03 2.059000e+02 3.363891e+00
1.300000e+04 6.409000e+03 1.938000e+02 3.523603e+00
1.400000e+04 6.701000e+03 1.833000e+02 3.663392e+00
1.500000e+04 6.973000e+03 1.739000e+02 3.813075e+00
1.600000e+04 7.225000e+03 1.655000e+02 3.942859e+00
1.700000e+04 7.463000e+03 1.580000e+02 4.072617e+00
1.800000e+04 7.680000e+03 1.512000e+02 4.202364e+00
2.000000e+04 8.082000e+03 1.394000e+02 4.451934e+00
2.250000e+04 8.513000e+03 1.271000e+02 4.751447e+00
2.500000e+04 8.894000e+03 1.171000e+02 5.031002e+00
2.750000e+04 9.231000e+03 1.086000e+02 5.300574e+00
3.000000e+04 9.530000e+03 1.013000e+02 5.560178e+00
3.250000e+04 9.805000e+03 9.506000e+01 5.819766e+00
3.500000e+04 1.006000e+04 8.959000e+01 6.069393e+00
3.750000e+04 1.029000e+04 8.476000e+01 6.309051e+00
4.000000e+04 1.050000e+04 8.048000e+01 6.548711e+00
4.500000e+04 1.089000e+04 7.317000e+01 7.008257e+00
5.000000e+04 1.123000e+04 6.715000e+01 7.457822e+00
5.500000e+04 1.154000e+04 6.212000e+01 7.887429e+00
6.000000e+04 1.181000e+04 5.787000e+01 8.317047e+00
6.500000e+04 1.206000e+04 5.416000e+01 8.736686e+00
7.000000e+04 1.228000e+04 5.096000e+01 9.136376e+00
8.000000e+04 1.266000e+04 4.563000e+01 9.936093e+00
9.000000e+04 1.297000e+04 4.138000e+01 1.071582e+01
1.000000e+05 1.323000e+04 3.791000e+01 1.147556e+01
