# Energy(keV)    dEe/dx(keV/micro_m)  dEn/dx(keV/micro_m)  x(micro_m)
1.000000e+01 1.308000e+02 6.429000e+02 1.322044e-02
1.100000e+01 1.372000e+02 6.446000e+02 1.421021e-02
1.200000e+01 1.433000e+02 6.456000e+02 1.532710e-02
1.300000e+01 1.491000e+02 6.456000e+02 1.632820e-02
1.400000e+01 1.547000e+02 6.450000e+02 1.731878e-02
1.500000e+01 1.602000e+02 6.439000e+02 1.832021e-02
1.600000e+01 1.654000e+02 6.422000e+02 1.943759e-02
1.700000e+01 1.705000e+02 6.405000e+02 2.040098e-02
1.800000e+01 1.755000e+02 6.385000e+02 2.143035e-02
2.000000e+01 1.850000e+02 6.337000e+02 2.347424e-02
2.250000e+01 1.962000e+02 6.269000e+02 2.601346e-02
2.500000e+01 2.068000e+02 6.195000e+02 2.851614e-02
2.750000e+01 2.169000e+02 6.116000e+02 3.105624e-02
3.000000e+01 2.265000e+02 6.035000e+02 3.364952e-02
3.250000e+01 2.357000e+02 5.957000e+02 3.612824e-02
3.500000e+01 2.447000e+02 5.878000e+02 3.872325e-02
3.750000e+01 2.533000e+02 5.797000e+02 4.131888e-02
4.000000e+01 2.616000e+02 5.719000e+02 4.379966e-02
4.500000e+01 2.774000e+02 5.569000e+02 4.895855e-02
5.000000e+01 2.924000e+02 5.423000e+02 5.412901e-02
5.500000e+01 3.067000e+02 5.287000e+02 5.935790e-02
6.000000e+01 3.202000e+02 5.154000e+02 6.446433e-02
6.500000e+01 3.343000e+02 5.032000e+02 6.969692e-02
7.000000e+01 3.485000e+02 4.913000e+02 7.489820e-02
8.000000e+01 3.753000e+02 4.695000e+02 8.527350e-02
9.000000e+01 3.988000e+02 4.498000e+02 9.562327e-02
1.000000e+02 4.195000e+02 4.321000e+02 1.060476e-01
1.100000e+02 4.379000e+02 4.158000e+02 1.164465e-01
1.200000e+02 4.539000e+02 4.008000e+02 1.269132e-01
1.300000e+02 4.685000e+02 3.872000e+02 1.373336e-01
1.400000e+02 4.814000e+02 3.747000e+02 1.477807e-01
1.500000e+02 4.937000e+02 3.628000e+02 1.583031e-01
1.600000e+02 5.049000e+02 3.519000e+02 1.687741e-01
1.700000e+02 5.154000e+02 3.420000e+02 1.792550e-01
1.800000e+02 5.256000e+02 3.325000e+02 1.898277e-01
2.000000e+02 5.457000e+02 3.153000e+02 2.109359e-01
2.250000e+02 5.702000e+02 2.966000e+02 2.373386e-01
2.500000e+02 5.950000e+02 2.803000e+02 2.635696e-01
2.750000e+02 6.205000e+02 2.660000e+02 2.896739e-01
3.000000e+02 6.470000e+02 2.533000e+02 3.154200e-01
3.250000e+02 6.745000e+02 2.419000e+02 3.408807e-01
3.500000e+02 7.031000e+02 2.317000e+02 3.659277e-01
3.750000e+02 7.327000e+02 2.224000e+02 3.904039e-01
4.000000e+02 7.629000e+02 2.140000e+02 4.145441e-01
4.500000e+02 8.248000e+02 1.991000e+02 4.612330e-01
5.000000e+02 8.887000e+02 1.865000e+02 5.057988e-01
5.500000e+02 9.533000e+02 1.755000e+02 5.485302e-01
6.000000e+02 1.019000e+03 1.659000e+02 5.892699e-01
6.500000e+02 1.084000e+03 1.575000e+02 6.282283e-01
7.000000e+02 1.148000e+03 1.500000e+02 6.655352e-01
8.000000e+02 1.275000e+03 1.372000e+02 7.357862e-01
9.000000e+02 1.397000e+03 1.266000e+02 8.008891e-01
1.000000e+03 1.515000e+03 1.177000e+02 8.615506e-01
1.100000e+03 1.628000e+03 1.101000e+02 9.185562e-01
1.200000e+03 1.736000e+03 1.036000e+02 9.723880e-01
1.300000e+03 1.838000e+03 9.785000e+01 1.021128e+00
1.400000e+03 1.937000e+03 9.278000e+01 1.071052e+00
1.500000e+03 2.030000e+03 8.826000e+01 1.120920e+00
1.600000e+03 2.120000e+03 8.422000e+01 1.160929e+00
1.700000e+03 2.206000e+03 8.058000e+01 1.210709e+00
1.800000e+03 2.287000e+03 7.725000e+01 1.250631e+00
2.000000e+03 2.442000e+03 7.147000e+01 1.330423e+00
2.250000e+03 2.620000e+03 6.545000e+01 1.420195e+00
2.500000e+03 2.783000e+03 6.045000e+01 1.509882e+00
2.750000e+03 2.933000e+03 5.623000e+01 1.599502e+00
3.000000e+03 3.073000e+03 5.260000e+01 1.679214e+00
3.250000e+03 3.204000e+03 4.947000e+01 1.749007e+00
3.500000e+03 3.326000e+03 4.671000e+01 1.828670e+00
3.750000e+03 3.441000e+03 4.427000e+01 1.898415e+00
4.000000e+03 3.549000e+03 4.209000e+01 1.968143e+00
4.500000e+03 3.747000e+03 3.838000e+01 2.107641e+00
5.000000e+03 3.923000e+03 3.532000e+01 2.227270e+00
5.500000e+03 4.080000e+03 3.276000e+01 2.356823e+00
6.000000e+03 4.219000e+03 3.057000e+01 2.476429e+00
6.500000e+03 4.345000e+03 2.867000e+01 2.586115e+00
7.000000e+03 4.457000e+03 2.702000e+01 2.695801e+00
8.000000e+03 4.644000e+03 2.425000e+01 2.915252e+00
9.000000e+03 4.794000e+03 2.204000e+01 3.124772e+00
1.000000e+04 4.913000e+03 2.023000e+01 3.334309e+00
1.100000e+04 5.011000e+03 1.871000e+01 3.533915e+00
1.200000e+04 5.086000e+03 1.742000e+01 3.723570e+00
1.300000e+04 5.147000e+03 1.631000e+01 3.923211e+00
1.400000e+04 5.195000e+03 1.534000e+01 4.112899e+00
1.500000e+04 5.229000e+03 1.448000e+01 4.302609e+00
1.600000e+04 5.256000e+03 1.373000e+01 4.492334e+00
1.700000e+04 5.277000e+03 1.305000e+01 4.682075e+00
1.800000e+04 5.287000e+03 1.244000e+01 4.871832e+00
2.000000e+04 5.297000e+03 1.139000e+01 5.241542e+00
2.250000e+04 5.283000e+03 1.032000e+01 5.721266e+00
2.500000e+04 5.256000e+03 9.445000e+00 6.191038e+00
2.750000e+04 5.215000e+03 8.714000e+00 6.660844e+00
3.000000e+04 5.164000e+03 8.095000e+00 7.140659e+00
3.250000e+04 5.110000e+03 7.561000e+00 7.630496e+00
3.500000e+04 5.056000e+03 7.099000e+00 8.120350e+00
3.750000e+04 4.994000e+03 6.694000e+00 8.620218e+00
4.000000e+04 4.933000e+03 6.337000e+00 9.120106e+00
4.500000e+04 4.814000e+03 5.729000e+00 1.014044e+01
5.000000e+04 4.692000e+03 5.232000e+00 1.120073e+01
5.500000e+04 4.576000e+03 4.821000e+00 1.227101e+01
6.000000e+04 4.484000e+03 4.474000e+00 1.338127e+01
6.500000e+04 4.372000e+03 4.175000e+00 1.450152e+01
7.000000e+04 4.253000e+03 3.913000e+00 1.566177e+01
8.000000e+04 4.053000e+03 3.485000e+00 1.807384e+01
9.000000e+04 3.869000e+03 3.147000e+00 2.059566e+01
1.000000e+05 3.706000e+03 2.871000e+00 2.323728e+01
