neutron	939.565	23.7027	99984	0	0
alpha	3727.38	1.37168	99984	0	0
Li7	6533.83	5.9889	99984	0	0
neutron	939.565	20.9399	99984.6	0	0
neutron	939.565	10.9457	99984.6	0	0
B10	9324.44	3.50351	99984.6	0	0
neutron	939.565	11.9639	99984.2	0	0
Be10	9325.5	1.03992	99984.2	0	0
neutron	939.565	6.40055	99983.8	0	0
Be10	9325.5	3.05415	99983.8	0	0
neutron	939.565	1.35533	99984.6	0	0
Be10	9325.5	0.794635	99984.6	0	0
neutron	939.565	4.92454	99984.2	0	0
neutron	939.565	0.02564	99984.2	0	0
Be9	8392.75	0.886736	99984.2	0	0
neutron	939.565	19.6454	99984.2	0	0
neutron	939.565	11.2303	99984.2	0	0
neutron	939.565	8.27678	99984.2	0	0
alpha	3727.38	6.12387	99984.2	0	0
alpha	3727.38	2.65316	99984.2	0	0
neutron	939.565	1.19211	99983.8	0	0
Li9	8406.87	3.16628	99983.8	0	0
neutron	939.565	4.97168	99984	0	0
neutron	939.565	3.62847	99984	0	0
neutron	939.565	0.387431	99984	0	0
Be8	7454.85	0.433159	99984	0	0
neutron	939.565	1.86629	99983.8	0	0
neutron	939.565	0.636635	99983.8	0	0
Li8	7471.37	5.88616	99983.8	0	0
neutron	939.565	6.4204	99984	0	0
neutron	939.565	6.06576	99984	0	0
neutron	939.565	0.132292	99984	0	0
Be8	7454.85	1.62876	99984	0	0
neutron	939.565	1.28021	99984.1	0	0
Li9	8406.87	1.97232	99984.1	0	0
Be10	9325.5	5.35517	99984	0	0
neutron	939.565	5.0963	99983.8	0	0
neutron	939.565	0.260005	99983.8	0	0
B10	9324.44	0.94928	99983.8	0	0
neutron	939.565	3.53935	99984.2	0	0
neutron	939.565	2.86307	99984.2	0	0
neutron	939.565	1.96164	99984.2	0	0
Be8	7454.85	1.84048	99984.2	0	0
neutron	939.565	23.0151	99984.4	0	0
neutron	939.565	7.34993	99984.4	0	0
B10	9324.44	4.58987	99984.4	0	0
neutron	939.565	4.68915	99985.5	0	0
neutron	939.565	0.557147	99985.5	0	0
neutron	939.565	0.530474	99985.5	0	0
Be8	7454.85	3.41253	99985.5	0	0
neutron	939.565	14.7821	99983.3	0	0
B11	10252.5	1.52478	99983.3	0	0
neutron	939.565	12.9121	99984.1	0	0
neutron	939.565	4.95467	99984.1	0	0
B10	9324.44	1.62348	99984.1	0	0
neutron	939.565	2.16992	99984.3	0	0
B11	10252.5	0.197568	99984.3	0	0
neutron	939.565	16.8223	99983.8	0	0
neutron	939.565	14.5234	99983.8	0	0
neutron	939.565	2.87675	99983.8	0	0
alpha	3727.38	8.15863	99983.8	0	0
alpha	3727.38	5.81983	99983.8	0	0
neutron	939.565	24.7043	99984.5	0	0
neutron	939.565	12.0217	99984.5	0	0
neutron	939.565	5.80475	99984.5	0	0
alpha	3727.38	5.18322	99984.5	0	0
alpha	3727.38	4.32321	99984.5	0	0
neutron	939.565	11.3693	99984.2	0	0
neutron	939.565	5.21514	99984.2	0	0
Be9	8392.75	1.01026	99984.2	0	0
neutron	939.565	5.24004	99984.5	0	0
Be8	7454.85	2.5709	99984.5	0	0
neutron	939.565	1.90076	99983.2	0	0
Be10	9325.5	1.43861	99983.2	0	0
neutron	939.565	10.303	99984.1	0	0
alpha	3727.38	3.67244	99984.1	0	0
alpha	3727.38	0.958859	99984.1	0	0
neutron	939.565	2.90836	99984	0	0
alpha	3727.38	8.73682	99984	0	0
Li7	6533.83	2.54892	99984	0	0
neutron	939.565	3.117	99984.8	0	0
B11	10252.5	0.714766	99984.8	0	0
neutron	939.565	6.2297	99984.5	0	0
neutron	939.565	4.03641	99984.5	0	0
neutron	939.565	0.472823	99984.5	0	0
Be8	7454.85	7.99408	99984.5	0	0
neutron	939.565	21.6477	99984.3	0	0
neutron	939.565	21.0186	99984.3	0	0
Be8	7454.85	5.0989	99984.3	0	0
C12	11174.9	0.498134	99990.7	19.5162	18.0077
neutron	939.565	5.07342	99984.9	0	0
neutron	939.565	3.74597	99984.9	0	0
neutron	939.565	0.62001	99984.9	0	0
Be8	7454.85	1.27305	99984.9	0	0
neutron	939.565	9.41985	99984.3	0	0
neutron	939.565	9.11581	99984.3	0	0
neutron	939.565	3.95458	99984.3	0	0
alpha	3727.38	19.0265	99984.3	0	0
alpha	3727.38	5.19658	99984.3	0	0
neutron	939.565	2.22888	99984.2	0	0
neutron	939.565	0.74176	99984.2	0	0
B10	9324.44	0.874923	99984.2	0	0
neutron	939.565	6.93126	99983.5	0	0
B11	10252.5	0.849598	99983.5	0	0
neutron	939.565	9.90337	99984.2	0	0
neutron	939.565	2.41429	99984.2	0	0
neutron	939.565	0.980444	99984.2	0	0
Be8	7454.85	1.07374	99984.2	0	0
neutron	939.565	22.9305	99983.6	0	0
neutron	939.565	14.1683	99983.6	0	0
neutron	939.565	1.08284	99983.6	0	0
Be8	7454.85	2.39343	99983.6	0	0
neutron	939.565	1.81153	99985.2	0	0
B11	10252.5	0.29881	99985.2	0	0
neutron	939.565	0.338936	99984	0	0
B11	10252.5	0.323236	99984	0	0
neutron	939.565	16.0309	99984.2	0	0
Be10	9325.5	2.48885	99984.2	0	0
neutron	939.565	11.4647	99984.4	0	0
neutron	939.565	0.246815	99984.4	0	0
B10	9324.44	0.594062	99984.4	0	0
neutron	939.565	1.56518	99984.6	0	0
Be10	9325.5	0.231337	99984.6	0	0
neutron	939.565	10.2992	99984.5	0	0
Be8	7454.85	1.3057	99984.5	0	0
neutron	939.565	4.82543	99983.5	0	0
B11	10252.5	0.73608	99983.5	0	0
neutron	939.565	5.01671	99983.9	0	0
neutron	939.565	1.78413	99983.9	0	0
alpha	3727.38	2.38665	99983.9	0	0
alpha	3727.38	2.84616	99983.9	0	0
neutron	939.565	4.6071	99984.6	0	0
neutron	939.565	4.13827	99984.6	0	0
neutron	939.565	0.351505	99984.6	0	0
Be8	7454.85	0.269521	99984.6	0	0
neutron	939.565	2.81634	99983.8	0	0
neutron	939.565	2.54864	99983.8	0	0
alpha	3727.38	3.1503	99983.8	0	0
alpha	3727.38	6.40026	99983.8	0	0
neutron	939.565	14.4427	99984.4	0	0
neutron	939.565	5.07764	99984.4	0	0
neutron	939.565	4.23088	99984.4	0	0
Be8	7454.85	0.858329	99984.4	0	0
B12	11188.7	0.365965	99983.8	0	0
neutron	939.565	3.06657	99985.1	0	0
B11	10252.5	1.07425	99985.1	0	0
neutron	939.565	14.6688	99983.6	0	0
neutron	939.565	11.8656	99983.6	0	0
neutron	939.565	0.570125	99983.6	0	0
Be8	7454.85	0.630537	99983.6	0	0
neutron	939.565	20.2781	99983.6	0	0
neutron	939.565	6.25325	99983.6	0	0
alpha	3727.38	1.41844	99983.6	0	0
alpha	3727.38	8.44923	99983.6	0	0
neutron	939.565	10.3471	99984.3	0	0
neutron	939.565	0.716213	99984.3	0	0
B10	9324.44	2.22113	99984.3	0	0
neutron	939.565	1.97816	99983.7	0	0
B11	10252.5	0.626993	99983.7	0	0
neutron	939.565	1.08172	99984.5	0	0
Be8	7454.85	2.51087	99984.5	0	0
neutron	939.565	0.971059	99983.6	0	0
B11	10252.5	0.597554	99983.6	0	0
neutron	939.565	1.91805	99984.5	0	0
B11	10252.5	0.203026	99984.5	0	0
neutron	939.565	5.39563	99985.2	0	0
neutron	939.565	1.62956	99985.2	0	0
B10	9324.44	0.98451	99985.2	0	0
neutron	939.565	0.279094	99983.7	0	0
B11	10252.5	0.206047	99983.7	0	0
neutron	939.565	1.67191	99984.3	0	0
B11	10252.5	0.0464946	99984.3	0	0
neutron	939.565	1.83164	99984.3	0	0
alpha	3727.38	1.37824	99984.3	0	0
alpha	3727.38	8.0639	99984.3	0	0
neutron	939.565	3.34795	99984.2	0	0
neutron	939.565	1.38345	99984.2	0	0
B10	9324.44	0.880861	99984.2	0	0
neutron	939.565	18.692	99984.4	0	0
neutron	939.565	5.78737	99984.4	0	0
Be8	7454.85	5.7101	99984.4	0	0
neutron	939.565	11.5701	99984.1	0	0
neutron	939.565	9.33242	99984.1	0	0
neutron	939.565	0.275327	99984.1	0	0
Be8	7454.85	0.517482	99984.1	0	0
neutron	939.565	4.74448	99984	0	0
B11	10252.5	0.119235	99984	0	0
neutron	939.565	6.79383	99984.1	0	0
neutron	939.565	5.93647	99984.1	0	0
neutron	939.565	3.21033	99984.1	0	0
alpha	3727.38	5.6198	99984.1	0	0
alpha	3727.38	1.3832	99984.1	0	0
neutron	939.565	12.3127	99985.5	0	0
neutron	939.565	9.59311	99985.5	0	0
alpha	3727.38	4.79538	99985.5	0	0
Li6	5601.52	3.32316	99985.5	0	0
neutron	939.565	9.65841	99984.3	0	0
B11	10252.5	0.705709	99984.3	0	0
neutron	939.565	3.77812	99983.3	0	0
neutron	939.565	1.16203	99983.3	0	0
Be9	8392.75	2.32098	99983.3	0	0
neutron	939.565	16.7003	99984.5	0	0
neutron	939.565	6.99554	99984.5	0	0
B10	9324.44	1.44039	99984.5	0	0
neutron	939.565	9.6895	99984.2	0	0
Be8	7454.85	1.24312	99984.2	0	0
neutron	939.565	4.65689	99984.7	0	0
neutron	939.565	2.25797	99984.7	0	0
Be9	8392.75	3.10018	99984.7	0	0
neutron	939.565	30.1703	99984.6	0	0
Be10	9325.5	2.94142	99984.6	0	0
neutron	939.565	2.98819	99983.8	0	0
neutron	939.565	2.89234	99983.8	0	0
alpha	3727.38	5.41449	99983.8	0	0
neutron	939.565	5.19342	99984.8	0	0
neutron	939.565	2.63264	99984.8	0	0
neutron	939.565	1.0242	99984.8	0	0
alpha	3727.38	8.26771	99984.8	0	0
alpha	3727.38	1.96003	99984.8	0	0
neutron	939.565	2.41353	99984.6	0	0
B11	10252.5	0.330672	99984.6	0	0
neutron	939.565	6.62949	99984	0	0
neutron	939.565	5.1292	99984	0	0
neutron	939.565	2.70896	99984	0	0
alpha	3727.38	2.35313	99984	0	0
alpha	3727.38	5.39967	99984	0	0
neutron	939.565	4.20933	99984.6	0	0
neutron	939.565	2.08448	99984.6	0	0
neutron	939.565	0.700694	99984.6	0	0
Be8	7454.85	1.26154	99984.6	0	0
neutron	939.565	17.261	99984.1	0	0
neutron	939.565	5.94114	99984.1	0	0
neutron	939.565	2.71241	99984.1	0	0
Be8	7454.85	2.93323	99984.1	0	0
neutron	939.565	4.97337	99983.8	0	0
B11	10252.5	1.11819	99983.8	0	0
neutron	939.565	10.8801	99985.1	0	0
B12	11188.7	0.546468	99985.1	0	0
neutron	939.565	10.0923	99984.5	0	0
alpha	3727.38	13.0096	99984.5	0	0
Li7	6533.83	11.8676	99984.5	0	0
neutron	939.565	8.65971	99985	0	0
neutron	939.565	0.181221	99985	0	0
B10	9324.44	0.196953	99985	0	0
neutron	939.565	10.6373	99984.5	0	0
neutron	939.565	6.99202	99984.5	0	0
neutron	939.565	4.85045	99984.5	0	0
alpha	3727.38	2.32267	99984.5	0	0
alpha	3727.38	3.02094	99984.5	0	0
neutron	939.565	13.5735	99985.1	0	0
neutron	939.565	0.289166	99985.1	0	0
B11	10252.5	0.97072	99985.1	0	0
neutron	939.565	1.44273	99983.8	0	0
neutron	939.565	1.38874	99983.8	0	0
Be8	7454.85	2.33421	99983.8	0	0
B12	11188.7	0.348195	99984.8	0	0
neutron	939.565	3.34028	99983.3	0	0
neutron	939.565	2.65288	99983.3	0	0
alpha	3727.38	5.25059	99983.3	0	0
alpha	3727.38	1.9802	99983.3	0	0
neutron	939.565	12.7309	99984.4	0	0
neutron	939.565	10.188	99984.4	0	0
neutron	939.565	6.21533	99984.4	0	0
alpha	3727.38	2.54806	99984.4	0	0
alpha	3727.38	4.04064	99984.4	0	0
neutron	939.565	7.64962	99984.2	0	0
Be8	7454.85	3.79365	99984.2	0	0
neutron	939.565	5.80045	99984.3	0	0
B11	10252.5	1.21846	99984.3	0	0
neutron	939.565	7.11758	99984.5	0	0
B11	10252.5	0.513442	99984.5	0	0
neutron	939.565	6.9617	99984.2	0	0
B11	10252.5	1.14372	99984.2	0	0
neutron	939.565	0.480494	99983.5	0	0
B11	10252.5	0.175164	99983.5	0	0
B12	11188.7	0.35657	99983.5	0	0
B12	11188.7	0.369997	99984.3	0	0
neutron	939.565	25.7697	99984	0	0
neutron	939.565	1.39487	99984	0	0
neutron	939.565	0.164098	99984	0	0
Be8	7454.85	2.78867	99984	0	0
neutron	939.565	4.81866	99983.9	0	0
alpha	3727.38	5.53153	99983.9	0	0
Li7	6533.83	1.3789	99983.9	0	0
neutron	939.565	3.33495	99983.6	0	0
B11	10252.5	0.20366	99983.6	0	0
neutron	939.565	5.9593	99984.2	0	0
Be8	7454.85	1.51064	99984.2	0	0
neutron	939.565	7.70098	99984.3	0	0
B11	10252.5	0.945437	99984.3	0	0
neutron	939.565	4.38589	99984.2	0	0
alpha	3727.38	2.43523	99984.2	0	0
alpha	3727.38	4.0024	99984.2	0	0
neutron	939.565	15.7163	99985.1	0	0
neutron	939.565	2.31246	99985.1	0	0
B10	9324.44	1.50972	99985.1	0	0
neutron	939.565	21.4705	99983.4	0	0
B11	10252.5	3.38557	99983.4	0	0
neutron	939.565	1.0072	99984.6	0	0
B11	10252.5	0.375111	99984.6	0	0
neutron	939.565	16.6299	99984.6	0	0
neutron	939.565	10.9825	99984.6	0	0
neutron	939.565	7.98419	99984.6	0	0
alpha	3727.38	9.42428	99984.6	0	0
alpha	3727.38	4.68432	99984.6	0	0
neutron	939.565	12.0033	99984.2	0	0
neutron	939.565	4.05568	99984.2	0	0
B10	9324.44	1.83024	99984.2	0	0
neutron	939.565	7.17279	99983.9	0	0
B11	10252.5	0.464548	99983.9	0	0
neutron	939.565	14.1127	99984.2	0	0
neutron	939.565	6.00974	99984.2	0	0
neutron	939.565	1.18217	99984.2	0	0
Be8	7454.85	2.73681	99984.2	0	0
neutron	939.565	4.22063	99983.9	0	0
B11	10252.5	0.322773	99983.9	0	0
neutron	939.565	4.63063	99983.2	0	0
alpha	3727.38	3.51098	99983.2	0	0
alpha	3727.38	4.70009	99983.2	0	0
neutron	939.565	4.19661	99984.2	0	0
B11	10252.5	1.10726	99984.2	0	0
neutron	939.565	9.46416	99985	0	0
neutron	939.565	0.718329	99985	0	0
Be9	8392.75	0.470729	99985	0	0
neutron	939.565	1.15645	99984.2	0	0
Be9	8392.75	4.01652	99984.2	0	0
neutron	939.565	28.78	99984.8	0	0
neutron	939.565	8.22002	99984.8	0	0
neutron	939.565	7.67818	99984.8	0	0
Be8	7454.85	3.30169	99984.8	0	0
neutron	939.565	15.1562	99983.1	0	0
neutron	939.565	2.36387	99983.1	0	0
alpha	3727.38	1.08179	99983.1	0	0
alpha	3727.38	6.59932	99983.1	0	0
neutron	939.565	8.19919	99983.4	0	0
neutron	939.565	3.90989	99983.4	0	0
alpha	3727.38	1.04914	99983.4	0	0
Li6	5601.52	4.09659	99983.4	0	0
B12	11188.7	0.339814	99985.4	0	0
neutron	939.565	23.3059	99984.6	0	0
neutron	939.565	2.5215	99984.6	0	0
Be8	7454.85	2.95749	99984.6	0	0
neutron	939.565	18.8644	99983.4	0	0
neutron	939.565	0.358106	99983.4	0	0
Be9	8392.75	4.10308	99983.4	0	0
neutron	939.565	4.8398	99983.8	0	0
B11	10252.5	0.386223	99983.8	0	0
neutron	939.565	2.21372	99984.6	0	0
neutron	939.565	0.342819	99984.6	0	0
B10	9324.44	0.20431	99984.6	0	0
neutron	939.565	3.37238	99985	0	0
B11	10252.5	0.244962	99985	0	0
neutron	939.565	0.657152	99985.1	0	0
B11	10252.5	0.16368	99985.1	0	0
neutron	939.565	30.5266	99983.9	0	0
neutron	939.565	10.2933	99983.9	0	0
alpha	3727.38	2.6926	99983.9	0	0
alpha	3727.38	2.64528	99983.9	0	0
neutron	939.565	8.90425	99984.6	0	0
alpha	3727.38	5.39711	99984.6	0	0
alpha	3727.38	5.37951	99984.6	0	0
neutron	939.565	2.70837	99984.4	0	0
B11	10252.5	1.15523	99984.4	0	0
neutron	939.565	1.48278	99983.7	0	0
B11	10252.5	0.395623	99983.7	0	0
neutron	939.565	1.17326	99983.1	0	0
alpha	3727.38	8.07018	99983.1	0	0
alpha	3727.38	2.50978	99983.1	0	0
neutron	939.565	8.15519	99984.6	0	0
Be8	7454.85	2.61361	99984.6	0	0
neutron	939.565	2.58788	99983.3	0	0
neutron	939.565	1.92899	99983.3	0	0
Be8	7454.85	2.11797	99983.3	0	0
neutron	939.565	13.8738	99984.8	0	0
alpha	3727.38	5.76441	99984.8	0	0
Li7	6533.83	0.32667	99984.8	0	0
neutron	939.565	27.5683	99984.5	0	0
neutron	939.565	12.7337	99984.5	0	0
B10	9324.44	1.9099	99984.5	0	0
B12	11188.7	0.339648	99984.7	0	0
neutron	939.565	20.1063	99985.4	0	0
neutron	939.565	10.0363	99985.4	0	0
neutron	939.565	0.493233	99985.4	0	0
Be8	7454.85	1.58355	99985.4	0	0
neutron	939.565	2.28777	99984.8	0	0
B11	10252.5	0.798087	99984.8	0	0
neutron	939.565	21.7711	99984.6	0	0
B11	10252.5	1.13997	99984.6	0	0
neutron	939.565	4.501	99984.6	0	0
neutron	939.565	3.44201	99984.6	0	0
B10	9324.44	1.11316	99984.6	0	0
neutron	939.565	3.06757	99985	0	0
neutron	939.565	2.05787	99985	0	0
neutron	939.565	0.84914	99985	0	0
Be8	7454.85	0.603765	99985	0	0
neutron	939.565	31.8598	99983.8	0	0
neutron	939.565	5.94902	99983.8	0	0
Be8	7454.85	3.89386	99983.8	0	0
B12	11188.7	0.363175	99983.6	0	0
neutron	939.565	3.442	99985	0	0
B11	10252.5	1.03667	99985	0	0
neutron	939.565	17.3025	99984.3	0	0
neutron	939.565	2.11933	99984.3	0	0
neutron	939.565	0.370447	99984.3	0	0
Be8	7454.85	3.4839	99984.3	0	0
neutron	939.565	0.82862	99984.3	0	0
alpha	3727.38	2.7341	99984.3	0	0
alpha	3727.38	3.73099	99984.3	0	0
neutron	939.565	0.379758	99984.5	0	0
alpha	3727.38	1.35883	99984.5	0	0
alpha	3727.38	6.86566	99984.5	0	0
neutron	939.565	11.5138	99983.9	0	0
neutron	939.565	0.525134	99983.9	0	0
Li7	6533.83	1.69621	99983.9	0	0
B12	11188.7	0.353413	99985.6	0	0
neutron	939.565	22.7675	99984.3	0	0
B11	10252.5	2.69689	99984.3	0	0
neutron	939.565	10.482	99983.6	0	0
neutron	939.565	4.58592	99983.6	0	0
neutron	939.565	1.68703	99983.6	0	0
alpha	3727.38	6.0294	99983.6	0	0
alpha	3727.38	0.523162	99983.6	0	0
neutron	939.565	7.88432	99984.5	0	0
neutron	939.565	2.59529	99984.5	0	0
B10	9324.44	2.67892	99984.5	0	0
neutron	939.565	23.1422	99984.9	0	0
neutron	939.565	7.75037	99984.9	0	0
neutron	939.565	2.7778	99984.9	0	0
alpha	3727.38	5.01336	99984.9	0	0
alpha	3727.38	1.52605	99984.9	0	0
neutron	939.565	9.59045	99984.4	0	0
neutron	939.565	1.3705	99984.4	0	0
neutron	939.565	0.242581	99984.4	0	0
Be8	7454.85	6.53146	99984.4	0	0
neutron	939.565	4.67193	99984.7	0	0
Be8	7454.85	0.438524	99984.7	0	0
neutron	939.565	11.9861	99983.8	0	0
neutron	939.565	1.25879	99983.8	0	0
neutron	939.565	0.551591	99983.8	0	0
Be8	7454.85	0.230284	99983.8	0	0
neutron	939.565	4.33084	99983.7	0	0
neutron	939.565	4.14269	99983.7	0	0
B11	10252.5	0.631974	99983.7	0	0
neutron	939.565	4.67116	99984.4	0	0
Be8	7454.85	1.07421	99984.4	0	0
neutron	939.565	18.5409	99983	0	0
neutron	939.565	14.4382	99983	0	0
B10	9324.44	2.72167	99983	0	0
neutron	939.565	5.57204	99984.4	0	0
B11	10252.5	1.49984	99984.4	0	0
neutron	939.565	31.7419	99984.2	0	0
neutron	939.565	3.86555	99984.2	0	0
alpha	3727.38	0.425729	99984.2	0	0
alpha	3727.38	6.53156	99984.2	0	0
neutron	939.565	11.7696	99984.8	0	0
neutron	939.565	4.90497	99984.8	0	0
neutron	939.565	3.45989	99984.8	0	0
alpha	3727.38	5.16599	99984.8	0	0
alpha	3727.38	9.04656	99984.8	0	0
neutron	939.565	3.22731	99983.5	0	0
alpha	3727.38	3.85583	99983.5	0	0
alpha	3727.38	1.87667	99983.5	0	0
neutron	939.565	8.01014	99984.9	0	0
neutron	939.565	2.36151	99984.9	0	0
Be8	7454.85	1.01951	99984.9	0	0
neutron	939.565	9.76476	99983.9	0	0
B11	10252.5	0.805112	99983.9	0	0
B12	11188.7	0.365096	99984	0	0
neutron	939.565	14.5	99985.2	0	0
Be10	9325.5	0.214016	99985.2	0	0
neutron	939.565	12.4431	99983.5	0	0
neutron	939.565	5.68497	99983.5	0	0
neutron	939.565	1.22439	99983.5	0	0
Be8	7454.85	0.712929	99983.5	0	0
neutron	939.565	16.8245	99983.7	0	0
neutron	939.565	2.8664	99983.7	0	0
neutron	939.565	2.74676	99983.7	0	0
Be8	7454.85	0.871113	99983.7	0	0
neutron	939.565	4.09188	99984.4	0	0
alpha	3727.38	8.33688	99984.4	0	0
Li7	6533.83	2.99362	99984.4	0	0
neutron	939.565	15.3379	99983.4	0	0
neutron	939.565	11.3085	99983.4	0	0
neutron	939.565	1.01513	99983.4	0	0
alpha	3727.38	7.3408	99983.4	0	0
alpha	3727.38	1.68899	99983.4	0	0
Be11	10264.6	0.774755	99984.7	0	0
neutron	939.565	6.93415	99984.4	0	0
neutron	939.565	1.40852	99984.4	0	0
Be9	8392.75	1.35274	99984.4	0	0
neutron	939.565	21.1672	99983.9	0	0
neutron	939.565	4.35779	99983.9	0	0
B10	9324.44	3.85428	99983.9	0	0
neutron	939.565	7.62221	99984.2	0	0
B11	10252.5	0.578109	99984.2	0	0
neutron	939.565	5.48238	99985.2	0	0
neutron	939.565	0.118867	99985.2	0	0
B10	9324.44	0.895132	99985.2	0	0
neutron	939.565	6.91242	99983.7	0	0
neutron	939.565	0.507043	99983.7	0	0
B10	9324.44	1.69672	99983.7	0	0
neutron	939.565	38.6623	99984.7	0	0
B11	10252.5	2.98375	99984.7	0	0
neutron	939.565	11.3618	99984.5	0	0
neutron	939.565	4.42323	99984.5	0	0
neutron	939.565	1.8928	99984.5	0	0
alpha	3727.38	2.55076	99984.5	0	0
alpha	3727.38	2.42687	99984.5	0	0
neutron	939.565	4.81607	99984.5	0	0
alpha	3727.38	1.71456	99984.5	0	0
alpha	3727.38	4.56759	99984.5	0	0
neutron	939.565	2.93208	99984.7	0	0
B11	10252.5	0.374905	99984.7	0	0
neutron	939.565	4.21073	99983.7	0	0
B11	10252.5	0.991891	99983.7	0	0
neutron	939.565	6.75615	99984.5	0	0
neutron	939.565	0.635163	99984.5	0	0
Be9	8392.75	3.25681	99984.5	0	0
neutron	939.565	3.44475	99984.7	0	0
neutron	939.565	2.73551	99984.7	0	0
alpha	3727.38	5.93607	99984.7	0	0
alpha	3727.38	4.11748	99984.7	0	0
neutron	939.565	1.54614	99984.2	0	0
Be10	9325.5	0.525048	99984.2	0	0
B12	11188.7	0.342913	99984.4	0	0
neutron	939.565	3.32631	99983.4	0	0
neutron	939.565	0.303363	99983.4	0	0
Be8	7454.85	2.4378	99983.4	0	0
neutron	939.565	4.11483	99984.5	0	0
Be8	7454.85	1.43729	99984.5	0	0
Be10	9325.5	4.70615	99984	0	0
neutron	939.565	13.2403	99983.3	0	0
neutron	939.565	10.3313	99983.3	0	0
neutron	939.565	3.77708	99983.3	0	0
Be8	7454.85	1.98534	99983.3	0	0
neutron	939.565	14.0082	99983.9	0	0
neutron	939.565	1.28402	99983.9	0	0
neutron	939.565	0.250216	99983.9	0	0
alpha	3727.38	19.2599	99983.9	0	0
alpha	3727.38	1.96088	99983.9	0	0
neutron	939.565	22.2079	99984.5	0	0
neutron	939.565	2.56575	99984.5	0	0
neutron	939.565	1.65471	99984.5	0	0
Be8	7454.85	1.51132	99984.5	0	0
neutron	939.565	4.93941	99983.7	0	0
neutron	939.565	4.79418	99983.7	0	0
Be8	7454.85	3.50906	99983.7	0	0
neutron	939.565	15.7473	99983.9	0	0
neutron	939.565	0.779914	99983.9	0	0
B10	9324.44	1.71287	99983.9	0	0
neutron	939.565	16.031	99985	0	0
neutron	939.565	4.2649	99985	0	0
alpha	3727.38	3.80632	99985	0	0
alpha	3727.38	3.57285	99985	0	0
neutron	939.565	0.0609784	99985.3	0	0
B11	10252.5	0.404828	99985.3	0	0
neutron	939.565	9.82947	99984.4	0	0
neutron	939.565	1.89241	99984.4	0	0
B10	9324.44	0.675729	99984.4	0	0
neutron	939.565	2.88316	99985.2	0	0
Be10	9325.5	1.7883	99985.2	0	0
neutron	939.565	2.67463	99984.7	0	0
Be10	9325.5	0.623694	99984.7	0	0
neutron	939.565	24.1606	99983.7	0	0
neutron	939.565	7.29978	99983.7	0	0
Be8	7454.85	2.15194	99983.7	0	0
B12	11188.7	0.36277	99984.9	0	0
neutron	939.565	5.03409	99984.1	0	0
Be9	8392.75	1.19536	99984.1	0	0
neutron	939.565	7.53137	99984.5	0	0
B11	10252.5	0.911936	99984.5	0	0
neutron	939.565	5.11114	99984.5	0	0
B11	10252.5	0.959809	99984.5	0	0
neutron	939.565	10.3206	99984.8	0	0
neutron	939.565	0.220773	99984.8	0	0
B10	9324.44	0.429845	99984.8	0	0
neutron	939.565	40.3054	99983.7	0	0
neutron	939.565	0.630086	99983.7	0	0
B11	10252.5	3.11875	99983.7	0	0
neutron	939.565	0.964606	99984.6	0	0
B11	10252.5	0.265199	99984.6	0	0
neutron	939.565	4.26071	99984.4	0	0
B11	10252.5	1.24247	99984.4	0	0
neutron	939.565	9.60509	99983.8	0	0
neutron	939.565	5.56286	99983.8	0	0
B10	9324.44	1.28134	99983.8	0	0
neutron	939.565	10.2504	99987	0	0
neutron	939.565	3.39091	99987	0	0
neutron	939.565	3.10928	99987	0	0
Be8	7454.85	0.545634	99987	0	0
neutron	939.565	1.30216	99984.4	0	0
neutron	939.565	0.608745	99984.4	0	0
Be9	8392.75	0.127362	99984.4	0	0
neutron	939.565	4.36377	99984.7	0	0
neutron	939.565	3.24915	99984.7	0	0
Be9	8392.75	0.621865	99984.7	0	0
neutron	939.565	8.64036	99984.6	0	0
neutron	939.565	2.90952	99984.6	0	0
neutron	939.565	0.379381	99984.6	0	0
Be8	7454.85	1.72162	99984.6	0	0
neutron	939.565	19.4731	99984	0	0
neutron	939.565	4.68459	99984	0	0
neutron	939.565	1.7693	99984	0	0
alpha	3727.38	10.6295	99984	0	0
alpha	3727.38	1.74355	99984	0	0
neutron	939.565	5.95388	99983.8	0	0
B11	10252.5	0.92349	99983.8	0	0
neutron	939.565	7.76824	99984.3	0	0
alpha	3727.38	5.4159	99984.3	0	0
alpha	3727.38	5.02226	99984.3	0	0
neutron	939.565	6.51056	99984.9	0	0
neutron	939.565	1.64333	99984.9	0	0
Li7	6533.83	0.171346	99984.9	0	0
neutron	939.565	4.05054	99984	0	0
alpha	3727.38	5.90833	99984	0	0
Li7	6533.83	2.71892	99984	0	0
neutron	939.565	7.03174	99984.2	0	0
Be10	9325.5	0.523286	99984.2	0	0
neutron	939.565	3.27335	99984	0	0
B11	10252.5	0.805753	99984	0	0
neutron	939.565	5.87527	99984.1	0	0
Be9	8392.75	0.691999	99984.1	0	0
neutron	939.565	2.68705	99985.1	0	0
B11	10252.5	0.884719	99985.1	0	0
neutron	939.565	1.21423	99983.9	0	0
alpha	3727.38	3.0661	99983.9	0	0
Li7	6533.83	2.1687	99983.9	0	0
B12	11188.7	0.333951	99985.2	0	0
neutron	939.565	2.16595	99984.4	0	0
neutron	939.565	1.05682	99984.4	0	0
Be10	9325.5	3.46034	99984.4	0	0
neutron	939.565	3.85306	99983.7	0	0
neutron	939.565	1.71654	99983.7	0	0
neutron	939.565	0.712196	99983.7	0	0
Be8	7454.85	1.5863	99983.7	0	0
neutron	939.565	5.93652	99984.9	0	0
neutron	939.565	4.3532	99984.9	0	0
neutron	939.565	3.11192	99984.9	0	0
alpha	3727.38	3.61711	99984.9	0	0
alpha	3727.38	6.78827	99984.9	0	0
neutron	939.565	1.67695	99983.5	0	0
B11	10252.5	0.0685086	99983.5	0	0
neutron	939.565	2.4798	99984.3	0	0
neutron	939.565	0.889583	99984.3	0	0
Be8	7454.85	0.245626	99984.3	0	0
B12	11188.7	0.353378	99983.9	0	0
neutron	939.565	1.71289	99984.1	0	0
Be8	7454.85	0.71373	99984.1	0	0
neutron	939.565	21.3306	99984.7	0	0
neutron	939.565	3.48925	99984.7	0	0
alpha	3727.38	7.32744	99984.7	0	0
alpha	3727.38	0.375492	99984.7	0	0
neutron	939.565	0.8651	99984.5	0	0
B11	10252.5	0.687538	99984.5	0	0
neutron	939.565	7.48689	99983.9	0	0
Be10	9325.5	0.639264	99983.9	0	0
neutron	939.565	6.67838	99983.5	0	0
Be10	9325.5	0.0415769	99983.5	0	0
neutron	939.565	23.9429	99984	0	0
neutron	939.565	17.3449	99984	0	0
Be8	7454.85	0.621124	99984	0	0
neutron	939.565	0.857497	99983.9	0	0
alpha	3727.38	1.15576	99983.9	0	0
alpha	3727.38	7.03793	99983.9	0	0
neutron	939.565	20.8689	99984.2	0	0
neutron	939.565	6.52818	99984.2	0	0
neutron	939.565	4.71172	99984.2	0	0
Be8	7454.85	2.06828	99984.2	0	0
neutron	939.565	4.08446	99983.8	0	0
B11	10252.5	0.0774066	99983.8	0	0
neutron	939.565	6.28018	99984.7	0	0
neutron	939.565	5.16603	99984.7	0	0
B10	9324.44	0.0981387	99984.7	0	0
neutron	939.565	18.0611	99984.5	0	0
alpha	3727.38	2.72125	99984.5	0	0
alpha	3727.38	7.13417	99984.5	0	0
neutron	939.565	24.0269	99985.6	0	0
neutron	939.565	19.2857	99985.6	0	0
B11	10252.5	0.43293	99985.6	0	0
neutron	939.565	14.531	99984.1	0	0
neutron	939.565	9.15698	99984.1	0	0
Be8	7454.85	0.828975	99984.1	0	0
B12	11188.7	0.356415	99984.3	0	0
neutron	939.565	2.5669	99984.2	0	0
alpha	3727.38	13.255	99984.2	0	0
alpha	3727.38	8.86659	99984.2	0	0
neutron	939.565	4.29786	99984.9	0	0
B11	10252.5	0.403128	99984.9	0	0
B12	11188.7	0.357761	99983.7	0	0
B12	11188.7	0.351251	99984.2	0	0
neutron	939.565	12.9669	99984.2	0	0
Be8	7454.85	0.661027	99984.2	0	0
neutron	939.565	34.9876	99984.5	0	0
neutron	939.565	2.14691	99984.5	0	0
B10	9324.44	3.15435	99984.5	0	0
neutron	939.565	0.593447	99984.4	0	0
B11	10252.5	0.681277	99984.4	0	0
neutron	939.565	20.6792	99984.2	0	0
neutron	939.565	4.64688	99984.2	0	0
neutron	939.565	2.95715	99984.2	0	0
Be8	7454.85	2.31063	99984.2	0	0
neutron	939.565	7.11035	99984.2	0	0
alpha	3727.38	1.90039	99984.2	0	0
alpha	3727.38	5.99653	99984.2	0	0
neutron	939.565	19.0779	99984.4	0	0
neutron	939.565	6.4388	99984.4	0	0
neutron	939.565	4.46005	99984.4	0	0
Be8	7454.85	0.996011	99984.4	0	0
neutron	939.565	5.42677	99983.7	0	0
neutron	939.565	1.61362	99983.7	0	0
alpha	3727.38	0.348368	99983.7	0	0
alpha	3727.38	6.72897	99983.7	0	0
neutron	939.565	7.59445	99983.7	0	0
neutron	939.565	7.10608	99983.7	0	0
alpha	3727.38	4.52964	99983.7	0	0
alpha	3727.38	4.54771	99983.7	0	0
neutron	939.565	1.11819	99985.4	0	0
neutron	939.565	0.907925	99985.4	0	0
Be9	8392.75	2.82627	99985.4	0	0
neutron	939.565	14.1597	99984.1	0	0
neutron	939.565	5.32668	99984.1	0	0
alpha	3727.38	4.36308	99984.1	0	0
alpha	3727.38	5.97385	99984.1	0	0
neutron	939.565	6.38485	99983.8	0	0
Be10	9325.5	2.14191	99983.8	0	0
alpha	3727.38	5.93283	99983.5	0	0
Li8	7471.37	3.53544	99983.5	0	0
neutron	939.565	0.273559	99984.5	0	0
B11	10252.5	0.296171	99984.5	0	0
neutron	939.565	0.649558	99983.9	0	0
B11	10252.5	0.675701	99983.9	0	0
Be10	9325.5	1.52791	99983.7	0	0
neutron	939.565	13.1045	99984.4	0	0
alpha	3727.38	1.69683	99984.4	0	0
Li7	6533.83	5.27693	99984.4	0	0
neutron	939.565	6.42678	99983.9	0	0
neutron	939.565	0.808878	99983.9	0	0
Be8	7454.85	0.844133	99983.9	0	0
neutron	939.565	17.847	99985.5	0	0
neutron	939.565	0.57831	99985.5	0	0
Be9	8392.75	1.10426	99985.5	0	0
C12	11174.9	0.443373	99993.8	24.4426	22.5651
neutron	939.565	10.4145	99984	0	0
neutron	939.565	6.18173	99984	0	0
neutron	939.565	1.2039	99984	0	0
Be8	7454.85	0.207903	99984	0	0
neutron	939.565	13.2707	99984	0	0
alpha	3727.38	7.55824	99984	0	0
alpha	3727.38	3.49717	99984	0	0
neutron	939.565	10.6843	99984.3	0	0
neutron	939.565	5.30182	99984.3	0	0
neutron	939.565	0.506309	99984.3	0	0
Be8	7454.85	0.961432	99984.3	0	0
neutron	939.565	3.1964	99983.8	0	0
B11	10252.5	0.969349	99983.8	0	0
neutron	939.565	1.92375	99984.2	0	0
neutron	939.565	1.00747	99984.2	0	0
neutron	939.565	0.705502	99984.2	0	0
Be8	7454.85	1.5548	99984.2	0	0
B12	11188.7	0.338861	99983.7	0	0
neutron	939.565	3.33693	99983.9	0	0
B11	10252.5	1.12405	99983.9	0	0
neutron	939.565	19.38	99984.7	0	0
neutron	939.565	4.61875	99984.7	0	0
Be8	7454.85	0.428417	99984.7	0	0
neutron	939.565	9.63205	99984.1	0	0
B11	10252.5	1.76014	99984.1	0	0
neutron	939.565	5.21782	99983.8	0	0
Be8	7454.85	2.42116	99983.8	0	0
neutron	939.565	8.48092	99984.9	0	0
B11	10252.5	0.841809	99984.9	0	0
neutron	939.565	3.03987	99984.3	0	0
B11	10252.5	0.605847	99984.3	0	0
neutron	939.565	15.8992	99983.9	0	0
B11	10252.5	2.11965	99983.9	0	0
neutron	939.565	2.59625	99984.7	0	0
Be10	9325.5	0.488067	99984.7	0	0
neutron	939.565	5.72247	99984.6	0	0
B11	10252.5	0.366635	99984.6	0	0
neutron	939.565	11.7469	99985.1	0	0
Be10	9325.5	0.445802	99985.1	0	0
neutron	939.565	5.89518	99983.5	0	0
alpha	3727.38	5.1317	99983.5	0	0
Li7	6533.83	1.11722	99983.5	0	0
neutron	939.565	5.5859	99984.2	0	0
neutron	939.565	2.33123	99984.2	0	0
neutron	939.565	2.03485	99984.2	0	0
Be8	7454.85	5.74527	99984.2	0	0
neutron	939.565	8.04822	99985	0	0
neutron	939.565	7.93204	99985	0	0
alpha	3727.38	3.84613	99985	0	0
alpha	3727.38	3.15022	99985	0	0
neutron	939.565	11.7899	99984.6	0	0
neutron	939.565	5.93402	99984.6	0	0
B10	9324.44	0.295128	99984.6	0	0
neutron	939.565	8.40481	99984	0	0
neutron	939.565	0.69207	99984	0	0
Be9	8392.75	2.15123	99984	0	0
neutron	939.565	16.7889	99984.7	0	0
neutron	939.565	5.13998	99984.7	0	0
neutron	939.565	0.945075	99984.7	0	0
alpha	3727.38	2.30285	99984.7	0	0
alpha	3727.38	2.93605	99984.7	0	0
neutron	939.565	41.8434	99984.1	0	0
neutron	939.565	0.859698	99984.1	0	0
Be8	7454.85	3.60979	99984.1	0	0
neutron	939.565	8.33773	99983.7	0	0
neutron	939.565	1.3195	99983.7	0	0
B10	9324.44	1.03701	99983.7	0	0
neutron	939.565	9.9697	99984.4	0	0
B11	10252.5	0.537393	99984.4	0	0
neutron	939.565	20.2307	99984.8	0	0
neutron	939.565	3.1571	99984.8	0	0
neutron	939.565	2.79654	99984.8	0	0
Be8	7454.85	1.44084	99984.8	0	0
neutron	939.565	2.94844	99984.4	0	0
B11	10252.5	0.880023	99984.4	0	0
neutron	939.565	2.53054	99984.1	0	0
B11	10252.5	0.462896	99984.1	0	0
neutron	939.565	5.35761	99984	0	0
neutron	939.565	4.51908	99984	0	0
alpha	3727.38	0.396899	99984	0	0
alpha	3727.38	11.5795	99984	0	0
neutron	939.565	5.01497	99983.7	0	0
neutron	939.565	3.56841	99983.7	0	0
alpha	3727.38	0.921936	99983.7	0	0
alpha	3727.38	9.03866	99983.7	0	0
neutron	939.565	22.2865	99983.3	0	0
alpha	3727.38	8.21783	99983.3	0	0
alpha	3727.38	1.0057	99983.3	0	0
neutron	939.565	24.1024	99984	0	0
neutron	939.565	1.74415	99984	0	0
neutron	939.565	0.825208	99984	0	0
Be8	7454.85	0.33769	99984	0	0
neutron	939.565	5.70622	99983.9	0	0
B11	10252.5	0.838724	99983.9	0	0
neutron	939.565	8.51545	99984.2	0	0
neutron	939.565	1.22798	99984.2	0	0
alpha	3727.38	0.20903	99984.2	0	0
neutron	939.565	22.2014	99984.4	0	0
neutron	939.565	6.27906	99984.4	0	0
B10	9324.44	3.18421	99984.4	0	0
neutron	939.565	5.42753	99984.7	0	0
neutron	939.565	0.447119	99984.7	0	0
alpha	3727.38	11.7425	99984.7	0	0
alpha	3727.38	6.23392	99984.7	0	0
neutron	939.565	9.71204	99983.9	0	0
neutron	939.565	1.09312	99983.9	0	0
neutron	939.565	0.516996	99983.9	0	0
Be8	7454.85	3.03123	99983.9	0	0
neutron	939.565	10.4969	99984.3	0	0
neutron	939.565	4.22456	99984.3	0	0
B10	9324.44	0.97918	99984.3	0	0
neutron	939.565	19.5886	99984.1	0	0
neutron	939.565	16.1332	99984.1	0	0
alpha	3727.38	2.44562	99984.1	0	0
alpha	3727.38	5.95495	99984.1	0	0
neutron	939.565	9.90717	99985.3	0	0
neutron	939.565	3.38595	99985.3	0	0
Be9	8392.75	0.0811244	99985.3	0	0
neutron	939.565	8.51849	99984.4	0	0
neutron	939.565	2.8892	99984.4	0	0
neutron	939.565	0.249756	99984.4	0	0
Be8	7454.85	2.80627	99984.4	0	0
neutron	939.565	15.8454	99983.9	0	0
neutron	939.565	10.9396	99983.9	0	0
Be8	7454.85	4.59624	99983.9	0	0
neutron	939.565	32.9442	99984.6	0	0
neutron	939.565	0.179842	99984.6	0	0
Be9	8392.75	4.20755	99984.6	0	0
neutron	939.565	6.5512	99984.4	0	0
B11	10252.5	0.588739	99984.4	0	0
neutron	939.565	8.30584	99983.5	0	0
neutron	939.565	0.683108	99983.5	0	0
B10	9324.44	0.312158	99983.5	0	0
neutron	939.565	20.3056	99983.8	0	0
neutron	939.565	1.08358	99983.8	0	0
Be8	7454.85	5.17673	99983.8	0	0
neutron	939.565	21.8498	99985.3	0	0
neutron	939.565	2.90056	99985.3	0	0
neutron	939.565	1.30786	99985.3	0	0
Be8	7454.85	2.66983	99985.3	0	0
neutron	939.565	1.07763	99983.7	0	0
B11	10252.5	0.56156	99983.7	0	0
neutron	939.565	2.60809	99984.3	0	0
alpha	3727.38	4.44002	99984.3	0	0
alpha	3727.38	5.64856	99984.3	0	0
neutron	939.565	18.0116	99984	0	0
neutron	939.565	15.2834	99984	0	0
neutron	939.565	5.74942	99984	0	0
Be8	7454.85	1.03339	99984	0	0
neutron	939.565	4.55239	99983.8	0	0
neutron	939.565	3.88988	99983.8	0	0
neutron	939.565	2.48234	99983.8	0	0
neutron	939.565	1.10619	99983.8	0	0
Be8	7454.85	2.02566	99983.8	0	0
neutron	939.565	7.98306	99984.2	0	0
neutron	939.565	0.542297	99984.2	0	0
B10	9324.44	0.925321	99984.2	0	0
B12	11188.7	0.32793	99984	0	0
neutron	939.565	5.98889	99984	0	0
B11	10252.5	1.53486	99984	0	0
neutron	939.565	11.1679	99984.3	0	0
neutron	939.565	2.35686	99984.3	0	0
alpha	3727.38	5.15737	99984.3	0	0
alpha	3727.38	2.67363	99984.3	0	0
neutron	939.565	7.49695	99984.1	0	0
B11	10252.5	0.817625	99984.1	0	0
Be10	9325.5	1.57599	99983.4	0	0
neutron	939.565	19.1368	99984.4	0	0
neutron	939.565	10.2536	99984.4	0	0
Be9	8392.75	0.311248	99984.4	0	0
neutron	939.565	2.16422	99984.6	0	0
B11	10252.5	0.935857	99984.6	0	0
neutron	939.565	14.9497	99984.1	0	0
alpha	3727.38	13.5357	99984.1	0	0
alpha	3727.38	1.90217	99984.1	0	0
neutron	939.565	3.83867	99983.9	0	0
neutron	939.565	0.54498	99983.9	0	0
B10	9324.44	0.571869	99983.9	0	0
neutron	939.565	16.4614	99984.6	0	0
neutron	939.565	16.1919	99984.6	0	0
B10	9324.44	2.70755	99984.6	0	0
neutron	939.565	23.1597	99984.1	0	0
neutron	939.565	1.75067	99984.1	0	0
B10	9324.44	3.21876	99984.1	0	0
neutron	939.565	1.27672	99984.3	0	0
Be8	7454.85	3.22586	99984.3	0	0
neutron	939.565	1.99459	99984.2	0	0
alpha	3727.38	4.06395	99984.2	0	0
Li7	6533.83	1.13092	99984.2	0	0
neutron	939.565	14.8479	99984	0	0
neutron	939.565	7.1822	99984	0	0
alpha	3727.38	2.3781	99984	0	0
alpha	3727.38	5.05873	99984	0	0
neutron	939.565	8.31515	99984.2	0	0
neutron	939.565	1.90909	99984.2	0	0
Be9	8392.75	0.797214	99984.2	0	0
neutron	939.565	9.01953	99984.5	0	0
neutron	939.565	2.09522	99984.5	0	0
neutron	939.565	0.68181	99984.5	0	0
Be8	7454.85	2.05962	99984.5	0	0
neutron	939.565	6.20759	99984.5	0	0
neutron	939.565	6.05372	99984.5	0	0
neutron	939.565	1.0978	99984.5	0	0
alpha	3727.38	13.8519	99984.5	0	0
alpha	3727.38	8.92561	99984.5	0	0
neutron	939.565	3.31321	99984.3	0	0
neutron	939.565	2.22556	99984.3	0	0
neutron	939.565	0.284427	99984.3	0	0
Be8	7454.85	3.53245	99984.3	0	0
neutron	939.565	5.74961	99984.4	0	0
neutron	939.565	4.11915	99984.4	0	0
Be9	8392.75	1.01345	99984.4	0	0
neutron	939.565	12.8242	99983.4	0	0
B11	10252.5	1.15898	99983.4	0	0
B12	11188.7	0.364079	99984.7	0	0
neutron	939.565	0.337138	99984.6	0	0
B11	10252.5	0.40126	99984.6	0	0
neutron	939.565	28.757	99984.2	0	0
neutron	939.565	22.0822	99984.2	0	0
alpha	3727.38	7.28362	99984.2	0	0
alpha	3727.38	1.11592	99984.2	0	0
neutron	939.565	36.902	99984.1	0	0
alpha	3727.38	5.99821	99984.1	0	0
alpha	3727.38	6.04722	99984.1	0	0
neutron	939.565	1.13944	99984.3	0	0
B11	10252.5	0.700028	99984.3	0	0
neutron	939.565	4.26762	99983.9	0	0
Be8	7454.85	0.845289	99983.9	0	0
neutron	939.565	5.18825	99983.8	0	0
neutron	939.565	2.53605	99983.8	0	0
alpha	3727.38	2.56045	99983.8	0	0
alpha	3727.38	2.04587	99983.8	0	0
neutron	939.565	27.1614	99983.6	0	0
neutron	939.565	3.99054	99983.6	0	0
alpha	3727.38	8.17812	99983.6	0	0
alpha	3727.38	2.00325	99983.6	0	0
neutron	939.565	19.2308	99985.2	0	0
neutron	939.565	11.1439	99985.2	0	0
neutron	939.565	3.65935	99985.2	0	0
Be8	7454.85	4.05998	99985.2	0	0
neutron	939.565	0.740638	99984.1	0	0
B11	10252.5	0.501224	99984.1	0	0
B12	11188.7	0.359297	99984.4	0	0
neutron	939.565	6.78977	99984.1	0	0
neutron	939.565	2.69266	99984.1	0	0
neutron	939.565	0.921003	99984.1	0	0
Be8	7454.85	3.55394	99984.1	0	0
neutron	939.565	26.1088	99984.6	0	0
neutron	939.565	0.148771	99984.6	0	0
B10	9324.44	2.10406	99984.6	0	0
neutron	939.565	8.71721	99984.4	0	0
alpha	3727.38	10.2911	99984.4	0	0
alpha	3727.38	4.87761	99984.4	0	0
neutron	939.565	5.29227	99985.1	0	0
neutron	939.565	3.11599	99985.1	0	0
Be8	7454.85	1.55819	99985.1	0	0
neutron	939.565	11.1604	99983.5	0	0
neutron	939.565	4.29876	99983.5	0	0
alpha	3727.38	7.15233	99983.5	0	0
alpha	3727.38	2.75203	99983.5	0	0
neutron	939.565	7.0317	99984	0	0
neutron	939.565	2.60118	99984	0	0
B10	9324.44	0.866887	99984	0	0
B12	11188.7	0.331528	99983.4	0	0
neutron	939.565	19.0913	99984.5	0	0
neutron	939.565	3.25555	99984.5	0	0
alpha	3727.38	4.84737	99984.5	0	0
alpha	3727.38	4.27608	99984.5	0	0
neutron	939.565	4.86695	99984.4	0	0
B11	10252.5	0.791557	99984.4	0	0
neutron	939.565	5.5214	99984.4	0	0
Be10	9325.5	0.756676	99984.4	0	0
neutron	939.565	9.75642	99983.4	0	0
B11	10252.5	0.32987	99983.4	0	0
neutron	939.565	26.0628	99983.8	0	0
neutron	939.565	3.26841	99983.8	0	0
Be8	7454.85	3.14111	99983.8	0	0
neutron	939.565	1.23384	99983.5	0	0
B11	10252.5	0.82475	99983.5	0	0
neutron	939.565	12.092	99985.4	0	0
alpha	3727.38	13.9757	99985.4	0	0
alpha	3727.38	7.00029	99985.4	0	0
neutron	939.565	9.13987	99984.6	0	0
alpha	3727.38	7.11307	99984.6	0	0
alpha	3727.38	1.70207	99984.6	0	0
neutron	939.565	6.34136	99984.3	0	0
B11	10252.5	1.53875	99984.3	0	0
neutron	939.565	4.79216	99983.5	0	0
neutron	939.565	1.42054	99983.5	0	0
neutron	939.565	1.40741	99983.5	0	0
Be8	7454.85	0.456412	99983.5	0	0
neutron	939.565	13.0479	99984.8	0	0
neutron	939.565	6.02832	99984.8	0	0
neutron	939.565	1.54306	99984.8	0	0
Be8	7454.85	0.874726	99984.8	0	0
neutron	939.565	4.40197	99984.1	0	0
B11	10252.5	0.41448	99984.1	0	0
neutron	939.565	9.97207	99983.9	0	0
neutron	939.565	3.93393	99983.9	0	0
B10	9324.44	1.37724	99983.9	0	0
neutron	939.565	11.0406	99984.8	0	0
neutron	939.565	4.63785	99984.8	0	0
alpha	3727.38	2.24495	99984.8	0	0
alpha	3727.38	4.09152	99984.8	0	0
neutron	939.565	5.60675	99985	0	0
B11	10252.5	0.727837	99985	0	0
B12	11188.7	0.358791	99983.8	0	0
neutron	939.565	7.05285	99984.1	0	0
neutron	939.565	2.88068	99984.1	0	0
neutron	939.565	1.65601	99984.1	0	0
alpha	3727.38	13.0685	99984.1	0	0
alpha	3727.38	2.29987	99984.1	0	0
neutron	939.565	13.0284	99983.6	0	0
neutron	939.565	1.32725	99983.6	0	0
alpha	3727.38	5.32298	99983.6	0	0
alpha	3727.38	5.63328	99983.6	0	0
neutron	939.565	2.42415	99983.8	0	0
B11	10252.5	0.195898	99983.8	0	0
neutron	939.565	1.4461	99983.8	0	0
B11	10252.5	0.393924	99983.8	0	0
neutron	939.565	11.3419	99984.3	0	0
neutron	939.565	2.95541	99984.3	0	0
Be9	8392.75	0.387657	99984.3	0	0
neutron	939.565	23.6422	99983	0	0
neutron	939.565	2.25392	99983	0	0
Be9	8392.75	3.99835	99983	0	0
neutron	939.565	1.08874	99984.1	0	0
B11	10252.5	0.154653	99984.1	0	0
alpha	3727.38	5.71288	99985.1	0	0
Li8	7471.37	4.34101	99985.1	0	0
neutron	939.565	29.239	99985.3	0	0
neutron	939.565	10.2766	99985.3	0	0
alpha	3727.38	2.36759	99985.3	0	0
alpha	3727.38	4.89902	99985.3	0	0
neutron	939.565	1.91447	99984.5	0	0
Be9	8392.75	2.29672	99984.5	0	0
neutron	939.565	18.157	99985.4	0	0
neutron	939.565	2.53061	99985.4	0	0
Be8	7454.85	0.629662	99985.4	0	0
neutron	939.565	5.28618	99984	0	0
B11	10252.5	0.665711	99984	0	0
neutron	939.565	13.4517	99984.4	0	0
neutron	939.565	5.58129	99984.4	0	0
neutron	939.565	4.98837	99984.4	0	0
Be8	7454.85	1.65094	99984.4	0	0
neutron	939.565	6.85336	99983.5	0	0
alpha	3727.38	7.87328	99983.5	0	0
alpha	3727.38	7.93582	99983.5	0	0
neutron	939.565	10.6585	99983.7	0	0
neutron	939.565	3.42567	99983.7	0	0
Be8	7454.85	1.56125	99983.7	0	0
neutron	939.565	9.53124	99984.6	0	0
neutron	939.565	0.329524	99984.6	0	0
Be9	8392.75	0.828311	99984.6	0	0
neutron	939.565	17.7799	99983.5	0	0
Be10	9325.5	0.607803	99983.5	0	0
neutron	939.565	13.3034	99983.7	0	0
neutron	939.565	4.37404	99983.7	0	0
neutron	939.565	0.643529	99983.7	0	0
alpha	3727.38	6.66192	99983.7	0	0
alpha	3727.38	7.18377	99983.7	0	0
B12	11188.7	0.361389	99984.2	0	0
neutron	939.565	15.5059	99983.8	0	0
neutron	939.565	3.09235	99983.8	0	0
neutron	939.565	0.741246	99983.8	0	0
Be8	7454.85	2.19325	99983.8	0	0
neutron	939.565	1.10081	99985.1	0	0
B11	10252.5	0.120896	99985.1	0	0
neutron	939.565	2.87319	99984.5	0	0
alpha	3727.38	10.7338	99984.5	0	0
Li7	6533.83	9.07249	99984.5	0	0
neutron	939.565	1.78291	99984.1	0	0
alpha	3727.38	8.7896	99984.1	0	0
alpha	3727.38	2.14247	99984.1	0	0
neutron	939.565	9.27727	99984.7	0	0
B11	10252.5	1.12173	99984.7	0	0
neutron	939.565	11.3719	99983.1	0	0
neutron	939.565	6.02667	99983.1	0	0
alpha	3727.38	9.83832	99983.1	0	0
alpha	3727.38	4.0584	99983.1	0	0
neutron	939.565	9.69296	99983.2	0	0
neutron	939.565	6.83251	99983.2	0	0
Be9	8392.75	1.16011	99983.2	0	0
neutron	939.565	10.9378	99984.9	0	0
neutron	939.565	5.44955	99984.9	0	0
neutron	939.565	4.19177	99984.9	0	0
alpha	3727.38	1.56946	99984.9	0	0
alpha	3727.38	6.41023	99984.9	0	0
neutron	939.565	5.56336	99985.5	0	0
B11	10252.5	0.871651	99985.5	0	0
neutron	939.565	15.5107	99984.7	0	0
neutron	939.565	12.3343	99984.7	0	0
Be9	8392.75	3.5897	99984.7	0	0
neutron	939.565	19.0185	99984.4	0	0
neutron	939.565	2.58931	99984.4	0	0
alpha	3727.38	8.29401	99984.4	0	0
alpha	3727.38	0.630705	99984.4	0	0
neutron	939.565	12.2777	99983.8	0	0
B11	10252.5	0.441111	99983.8	0	0
neutron	939.565	19.4236	99983.6	0	0
neutron	939.565	6.49375	99983.6	0	0
B10	9324.44	1.29222	99983.6	0	0
neutron	939.565	3.55763	99983.8	0	0
B11	10252.5	0.248896	99983.8	0	0
neutron	939.565	31.4581	99984.5	0	0
alpha	3727.38	3.00505	99984.5	0	0
alpha	3727.38	2.983	99984.5	0	0
neutron	939.565	4.49322	99984.9	0	0
B11	10252.5	0.186038	99984.9	0	0
neutron	939.565	6.78611	99984	0	0
neutron	939.565	0.536304	99984	0	0
B10	9324.44	0.240641	99984	0	0
neutron	939.565	6.97334	99983.9	0	0
neutron	939.565	0.674301	99983.9	0	0
B10	9324.44	1.44543	99983.9	0	0
B12	11188.7	0.347178	99983.8	0	0
neutron	939.565	5.68091	99984.4	0	0
neutron	939.565	1.86522	99984.4	0	0
neutron	939.565	1.42474	99984.4	0	0
alpha	3727.38	2.1792	99984.4	0	0
alpha	3727.38	4.82539	99984.4	0	0
neutron	939.565	6.91536	99983.8	0	0
Be9	8392.75	7.47385	99983.8	0	0
neutron	939.565	17.0137	99983.3	0	0
neutron	939.565	2.34076	99983.3	0	0
Be8	7454.85	6.11768	99983.3	0	0
neutron	939.565	14.6305	99985.2	0	0
neutron	939.565	4.51897	99985.2	0	0
alpha	3727.38	1.16482	99985.2	0	0
alpha	3727.38	11.1072	99985.2	0	0
neutron	939.565	29.504	99983.4	0	0
neutron	939.565	1.58524	99983.4	0	0
B11	10252.5	2.46318	99983.4	0	0
neutron	939.565	1.54594	99984.8	0	0
B11	10252.5	0.6575	99984.8	0	0
neutron	939.565	6.64022	99984.3	0	0
neutron	939.565	5.32273	99984.3	0	0
neutron	939.565	1.1866	99984.3	0	0
Be8	7454.85	0.150554	99984.3	0	0
neutron	939.565	10.6683	99984.9	0	0
B11	10252.5	1.88787	99984.9	0	0
neutron	939.565	27.3213	99984.4	0	0
B11	10252.5	3.87431	99984.4	0	0
neutron	939.565	5.58661	99985	0	0
alpha	3727.38	13.7241	99985	0	0
alpha	3727.38	4.31385	99985	0	0
neutron	939.565	10.6947	99983	0	0
Be8	7454.85	1.32521	99983	0	0
neutron	939.565	15.6616	99984.6	0	0
neutron	939.565	7.98019	99984.6	0	0
alpha	3727.38	3.23505	99984.6	0	0
alpha	3727.38	3.80969	99984.6	0	0
neutron	939.565	8.29957	99984.4	0	0
B11	10252.5	0.554529	99984.4	0	0
neutron	939.565	3.1277	99984.2	0	0
B11	10252.5	0.834931	99984.2	0	0
neutron	939.565	15.6483	99983.7	0	0
alpha	3727.38	3.93655	99983.7	0	0
alpha	3727.38	8.86535	99983.7	0	0
neutron	939.565	16.9602	99983.8	0	0
Be10	9325.5	1.33085	99983.8	0	0
neutron	939.565	6.33763	99984.3	0	0
neutron	939.565	0.335377	99984.3	0	0
Be8	7454.85	2.3325	99984.3	0	0
neutron	939.565	29.1901	99984.6	0	0
neutron	939.565	1.34583	99984.6	0	0
Be9	8392.75	3.91978	99984.6	0	0
neutron	939.565	9.17694	99984.4	0	0
B11	10252.5	0.472629	99984.4	0	0
Be9	8392.75	8.75042	99984	0	0
neutron	939.565	5.58396	99984.7	0	0
neutron	939.565	1.99092	99984.7	0	0
neutron	939.565	1.51745	99984.7	0	0
Be8	7454.85	1.94687	99984.7	0	0
neutron	939.565	6.47968	99984.8	0	0
neutron	939.565	0.616218	99984.8	0	0
B10	9324.44	1.0582	99984.8	0	0
neutron	939.565	0.108784	99983.8	0	0
B11	10252.5	0.489351	99983.8	0	0
neutron	939.565	5.70662	99984.2	0	0
Be10	9325.5	0.492344	99984.2	0	0
neutron	939.565	10.0488	99984.2	0	0
Be9	8392.75	0.552705	99984.2	0	0
neutron	939.565	1.24553	99984	0	0
B11	10252.5	0.217273	99984	0	0
neutron	939.565	28.7484	99985	0	0
Be10	9325.5	4.48614	99985	0	0
neutron	939.565	2.8557	99983.8	0	0
alpha	3727.38	6.48918	99983.8	0	0
Li7	6533.83	3.26286	99983.8	0	0
neutron	939.565	1.82396	99983.8	0	0
B11	10252.5	0.296161	99983.8	0	0
neutron	939.565	8.28316	99984.7	0	0
neutron	939.565	5.69709	99984.7	0	0
alpha	3727.38	7.14527	99984.7	0	0
alpha	3727.38	2.89625	99984.7	0	0
neutron	939.565	38.5815	99984.4	0	0
neutron	939.565	3.51429	99984.4	0	0
neutron	939.565	1.68546	99984.4	0	0
alpha	3727.38	1.84399	99984.4	0	0
alpha	3727.38	8.70257	99984.4	0	0
neutron	939.565	4.80687	99984	0	0
neutron	939.565	3.51841	99984	0	0
neutron	939.565	1.78685	99984	0	0
alpha	3727.38	2.8562	99984	0	0
alpha	3727.38	7.21092	99984	0	0
neutron	939.565	4.37026	99983	0	0
B11	10252.5	0.788211	99983	0	0
neutron	939.565	12.8782	99983.7	0	0
neutron	939.565	4.81004	99983.7	0	0
neutron	939.565	3.37971	99983.7	0	0
alpha	3727.38	3.05463	99983.7	0	0
alpha	3727.38	3.54957	99983.7	0	0
neutron	939.565	0.32536	99984.5	0	0
Be9	8392.75	1.79287	99984.5	0	0
neutron	939.565	2.94008	99984.5	0	0
Be10	9325.5	0.357845	99984.5	0	0
neutron	939.565	1.1054	99984.7	0	0
B11	10252.5	0.55092	99984.7	0	0
neutron	939.565	6.37692	99985	0	0
neutron	939.565	1.34248	99985	0	0
Be9	8392.75	0.890725	99985	0	0
neutron	939.565	3.4174	99984	0	0
neutron	939.565	2.68563	99984	0	0
neutron	939.565	0.326789	99984	0	0
Be8	7454.85	2.73823	99984	0	0
neutron	939.565	20.0317	99983.9	0	0
neutron	939.565	10.8785	99983.9	0	0
B10	9324.44	0.185606	99983.9	0	0
neutron	939.565	3.50451	99985.1	0	0
neutron	939.565	0.217148	99985.1	0	0
Be9	8392.75	1.0223	99985.1	0	0
neutron	939.565	9.15838	99983.5	0	0
neutron	939.565	0.807963	99983.5	0	0
B10	9324.44	0.363597	99983.5	0	0
neutron	939.565	18.2454	99983.6	0	0
neutron	939.565	0.334882	99983.6	0	0
Be8	7454.85	0.611483	99983.6	0	0
neutron	939.565	23.3173	99984.1	0	0
neutron	939.565	15.6052	99984.1	0	0
neutron	939.565	4.54302	99984.1	0	0
Be8	7454.85	4.19063	99984.1	0	0
neutron	939.565	4.32727	99983.9	0	0
neutron	939.565	2.79542	99983.9	0	0
alpha	3727.38	8.03126	99983.9	0	0
alpha	3727.38	3.04126	99983.9	0	0
neutron	939.565	24.154	99983.8	0	0
Be10	9325.5	2.77234	99983.8	0	0
B12	11188.7	0.353764	99984.2	0	0
neutron	939.565	2.98911	99983.7	0	0
B11	10252.5	0.295735	99983.7	0	0
neutron	939.565	6.171	99985	0	0
neutron	939.565	2.31354	99985	0	0
B10	9324.44	0.262562	99985	0	0
neutron	939.565	3.85629	99984.7	0	0
B11	10252.5	0.687733	99984.7	0	0
neutron	939.565	3.70261	99984	0	0
B11	10252.5	1.18847	99984	0	0
neutron	939.565	11.2321	99984.1	0	0
neutron	939.565	9.2123	99984.1	0	0
Be9	8392.75	2.88758	99984.1	0	0
neutron	939.565	1.57408	99983.8	0	0
B11	10252.5	0.0223777	99983.8	0	0
neutron	939.565	11.3441	99986.5	0	0
neutron	939.565	9.62455	99986.5	0	0
alpha	3727.38	4.55953	99986.5	0	0
alpha	3727.38	1.89477	99986.5	0	0
neutron	939.565	3.08715	99984.9	0	0
neutron	939.565	0.582621	99984.9	0	0
B10	9324.44	1.1731	99984.9	0	0
neutron	939.565	0.581277	99984	0	0
B11	10252.5	0.188228	99984	0	0
neutron	939.565	3.06339	99984.3	0	0
Be8	7454.85	0.747646	99984.3	0	0
neutron	939.565	26.5321	99983.8	0	0
neutron	939.565	2.54588	99983.8	0	0
neutron	939.565	1.01301	99983.8	0	0
Be8	7454.85	3.99484	99983.8	0	0
neutron	939.565	23.7983	99984.7	0	0
neutron	939.565	3.62155	99984.7	0	0
B10	9324.44	2.36558	99984.7	0	0
neutron	939.565	11.451	99983.9	0	0
Li9	8406.87	2.41277	99983.9	0	0
neutron	939.565	12.9411	99984.8	0	0
neutron	939.565	5.73657	99984.8	0	0
Be8	7454.85	0.595847	99984.8	0	0
neutron	939.565	7.06998	99984.2	0	0
B11	10252.5	0.481251	99984.2	0	0
neutron	939.565	5.67312	99984	0	0
neutron	939.565	4.98644	99984	0	0
neutron	939.565	1.29933	99984	0	0
Be8	7454.85	0.757893	99984	0	0
neutron	939.565	4.4481	99984.4	0	0
Be10	9325.5	2.38329	99984.4	0	0
neutron	939.565	14.4614	99983.9	0	0
neutron	939.565	0.885787	99983.9	0	0
neutron	939.565	0.853833	99983.9	0	0
Be8	7454.85	2.0489	99983.9	0	0
neutron	939.565	8.37825	99983.9	0	0
alpha	3727.38	0.557372	99983.9	0	0
alpha	3727.38	11.1226	99983.9	0	0
neutron	939.565	0.748432	99983.8	0	0
B11	10252.5	0.587913	99983.8	0	0
neutron	939.565	10.1694	99984.7	0	0
Be10	9325.5	0.863117	99984.7	0	0
neutron	939.565	2.11709	99983.8	0	0
B11	10252.5	0.51477	99983.8	0	0
alpha	3727.38	5.56778	99984.6	0	0
Li8	7471.37	2.14374	99984.6	0	0
neutron	939.565	10.6832	99984.7	0	0
neutron	939.565	5.93398	99984.7	0	0
neutron	939.565	5.15536	99984.7	0	0
alpha	3727.38	8.53583	99984.7	0	0
alpha	3727.38	8.67598	99984.7	0	0
neutron	939.565	3.89205	99984.5	0	0
neutron	939.565	2.25464	99984.5	0	0
neutron	939.565	1.38215	99984.5	0	0
Be8	7454.85	1.25409	99984.5	0	0
neutron	939.565	1.42273	99985.2	0	0
Be9	8392.75	3.45985	99985.2	0	0
neutron	939.565	45.3657	99984.2	0	0
neutron	939.565	13.2775	99984.2	0	0
Be9	8392.75	3.21047	99984.2	0	0
neutron	939.565	7.74136	99985.5	0	0
neutron	939.565	5.7749	99985.5	0	0
B10	9324.44	0.235827	99985.5	0	0
neutron	939.565	2.59151	99984.3	0	0
B11	10252.5	0.480844	99984.3	0	0
neutron	939.565	0.401594	99984.7	0	0
B11	10252.5	0.396132	99984.7	0	0
B12	11188.7	0.360773	99983.8	0	0
neutron	939.565	6.25855	99984.4	0	0
neutron	939.565	6.08484	99984.4	0	0
alpha	3727.38	2.8391	99984.4	0	0
alpha	3727.38	6.12409	99984.4	0	0
neutron	939.565	18.9665	99983.6	0	0
B11	10252.5	1.38219	99983.6	0	0
neutron	939.565	15.2449	99984.7	0	0
Be10	9325.5	1.3751	99984.7	0	0
neutron	939.565	13.1013	99984.8	0	0
alpha	3727.38	13.396	99984.8	0	0
alpha	3727.38	3.72364	99984.8	0	0
B12	11188.7	0.366279	99984.2	0	0
neutron	939.565	5.45948	99984.8	0	0
alpha	3727.38	1.06078	99984.8	0	0
alpha	3727.38	5.8908	99984.8	0	0
neutron	939.565	5.23453	99984.7	0	0
B11	10252.5	0.702031	99984.7	0	0
neutron	939.565	21.8028	99983.8	0	0
neutron	939.565	2.03432	99983.8	0	0
neutron	939.565	1.61794	99983.8	0	0
alpha	3727.38	11.8761	99983.8	0	0
alpha	3727.38	4.20477	99983.8	0	0
neutron	939.565	3.87102	99984	0	0
neutron	939.565	3.363	99984	0	0
alpha	3727.38	3.43615	99984	0	0
alpha	3727.38	2.83216	99984	0	0
neutron	939.565	9.41293	99983.8	0	0
alpha	3727.38	7.30012	99983.8	0	0
alpha	3727.38	11.1117	99983.8	0	0
neutron	939.565	27.5369	99984.2	0	0
neutron	939.565	12.2981	99984.2	0	0
Be8	7454.85	3.54351	99984.2	0	0
neutron	939.565	11.283	99984.6	0	0
neutron	939.565	6.11734	99984.6	0	0
neutron	939.565	3.91142	99984.6	0	0
alpha	3727.38	4.84565	99984.6	0	0
alpha	3727.38	4.50997	99984.6	0	0
neutron	939.565	4.73962	99983.5	0	0
neutron	939.565	0.999539	99983.5	0	0
neutron	939.565	0.761229	99983.5	0	0
Be8	7454.85	5.87225	99983.5	0	0
neutron	939.565	2.88227	99984.5	0	0
neutron	939.565	2.33858	99984.5	0	0
B10	9324.44	0.459108	99984.5	0	0
neutron	939.565	5.90615	99984.4	0	0
neutron	939.565	2.85878	99984.4	0	0
alpha	3727.38	4.43979	99984.4	0	0
alpha	3727.38	2.90918	99984.4	0	0
neutron	939.565	7.39517	99984.3	0	0
neutron	939.565	3.10317	99984.3	0	0
Be8	7454.85	1.84366	99984.3	0	0
neutron	939.565	10.5498	99983.8	0	0
neutron	939.565	6.42389	99983.8	0	0
B10	9324.44	1.85703	99983.8	0	0
neutron	939.565	3.38086	99984.7	0	0
neutron	939.565	0.0898849	99984.7	0	0
B10	9324.44	0.126508	99984.7	0	0
neutron	939.565	10.3549	99984.2	0	0
neutron	939.565	6.86554	99984.2	0	0
neutron	939.565	6.62104	99984.2	0	0
alpha	3727.38	11.3425	99984.2	0	0
alpha	3727.38	14.199	99984.2	0	0
neutron	939.565	0.532355	99985.4	0	0
B11	10252.5	0.322786	99985.4	0	0
neutron	939.565	1.4027	99983.4	0	0
neutron	939.565	1.33011	99983.4	0	0
B10	9324.44	0.0193385	99983.4	0	0
neutron	939.565	14.0698	99984.8	0	0
neutron	939.565	11.4635	99984.8	0	0
Be8	7454.85	1.31242	99984.8	0	0
neutron	939.565	8.0327	99984.4	0	0
alpha	3727.38	4.2994	99984.4	0	0
alpha	3727.38	1.88588	99984.4	0	0
neutron	939.565	11.3766	99983.5	0	0
Be10	9325.5	3.46688	99983.5	0	0
neutron	939.565	9.94809	99984.6	0	0
neutron	939.565	3.01038	99984.6	0	0
alpha	3727.38	3.03158	99984.6	0	0
alpha	3727.38	8.04108	99984.6	0	0
neutron	939.565	8.32976	99985.2	0	0
neutron	939.565	6.00575	99985.2	0	0
alpha	3727.38	4.43152	99985.2	0	0
alpha	3727.38	9.11403	99985.2	0	0
Be10	9325.5	1.95545	99984.2	0	0
neutron	939.565	4.64144	99983.9	0	0
neutron	939.565	0.480635	99983.9	0	0
Be8	7454.85	2.6082	99983.9	0	0
neutron	939.565	6.62856	99984.4	0	0
neutron	939.565	5.11355	99984.4	0	0
neutron	939.565	4.21586	99984.4	0	0
Be8	7454.85	4.09279	99984.4	0	0
neutron	939.565	9.79002	99984	0	0
B11	10252.5	0.348618	99984	0	0
neutron	939.565	40.1139	99983.7	0	0
alpha	3727.38	0.771017	99983.7	0	0
Li7	6533.83	9.0719	99983.7	0	0
neutron	939.565	5.025	99984.4	0	0
neutron	939.565	3.90401	99984.4	0	0
neutron	939.565	0.945213	99984.4	0	0
Be8	7454.85	0.94829	99984.4	0	0
C12	11174.9	0.34498	99994.3	24.1108	23.4593
neutron	939.565	4.24558	99984.4	0	0
neutron	939.565	2.41055	99984.4	0	0
neutron	939.565	2.18811	99984.4	0	0
alpha	3727.38	4.94237	99984.4	0	0
alpha	3727.38	10.8504	99984.4	0	0
C12	11174.9	0.507154	99992	21.611	20.7128
B12	11188.7	0.364915	99984.4	0	0
neutron	939.565	1.77683	99984.7	0	0
Be10	9325.5	2.50956	99984.7	0	0
neutron	939.565	2.46094	99984.8	0	0
neutron	939.565	2.18338	99984.8	0	0
alpha	3727.38	2.11632	99984.8	0	0
alpha	3727.38	4.6153	99984.8	0	0
neutron	939.565	32.3245	99984.6	0	0
neutron	939.565	2.10753	99984.6	0	0
neutron	939.565	1.34899	99984.6	0	0
Be8	7454.85	1.10599	99984.6	0	0
neutron	939.565	14.2768	99983.7	0	0
neutron	939.565	6.31795	99983.7	0	0
neutron	939.565	5.86425	99983.7	0	0
alpha	3727.38	8.25165	99983.7	0	0
alpha	3727.38	5.22798	99983.7	0	0
neutron	939.565	0.746036	99984.3	0	0
B11	10252.5	0.297378	99984.3	0	0
neutron	939.565	5.1886	99984.4	0	0
B11	10252.5	0.781931	99984.4	0	0
B12	11188.7	0.363384	99984.3	0	0
neutron	939.565	37.2805	99985	0	0
neutron	939.565	12.5908	99985	0	0
B10	9324.44	4.16767	99985	0	0
neutron	939.565	8.24654	99984.2	0	0
Be8	7454.85	1.24679	99984.2	0	0
neutron	939.565	7.14816	99984.4	0	0
B11	10252.5	1.02771	99984.4	0	0
neutron	939.565	1.29503	99984.7	0	0
B11	10252.5	0.11485	99984.7	0	0
B12	11188.7	0.35663	99984.3	0	0
neutron	939.565	20.3969	99985.2	0	0
neutron	939.565	4.22701	99985.2	0	0
Be8	7454.85	2.9584	99985.2	0	0
neutron	939.565	23.4412	99984.8	0	0
neutron	939.565	9.18831	99984.8	0	0
neutron	939.565	2.1866	99984.8	0	0
Be8	7454.85	1.29229	99984.8	0	0
neutron	939.565	9.02628	99984.8	0	0
neutron	939.565	0.506832	99984.8	0	0
neutron	939.565	0.185759	99984.8	0	0
Be8	7454.85	1.80579	99984.8	0	0
neutron	939.565	20.3648	99983.5	0	0
neutron	939.565	4.44313	99983.5	0	0
alpha	3727.38	7.29902	99983.5	0	0
alpha	3727.38	9.47605	99983.5	0	0
neutron	939.565	4.19261	99984.5	0	0
neutron	939.565	1.37861	99984.5	0	0
B10	9324.44	1.02537	99984.5	0	0
neutron	939.565	17.7556	99984.5	0	0
neutron	939.565	8.66777	99984.5	0	0
Be8	7454.85	3.57743	99984.5	0	0
neutron	939.565	5.38911	99983.8	0	0
alpha	3727.38	6.21625	99983.8	0	0
alpha	3727.38	1.83859	99983.8	0	0
neutron	939.565	12.1493	99983.4	0	0
B11	10252.5	0.364165	99983.4	0	0
neutron	939.565	0.223833	99983.9	0	0
alpha	3727.38	2.40337	99983.9	0	0
alpha	3727.38	2.27337	99983.9	0	0
neutron	939.565	7.19004	99985	0	0
neutron	939.565	3.02551	99985	0	0
neutron	939.565	0.133784	99985	0	0
Be8	7454.85	0.529749	99985	0	0
neutron	939.565	9.86646	99984.4	0	0
neutron	939.565	4.34979	99984.4	0	0
alpha	3727.38	1.53098	99984.4	0	0
alpha	3727.38	7.37966	99984.4	0	0
neutron	939.565	3.033	99984.1	0	0
B11	10252.5	0.659734	99984.1	0	0
neutron	939.565	23.4675	99984.7	0	0
Be8	7454.85	3.2085	99984.7	0	0
neutron	939.565	6.39856	99984	0	0
alpha	3727.38	4.78173	99984	0	0
alpha	3727.38	3.22171	99984	0	0
neutron	939.565	8.49856	99985.2	0	0
alpha	3727.38	6.461	99985.2	0	0
alpha	3727.38	19.9305	99985.2	0	0
neutron	939.565	5.15955	99984.8	0	0
neutron	939.565	2.5833	99984.8	0	0
neutron	939.565	1.12649	99984.8	0	0
Be8	7454.85	2.46066	99984.8	0	0
neutron	939.565	4.78604	99983.8	0	0
B11	10252.5	0.806046	99983.8	0	0
neutron	939.565	10.6757	99985	0	0
neutron	939.565	1.53234	99985	0	0
Be9	8392.75	0.69694	99985	0	0
neutron	939.565	3.79575	99983.8	0	0
neutron	939.565	2.58218	99983.8	0	0
neutron	939.565	0.970127	99983.8	0	0
Be8	7454.85	1.02437	99983.8	0	0
neutron	939.565	35.7013	99983.8	0	0
neutron	939.565	1.58469	99983.8	0	0
neutron	939.565	1.42558	99983.8	0	0
Be8	7454.85	1.10597	99983.8	0	0
neutron	939.565	13.6973	99984	0	0
neutron	939.565	3.75672	99984	0	0
Be9	8392.75	3.44085	99984	0	0
neutron	939.565	3.31794	99984.4	0	0
neutron	939.565	1.73063	99984.4	0	0
Be9	8392.75	1.09054	99984.4	0	0
neutron	939.565	7.35257	99983.7	0	0
neutron	939.565	3.24157	99983.7	0	0
neutron	939.565	2.69554	99983.7	0	0
alpha	3727.38	0.467059	99983.7	0	0
alpha	3727.38	7.30664	99983.7	0	0
neutron	939.565	8.79656	99984.7	0	0
neutron	939.565	2.96969	99984.7	0	0
neutron	939.565	0.448158	99984.7	0	0
Be8	7454.85	1.68611	99984.7	0	0
neutron	939.565	10.0569	99984.3	0	0
neutron	939.565	3.27913	99984.3	0	0
neutron	939.565	0.555489	99984.3	0	0
Be8	7454.85	2.57501	99984.3	0	0
neutron	939.565	8.16595	99984.9	0	0
Be8	7454.85	0.587682	99984.9	0	0
neutron	939.565	9.61943	99984.4	0	0
neutron	939.565	1.53224	99984.4	0	0
alpha	3727.38	2.29072	99984.4	0	0
alpha	3727.38	3.05071	99984.4	0	0
neutron	939.565	15.4779	99984.3	0	0
neutron	939.565	5.00574	99984.3	0	0
alpha	3727.38	5.89515	99984.3	0	0
alpha	3727.38	2.78663	99984.3	0	0
neutron	939.565	8.93578	99985.1	0	0
B11	10252.5	1.0984	99985.1	0	0
neutron	939.565	2.53553	99983.9	0	0
neutron	939.565	0.663232	99983.9	0	0
Be9	8392.75	1.84429	99983.9	0	0
neutron	939.565	9.56284	99984.1	0	0
neutron	939.565	3.41301	99984.1	0	0
Be9	8392.75	1.55765	99984.1	0	0
neutron	939.565	3.07628	99984.6	0	0
Be10	9325.5	2.69427	99984.6	0	0
neutron	939.565	0.478805	99983.9	0	0
neutron	939.565	0.242528	99983.9	0	0
B10	9324.44	0.356969	99983.9	0	0
neutron	939.565	2.89065	99984.3	0	0
B11	10252.5	0.386676	99984.3	0	0
neutron	939.565	19.0033	99984.1	0	0
alpha	3727.38	1.95428	99984.1	0	0
alpha	3727.38	7.86801	99984.1	0	0
neutron	939.565	14.2166	99984	0	0
neutron	939.565	3.46315	99984	0	0
Be8	7454.85	4.73553	99984	0	0
neutron	939.565	21.2274	99984.2	0	0
neutron	939.565	11.0995	99984.2	0	0
B10	9324.44	6.0344	99984.2	0	0
neutron	939.565	2.31275	99983.9	0	0
B11	10252.5	0.368581	99983.9	0	0
neutron	939.565	5.09003	99984.2	0	0
Be10	9325.5	0.536528	99984.2	0	0
neutron	939.565	23.1618	99984.6	0	0
neutron	939.565	1.02648	99984.6	0	0
B10	9324.44	2.6773	99984.6	0	0
neutron	939.565	4.25905	99983.6	0	0
Be10	9325.5	1.00594	99983.6	0	0
neutron	939.565	8.08136	99984.1	0	0
neutron	939.565	5.79211	99984.1	0	0
neutron	939.565	3.24457	99984.1	0	0
alpha	3727.38	12.6001	99984.1	0	0
alpha	3727.38	8.09462	99984.1	0	0
neutron	939.565	0.465294	99984.4	0	0
Be10	9325.5	1.58369	99984.4	0	0
neutron	939.565	6.63961	99984.4	0	0
neutron	939.565	0.43545	99984.4	0	0
B10	9324.44	0.414412	99984.4	0	0
neutron	939.565	3.17685	99984.8	0	0
neutron	939.565	0.442916	99984.8	0	0
B10	9324.44	0.160456	99984.8	0	0
neutron	939.565	6.16506	99983.8	0	0
B11	10252.5	0.248793	99983.8	0	0
neutron	939.565	33.6375	99984.1	0	0
neutron	939.565	0.352868	99984.1	0	0
Be9	8392.75	5.70439	99984.1	0	0
neutron	939.565	1.82817	99984	0	0
neutron	939.565	1.23826	99984	0	0
Be8	7454.85	1.28223	99984	0	0
neutron	939.565	4.30167	99984	0	0
neutron	939.565	1.85637	99984	0	0
neutron	939.565	7.27672	99984.9	0	0
B11	10252.5	0.168822	99984.9	0	0
neutron	939.565	6.45189	99983.8	0	0
neutron	939.565	5.60975	99983.8	0	0
Be9	8392.75	1.32813	99983.8	0	0
neutron	939.565	8.26909	99984.7	0	0
neutron	939.565	5.00794	99984.7	0	0
neutron	939.565	3.46818	99984.7	0	0
alpha	3727.38	4.64817	99984.7	0	0
alpha	3727.38	11.5902	99984.7	0	0
neutron	939.565	9.59012	99984.1	0	0
neutron	939.565	1.44141	99984.1	0	0
Be8	7454.85	0.0296036	99984.1	0	0
neutron	939.565	1.62115	99983.4	0	0
Be10	9325.5	3.05239	99983.4	0	0
neutron	939.565	19.7883	99984.8	0	0
neutron	939.565	1.45221	99984.8	0	0
B10	9324.44	3.0252	99984.8	0	0
neutron	939.565	11.6302	99983.5	0	0
neutron	939.565	2.11277	99983.5	0	0
Be9	8392.75	2.3998	99983.5	0	0
neutron	939.565	4.17584	99984.2	0	0
alpha	3727.38	3.97072	99984.2	0	0
Li7	6533.83	1.57506	99984.2	0	0
B12	11188.7	0.357182	99984.5	0	0
neutron	939.565	8.98123	99984.3	0	0
neutron	939.565	4.35845	99984.3	0	0
neutron	939.565	2.69146	99984.3	0	0
alpha	3727.38	3.31233	99984.3	0	0
alpha	3727.38	3.02744	99984.3	0	0
neutron	939.565	15.9816	99984.3	0	0
Be10	9325.5	0.98942	99984.3	0	0
neutron	939.565	2.71635	99984.9	0	0
alpha	3727.38	0.668106	99984.9	0	0
alpha	3727.38	4.24009	99984.9	0	0
neutron	939.565	0.430001	99984.2	0	0
B11	10252.5	0.322912	99984.2	0	0
neutron	939.565	26.7796	99984.2	0	0
B11	10252.5	2.02992	99984.2	0	0
neutron	939.565	2.12276	99983.9	0	0
alpha	3727.38	4.02131	99983.9	0	0
alpha	3727.38	2.94345	99983.9	0	0
neutron	939.565	12.1552	99983.6	0	0
neutron	939.565	8.79758	99983.6	0	0
He3	2808.39	7.40709	99983.6	0	0
alpha	3727.38	1.45969	99983.6	0	0
neutron	939.565	25.0906	99984.5	0	0
neutron	939.565	13.6784	99984.5	0	0
alpha	3727.38	1.91992	99984.5	0	0
alpha	3727.38	8.5712	99984.5	0	0
B12	11188.7	0.351393	99984.4	0	0
neutron	939.565	1.43438	99984	0	0
B11	10252.5	0.0858	99984	0	0
neutron	939.565	2.09859	99983.9	0	0
neutron	939.565	1.38956	99983.9	0	0
Be8	7454.85	3.1513	99983.9	0	0
neutron	939.565	7.73438	99984.8	0	0
alpha	3727.38	13.0218	99984.8	0	0
alpha	3727.38	0.786882	99984.8	0	0
neutron	939.565	0.195065	99983.3	0	0
B11	10252.5	0.374425	99983.3	0	0
neutron	939.565	1.79139	99985	0	0
alpha	3727.38	2.64682	99985	0	0
alpha	3727.38	4.41722	99985	0	0
neutron	939.565	29.0252	99983.9	0	0
neutron	939.565	3.05654	99983.9	0	0
neutron	939.565	0.54928	99983.9	0	0
Be8	7454.85	4.83143	99983.9	0	0
B12	11188.7	0.365784	99983.7	0	0
neutron	939.565	8.05428	99984.1	0	0
neutron	939.565	7.18484	99984.1	0	0
neutron	939.565	5.14831	99984.1	0	0
Be8	7454.85	2.82244	99984.1	0	0
neutron	939.565	1.20421	99984.1	0	0
B11	10252.5	0.0851514	99984.1	0	0
Be10	9325.5	1.10632	99984.7	0	0
neutron	939.565	12.7589	99984.7	0	0
B11	10252.5	0.413894	99984.7	0	0
neutron	939.565	4.17574	99984.2	0	0
Be10	9325.5	2.74627	99984.2	0	0
neutron	939.565	12.857	99984.7	0	0
neutron	939.565	1.26687	99984.7	0	0
Be8	7454.85	7.77108	99984.7	0	0
neutron	939.565	13.7696	99984	0	0
neutron	939.565	9.11693	99984	0	0
Be8	7454.85	3.55433	99984	0	0
neutron	939.565	21.2171	99984.1	0	0
neutron	939.565	8.99307	99984.1	0	0
Be8	7454.85	6.69686	99984.1	0	0
neutron	939.565	13.6406	99984.1	0	0
B11	10252.5	0.559012	99984.1	0	0
neutron	939.565	4.61143	99984.6	0	0
B11	10252.5	0.226662	99984.6	0	0
neutron	939.565	2.38196	99984.2	0	0
B11	10252.5	0.56547	99984.2	0	0
neutron	939.565	1.66748	99984.5	0	0
B11	10252.5	0.618293	99984.5	0	0
neutron	939.565	6.05813	99984.2	0	0
neutron	939.565	1.92755	99984.2	0	0
alpha	3727.38	1.61278	99984.2	0	0
Li6	5601.52	2.94403	99984.2	0	0
neutron	939.565	5.109	99983.8	0	0
alpha	3727.38	2.81538	99983.8	0	0
alpha	3727.38	1.54768	99983.8	0	0
neutron	939.565	1.85507	99984	0	0
B11	10252.5	0.840478	99984	0	0
neutron	939.565	5.13192	99985.2	0	0
neutron	939.565	3.42896	99985.2	0	0
B10	9324.44	1.03654	99985.2	0	0
neutron	939.565	16.68	99984.6	0	0
neutron	939.565	16.0145	99984.6	0	0
Be8	7454.85	1.56993	99984.6	0	0
neutron	939.565	29.5695	99983.9	0	0
neutron	939.565	12.5593	99983.9	0	0
neutron	939.565	1.00097	99983.9	0	0
Be8	7454.85	0.505883	99983.9	0	0
neutron	939.565	3.65546	99984	0	0
neutron	939.565	2.47768	99984	0	0
neutron	939.565	2.47423	99984	0	0
alpha	3727.38	5.9791	99984	0	0
alpha	3727.38	0.530877	99984	0	0
neutron	939.565	7.20572	99984.8	0	0
B11	10252.5	0.781195	99984.8	0	0
neutron	939.565	3.24182	99984.4	0	0
B11	10252.5	0.583919	99984.4	0	0
neutron	939.565	2.25432	99984.2	0	0
B11	10252.5	0.12699	99984.2	0	0
neutron	939.565	23.227	99985	0	0
neutron	939.565	18.3109	99985	0	0
neutron	939.565	1.36645	99985	0	0
Be8	7454.85	1.42401	99985	0	0
neutron	939.565	3.966	99983.8	0	0
B11	10252.5	0.480104	99983.8	0	0
neutron	939.565	31.5518	99983	0	0
neutron	939.565	2.57579	99983	0	0
Be8	7454.85	3.16952	99983	0	0
neutron	939.565	4.4794	99984.2	0	0
B11	10252.5	0.352938	99984.2	0	0
B12	11188.7	0.352523	99983.7	0	0
neutron	939.565	6.44309	99984	0	0
alpha	3727.38	8.83527	99984	0	0
Li7	6533.83	8.72999	99984	0	0
neutron	939.565	19.1376	99984.9	0	0
Be10	9325.5	4.66349	99984.9	0	0
neutron	939.565	2.38136	99984.8	0	0
neutron	939.565	1.47688	99984.8	0	0
B10	9324.44	0.434821	99984.8	0	0
B12	11188.7	0.362035	99983.8	0	0
neutron	939.565	2.52686	99984.5	0	0
neutron	939.565	0.991148	99984.5	0	0
Be8	7454.85	0.415316	99984.5	0	0
neutron	939.565	6.74918	99984.1	0	0
neutron	939.565	2.81383	99984.1	0	0
Be8	7454.85	0.180451	99984.1	0	0
neutron	939.565	12.6549	99984.2	0	0
neutron	939.565	7.01636	99984.2	0	0
neutron	939.565	0.615928	99984.2	0	0
alpha	3727.38	5.95818	99984.2	0	0
alpha	3727.38	3.25605	99984.2	0	0
neutron	939.565	6.46915	99984.5	0	0
neutron	939.565	1.81182	99984.5	0	0
B10	9324.44	1.06434	99984.5	0	0
neutron	939.565	12.5884	99984.9	0	0
alpha	3727.38	4.54722	99984.9	0	0
Li7	6533.83	0.59566	99984.9	0	0
C12	11174.9	0.422274	99998.7	30.5386	28.8859
neutron	939.565	4.60443	99983.6	0	0
neutron	939.565	0.959833	99983.6	0	0
neutron	939.565	0.724003	99983.6	0	0
alpha	3727.38	5.08983	99983.6	0	0
alpha	3727.38	1.32929	99983.6	0	0
neutron	939.565	15.8834	99984.2	0	0
alpha	3727.38	12.5997	99984.2	0	0
alpha	3727.38	3.54363	99984.2	0	0
neutron	939.565	29.0655	99983.9	0	0
alpha	3727.38	4.62742	99983.9	0	0
Li7	6533.83	7.13187	99983.9	0	0
neutron	939.565	1.28521	99984	0	0
B11	10252.5	0.668496	99984	0	0
neutron	939.565	16.1299	99984.1	0	0
neutron	939.565	10.8888	99984.1	0	0
neutron	939.565	4.06707	99984.1	0	0
Be8	7454.85	2.00178	99984.1	0	0
neutron	939.565	6.49639	99984.5	0	0
neutron	939.565	4.27507	99984.5	0	0
B10	9324.44	0.826178	99984.5	0	0
neutron	939.565	3.36819	99984.3	0	0
neutron	939.565	3.29332	99984.3	0	0
neutron	939.565	2.25363	99984.3	0	0
alpha	3727.38	2.51031	99984.3	0	0
alpha	3727.38	1.50132	99984.3	0	0
neutron	939.565	0.734425	99984.2	0	0
B11	10252.5	0.629424	99984.2	0	0
neutron	939.565	17.2042	99984	0	0
neutron	939.565	0.44703	99984	0	0
Be9	8392.75	1.57028	99984	0	0
neutron	939.565	2.99289	99984.2	0	0
neutron	939.565	2.69088	99984.2	0	0
alpha	3727.38	1.97361	99984.2	0	0
alpha	3727.38	6.76957	99984.2	0	0
B12	11188.7	0.340751	99985.2	0	0
neutron	939.565	8.79979	99984.1	0	0
neutron	939.565	3.11671	99984.1	0	0
B10	9324.44	0.55845	99984.1	0	0
neutron	939.565	8.31004	99984.3	0	0
neutron	939.565	6.05306	99984.3	0	0
Be8	7454.85	2.18454	99984.3	0	0
neutron	939.565	0.758468	99984.7	0	0
alpha	3727.38	15.1276	99984.7	0	0
alpha	3727.38	1.42153	99984.7	0	0
neutron	939.565	0.701228	99984.7	0	0
B11	10252.5	0.170849	99984.7	0	0
neutron	939.565	13.4276	99985.5	0	0
B11	10252.5	1.16498	99985.5	0	0
neutron	939.565	26.1492	99983.9	0	0
neutron	939.565	1.70047	99983.9	0	0
alpha	3727.38	1.57964	99983.9	0	0
alpha	3727.38	3.38137	99983.9	0	0
neutron	939.565	1.44992	99984	0	0
B11	10252.5	0.441011	99984	0	0
neutron	939.565	1.456	99984.4	0	0
Be10	9325.5	0.789534	99984.4	0	0
neutron	939.565	6.10143	99984.6	0	0
Be10	9325.5	0.699413	99984.6	0	0
neutron	939.565	1.42947	99984.3	0	0
B11	10252.5	0.739894	99984.3	0	0
neutron	939.565	2.48889	99983.8	0	0
Be10	9325.5	0.360441	99983.8	0	0
neutron	939.565	16.5702	99985.1	0	0
alpha	3727.38	1.4956	99985.1	0	0
alpha	3727.38	3.68636	99985.1	0	0
neutron	939.565	23.6754	99984.5	0	0
neutron	939.565	10.0295	99984.5	0	0
neutron	939.565	1.74383	99984.5	0	0
Be7	6534.18	0.939657	99984.5	0	0
neutron	939.565	1.77759	99984.4	0	0
neutron	939.565	1.28585	99984.4	0	0
alpha	3727.38	5.17267	99984.4	0	0
alpha	3727.38	2.19109	99984.4	0	0
neutron	939.565	8.45441	99985	0	0
B11	10252.5	0.27388	99985	0	0
neutron	939.565	5.62861	99983.8	0	0
B11	10252.5	1.34373	99983.8	0	0
neutron	939.565	9.78151	99984.7	0	0
Be10	9325.5	1.95111	99984.7	0	0
neutron	939.565	3.19403	99984.2	0	0
B11	10252.5	1.10021	99984.2	0	0
neutron	939.565	5.01364	99985.9	0	0
neutron	939.565	0.486919	99985.9	0	0
B10	9324.44	0.540817	99985.9	0	0
neutron	939.565	2.9654	99983.5	0	0
neutron	939.565	2.6661	99983.5	0	0
Be9	8392.75	1.47361	99983.5	0	0
neutron	939.565	11.6862	99983.9	0	0
Be10	9325.5	1.9802	99983.9	0	0
neutron	939.565	1.80039	99984	0	0
Be10	9325.5	1.81293	99984	0	0
neutron	939.565	3.55855	99984.4	0	0
alpha	3727.38	7.36035	99984.4	0	0
alpha	3727.38	14.0898	99984.4	0	0
neutron	939.565	8.45348	99984.9	0	0
B11	10252.5	1.46346	99984.9	0	0
neutron	939.565	25.1925	99984.8	0	0
neutron	939.565	19.4985	99984.8	0	0
Be8	7454.85	3.26526	99984.8	0	0
neutron	939.565	2.69569	99985.7	0	0
B11	10252.5	0.685951	99985.7	0	0
neutron	939.565	0.106744	99983.9	0	0
B11	10252.5	0.319866	99983.9	0	0
neutron	939.565	7.07763	99984.6	0	0
neutron	939.565	6.01203	99984.6	0	0
neutron	939.565	3.91991	99984.6	0	0
Be8	7454.85	2.90989	99984.6	0	0
neutron	939.565	2.26565	99984.4	0	0
B11	10252.5	0.349673	99984.4	0	0
neutron	939.565	20.0363	99984.6	0	0
alpha	3727.38	6.35112	99984.6	0	0
alpha	3727.38	13.644	99984.6	0	0
neutron	939.565	22.3476	99983.6	0	0
neutron	939.565	3.44652	99983.6	0	0
Be8	7454.85	2.0124	99983.6	0	0
B12	11188.7	0.347749	99984.6	0	0
neutron	939.565	10.868	99984.1	0	0
neutron	939.565	2.64074	99984.1	0	0
alpha	3727.38	6.45169	99984.1	0	0
alpha	3727.38	9.50473	99984.1	0	0
neutron	939.565	25.3897	99984.1	0	0
neutron	939.565	1.9167	99984.1	0	0
alpha	3727.38	0.328443	99984.1	0	0
alpha	3727.38	14.8882	99984.1	0	0
neutron	939.565	9.20573	99984.3	0	0
neutron	939.565	2.69585	99984.3	0	0
Be8	7454.85	8.26093	99984.3	0	0
neutron	939.565	24.1637	99984.1	0	0
neutron	939.565	4.65413	99984.1	0	0
alpha	3727.38	6.19162	99984.1	0	0
alpha	3727.38	7.37626	99984.1	0	0
neutron	939.565	2.06878	99983.8	0	0
alpha	3727.38	5.84261	99983.8	0	0
alpha	3727.38	3.04515	99983.8	0	0
neutron	939.565	31.5912	99984.1	0	0
neutron	939.565	1.76813	99984.1	0	0
neutron	939.565	0.76292	99984.1	0	0
alpha	3727.38	5.31299	99984.1	0	0
alpha	3727.38	4.43018	99984.1	0	0
neutron	939.565	4.56969	99983.9	0	0
neutron	939.565	0.643964	99983.9	0	0
B10	9324.44	0.606485	99983.9	0	0
neutron	939.565	4.05082	99983.8	0	0
Be8	7454.85	2.22239	99983.8	0	0
neutron	939.565	1.30364	99984.2	0	0
B11	10252.5	0.28705	99984.2	0	0
neutron	939.565	5.06891	99983.7	0	0
B11	10252.5	0.385435	99983.7	0	0
neutron	939.565	17.1594	99983.9	0	0
neutron	939.565	5.04536	99983.9	0	0
neutron	939.565	4.80669	99983.9	0	0
Be8	7454.85	0.228188	99983.9	0	0
neutron	939.565	2.96485	99984.6	0	0
Be8	7454.85	1.16344	99984.6	0	0
neutron	939.565	10.2459	99984	0	0
neutron	939.565	0.0845348	99984	0	0
alpha	3727.38	2.20696	99984	0	0
alpha	3727.38	2.88931	99984	0	0
neutron	939.565	21.8295	99983.9	0	0
Be9	8392.75	3.13698	99983.9	0	0
neutron	939.565	13.806	99983.9	0	0
neutron	939.565	1.36582	99983.9	0	0
B10	9324.44	1.14857	99983.9	0	0
neutron	939.565	1.70695	99984.5	0	0
B11	10252.5	0.319645	99984.5	0	0
neutron	939.565	30.0504	99984.9	0	0
neutron	939.565	7.12377	99984.9	0	0
neutron	939.565	1.37683	99984.9	0	0
alpha	3727.38	6.71981	99984.9	0	0
alpha	3727.38	0.192526	99984.9	0	0
neutron	939.565	11.413	99984.6	0	0
neutron	939.565	9.8561	99984.6	0	0
Be8	7454.85	5.41523	99984.6	0	0
neutron	939.565	7.41334	99983.7	0	0
neutron	939.565	0.94565	99983.7	0	0
Be8	7454.85	3.49844	99983.7	0	0
neutron	939.565	3.99544	99983.9	0	0
neutron	939.565	1.6821	99983.9	0	0
B10	9324.44	1.39415	99983.9	0	0
neutron	939.565	16.4291	99983.8	0	0
Be10	9325.5	2.80425	99983.8	0	0
neutron	939.565	12.429	99984.2	0	0
neutron	939.565	7.09329	99984.2	0	0
alpha	3727.38	5.21062	99984.2	0	0
alpha	3727.38	4.36421	99984.2	0	0
neutron	939.565	5.13491	99984	0	0
alpha	3727.38	2.80344	99984	0	0
Li7	6533.83	3.20977	99984	0	0
neutron	939.565	8.71052	99984.1	0	0
Be10	9325.5	0.904585	99984.1	0	0
neutron	939.565	1.71191	99983.5	0	0
B11	10252.5	0.470263	99983.5	0	0
neutron	939.565	7.57572	99984.5	0	0
neutron	939.565	2.07068	99984.5	0	0
neutron	939.565	1.14176	99984.5	0	0
alpha	3727.38	0.599388	99984.5	0	0
alpha	3727.38	6.50338	99984.5	0	0
neutron	939.565	0.39682	99984.7	0	0
B11	10252.5	0.340622	99984.7	0	0
neutron	939.565	1.53783	99984.5	0	0
B11	10252.5	0.163871	99984.5	0	0
neutron	939.565	6.90244	99984.3	0	0
neutron	939.565	0.502015	99984.3	0	0
B10	9324.44	0.649109	99984.3	0	0
neutron	939.565	0.14368	99984.7	0	0
B11	10252.5	0.46945	99984.7	0	0
neutron	939.565	4.61885	99983.4	0	0
neutron	939.565	2.77777	99983.4	0	0
Be8	7454.85	0.724942	99983.4	0	0
neutron	939.565	7.92022	99983.9	0	0
neutron	939.565	7.31922	99983.9	0	0
B10	9324.44	3.06074	99983.9	0	0
neutron	939.565	11.5261	99984	0	0
neutron	939.565	1.55195	99984	0	0
Be8	7454.85	2.98142	99984	0	0
neutron	939.565	2.78987	99984.3	0	0
B11	10252.5	0.245493	99984.3	0	0
neutron	939.565	12.2043	99985.1	0	0
neutron	939.565	6.74491	99985.1	0	0
neutron	939.565	2.25434	99985.1	0	0
Be8	7454.85	0.350486	99985.1	0	0
neutron	939.565	13.9156	99983.7	0	0
neutron	939.565	4.70292	99983.7	0	0
Be8	7454.85	0.264948	99983.7	0	0
neutron	939.565	3.0493	99984.2	0	0
neutron	939.565	0.140796	99984.2	0	0
B10	9324.44	0.88089	99984.2	0	0
neutron	939.565	13.5164	99985	0	0
Be10	9325.5	1.4039	99985	0	0
neutron	939.565	4.36841	99983.4	0	0
neutron	939.565	0.200871	99983.4	0	0
Be8	7454.85	1.33741	99983.4	0	0
neutron	939.565	2.99248	99985.3	0	0
Be10	9325.5	0.769153	99985.3	0	0
neutron	939.565	3.08826	99984	0	0
neutron	939.565	0.12848	99984	0	0
Be9	8392.75	2.08957	99984	0	0
neutron	939.565	3.22937	99984.9	0	0
B11	10252.5	0.520814	99984.9	0	0
neutron	939.565	13.4954	99984.1	0	0
neutron	939.565	1.49459	99984.1	0	0
Be9	8392.75	0.953436	99984.1	0	0
neutron	939.565	0.892406	99985.1	0	0
B11	10252.5	0.563089	99985.1	0	0
neutron	939.565	23.2374	99984.1	0	0
Be10	9325.5	0.839168	99984.1	0	0
Be10	9325.5	3.354	99984.6	0	0
neutron	939.565	7.83636	99984.4	0	0
neutron	939.565	3.7931	99984.4	0	0
Be8	7454.85	1.04529	99984.4	0	0
neutron	939.565	31.7223	99984.3	0	0
neutron	939.565	6.19865	99984.3	0	0
alpha	3727.38	3.69284	99984.3	0	0
alpha	3727.38	8.69173	99984.3	0	0
neutron	939.565	6.68708	99984.3	0	0
Be10	9325.5	2.42922	99984.3	0	0
neutron	939.565	6.75123	99983.7	0	0
alpha	3727.38	2.36932	99983.7	0	0
alpha	3727.38	4.52215	99983.7	0	0
neutron	939.565	5.29565	99983.6	0	0
B11	10252.5	0.527294	99983.6	0	0
neutron	939.565	4.32274	99983.9	0	0
B11	10252.5	0.201915	99983.9	0	0
neutron	939.565	42.9352	99984	0	0
neutron	939.565	1.95398	99984	0	0
neutron	939.565	1.56726	99984	0	0
alpha	3727.38	5.15063	99984	0	0
alpha	3727.38	5.16036	99984	0	0
neutron	939.565	9.55825	99984.1	0	0
Be10	9325.5	0.884535	99984.1	0	0
neutron	939.565	33.8934	99983.5	0	0
neutron	939.565	7.56433	99983.5	0	0
neutron	939.565	5.11461	99983.5	0	0
Be8	7454.85	2.09283	99983.5	0	0
neutron	939.565	5.76935	99983.7	0	0
neutron	939.565	3.6946	99983.7	0	0
B10	9324.44	0.0708507	99983.7	0	0
neutron	939.565	1.34692	99983.7	0	0
B11	10252.5	0.864376	99983.7	0	0
neutron	939.565	19.7439	99984.1	0	0
neutron	939.565	6.82673	99984.1	0	0
Be8	7454.85	3.41952	99984.1	0	0
neutron	939.565	21.8177	99984.2	0	0
neutron	939.565	11.224	99984.2	0	0
alpha	3727.38	1.64707	99984.2	0	0
alpha	3727.38	7.79663	99984.2	0	0
neutron	939.565	6.4337	99983.9	0	0
Be8	7454.85	2.39936	99983.9	0	0
neutron	939.565	4.24799	99983.8	0	0
Be8	7454.85	0.360544	99983.8	0	0
neutron	939.565	10.6799	99983.7	0	0
neutron	939.565	6.60717	99983.7	0	0
neutron	939.565	1.54543	99983.7	0	0
alpha	3727.38	0.788788	99983.7	0	0
alpha	3727.38	6.28315	99983.7	0	0
neutron	939.565	24.7305	99984	0	0
neutron	939.565	3.527	99984	0	0
Be9	8392.75	3.84126	99984	0	0
neutron	939.565	1.17393	99984.7	0	0
B11	10252.5	0.668438	99984.7	0	0
neutron	939.565	15.8095	99984.1	0	0
neutron	939.565	6.75972	99984.1	0	0
neutron	939.565	3.80992	99984.1	0	0
alpha	3727.38	4.36655	99984.1	0	0
alpha	3727.38	1.95011	99984.1	0	0
neutron	939.565	6.62007	99983.7	0	0
neutron	939.565	3.91753	99983.7	0	0
B10	9324.44	0.79007	99983.7	0	0
neutron	939.565	11.3282	99984.6	0	0
B11	10252.5	0.802284	99984.6	0	0
neutron	939.565	31.2107	99985.3	0	0
neutron	939.565	28.1048	99985.3	0	0
B10	9324.44	9.02296	99985.3	0	0
neutron	939.565	6.31838	99984.6	0	0
neutron	939.565	0.154818	99984.6	0	0
Be8	7454.85	2.09465	99984.6	0	0
neutron	939.565	3.35652	99984.8	0	0
neutron	939.565	11.222	99984.3	0	0
alpha	3727.38	8.30916	99984.3	0	0
alpha	3727.38	2.9838	99984.3	0	0
neutron	939.565	5.29855	99984.4	0	0
B11	10252.5	0.0754345	99984.4	0	0
neutron	939.565	11.6254	99984.3	0	0
neutron	939.565	1.29216	99984.3	0	0
alpha	3727.38	2.18609	99984.3	0	0
alpha	3727.38	3.35275	99984.3	0	0
neutron	939.565	1.50084	99984.5	0	0
B11	10252.5	0.505169	99984.5	0	0
B12	11188.7	0.353324	99984.4	0	0
neutron	939.565	6.36982	99984.6	0	0
neutron	939.565	5.68502	99984.6	0	0
Be8	7454.85	1.92214	99984.6	0	0
neutron	939.565	6.56155	99984.5	0	0
B11	10252.5	0.665387	99984.5	0	0
neutron	939.565	3.49254	99984.2	0	0
Be8	7454.85	4.67903	99984.2	0	0
neutron	939.565	9.39964	99984.2	0	0
neutron	939.565	3.99914	99984.2	0	0
B10	9324.44	1.52199	99984.2	0	0
neutron	939.565	1.3679	99984.8	0	0
alpha	3727.38	2.79744	99984.8	0	0
alpha	3727.38	4.61218	99984.8	0	0
neutron	939.565	36.1658	99985.3	0	0
neutron	939.565	5.63002	99985.3	0	0
neutron	939.565	3.03904	99985.3	0	0
alpha	3727.38	0.664043	99985.3	0	0
alpha	3727.38	8.04794	99985.3	0	0
neutron	939.565	0.0869541	99983.6	0	0
B11	10252.5	0.36806	99983.6	0	0
neutron	939.565	0.993828	99985.2	0	0
B11	10252.5	0.287974	99985.2	0	0
B12	11188.7	0.365238	99983.7	0	0
neutron	939.565	1.00513	99984.4	0	0
alpha	3727.38	6.22416	99984.4	0	0
alpha	3727.38	4.4874	99984.4	0	0
neutron	939.565	3.96401	99984.3	0	0
neutron	939.565	2.47407	99984.3	0	0
neutron	939.565	1.57319	99984.3	0	0
Be8	7454.85	0.750046	99984.3	0	0
neutron	939.565	7.85325	99984	0	0
neutron	939.565	7.36625	99984	0	0
alpha	3727.38	10.0312	99984	0	0
alpha	3727.38	4.84992	99984	0	0
neutron	939.565	3.72607	99984.1	0	0
B11	10252.5	0.170416	99984.1	0	0
neutron	939.565	3.78909	99984.4	0	0
neutron	939.565	3.31524	99984.4	0	0
B10	9324.44	0.829284	99984.4	0	0
neutron	939.565	5.85347	99983.9	0	0
alpha	3727.38	4.81767	99983.9	0	0
alpha	3727.38	0.902134	99983.9	0	0
neutron	939.565	5.21269	99983.7	0	0
Be10	9325.5	0.441479	99983.7	0	0
B12	11188.7	0.349551	99983.9	0	0
neutron	939.565	3.17081	99984.6	0	0
neutron	939.565	2.95153	99984.6	0	0
neutron	939.565	0.85654	99984.6	0	0
Be8	7454.85	1.57719	99984.6	0	0
neutron	939.565	4.77505	99984.2	0	0
neutron	939.565	0.977845	99984.2	0	0
neutron	939.565	0.231273	99984.2	0	0
Be8	7454.85	0.669175	99984.2	0	0
neutron	939.565	9.43163	99985	0	0
neutron	939.565	4.65735	99985	0	0
alpha	3727.38	6.34379	99985	0	0
alpha	3727.38	1.58683	99985	0	0
