B12	11188.7	0.358238	99996.2	0	0
neutron	939.565	4.16315	99996.1	0	0
neutron	939.565	2.89837	99996.1	0	0
neutron	939.565	1.13519	99996.1	0	0
Be8	7454.85	2.74272	99996.1	0	0
neutron	939.565	0.373136	99996.2	0	0
neutron	939.565	0.346423	99996.2	0	0
B10	9324.44	0.28398	99996.2	0	0
neutron	939.565	10.5702	99996.2	0	0
neutron	939.565	4.68306	99996.2	0	0
alpha	3727.38	3.60522	99996.2	0	0
alpha	3727.38	1.47117	99996.2	0	0
neutron	939.565	2.62517	99996.2	0	0
B11	10252.5	0.448854	99996.2	0	0
neutron	939.565	0.615163	99996.2	0	0
B11	10252.5	0.188627	99996.2	0	0
neutron	939.565	7.91266	99996.2	0	0
B11	10252.5	1.41945	99996.2	0	0
neutron	939.565	1.77872	99995.9	0	0
B11	10252.5	0.242812	99995.9	0	0
neutron	939.565	15.4902	99996	0	0
neutron	939.565	12.7496	99996	0	0
Be8	7454.85	5.40676	99996	0	0
neutron	939.565	3.90718	99996.2	0	0
Be10	9325.5	1.43258	99996.2	0	0
neutron	939.565	35.1724	99996.2	0	0
Be8	7454.85	4.98996	99996.2	0	0
neutron	939.565	18.2361	99996.1	0	0
B11	10252.5	1.22623	99996.1	0	0
neutron	939.565	6.72729	99996.2	0	0
neutron	939.565	3.03159	99996.2	0	0
B10	9324.44	2.02039	99996.2	0	0
neutron	939.565	19.2475	99995.9	0	0
neutron	939.565	9.87674	99995.9	0	0
Be8	7454.85	1.62752	99995.9	0	0
neutron	939.565	5.92236	99996.2	0	0
Be10	9325.5	3.56839	99996.2	0	0
neutron	939.565	20.3527	99996.1	0	0
neutron	939.565	12.4863	99996.1	0	0
alpha	3727.38	3.33365	99996.1	0	0
alpha	3727.38	3.47519	99996.1	0	0
neutron	939.565	6.31323	99996.1	0	0
B11	10252.5	1.03866	99996.1	0	0
neutron	939.565	4.70446	99996.1	0	0
B11	10252.5	0.117308	99996.1	0	0
neutron	939.565	35.7973	99996	0	0
neutron	939.565	4.10807	99996	0	0
alpha	3727.38	10.7962	99996	0	0
alpha	3727.38	8.97576	99996	0	0
neutron	939.565	9.63546	99996	0	0
neutron	939.565	0.93693	99996	0	0
neutron	939.565	0.719749	99996	0	0
alpha	3727.38	1.99331	99996	0	0
alpha	3727.38	3.63424	99996	0	0
neutron	939.565	2.45258	99996.3	0	0
neutron	939.565	2.41236	99996.3	0	0
alpha	3727.38	6.65231	99996.3	0	0
alpha	3727.38	0.343993	99996.3	0	0
neutron	939.565	9.8319	99996.1	0	0
neutron	939.565	5.64773	99996.1	0	0
neutron	939.565	1.23507	99996.1	0	0
Be8	7454.85	0.0465685	99996.1	0	0
neutron	939.565	1.81352	99996.3	0	0
B11	10252.5	0.152078	99996.3	0	0
neutron	939.565	5.43468	99996.2	0	0
neutron	939.565	5.43323	99996.2	0	0
neutron	939.565	1.65896	99996.2	0	0
Be8	7454.85	0.867274	99996.2	0	0
neutron	939.565	27.9343	99996.3	0	0
neutron	939.565	9.34127	99996.3	0	0
neutron	939.565	3.15818	99996.3	0	0
Be8	7454.85	0.298806	99996.3	0	0
neutron	939.565	3.77904	99996.4	0	0
B11	10252.5	0.650046	99996.4	0	0
neutron	939.565	15.6894	99996.1	0	0
neutron	939.565	10.1094	99996.1	0	0
Be8	7454.85	3.66749	99996.1	0	0
neutron	939.565	0.766309	99996.2	0	0
neutron	939.565	0.424073	99996.2	0	0
neutron	939.565	0.228268	99996.2	0	0
Be8	7454.85	2.24524	99996.2	0	0
neutron	939.565	4.5648	99996.1	0	0
B11	10252.5	1.05462	99996.1	0	0
neutron	939.565	2.37469	99996.4	0	0
neutron	939.565	0.954087	99996.4	0	0
B10	9324.44	0.363197	99996.4	0	0
neutron	939.565	1.04395	99996.1	0	0
alpha	3727.38	2.09911	99996.1	0	0
Li7	6533.83	2.22864	99996.1	0	0
neutron	939.565	4.17848	99996.1	0	0
B11	10252.5	0.659244	99996.1	0	0
neutron	939.565	21.0166	99996.5	0	0
neutron	939.565	2.27965	99996.5	0	0
alpha	3727.38	5.63191	99996.5	0	0
alpha	3727.38	3.9527	99996.5	0	0
neutron	939.565	34.7363	99996.3	0	0
neutron	939.565	6.47184	99996.3	0	0
alpha	3727.38	3.53511	99996.3	0	0
alpha	3727.38	3.27596	99996.3	0	0
neutron	939.565	17.94	99996.1	0	0
neutron	939.565	8.16817	99996.1	0	0
alpha	3727.38	8.3364	99996.1	0	0
alpha	3727.38	1.81917	99996.1	0	0
neutron	939.565	2.25283	99996.4	0	0
neutron	939.565	0.381761	99996.4	0	0
B11	10252.5	0.501677	99996.4	0	0
neutron	939.565	5.8195	99996.1	0	0
B11	10252.5	0.531747	99996.1	0	0
neutron	939.565	1.45724	99996.2	0	0
B11	10252.5	0.571195	99996.2	0	0
neutron	939.565	15.5612	99996.1	0	0
Be10	9325.5	2.17165	99996.1	0	0
neutron	939.565	21.1196	99996	0	0
alpha	3727.38	3.05232	99996	0	0
He6	5605.53	6.65941	99996	0	0
neutron	939.565	4.75639	99996	0	0
Be10	9325.5	1.55927	99996	0	0
neutron	939.565	0.82389	99996	0	0
alpha	3727.38	5.1082	99996	0	0
alpha	3727.38	5.14898	99996	0	0
neutron	939.565	4.03427	99996.1	0	0
Be8	7454.85	0.380354	99996.1	0	0
neutron	939.565	16.8481	99996.4	0	0
neutron	939.565	4.88863	99996.4	0	0
neutron	939.565	3.02003	99996.4	0	0
Be8	7454.85	2.16102	99996.4	0	0
B12	11188.7	0.361889	99996.1	0	0
neutron	939.565	9.43295	99996.2	0	0
neutron	939.565	2.34746	99996.2	0	0
neutron	939.565	1.40893	99996.2	0	0
alpha	3727.38	10.2498	99996.2	0	0
alpha	3727.38	8.66811	99996.2	0	0
neutron	939.565	27.1019	99996.1	0	0
neutron	939.565	4.8672	99996.1	0	0
neutron	939.565	2.30983	99996.1	0	0
alpha	3727.38	12.3901	99996.1	0	0
alpha	3727.38	3.27619	99996.1	0	0
neutron	939.565	13.4444	99996.2	0	0
B11	10252.5	1.5216	99996.2	0	0
neutron	939.565	32.5454	99996.2	0	0
neutron	939.565	7.01445	99996.2	0	0
Be8	7454.85	3.69397	99996.2	0	0
neutron	939.565	1.01454	99996.2	0	0
Be9	8392.75	2.5636	99996.2	0	0
neutron	939.565	32.3323	99996	0	0
neutron	939.565	1.35522	99996	0	0
Be8	7454.85	3.84868	99996	0	0
neutron	939.565	26.1968	99996.1	0	0
B11	10252.5	1.54605	99996.1	0	0
neutron	939.565	20.3465	99996.1	0	0
neutron	939.565	6.23024	99996.1	0	0
B10	9324.44	3.16767	99996.1	0	0
neutron	939.565	9.15954	99996.6	0	0
Be10	9325.5	1.53051	99996.6	0	0
neutron	939.565	12.2801	99995.9	0	0
neutron	939.565	6.22947	99995.9	0	0
neutron	939.565	5.73621	99995.9	0	0
alpha	3727.38	6.58242	99995.9	0	0
alpha	3727.38	3.1708	99995.9	0	0
neutron	939.565	1.9454	99996	0	0
B11	10252.5	0.129075	99996	0	0
neutron	939.565	6.39296	99996.3	0	0
neutron	939.565	2.16316	99996.3	0	0
Be8	7454.85	2.83653	99996.3	0	0
neutron	939.565	3.60639	99996.1	0	0
neutron	939.565	2.06103	99996.1	0	0
Be8	7454.85	0.911051	99996.1	0	0
neutron	939.565	24.3688	99996.1	0	0
neutron	939.565	0.507725	99996.1	0	0
alpha	3727.38	8.31611	99996.1	0	0
alpha	3727.38	0.14209	99996.1	0	0
neutron	939.565	11.5955	99996.1	0	0
alpha	3727.38	4.59054	99996.1	0	0
alpha	3727.38	5.88641	99996.1	0	0
neutron	939.565	3.10921	99996.3	0	0
neutron	939.565	1.67943	99996.3	0	0
Be9	8392.75	5.26659	99996.3	0	0
neutron	939.565	24.4173	99996.4	0	0
neutron	939.565	3.88411	99996.4	0	0
neutron	939.565	0.288205	99996.4	0	0
Be8	7454.85	1.15435	99996.4	0	0
neutron	939.565	4.36891	99996.1	0	0
neutron	939.565	2.08183	99996.1	0	0
Be9	8392.75	1.26124	99996.1	0	0
neutron	939.565	27.6882	99996	0	0
neutron	939.565	11.1714	99996	0	0
Be8	7454.85	2.38526	99996	0	0
neutron	939.565	2.43725	99996	0	0
B11	10252.5	0.720003	99996	0	0
neutron	939.565	44.8444	99996.3	0	0
neutron	939.565	0.912568	99996.3	0	0
neutron	939.565	0.156735	99996.3	0	0
Be8	7454.85	4.25878	99996.3	0	0
B12	11188.7	0.335906	99996	0	0
neutron	939.565	11.0412	99996.2	0	0
Be10	9325.5	3.20503	99996.2	0	0
neutron	939.565	0.288535	99996.3	0	0
B11	10252.5	0.371073	99996.3	0	0
neutron	939.565	7.79584	99996.3	0	0
neutron	939.565	6.84806	99996.3	0	0
Be8	7454.85	0.818258	99996.3	0	0
neutron	939.565	7.06376	99996	0	0
neutron	939.565	1.43837	99996	0	0
B10	9324.44	0.845889	99996	0	0
neutron	939.565	3.70206	99996.2	0	0
alpha	3727.38	1.59607	99996.2	0	0
neutron	939.565	33.639	99996.2	0	0
neutron	939.565	5.75987	99996.2	0	0
neutron	939.565	0.629561	99996.2	0	0
Be8	7454.85	7.2581	99996.2	0	0
neutron	939.565	0.583408	99996.3	0	0
B11	10252.5	0.67716	99996.3	0	0
neutron	939.565	33.1089	99996.2	0	0
alpha	3727.38	5.6946	99996.2	0	0
alpha	3727.38	3.04988	99996.2	0	0
neutron	939.565	5.50558	99996.2	0	0
neutron	939.565	1.54695	99996.2	0	0
B10	9324.44	0.632558	99996.2	0	0
neutron	939.565	13.9548	99996.3	0	0
neutron	939.565	7.5639	99996.3	0	0
neutron	939.565	4.15267	99996.3	0	0
Be8	7454.85	1.33417	99996.3	0	0
neutron	939.565	2.19416	99996	0	0
neutron	939.565	0.433687	99996	0	0
Be8	7454.85	0.580044	99996	0	0
neutron	939.565	1.8949	99996.4	0	0
B11	10252.5	1.00323	99996.4	0	0
neutron	939.565	8.34209	99996.1	0	0
neutron	939.565	3.09168	99996.1	0	0
Be8	7454.85	7.95273	99996.1	0	0
neutron	939.565	3.06321	99996.2	0	0
B11	10252.5	0.87723	99996.2	0	0
neutron	939.565	15.9194	99996.2	0	0
neutron	939.565	9.34341	99996.2	0	0
neutron	939.565	7.0365	99996.2	0	0
alpha	3727.38	2.79617	99996.2	0	0
alpha	3727.38	2.42284	99996.2	0	0
neutron	939.565	4.56487	99996.2	0	0
neutron	939.565	4.48181	99996.2	0	0
neutron	939.565	1.74387	99996.2	0	0
Be8	7454.85	2.99321	99996.2	0	0
neutron	939.565	23.892	99996	0	0
alpha	3727.38	12.5556	99996	0	0
He6	5605.53	4.09353	99996	0	0
neutron	939.565	15.6284	99996.1	0	0
neutron	939.565	1.96819	99996.1	0	0
neutron	939.565	0.566243	99996.1	0	0
Be8	7454.85	2.97128	99996.1	0	0
neutron	939.565	2.75954	99996.1	0	0
Be10	9325.5	0.0380957	99996.1	0	0
neutron	939.565	0.502115	99996.4	0	0
B11	10252.5	0.583898	99996.4	0	0
neutron	939.565	30.6704	99996.2	0	0
alpha	3727.38	10.5332	99996.2	0	0
alpha	3727.38	3.33659	99996.2	0	0
neutron	939.565	3.85892	99996.2	0	0
Be8	7454.85	1.45062	99996.2	0	0
neutron	939.565	39.305	99996.2	0	0
Be8	7454.85	12.5384	99996.2	0	0
neutron	939.565	10.5026	99996.3	0	0
Be8	7454.85	0.522495	99996.3	0	0
neutron	939.565	6.02857	99996	0	0
neutron	939.565	3.40604	99996	0	0
neutron	939.565	1.36154	99996	0	0
alpha	3727.38	4.21405	99996	0	0
alpha	3727.38	5.95028	99996	0	0
neutron	939.565	5.26706	99996	0	0
Be10	9325.5	2.33537	99996	0	0
neutron	939.565	20.525	99996.2	0	0
B11	10252.5	2.57835	99996.2	0	0
neutron	939.565	0.730117	99996.1	0	0
B11	10252.5	0.507306	99996.1	0	0
neutron	939.565	7.52551	99996.2	0	0
alpha	3727.38	1.74116	99996.2	0	0
alpha	3727.38	4.59696	99996.2	0	0
neutron	939.565	7.71695	99996.2	0	0
Be10	9325.5	2.22164	99996.2	0	0
neutron	939.565	1.62177	99996.1	0	0
neutron	939.565	0.604068	99996.1	0	0
B10	9324.44	0.172772	99996.1	0	0
neutron	939.565	15.1127	99996	0	0
neutron	939.565	10.9782	99996	0	0
neutron	939.565	0.73657	99996	0	0
Be8	7454.85	2.31328	99996	0	0
neutron	939.565	17.6934	99996.3	0	0
neutron	939.565	3.29629	99996.3	0	0
neutron	939.565	1.12932	99996.3	0	0
neutron	939.565	0.502286	99996.3	0	0
Be7	6534.18	1.70638	99996.3	0	0
neutron	939.565	4.0921	99996.2	0	0
neutron	939.565	3.68892	99996.2	0	0
Be8	7454.85	3.58079	99996.2	0	0
neutron	939.565	1.77911	99996.1	0	0
B11	10252.5	0.13569	99996.1	0	0
neutron	939.565	11.6509	99996.2	0	0
neutron	939.565	10.0149	99996.2	0	0
alpha	3727.38	4.66058	99996.2	0	0
alpha	3727.38	3.00009	99996.2	0	0
neutron	939.565	4.61124	99996.2	0	0
neutron	939.565	4.25959	99996.2	0	0
Be8	7454.85	2.47858	99996.2	0	0
alpha	3727.38	5.49877	99996.3	0	0
neutron	939.565	22.7569	99996.2	0	0
Be8	7454.85	0.670071	99996.2	0	0
neutron	939.565	11.8415	99996	0	0
Be10	9325.5	2.42677	99996	0	0
neutron	939.565	6.33032	99996.1	0	0
alpha	3727.38	4.08747	99996.1	0	0
Li7	6533.83	2.17495	99996.1	0	0
neutron	939.565	1.26038	99996	0	0
B11	10252.5	0.72037	99996	0	0
neutron	939.565	9.32176	99996.1	0	0
neutron	939.565	8.1552	99996.1	0	0
neutron	939.565	6.47528	99996.1	0	0
Be8	7454.85	2.79024	99996.1	0	0
neutron	939.565	6.56807	99996	0	0
neutron	939.565	4.25049	99996	0	0
Be8	7454.85	7.69426	99996	0	0
neutron	939.565	4.41631	99996.2	0	0
neutron	939.565	1.34595	99996.2	0	0
neutron	939.565	0.985524	99996.2	0	0
Be8	7454.85	1.0762	99996.2	0	0
neutron	939.565	12.593	99996	0	0
neutron	939.565	0.533944	99996	0	0
alpha	3727.38	1.82539	99996	0	0
alpha	3727.38	8.68299	99996	0	0
neutron	939.565	4.23211	99996.2	0	0
B11	10252.5	0.293377	99996.2	0	0
neutron	939.565	6.67759	99996.2	0	0
alpha	3727.38	4.63599	99996.2	0	0
alpha	3727.38	7.09961	99996.2	0	0
neutron	939.565	1.35131	99996.1	0	0
alpha	3727.38	8.21705	99996.1	0	0
alpha	3727.38	1.98826	99996.1	0	0
neutron	939.565	15.5191	99996.1	0	0
neutron	939.565	3.72498	99996.1	0	0
neutron	939.565	2.53576	99996.1	0	0
Be8	7454.85	1.63412	99996.1	0	0
neutron	939.565	6.57182	99996	0	0
neutron	939.565	5.81877	99996	0	0
Be8	7454.85	2.61062	99996	0	0
neutron	939.565	2.20619	99996	0	0
Be9	8392.75	3.96037	99996	0	0
neutron	939.565	23.7652	99996.3	0	0
neutron	939.565	13.2518	99996.3	0	0
neutron	939.565	2.35269	99996.3	0	0
alpha	3727.38	4.89921	99996.3	0	0
alpha	3727.38	2.78092	99996.3	0	0
neutron	939.565	10.7541	99996.1	0	0
Be10	9325.5	0.353096	99996.1	0	0
neutron	939.565	6.57671	99996.1	0	0
B11	10252.5	1.25103	99996.1	0	0
neutron	939.565	15.4812	99996.2	0	0
B11	10252.5	2.2921	99996.2	0	0
neutron	939.565	9.91797	99996.3	0	0
alpha	3727.38	3.98841	99996.3	0	0
alpha	3727.38	11.5771	99996.3	0	0
neutron	939.565	18.158	99996.1	0	0
B11	10252.5	1.7793	99996.1	0	0
neutron	939.565	0.915539	99996	0	0
alpha	3727.38	5.54814	99996	0	0
alpha	3727.38	0.649993	99996	0	0
neutron	939.565	7.36954	99996.2	0	0
B11	10252.5	0.573347	99996.2	0	0
neutron	939.565	11.4096	99996.3	0	0
neutron	939.565	9.66064	99996.3	0	0
neutron	939.565	6.21059	99996.3	0	0
alpha	3727.38	2.66507	99996.3	0	0
alpha	3727.38	3.14918	99996.3	0	0
neutron	939.565	12.03	99995.9	0	0
neutron	939.565	1.05686	99995.9	0	0
B10	9324.44	0.593512	99995.9	0	0
neutron	939.565	30.0523	99996.3	0	0
neutron	939.565	4.10499	99996.3	0	0
Be8	7454.85	8.76126	99996.3	0	0
neutron	939.565	1.21582	99996.2	0	0
B11	10252.5	0.442372	99996.2	0	0
neutron	939.565	0.266792	99996.1	0	0
B11	10252.5	0.216104	99996.1	0	0
neutron	939.565	3.98762	99996.3	0	0
B11	10252.5	0.509971	99996.3	0	0
B12	11188.7	0.353867	99996.2	0	0
neutron	939.565	4.70689	99996.2	0	0
neutron	939.565	3.69987	99996.2	0	0
Be8	7454.85	7.7306	99996.2	0	0
neutron	939.565	1.26694	99995.9	0	0
B11	10252.5	0.290923	99995.9	0	0
neutron	939.565	5.93853	99996.2	0	0
B11	10252.5	0.504005	99996.2	0	0
neutron	939.565	6.78753	99996.3	0	0
neutron	939.565	4.14745	99996.3	0	0
neutron	939.565	1.33705	99996.3	0	0
Be8	7454.85	0.362244	99996.3	0	0
neutron	939.565	4.40112	99996.2	0	0
neutron	939.565	0.415922	99996.2	0	0
Be9	8392.75	1.36838	99996.2	0	0
neutron	939.565	25.2918	99996	0	0
neutron	939.565	2.01659	99996	0	0
neutron	939.565	1.27805	99996	0	0
Be8	7454.85	2.20134	99996	0	0
B12	11188.7	0.357265	99995.9	0	0
neutron	939.565	8.69311	99996.1	0	0
neutron	939.565	0.185014	99996.1	0	0
Be9	8392.75	2.67637	99996.1	0	0
neutron	939.565	0.0676926	99996.1	0	0
B11	10252.5	0.412357	99996.1	0	0
neutron	939.565	12.1245	99996.1	0	0
alpha	3727.38	1.64925	99996.1	0	0
alpha	3727.38	6.35179	99996.1	0	0
neutron	939.565	10.121	99996	0	0
neutron	939.565	9.47235	99996	0	0
neutron	939.565	3.25927	99996	0	0
alpha	3727.38	3.89982	99996	0	0
alpha	3727.38	5.56375	99996	0	0
B12	11188.7	0.366873	99996.3	0	0
neutron	939.565	0.317843	99996.2	0	0
B11	10252.5	0.221505	99996.2	0	0
neutron	939.565	5.84235	99996.3	0	0
alpha	3727.38	17.8315	99996.3	0	0
alpha	3727.38	0.0883838	99996.3	0	0
neutron	939.565	19.5881	99996.2	0	0
Be8	7454.85	2.00141	99996.2	0	0
neutron	939.565	4.97049	99996.1	0	0
neutron	939.565	2.47847	99996.1	0	0
B10	9324.44	1.7811	99996.1	0	0
neutron	939.565	10.921	99996.4	0	0
Be10	9325.5	0.965574	99996.4	0	0
neutron	939.565	3.93254	99996.1	0	0
neutron	939.565	2.2019	99996.1	0	0
Be8	7454.85	0.837339	99996.1	0	0
neutron	939.565	5.50548	99996.2	0	0
neutron	939.565	1.09925	99996.2	0	0
Be8	7454.85	4.17899	99996.2	0	0
neutron	939.565	2.71651	99996.2	0	0
neutron	939.565	0.672907	99996.2	0	0
Be8	7454.85	1.0986	99996.2	0	0
B12	11188.7	0.3703	99996.1	0	0
neutron	939.565	3.63417	99996	0	0
B11	10252.5	0.10405	99996	0	0
B12	11188.7	0.359421	99996.5	0	0
neutron	939.565	3.04003	99996.1	0	0
neutron	939.565	1.69491	99996.1	0	0
B10	9324.44	0.25768	99996.1	0	0
neutron	939.565	6.73402	99996	0	0
Be10	9325.5	3.31434	99996	0	0
neutron	939.565	23.8942	99996.2	0	0
alpha	3727.38	9.9943	99996.2	0	0
He6	5605.53	0.818105	99996.2	0	0
neutron	939.565	3.36677	99996.2	0	0
neutron	939.565	2.48306	99996.2	0	0
Be9	8392.75	1.10839	99996.2	0	0
neutron	939.565	3.28618	99996	0	0
neutron	939.565	0.899242	99996	0	0
Be8	7454.85	2.74451	99996	0	0
neutron	939.565	14.4795	99996	0	0
neutron	939.565	0.212958	99996	0	0
Be9	8392.75	1.48666	99996	0	0
neutron	939.565	11.0066	99996	0	0
neutron	939.565	3.61685	99996	0	0
neutron	939.565	3.56127	99996	0	0
alpha	3727.38	6.53379	99996	0	0
alpha	3727.38	1.90781	99996	0	0
neutron	939.565	7.7702	99996	0	0
neutron	939.565	2.05874	99996	0	0
neutron	939.565	0.665314	99996	0	0
Be8	7454.85	1.75851	99996	0	0
neutron	939.565	0.930497	99996.1	0	0
Li9	8406.87	1.35199	99996.1	0	0
neutron	939.565	12.7065	99996.1	0	0
B11	10252.5	0.973754	99996.1	0	0
B12	11188.7	0.345738	99996.2	0	0
neutron	939.565	6.09913	99996.1	0	0
B11	10252.5	0.308831	99996.1	0	0
neutron	939.565	22.1349	99996.2	0	0
neutron	939.565	3.97868	99996.2	0	0
alpha	3727.38	1.45659	99996.2	0	0
alpha	3727.38	4.92219	99996.2	0	0
B12	11188.7	0.337157	99996.2	0	0
neutron	939.565	0.25887	99996	0	0
Li9	8406.87	6.91426	99996	0	0
neutron	939.565	20.3019	99996.2	0	0
Be9	8392.75	2.34589	99996.2	0	0
neutron	939.565	1.06486	99996.1	0	0
Li9	8406.87	2.58883	99996.1	0	0
neutron	939.565	34.4822	99996.2	0	0
B11	10252.5	3.99351	99996.2	0	0
neutron	939.565	16.0918	99996	0	0
neutron	939.565	10.6873	99996	0	0
neutron	939.565	5.28269	99996	0	0
Be8	7454.85	1.15586	99996	0	0
neutron	939.565	3.74075	99996.2	0	0
neutron	939.565	2.44037	99996.2	0	0
alpha	3727.38	6.02206	99996.2	0	0
alpha	3727.38	3.60606	99996.2	0	0
neutron	939.565	8.31433	99996.2	0	0
neutron	939.565	5.03858	99996.2	0	0
neutron	939.565	2.67013	99996.2	0	0
Be8	7454.85	0.464117	99996.2	0	0
neutron	939.565	6.25453	99996.4	0	0
neutron	939.565	4.92149	99996.4	0	0
alpha	3727.38	0.585814	99996.4	0	0
alpha	3727.38	6.24278	99996.4	0	0
neutron	939.565	16.9828	99996.1	0	0
neutron	939.565	8.31801	99996.1	0	0
neutron	939.565	3.78929	99996.1	0	0
alpha	3727.38	6.27801	99996.1	0	0
alpha	3727.38	4.19268	99996.1	0	0
neutron	939.565	32.9076	99996	0	0
neutron	939.565	12.2145	99996	0	0
Be9	8392.75	7.46006	99996	0	0
neutron	939.565	10.7117	99996	0	0
B11	10252.5	0.502368	99996	0	0
neutron	939.565	14.2261	99996	0	0
neutron	939.565	4.90364	99996	0	0
B10	9324.44	1.7425	99996	0	0
neutron	939.565	6.63513	99996.2	0	0
B11	10252.5	0.318248	99996.2	0	0
neutron	939.565	1.33648	99996.3	0	0
neutron	939.565	0.816642	99996.3	0	0
B10	9324.44	0.982778	99996.3	0	0
neutron	939.565	1.36098	99996	0	0
neutron	939.565	0.632527	99996	0	0
Be9	8392.75	3.04173	99996	0	0
neutron	939.565	3.42207	99996.1	0	0
Be10	9325.5	0.704132	99996.1	0	0
neutron	939.565	14.6669	99996.1	0	0
neutron	939.565	14.1719	99996.1	0	0
neutron	939.565	1.44062	99996.1	0	0
Be8	7454.85	3.90781	99996.1	0	0
neutron	939.565	7.10159	99996.3	0	0
Be8	7454.85	2.10515	99996.3	0	0
neutron	939.565	0.561066	99996.2	0	0
B11	10252.5	0.317801	99996.2	0	0
neutron	939.565	8.42074	99996.2	0	0
Be8	7454.85	1.89084	99996.2	0	0
neutron	939.565	0.853446	99996	0	0
Be9	8392.75	2.05356	99996	0	0
neutron	939.565	1.5277	99996.4	0	0
B11	10252.5	0.0669911	99996.4	0	0
neutron	939.565	4.63825	99996.1	0	0
alpha	3727.38	4.39427	99996.1	0	0
He6	5605.53	3.94734	99996.1	0	0
neutron	939.565	1.22098	99996.1	0	0
Be9	8392.75	0.787059	99996.1	0	0
neutron	939.565	3.13982	99996	0	0
B11	10252.5	1.13358	99996	0	0
neutron	939.565	1.94984	99996.3	0	0
neutron	939.565	0.247525	99996.3	0	0
neutron	939.565	0.204816	99996.3	0	0
Be8	7454.85	0.24971	99996.3	0	0
neutron	939.565	19.7074	99996	0	0
neutron	939.565	5.51598	99996	0	0
neutron	939.565	3.85671	99996	0	0
Be8	7454.85	0.895608	99996	0	0
neutron	939.565	10.5973	99996.2	0	0
neutron	939.565	2.22918	99996.2	0	0
alpha	3727.38	5.29997	99996.2	0	0
alpha	3727.38	10.4231	99996.2	0	0
neutron	939.565	24.3683	99996.2	0	0
neutron	939.565	0.595499	99996.2	0	0
Be9	8392.75	1.78156	99996.2	0	0
neutron	939.565	19.6237	99996.1	0	0
neutron	939.565	7.56068	99996.1	0	0
neutron	939.565	4.35097	99996.1	0	0
alpha	3727.38	4.73993	99996.1	0	0
alpha	3727.38	5.99715	99996.1	0	0
neutron	939.565	9.66664	99996.2	0	0
B11	10252.5	0.552747	99996.2	0	0
neutron	939.565	22.7661	99996.2	0	0
B11	10252.5	1.91791	99996.2	0	0
neutron	939.565	18.8512	99996	0	0
neutron	939.565	3.88052	99996	0	0
neutron	939.565	1.69568	99996	0	0
Be8	7454.85	2.05688	99996	0	0
neutron	939.565	3.65584	99996.4	0	0
alpha	3727.38	5.32987	99996.4	0	0
alpha	3727.38	4.55466	99996.4	0	0
neutron	939.565	2.06253	99996.3	0	0
alpha	3727.38	2.46176	99996.3	0	0
Li7	6533.83	1.88442	99996.3	0	0
neutron	939.565	16.8144	99996.1	0	0
neutron	939.565	1.98836	99996.1	0	0
neutron	939.565	1.89111	99996.1	0	0
Be8	7454.85	3.96977	99996.1	0	0
neutron	939.565	19.4178	99996	0	0
neutron	939.565	9.25906	99996	0	0
neutron	939.565	0.957033	99996	0	0
alpha	3727.38	12.6691	99996	0	0
alpha	3727.38	2.2131	99996	0	0
neutron	939.565	8.69327	99996.1	0	0
neutron	939.565	1.24905	99996.1	0	0
neutron	939.565	0.563307	99996.1	0	0
alpha	3727.38	11.9348	99996.1	0	0
alpha	3727.38	3.46266	99996.1	0	0
neutron	939.565	25.3658	99996.2	0	0
neutron	939.565	10.8489	99996.2	0	0
alpha	3727.38	6.30915	99996.2	0	0
alpha	3727.38	11.5699	99996.2	0	0
neutron	939.565	6.8266	99996.4	0	0
neutron	939.565	0.624523	99996.4	0	0
neutron	939.565	0.417387	99996.4	0	0
alpha	3727.38	0.792282	99996.4	0	0
alpha	3727.38	6.26492	99996.4	0	0
neutron	939.565	13.3127	99996.1	0	0
Be10	9325.5	2.3728	99996.1	0	0
neutron	939.565	7.33471	99996.2	0	0
neutron	939.565	1.76646	99996.2	0	0
neutron	939.565	1.44897	99996.2	0	0
alpha	3727.38	2.10144	99996.2	0	0
alpha	3727.38	6.72526	99996.2	0	0
neutron	939.565	2.99976	99996.2	0	0
alpha	3727.38	6.19291	99996.2	0	0
alpha	3727.38	6.92465	99996.2	0	0
neutron	939.565	5.96746	99996	0	0
alpha	3727.38	13.544	99996	0	0
alpha	3727.38	2.15999	99996	0	0
neutron	939.565	4.94769	99996.3	0	0
B11	10252.5	0.648183	99996.3	0	0
neutron	939.565	41.4263	99996.1	0	0
neutron	939.565	3.17717	99996.1	0	0
neutron	939.565	0.356674	99996.1	0	0
Be8	7454.85	2.21268	99996.1	0	0
neutron	939.565	2.92541	99996	0	0
B11	10252.5	0.324552	99996	0	0
neutron	939.565	18.7207	99996	0	0
neutron	939.565	7.57171	99996	0	0
B10	9324.44	3.15774	99996	0	0
neutron	939.565	15.3779	99996.1	0	0
neutron	939.565	2.85329	99996.1	0	0
neutron	939.565	0.94483	99996.1	0	0
Be8	7454.85	3.3441	99996.1	0	0
neutron	939.565	5.777	99996.4	0	0
neutron	939.565	2.05299	99996.4	0	0
alpha	3727.38	5.39373	99996.4	0	0
alpha	3727.38	3.12248	99996.4	0	0
neutron	939.565	9.47881	99996	0	0
neutron	939.565	6.08067	99996	0	0
neutron	939.565	2.31064	99996	0	0
Be8	7454.85	0.894759	99996	0	0
neutron	939.565	14.2296	99996	0	0
neutron	939.565	7.82218	99996	0	0
neutron	939.565	0.0424747	99996	0	0
B9	8393.31	0.590468	99996	0	0
neutron	939.565	2.43797	99996.1	0	0
B11	10252.5	0.218756	99996.1	0	0
neutron	939.565	9.01294	99996.2	0	0
B11	10252.5	1.18803	99996.2	0	0
neutron	939.565	7.89153	99996.1	0	0
neutron	939.565	0.861077	99996.1	0	0
B10	9324.44	0.906231	99996.1	0	0
neutron	939.565	0.723569	99996.4	0	0
B11	10252.5	0.17423	99996.4	0	0
neutron	939.565	5.86282	99996	0	0
B11	10252.5	0.146783	99996	0	0
neutron	939.565	20.4685	99995.9	0	0
neutron	939.565	7.20209	99995.9	0	0
neutron	939.565	1.94151	99995.9	0	0
alpha	3727.38	3.66139	99995.9	0	0
alpha	3727.38	3.6437	99995.9	0	0
neutron	939.565	4.80582	99996.2	0	0
neutron	939.565	3.83801	99996.2	0	0
alpha	3727.38	1.25891	99996.2	0	0
alpha	3727.38	14.598	99996.2	0	0
neutron	939.565	3.12806	99996.2	0	0
Be8	7454.85	2.14737	99996.2	0	0
neutron	939.565	13.6063	99996.1	0	0
neutron	939.565	11.6856	99996.1	0	0
Be8	7454.85	1.85154	99996.1	0	0
neutron	939.565	8.17243	99996.4	0	0
B11	10252.5	0.975324	99996.4	0	0
neutron	939.565	0.455139	99996.2	0	0
B11	10252.5	0.281183	99996.2	0	0
neutron	939.565	0.825539	99996.6	0	0
B11	10252.5	0.372732	99996.6	0	0
neutron	939.565	20.1588	99996.3	0	0
alpha	3727.38	2.22527	99996.3	0	0
alpha	3727.38	11.0819	99996.3	0	0
neutron	939.565	7.26491	99995.9	0	0
neutron	939.565	3.93181	99995.9	0	0
Be9	8392.75	0.775868	99995.9	0	0
neutron	939.565	17.3945	99996.2	0	0
neutron	939.565	1.2736	99996.2	0	0
Be8	7454.85	3.99664	99996.2	0	0
neutron	939.565	4.33252	99996.2	0	0
alpha	3727.38	3.31504	99996.2	0	0
alpha	3727.38	3.90152	99996.2	0	0
neutron	939.565	5.12645	99996.2	0	0
neutron	939.565	2.17922	99996.2	0	0
neutron	939.565	0.745615	99996.2	0	0
Be8	7454.85	1.50399	99996.2	0	0
neutron	939.565	5.38305	99996.2	0	0
neutron	939.565	1.91258	99996.2	0	0
B10	9324.44	0.372087	99996.2	0	0
neutron	939.565	1.53795	99996.2	0	0
B11	10252.5	0.124401	99996.2	0	0
neutron	939.565	4.57315	99996.1	0	0
alpha	3727.38	0.619502	99996.1	0	0
neutron	939.565	1.2321	99996.1	0	0
B11	10252.5	0.545803	99996.1	0	0
B12	11188.7	0.358076	99996.2	0	0
neutron	939.565	7.06091	99996.2	0	0
B11	10252.5	0.118153	99996.2	0	0
neutron	939.565	7.33756	99996.2	0	0
B11	10252.5	0.780967	99996.2	0	0
neutron	939.565	11.0733	99996	0	0
neutron	939.565	10.3939	99996	0	0
neutron	939.565	8.09237	99996	0	0
alpha	3727.38	5.2416	99996	0	0
alpha	3727.38	3.78651	99996	0	0
B12	11188.7	0.366047	99995.9	0	0
neutron	939.565	24.5736	99996.1	0	0
neutron	939.565	10.1741	99996.1	0	0
alpha	3727.38	11.905	99996.1	0	0
alpha	3727.38	2.23283	99996.1	0	0
neutron	939.565	17.3768	99996	0	0
neutron	939.565	6.92053	99996	0	0
alpha	3727.38	1.8833	99996	0	0
alpha	3727.38	7.6429	99996	0	0
neutron	939.565	4.81885	99996.1	0	0
neutron	939.565	1.35424	99996.1	0	0
alpha	3727.38	6.40439	99996.1	0	0
alpha	3727.38	0.897935	99996.1	0	0
neutron	939.565	14.8925	99996	0	0
neutron	939.565	14.1329	99996	0	0
Be8	7454.85	5.62842	99996	0	0
neutron	939.565	0.284097	99996	0	0
B11	10252.5	0.406068	99996	0	0
neutron	939.565	20.579	99996	0	0
neutron	939.565	1.02248	99996	0	0
alpha	3727.38	15.8353	99996	0	0
alpha	3727.38	10.7616	99996	0	0
neutron	939.565	1.3861	99996.1	0	0
B11	10252.5	0.64699	99996.1	0	0
neutron	939.565	4.01011	99996.2	0	0
Be10	9325.5	0.785591	99996.2	0	0
neutron	939.565	29.8879	99995.9	0	0
neutron	939.565	2.9802	99995.9	0	0
Be8	7454.85	1.17978	99995.9	0	0
Be10	9325.5	2.46778	99996.2	0	0
neutron	939.565	28.2685	99996	0	0
neutron	939.565	8.90461	99996	0	0
Be8	7454.85	2.72852	99996	0	0
neutron	939.565	9.8342	99996	0	0
neutron	939.565	9.03483	99996	0	0
neutron	939.565	7.6033	99996	0	0
alpha	3727.38	5.26808	99996	0	0
alpha	3727.38	1.89204	99996	0	0
neutron	939.565	5.72034	99996.2	0	0
Be10	9325.5	1.55195	99996.2	0	0
neutron	939.565	11.195	99996.2	0	0
neutron	939.565	1.73199	99996.2	0	0
Be9	8392.75	0.186412	99996.2	0	0
neutron	939.565	38.4969	99996.1	0	0
neutron	939.565	6.63446	99996.1	0	0
Be8	7454.85	5.90779	99996.1	0	0
neutron	939.565	5.18724	99996.1	0	0
neutron	939.565	4.69081	99996.1	0	0
neutron	939.565	1.99968	99996.1	0	0
alpha	3727.38	1.60246	99996.1	0	0
alpha	3727.38	2.23998	99996.1	0	0
neutron	939.565	5.6948	99996.1	0	0
B11	10252.5	0.394309	99996.1	0	0
neutron	939.565	11.7321	99996.2	0	0
B11	10252.5	0.768726	99996.2	0	0
neutron	939.565	18.0479	99996.2	0	0
neutron	939.565	2.40851	99996.2	0	0
alpha	3727.38	6.81353	99996.2	0	0
alpha	3727.38	3.53054	99996.2	0	0
neutron	939.565	24.2245	99996.1	0	0
neutron	939.565	5.20805	99996.1	0	0
Be8	7454.85	3.79779	99996.1	0	0
neutron	939.565	7.74804	99996.1	0	0
B11	10252.5	0.96041	99996.1	0	0
neutron	939.565	4.27328	99996.1	0	0
alpha	3727.38	2.57147	99996.1	0	0
alpha	3727.38	4.69044	99996.1	0	0
neutron	939.565	2.72995	99996.1	0	0
Be8	7454.85	0.849272	99996.1	0	0
neutron	939.565	0.768372	99996.2	0	0
B11	10252.5	0.28358	99996.2	0	0
neutron	939.565	3.46594	99996	0	0
B11	10252.5	0.933593	99996	0	0
neutron	939.565	5.0303	99996.1	0	0
Be8	7454.85	3.15374	99996.1	0	0
neutron	939.565	7.05122	99996	0	0
Be10	9325.5	1.20441	99996	0	0
neutron	939.565	3.77999	99996.1	0	0
B11	10252.5	0.344331	99996.1	0	0
neutron	939.565	37.6141	99996.1	0	0
neutron	939.565	13.2423	99996.1	0	0
neutron	939.565	0.379684	99996.1	0	0
Be8	7454.85	3.98	99996.1	0	0
neutron	939.565	31.6668	99996.2	0	0
neutron	939.565	4.31	99996.2	0	0
neutron	939.565	2.11986	99996.2	0	0
Be8	7454.85	3.20267	99996.2	0	0
neutron	939.565	6.12206	99996.2	0	0
Be10	9325.5	0.0508008	99996.2	0	0
neutron	939.565	9.41559	99996.2	0	0
neutron	939.565	0.404446	99996.2	0	0
B10	9324.44	1.644	99996.2	0	0
neutron	939.565	8.76098	99996.1	0	0
neutron	939.565	0.355691	99996.1	0	0
B10	9324.44	0.386844	99996.1	0	0
B12	11188.7	0.324259	99996.1	0	0
neutron	939.565	0.0965546	99996	0	0
Be8	7454.85	4.27008	99996	0	0
neutron	939.565	6.71231	99996.2	0	0
B11	10252.5	1.45077	99996.2	0	0
neutron	939.565	7.44888	99996.2	0	0
Be8	7454.85	0.817676	99996.2	0	0
neutron	939.565	6.2313	99996.2	0	0
neutron	939.565	3.44993	99996.2	0	0
neutron	939.565	1.80744	99996.2	0	0
Be8	7454.85	0.529366	99996.2	0	0
Be10	9325.5	0.372477	99996.1	0	0
neutron	939.565	30.781	99996	0	0
neutron	939.565	2.09267	99996	0	0
alpha	3727.38	8.68828	99996	0	0
alpha	3727.38	4.67237	99996	0	0
neutron	939.565	34.7495	99996.2	0	0
neutron	939.565	4.13899	99996.2	0	0
neutron	939.565	0.361683	99996.2	0	0
Be8	7454.85	1.49465	99996.2	0	0
neutron	939.565	7.46208	99996.1	0	0
Be10	9325.5	0.0925312	99996.1	0	0
neutron	939.565	5.43163	99996.2	0	0
neutron	939.565	2.10985	99996.2	0	0
neutron	939.565	1.19003	99996.2	0	0
alpha	3727.38	2.64908	99996.2	0	0
alpha	3727.38	3.51614	99996.2	0	0
neutron	939.565	2.71021	99996	0	0
Be9	8392.75	2.98912	99996	0	0
neutron	939.565	9.26417	99996.2	0	0
neutron	939.565	4.9702	99996.2	0	0
alpha	3727.38	3.64724	99996.2	0	0
alpha	3727.38	5.58328	99996.2	0	0
neutron	939.565	4.76042	99996.3	0	0
neutron	939.565	0.949854	99996.3	0	0
B10	9324.44	0.466002	99996.3	0	0
neutron	939.565	22.1149	99996.4	0	0
neutron	939.565	19.3676	99996.4	0	0
Be8	7454.85	6.78898	99996.4	0	0
neutron	939.565	31.0313	99996.1	0	0
alpha	3727.38	1.88312	99996.1	0	0
alpha	3727.38	22.6637	99996.1	0	0
neutron	939.565	14.517	99996.5	0	0
alpha	3727.38	9.60545	99996.5	0	0
alpha	3727.38	2.74868	99996.5	0	0
neutron	939.565	5.37875	99996.1	0	0
B11	10252.5	0.746252	99996.1	0	0
neutron	939.565	9.06626	99996.1	0	0
neutron	939.565	4.18013	99996.1	0	0
B10	9324.44	0.171907	99996.1	0	0
neutron	939.565	3.85105	99996.1	0	0
B11	10252.5	0.979481	99996.1	0	0
neutron	939.565	4.04808	99996	0	0
neutron	939.565	0.462419	99996	0	0
B10	9324.44	0.724632	99996	0	0
neutron	939.565	9.30847	99996.3	0	0
neutron	939.565	2.71961	99996.3	0	0
B10	9324.44	2.05028	99996.3	0	0
neutron	939.565	10.9316	99996.3	0	0
B11	10252.5	1.10701	99996.3	0	0
neutron	939.565	8.67627	99996.3	0	0
alpha	3727.38	5.44261	99996.3	0	0
Li7	6533.83	1.84309	99996.3	0	0
neutron	939.565	14.6428	99996.2	0	0
B11	10252.5	1.64137	99996.2	0	0
neutron	939.565	9.02091	99996.1	0	0
alpha	3727.38	5.64445	99996.1	0	0
Li7	6533.83	1.70866	99996.1	0	0
neutron	939.565	3.73239	99996.2	0	0
neutron	939.565	0.630481	99996.2	0	0
B10	9324.44	0.711699	99996.2	0	0
neutron	939.565	5.59381	99996.1	0	0
B11	10252.5	1.03354	99996.1	0	0
neutron	939.565	4.32905	99996.1	0	0
Be10	9325.5	1.95523	99996.1	0	0
neutron	939.565	4.46032	99996.1	0	0
B11	10252.5	1.36133	99996.1	0	0
neutron	939.565	11.489	99996	0	0
neutron	939.565	10.343	99996	0	0
neutron	939.565	3.20703	99996	0	0
alpha	3727.38	2.74043	99996	0	0
alpha	3727.38	2.68342	99996	0	0
neutron	939.565	5.91812	99996.2	0	0
neutron	939.565	1.11371	99996.2	0	0
B10	9324.44	0.833411	99996.2	0	0
neutron	939.565	22.6991	99996.1	0	0
neutron	939.565	9.4764	99996.1	0	0
neutron	939.565	5.58887	99996.1	0	0
alpha	3727.38	3.00589	99996.1	0	0
alpha	3727.38	9.13613	99996.1	0	0
neutron	939.565	5.43322	99996.1	0	0
B11	10252.5	1.41765	99996.1	0	0
neutron	939.565	2.11072	99996.1	0	0
neutron	939.565	0.524447	99996.1	0	0
Be9	8392.75	2.60647	99996.1	0	0
neutron	939.565	25.6849	99996.2	0	0
neutron	939.565	10.3568	99996.2	0	0
alpha	3727.38	8.60615	99996.2	0	0
alpha	3727.38	1.52811	99996.2	0	0
neutron	939.565	9.49329	99996.1	0	0
neutron	939.565	0.124163	99996.1	0	0
Be9	8392.75	1.86134	99996.1	0	0
neutron	939.565	2.32746	99996.3	0	0
Be8	7454.85	1.97133	99996.3	0	0
neutron	939.565	11.3012	99996	0	0
neutron	939.565	7.92108	99996	0	0
neutron	939.565	4.37749	99996	0	0
alpha	3727.38	5.37363	99996	0	0
alpha	3727.38	1.6	99996	0	0
neutron	939.565	19.9197	99996.1	0	0
neutron	939.565	4.35733	99996.1	0	0
neutron	939.565	2.03899	99996.1	0	0
He3	2808.39	10.0389	99996.1	0	0
alpha	3727.38	0.772201	99996.1	0	0
Be11	10264.6	2.44513	99997.3	0	0
neutron	939.565	1.66424	99996.1	0	0
neutron	939.565	0.154021	99996.1	0	0
B10	9324.44	0.0321106	99996.1	0	0
neutron	939.565	9.74306	99996.3	0	0
B11	10252.5	0.989295	99996.3	0	0
neutron	939.565	2.48181	99996.2	0	0
neutron	939.565	0.792398	99996.2	0	0
Be8	7454.85	2.61624	99996.2	0	0
neutron	939.565	2.58981	99996.1	0	0
Be8	7454.85	0.138978	99996.1	0	0
neutron	939.565	1.35643	99996.2	0	0
neutron	939.565	1.01973	99996.2	0	0
B10	9324.44	0.285221	99996.2	0	0
neutron	939.565	1.74639	99996	0	0
B11	10252.5	0.0424186	99996	0	0
neutron	939.565	1.46234	99996.1	0	0
B11	10252.5	0.601074	99996.1	0	0
neutron	939.565	10.7025	99996.1	0	0
B11	10252.5	1.37107	99996.1	0	0
neutron	939.565	2.10384	99996.1	0	0
neutron	939.565	1.73523	99996.1	0	0
Be8	7454.85	0.975933	99996.1	0	0
neutron	939.565	6.06967	99996	0	0
B11	10252.5	1.54512	99996	0	0
neutron	939.565	4.3987	99996.1	0	0
Be8	7454.85	0.339401	99996.1	0	0
neutron	939.565	2.54826	99996.3	0	0
Be10	9325.5	0.51361	99996.3	0	0
neutron	939.565	3.265	99996.1	0	0
neutron	939.565	2.3598	99996.1	0	0
alpha	3727.38	3.26265	99996.1	0	0
alpha	3727.38	5.40559	99996.1	0	0
neutron	939.565	7.45837	99996	0	0
neutron	939.565	1.33529	99996	0	0
neutron	939.565	1.15358	99996	0	0
alpha	3727.38	1.87279	99996	0	0
alpha	3727.38	7.14467	99996	0	0
neutron	939.565	9.65869	99996	0	0
Be10	9325.5	0.921616	99996	0	0
neutron	939.565	30.7673	99996.1	0	0
neutron	939.565	9.11438	99996.1	0	0
alpha	3727.38	0.318277	99996.1	0	0
alpha	3727.38	7.2749	99996.1	0	0
neutron	939.565	17.7001	99996.2	0	0
neutron	939.565	3.2824	99996.2	0	0
alpha	3727.38	4.61531	99996.2	0	0
alpha	3727.38	6.09779	99996.2	0	0
neutron	939.565	4.78977	99996.1	0	0
neutron	939.565	2.44949	99996.1	0	0
neutron	939.565	1.08316	99996.1	0	0
Be8	7454.85	0.517661	99996.1	0	0
neutron	939.565	2.86044	99996.3	0	0
B11	10252.5	0.413218	99996.3	0	0
neutron	939.565	0.685691	99996	0	0
alpha	3727.38	6.29572	99996	0	0
alpha	3727.38	5.06833	99996	0	0
neutron	939.565	3.67228	99996.1	0	0
neutron	939.565	1.91879	99996.1	0	0
B10	9324.44	0.79003	99996.1	0	0
neutron	939.565	33.0853	99996.2	0	0
neutron	939.565	3.16238	99996.2	0	0
Be9	8392.75	1.21294	99996.2	0	0
neutron	939.565	22.8369	99996.4	0	0
neutron	939.565	2.04593	99996.4	0	0
neutron	939.565	2.00504	99996.4	0	0
alpha	3727.38	3.71682	99996.4	0	0
alpha	3727.38	8.22606	99996.4	0	0
neutron	939.565	19.2192	99995.9	0	0
neutron	939.565	3.08187	99995.9	0	0
neutron	939.565	0.830333	99995.9	0	0
Be8	7454.85	0.120999	99995.9	0	0
neutron	939.565	11.156	99996.2	0	0
B11	10252.5	0.271378	99996.2	0	0
neutron	939.565	6.99526	99996.2	0	0
Be10	9325.5	1.27471	99996.2	0	0
neutron	939.565	1.31595	99996.3	0	0
B11	10252.5	0.509467	99996.3	0	0
Be10	9325.5	1.78402	99996.2	0	0
neutron	939.565	3.63193	99996	0	0
neutron	939.565	1.95274	99996	0	0
Be9	8392.75	2.13392	99996	0	0
neutron	939.565	21.3207	99996.2	0	0
neutron	939.565	5.115	99996.2	0	0
B10	9324.44	0.563161	99996.2	0	0
neutron	939.565	1.54813	99996	0	0
B11	10252.5	0.853076	99996	0	0
neutron	939.565	3.26926	99996.2	0	0
Be8	7454.85	1.88927	99996.2	0	0
neutron	939.565	4.88045	99996	0	0
neutron	939.565	0.546405	99996	0	0
neutron	939.565	0.126472	99996	0	0
alpha	3727.38	0.247275	99996	0	0
neutron	939.565	10.3187	99996.2	0	0
neutron	939.565	6.91706	99996.2	0	0
Be8	7454.85	1.80554	99996.2	0	0
neutron	939.565	2.03123	99995.9	0	0
Be9	8392.75	3.36497	99995.9	0	0
neutron	939.565	2.23934	99996.3	0	0
Be8	7454.85	1.55772	99996.3	0	0
neutron	939.565	3.06404	99996.1	0	0
neutron	939.565	2.32439	99996.1	0	0
Be8	7454.85	5.56069	99996.1	0	0
neutron	939.565	19.5501	99996.2	0	0
B11	10252.5	2.79599	99996.2	0	0
neutron	939.565	1.29466	99996	0	0
neutron	939.565	0.421835	99996	0	0
Be8	7454.85	3.96947	99996	0	0
B12	11188.7	0.366441	99996	0	0
neutron	939.565	8.19515	99996.5	0	0
neutron	939.565	3.17696	99996.5	0	0
B10	9324.44	1.10281	99996.5	0	0
neutron	939.565	5.92212	99996	0	0
Be10	9325.5	4.01362	99996	0	0
neutron	939.565	2.2494	99996.1	0	0
B11	10252.5	0.841328	99996.1	0	0
neutron	939.565	8.44449	99996.2	0	0
B11	10252.5	1.32569	99996.2	0	0
neutron	939.565	17.284	99996.2	0	0
neutron	939.565	8.34584	99996.2	0	0
B10	9324.44	3.40325	99996.2	0	0
neutron	939.565	6.14469	99998.3	0	0
neutron	939.565	4.31914	99998.3	0	0
Be8	7454.85	0.870082	99998.3	0	0
neutron	939.565	0.218384	99996.1	0	0
B11	10252.5	0.33385	99996.1	0	0
neutron	939.565	0.962844	99996.1	0	0
B11	10252.5	0.0967132	99996.1	0	0
neutron	939.565	10.4577	99996	0	0
Be10	9325.5	0.688277	99996	0	0
neutron	939.565	2.70577	99996.1	0	0
B11	10252.5	0.797084	99996.1	0	0
neutron	939.565	8.21246	99996.2	0	0
neutron	939.565	5.57563	99996.2	0	0
alpha	3727.38	6.13451	99996.2	0	0
alpha	3727.38	3.30799	99996.2	0	0
neutron	939.565	7.9862	99996	0	0
neutron	939.565	5.07601	99996	0	0
Be8	7454.85	0.246063	99996	0	0
neutron	939.565	29.7454	99996.1	0	0
neutron	939.565	22.1519	99996.1	0	0
Be8	7454.85	6.36946	99996.1	0	0
neutron	939.565	3.45789	99996.1	0	0
B11	10252.5	0.907649	99996.1	0	0
neutron	939.565	4.34852	99995.9	0	0
Be10	9325.5	0.185958	99995.9	0	0
neutron	939.565	4.90558	99996.3	0	0
neutron	939.565	2.21847	99996.3	0	0
B10	9324.44	1.21125	99996.3	0	0
neutron	939.565	3.99242	99996.2	0	0
B11	10252.5	1.183	99996.2	0	0
neutron	939.565	7.36196	99996.4	0	0
neutron	939.565	4.18244	99996.4	0	0
Be8	7454.85	1.48981	99996.4	0	0
neutron	939.565	17.0973	99996.1	0	0
Be8	7454.85	4.52128	99996.1	0	0
neutron	939.565	3.34739	99996.2	0	0
B11	10252.5	1.18137	99996.2	0	0
neutron	939.565	13.5946	99996.1	0	0
neutron	939.565	5.7622	99996.1	0	0
B10	9324.44	1.56053	99996.1	0	0
neutron	939.565	1.81461	99996.1	0	0
neutron	939.565	0.770524	99996.1	0	0
Be8	7454.85	0.824128	99996.1	0	0
neutron	939.565	4.15995	99996.1	0	0
B11	10252.5	1.32777	99996.1	0	0
neutron	939.565	7.31511	99996	0	0
B11	10252.5	0.869166	99996	0	0
neutron	939.565	6.02823	99996.1	0	0
neutron	939.565	3.05873	99996.1	0	0
neutron	939.565	1.83424	99996.1	0	0
Be8	7454.85	2.22717	99996.1	0	0
B12	11188.7	0.35819	99996	0	0
B12	11188.7	0.359559	99996.2	0	0
neutron	939.565	2.79997	99996.3	0	0
Be10	9325.5	1.02133	99996.3	0	0
B12	11188.7	0.349605	99996.2	0	0
neutron	939.565	2.78443	99996.1	0	0
B11	10252.5	1.15643	99996.1	0	0
neutron	939.565	1.37094	99996.1	0	0
neutron	939.565	0.743054	99996.1	0	0
alpha	3727.38	0.681533	99996.1	0	0
alpha	3727.38	5.13469	99996.1	0	0
neutron	939.565	1.00556	99995.9	0	0
B11	10252.5	0.708758	99995.9	0	0
neutron	939.565	1.54512	99996.1	0	0
Be9	8392.75	5.51626	99996.1	0	0
neutron	939.565	5.38936	99996.2	0	0
Be10	9325.5	0.67312	99996.2	0	0
neutron	939.565	5.70473	99996.1	0	0
Be10	9325.5	1.93388	99996.1	0	0
neutron	939.565	15.8097	99996.3	0	0
neutron	939.565	8.93129	99996.3	0	0
neutron	939.565	0.487722	99996.3	0	0
Be8	7454.85	1.2816	99996.3	0	0
neutron	939.565	4.47898	99996.1	0	0
Be8	7454.85	0.0949581	99996.1	0	0
neutron	939.565	16.5674	99996.3	0	0
alpha	3727.38	8.83815	99996.3	0	0
alpha	3727.38	6.75512	99996.3	0	0
B12	11188.7	0.360654	99996.1	0	0
neutron	939.565	20.7413	99996.2	0	0
neutron	939.565	2.72203	99996.2	0	0
neutron	939.565	1.64362	99996.2	0	0
alpha	3727.38	5.38983	99996.2	0	0
alpha	3727.38	6.28546	99996.2	0	0
neutron	939.565	6.1734	99996.5	0	0
B11	10252.5	1.68145	99996.5	0	0
neutron	939.565	42.9751	99996.2	0	0
neutron	939.565	0.584467	99996.2	0	0
Be9	8392.75	10.0836	99996.2	0	0
neutron	939.565	1.93692	99996.1	0	0
neutron	939.565	1.12433	99996.1	0	0
B10	9324.44	0.539892	99996.1	0	0
neutron	939.565	22.9155	99996.1	0	0
neutron	939.565	6.41432	99996.1	0	0
neutron	939.565	0.416023	99996.1	0	0
Be8	7454.85	4.09026	99996.1	0	0
B12	11188.7	0.372034	99996.3	0	0
neutron	939.565	14.5138	99996	0	0
B11	10252.5	2.09647	99996	0	0
neutron	939.565	20.224	99996.4	0	0
neutron	939.565	6.01888	99996.4	0	0
neutron	939.565	2.34445	99996.4	0	0
Be8	7454.85	4.99721	99996.4	0	0
neutron	939.565	17.4771	99996.2	0	0
neutron	939.565	3.89897	99996.2	0	0
neutron	939.565	1.38181	99996.2	0	0
alpha	3727.38	1.86101	99996.2	0	0
alpha	3727.38	4.56763	99996.2	0	0
neutron	939.565	11.0101	99996	0	0
neutron	939.565	3.09587	99996	0	0
neutron	939.565	0.0308094	99996	0	0
Be8	7454.85	1.64299	99996	0	0
neutron	939.565	6.51865	99996.1	0	0
neutron	939.565	0.511197	99996.1	0	0
Be8	7454.85	0.868703	99996.1	0	0
neutron	939.565	8.02432	99996.1	0	0
alpha	3727.38	5.39197	99996.1	0	0
Li7	6533.83	2.32459	99996.1	0	0
neutron	939.565	12.7609	99996.3	0	0
alpha	3727.38	23.3829	99996.3	0	0
alpha	3727.38	6.47662	99996.3	0	0
neutron	939.565	6.22078	99996.1	0	0
alpha	3727.38	2.77556	99996.1	0	0
alpha	3727.38	5.25885	99996.1	0	0
Be10	9325.5	3.88918	99996.4	0	0
neutron	939.565	3.22397	99996.2	0	0
neutron	939.565	0.858028	99996.2	0	0
Be8	7454.85	1.59268	99996.2	0	0
neutron	939.565	13.6838	99996.2	0	0
neutron	939.565	2.43405	99996.2	0	0
neutron	939.565	1.93383	99996.2	0	0
alpha	3727.38	12.531	99996.2	0	0
alpha	3727.38	6.74365	99996.2	0	0
neutron	939.565	5.22678	99996	0	0
B11	10252.5	0.635668	99996	0	0
B12	11188.7	0.338059	99996.1	0	0
neutron	939.565	7.17256	99996.1	0	0
alpha	3727.38	6.03279	99996.1	0	0
alpha	3727.38	5.39848	99996.1	0	0
neutron	939.565	3.43457	99996.2	0	0
neutron	939.565	0.702283	99996.2	0	0
Be9	8392.75	3.8616	99996.2	0	0
neutron	939.565	1.98697	99996.2	0	0
neutron	939.565	1.41139	99996.2	0	0
B10	9324.44	1.26096	99996.2	0	0
neutron	939.565	8.04503	99996	0	0
neutron	939.565	5.62862	99996	0	0
neutron	939.565	2.99736	99996	0	0
alpha	3727.38	3.71453	99996	0	0
alpha	3727.38	3.17754	99996	0	0
neutron	939.565	4.88508	99996	0	0
neutron	939.565	2.09766	99996	0	0
neutron	939.565	0.270685	99996	0	0
Be8	7454.85	2.7864	99996	0	0
neutron	939.565	1.3705	99996	0	0
neutron	939.565	0.945427	99996	0	0
B11	10252.5	0.500927	99996	0	0
neutron	939.565	6.09641	99996.2	0	0
neutron	939.565	4.57661	99996.2	0	0
neutron	939.565	2.10676	99996.2	0	0
alpha	3727.38	3.46577	99996.2	0	0
alpha	3727.38	0.594129	99996.2	0	0
neutron	939.565	25.1314	99996	0	0
Be9	8392.75	3.537	99996	0	0
neutron	939.565	17.5649	99996	0	0
neutron	939.565	4.18095	99996	0	0
neutron	939.565	2.31697	99996	0	0
Be8	7454.85	2.08564	99996	0	0
B12	11188.7	0.350957	99996.1	0	0
neutron	939.565	3.42483	99996.2	0	0
B11	10252.5	0.0320591	99996.2	0	0
neutron	939.565	7.02955	99996.1	0	0
neutron	939.565	2.15458	99996.1	0	0
Be8	7454.85	0.516213	99996.1	0	0
neutron	939.565	9.9947	99996.2	0	0
neutron	939.565	2.00763	99996.2	0	0
neutron	939.565	0.942645	99996.2	0	0
Be8	7454.85	1.01657	99996.2	0	0
neutron	939.565	24.3778	99996.1	0	0
neutron	939.565	1.64575	99996.1	0	0
Be8	7454.85	8.22312	99996.1	0	0
neutron	939.565	32.6446	99996.1	0	0
Be10	9325.5	0.836399	99996.1	0	0
neutron	939.565	1.77838	99996	0	0
B11	10252.5	0.258677	99996	0	0
neutron	939.565	15.1749	99996.1	0	0
Be8	7454.85	2.95292	99996.1	0	0
neutron	939.565	2.92298	99995.9	0	0
B11	10252.5	0.165811	99995.9	0	0
neutron	939.565	2.09522	99996.2	0	0
B11	10252.5	0.905895	99996.2	0	0
neutron	939.565	9.07473	99996.3	0	0
Be8	7454.85	6.3418	99996.3	0	0
neutron	939.565	0.190307	99996.1	0	0
B11	10252.5	0.330946	99996.1	0	0
neutron	939.565	0.588354	99996.4	0	0
B11	10252.5	0.679898	99996.4	0	0
neutron	939.565	1.57445	99996.1	0	0
alpha	3727.38	3.69471	99996.1	0	0
alpha	3727.38	6.64046	99996.1	0	0
neutron	939.565	21.4654	99996.2	0	0
neutron	939.565	10.6409	99996.2	0	0
Be8	7454.85	0.525627	99996.2	0	0
neutron	939.565	25.8442	99995.9	0	0
neutron	939.565	8.87844	99995.9	0	0
neutron	939.565	1.64549	99995.9	0	0
alpha	3727.38	8.6936	99995.9	0	0
alpha	3727.38	2.83911	99995.9	0	0
neutron	939.565	0.567687	99996.2	0	0
B11	10252.5	0.220094	99996.2	0	0
B12	11188.7	0.360126	99995.9	0	0
neutron	939.565	4.05454	99996.1	0	0
neutron	939.565	2.80343	99996.1	0	0
alpha	3727.38	2.07389	99996.1	0	0
Be9	8392.75	1.29043	99996.2	0	0
neutron	939.565	9.31493	99996	0	0
neutron	939.565	4.12496	99996	0	0
B10	9324.44	1.11465	99996	0	0
neutron	939.565	3.08271	99996.2	0	0
alpha	3727.38	8.46634	99996.2	0	0
alpha	3727.38	7.29164	99996.2	0	0
neutron	939.565	6.21353	99996.2	0	0
neutron	939.565	2.52757	99996.2	0	0
neutron	939.565	2.25614	99996.2	0	0
alpha	3727.38	5.46676	99996.2	0	0
alpha	3727.38	3.66707	99996.2	0	0
neutron	939.565	7.13714	99996.2	0	0
B11	10252.5	0.209308	99996.2	0	0
neutron	939.565	7.21435	99996	0	0
neutron	939.565	0.605509	99996	0	0
B10	9324.44	0.472199	99996	0	0
neutron	939.565	9.45877	99996.3	0	0
neutron	939.565	2.11726	99996.3	0	0
neutron	939.565	0.314101	99996.3	0	0
alpha	3727.38	4.60558	99996.3	0	0
alpha	3727.38	1.81909	99996.3	0	0
neutron	939.565	0.297106	99996.2	0	0
Be9	8392.75	0.645273	99996.2	0	0
neutron	939.565	8.77331	99996	0	0
neutron	939.565	3.60978	99996	0	0
B10	9324.44	0.418832	99996	0	0
neutron	939.565	0.927022	99996.2	0	0
B11	10252.5	0.344408	99996.2	0	0
neutron	939.565	30.9413	99996.1	0	0
neutron	939.565	7.53303	99996.1	0	0
alpha	3727.38	3.04962	99996.1	0	0
alpha	3727.38	6.15812	99996.1	0	0
neutron	939.565	4.71032	99996.6	0	0
B11	10252.5	1.1112	99996.6	0	0
neutron	939.565	17.3167	99996.2	0	0
alpha	3727.38	2.03797	99996.2	0	0
alpha	3727.38	8.26782	99996.2	0	0
neutron	939.565	9.71443	99996.3	0	0
neutron	939.565	9.41949	99996.3	0	0
Be9	8392.75	6.66359	99996.3	0	0
neutron	939.565	3.30436	99996.1	0	0
B11	10252.5	0.80428	99996.1	0	0
neutron	939.565	1.821	99996.1	0	0
B11	10252.5	0.257283	99996.1	0	0
neutron	939.565	4.14984	99996.1	0	0
B11	10252.5	0.203536	99996.1	0	0
neutron	939.565	0.867756	99996	0	0
neutron	939.565	0.294915	99996	0	0
alpha	3727.38	7.84656	99996	0	0
alpha	3727.38	3.20074	99996	0	0
neutron	939.565	9.55545	99996.2	0	0
neutron	939.565	1.52674	99996.2	0	0
B10	9324.44	1.38868	99996.2	0	0
neutron	939.565	23.1322	99996	0	0
neutron	939.565	8.57484	99996	0	0
Be8	7454.85	0.974077	99996	0	0
neutron	939.565	3.98869	99996.4	0	0
neutron	939.565	2.39045	99996.4	0	0
alpha	3727.38	9.01426	99996.4	0	0
alpha	3727.38	0.771811	99996.4	0	0
neutron	939.565	8.89471	99996.2	0	0
Be10	9325.5	0.706724	99996.2	0	0
neutron	939.565	8.95872	99996.3	0	0
neutron	939.565	1.33148	99996.3	0	0
B10	9324.44	1.00469	99996.3	0	0
neutron	939.565	5.00323	99996	0	0
neutron	939.565	0.824879	99996	0	0
B10	9324.44	1.10624	99996	0	0
neutron	939.565	1.63031	99996.2	0	0
Be10	9325.5	0.416879	99996.2	0	0
neutron	939.565	12.1551	99996	0	0
neutron	939.565	0.939472	99996	0	0
alpha	3727.38	2.22063	99996	0	0
alpha	3727.38	10.0697	99996	0	0
neutron	939.565	11.261	99995.9	0	0
Be8	7454.85	1.71711	99995.9	0	0
neutron	939.565	3.49313	99996.1	0	0
Be10	9325.5	0.547409	99996.1	0	0
neutron	939.565	4.5716	99996.5	0	0
B11	10252.5	0.328789	99996.5	0	0
neutron	939.565	4.51886	99996.3	0	0
B11	10252.5	0.246523	99996.3	0	0
neutron	939.565	31.5551	99996	0	0
alpha	3727.38	4.13608	99996	0	0
alpha	3727.38	9.16909	99996	0	0
neutron	939.565	40.9255	99996.1	0	0
Be10	9325.5	6.2491	99996.1	0	0
neutron	939.565	9.40793	99996.1	0	0
alpha	3727.38	2.95804	99996.1	0	0
Li7	6533.83	3.71105	99996.1	0	0
neutron	939.565	12.921	99996.2	0	0
Be10	9325.5	0.716871	99996.2	0	0
neutron	939.565	14.386	99996.2	0	0
B11	10252.5	1.39454	99996.2	0	0
neutron	939.565	5.04532	99996.2	0	0
neutron	939.565	2.18265	99996.2	0	0
neutron	939.565	0.487364	99996.2	0	0
Be8	7454.85	0.912891	99996.2	0	0
neutron	939.565	7.39725	99996.1	0	0
Be8	7454.85	2.73251	99996.1	0	0
neutron	939.565	11.5459	99996	0	0
neutron	939.565	3.92007	99996	0	0
B10	9324.44	1.59157	99996	0	0
neutron	939.565	2.94907	99996.2	0	0
neutron	939.565	2.32243	99996.2	0	0
B10	9324.44	0.524481	99996.2	0	0
neutron	939.565	14.7785	99996.1	0	0
neutron	939.565	13.9666	99996.1	0	0
B10	9324.44	2.72125	99996.1	0	0
neutron	939.565	9.28563	99996.1	0	0
neutron	939.565	5.18857	99996.1	0	0
B10	9324.44	1.44175	99996.1	0	0
neutron	939.565	0.731832	99996.1	0	0
alpha	3727.38	5.86566	99996.1	0	0
Li7	6533.83	3.12738	99996.1	0	0
neutron	939.565	8.68198	99995.9	0	0
neutron	939.565	4.90484	99995.9	0	0
neutron	939.565	2.87242	99995.9	0	0
alpha	3727.38	2.1131	99995.9	0	0
alpha	3727.38	3.57432	99995.9	0	0
neutron	939.565	2.53336	99996.3	0	0
B11	10252.5	0.619887	99996.3	0	0
neutron	939.565	0.767207	99996.4	0	0
B11	10252.5	0.462268	99996.4	0	0
neutron	939.565	10.6641	99996.2	0	0
neutron	939.565	7.72651	99996.2	0	0
neutron	939.565	5.44334	99996.2	0	0
alpha	3727.38	5.17179	99996.2	0	0
alpha	3727.38	1.52542	99996.2	0	0
neutron	939.565	5.8809	99996.1	0	0
alpha	3727.38	7.2453	99996.1	0	0
alpha	3727.38	2.08767	99996.1	0	0
B12	11188.7	0.353075	99996.2	0	0
neutron	939.565	2.35525	99996	0	0
Be10	9325.5	0.0778395	99996	0	0
neutron	939.565	27.0281	99996.1	0	0
neutron	939.565	1.71889	99996.1	0	0
neutron	939.565	1.18801	99996.1	0	0
Be8	7454.85	1.77371	99996.1	0	0
neutron	939.565	15.1281	99996	0	0
neutron	939.565	6.35715	99996	0	0
neutron	939.565	1.75392	99996	0	0
alpha	3727.38	5.78159	99996	0	0
alpha	3727.38	13.1681	99996	0	0
neutron	939.565	0.823476	99996.2	0	0
Be8	7454.85	2.54453	99996.2	0	0
neutron	939.565	6.75047	99996	0	0
neutron	939.565	0.10801	99996	0	0
Be9	8392.75	6.25031	99996	0	0
neutron	939.565	5.09539	99996.3	0	0
B11	10252.5	0.225532	99996.3	0	0
neutron	939.565	17.7601	99996.2	0	0
neutron	939.565	7.88177	99996.2	0	0
alpha	3727.38	0.776715	99996.2	0	0
alpha	3727.38	7.82998	99996.2	0	0
neutron	939.565	22.6058	99996	0	0
neutron	939.565	2.17708	99996	0	0
Be9	8392.75	4.95766	99996	0	0
neutron	939.565	8.9986	99996	0	0
B11	10252.5	1.17983	99996	0	0
neutron	939.565	7.68965	99996.1	0	0
Be10	9325.5	0.177684	99996.1	0	0
neutron	939.565	9.5583	99996	0	0
alpha	3727.38	2.02585	99996	0	0
alpha	3727.38	4.62604	99996	0	0
neutron	939.565	0.391782	99996	0	0
Be10	9325.5	0.0432285	99996	0	0
neutron	939.565	0.260337	99996.1	0	0
neutron	939.565	0.115605	99996.1	0	0
B10	9324.44	0.342226	99996.1	0	0
alpha	3727.38	2.5179	99996.1	0	0
Li8	7471.37	2.98025	99996.1	0	0
neutron	939.565	23.7519	99996.3	0	0
B11	10252.5	3.22275	99996.3	0	0
neutron	939.565	9.45095	99996.2	0	0
Be8	7454.85	1.57353	99996.2	0	0
neutron	939.565	2.94739	99996.2	0	0
B11	10252.5	0.372016	99996.2	0	0
neutron	939.565	36.1856	99996.2	0	0
neutron	939.565	16.4868	99996.2	0	0
neutron	939.565	4.73852	99996.2	0	0
Be8	7454.85	3.23782	99996.2	0	0
Be10	9325.5	1.76078	99996.2	0	0
neutron	939.565	6.47187	99996.1	0	0
neutron	939.565	2.71115	99996.1	0	0
B10	9324.44	0.17294	99996.1	0	0
neutron	939.565	17.2261	99996.1	0	0
B11	10252.5	1.03892	99996.1	0	0
neutron	939.565	1.85437	99996.1	0	0
B11	10252.5	0.351535	99996.1	0	0
neutron	939.565	3.16918	99996.2	0	0
Be9	8392.75	1.52623	99996.2	0	0
neutron	939.565	27.5483	99996	0	0
neutron	939.565	1.18022	99996	0	0
B10	9324.44	2.71336	99996	0	0
neutron	939.565	8.99903	99996	0	0
Be8	7454.85	2.1952	99996	0	0
neutron	939.565	35.1571	99996.1	0	0
neutron	939.565	2.29363	99996.1	0	0
Be8	7454.85	3.28071	99996.1	0	0
neutron	939.565	8.42093	99996	0	0
Be10	9325.5	1.03493	99996	0	0
neutron	939.565	12.3954	99996	0	0
neutron	939.565	0.853811	99996	0	0
alpha	3727.38	2.33851	99996	0	0
alpha	3727.38	2.27655	99996	0	0
B12	11188.7	0.363974	99996.1	0	0
neutron	939.565	1.95852	99996	0	0
Be9	8392.75	0.527433	99996	0	0
neutron	939.565	28.7486	99996.2	0	0
neutron	939.565	1.82843	99996.2	0	0
alpha	3727.38	2.82915	99996.2	0	0
alpha	3727.38	5.14754	99996.2	0	0
neutron	939.565	24.921	99996.1	0	0
neutron	939.565	17.7819	99996.1	0	0
Be8	7454.85	2.60433	99996.1	0	0
neutron	939.565	2.12638	99996.3	0	0
neutron	939.565	1.9551	99996.3	0	0
B10	9324.44	0.470823	99996.3	0	0
neutron	939.565	14.174	99996	0	0
neutron	939.565	6.85412	99996	0	0
Be9	8392.75	2.32258	99996	0	0
neutron	939.565	7.65672	99996.2	0	0
neutron	939.565	0.176737	99996.2	0	0
Be8	7454.85	1.83849	99996.2	0	0
neutron	939.565	0.0791786	99996.5	0	0
B11	10252.5	0.414664	99996.5	0	0
neutron	939.565	1.54143	99996	0	0
neutron	939.565	0.264898	99996	0	0
Be8	7454.85	2.19818	99996	0	0
neutron	939.565	2.17165	99995.9	0	0
B11	10252.5	0.205484	99995.9	0	0
neutron	939.565	6.60164	99996.1	0	0
neutron	939.565	2.39395	99996.1	0	0
neutron	939.565	1.59764	99996.1	0	0
Be8	7454.85	1.45165	99996.1	0	0
neutron	939.565	8.77194	99996.2	0	0
B11	10252.5	0.652722	99996.2	0	0
neutron	939.565	8.95913	99996.3	0	0
neutron	939.565	7.9427	99996.3	0	0
B10	9324.44	3.01237	99996.3	0	0
neutron	939.565	19.6116	99996.1	0	0
Li6	5601.52	6.98433	99996.1	0	0
neutron	939.565	22.1299	99996.2	0	0
Be10	9325.5	0.534863	99996.2	0	0
neutron	939.565	2.12603	99996.2	0	0
Be10	9325.5	3.20701	99996.2	0	0
neutron	939.565	5.78802	99996.3	0	0
neutron	939.565	2.38155	99996.3	0	0
Be9	8392.75	0.166159	99996.3	0	0
neutron	939.565	27.284	99996.1	0	0
neutron	939.565	3.53289	99996.1	0	0
alpha	3727.38	0.163776	99996.1	0	0
alpha	3727.38	8.32959	99996.1	0	0
B12	11188.7	0.365787	99996.1	0	0
neutron	939.565	5.11698	99996.1	0	0
neutron	939.565	4.02257	99996.1	0	0
neutron	939.565	2.27255	99996.1	0	0
alpha	3727.38	4.4507	99996.1	0	0
alpha	3727.38	8.30763	99996.1	0	0
neutron	939.565	2.75055	99996.3	0	0
B11	10252.5	0.303576	99996.3	0	0
neutron	939.565	4.57125	99996.1	0	0
alpha	3727.38	2.70091	99996.1	0	0
alpha	3727.38	2.88791	99996.1	0	0
neutron	939.565	1.40088	99996	0	0
B11	10252.5	0.283846	99996	0	0
neutron	939.565	8.0814	99996.1	0	0
alpha	3727.38	3.81852	99996.1	0	0
alpha	3727.38	10.9117	99996.1	0	0
neutron	939.565	5.78359	99996.1	0	0
neutron	939.565	0.893098	99996.1	0	0
Be9	8392.75	1.44889	99996.1	0	0
neutron	939.565	3.14052	99996.1	0	0
neutron	939.565	1.99924	99996.1	0	0
alpha	3727.38	6.7791	99996.1	0	0
alpha	3727.38	2.39299	99996.1	0	0
neutron	939.565	7.1965	99996.4	0	0
B11	10252.5	0.621882	99996.4	0	0
neutron	939.565	11.0144	99996	0	0
neutron	939.565	6.0577	99996	0	0
neutron	939.565	4.15358	99996	0	0
Be8	7454.85	2.30359	99996	0	0
neutron	939.565	10.348	99996.1	0	0
alpha	3727.38	3.07481	99996.1	0	0
Li7	6533.83	2.19097	99996.1	0	0
neutron	939.565	4.34441	99996.1	0	0
B11	10252.5	0.154923	99996.1	0	0
neutron	939.565	2.74353	99996.1	0	0
neutron	939.565	2.03015	99996.1	0	0
Be8	7454.85	2.67409	99996.1	0	0
neutron	939.565	1.80661	99996.1	0	0
B11	10252.5	0.389487	99996.1	0	0
neutron	939.565	1.31485	99996	0	0
Be10	9325.5	0.647115	99996	0	0
neutron	939.565	16.1937	99996.2	0	0
alpha	3727.38	4.16005	99996.2	0	0
alpha	3727.38	1.02001	99996.2	0	0
neutron	939.565	24.6824	99996.2	0	0
Be10	9325.5	5.53294	99996.2	0	0
neutron	939.565	1.06454	99996.1	0	0
alpha	3727.38	4.32767	99996.1	0	0
alpha	3727.38	4.45156	99996.1	0	0
neutron	939.565	1.15901	99996.1	0	0
B11	10252.5	0.799854	99996.1	0	0
neutron	939.565	6.92584	99996	0	0
alpha	3727.38	3.26626	99996	0	0
alpha	3727.38	6.43133	99996	0	0
neutron	939.565	0.122466	99996.1	0	0
Be9	8392.75	0.671997	99996.1	0	0
B12	11188.7	0.369029	99996.2	0	0
B12	11188.7	0.351825	99996.1	0	0
neutron	939.565	7.52497	99996.2	0	0
Be10	9325.5	1.8657	99996.2	0	0
neutron	939.565	6.46215	99996.1	0	0
B11	10252.5	0.715885	99996.1	0	0
B12	11188.7	0.35462	99996.2	0	0
neutron	939.565	10.5588	99996.1	0	0
neutron	939.565	6.72112	99996.1	0	0
B10	9324.44	1.11949	99996.1	0	0
neutron	939.565	17.8843	99996	0	0
neutron	939.565	3.86593	99996	0	0
neutron	939.565	1.40562	99996	0	0
Be8	7454.85	1.61356	99996	0	0
neutron	939.565	3.37011	99996	0	0
B11	10252.5	0.234809	99996	0	0
neutron	939.565	16.3456	99996.1	0	0
Be8	7454.85	2.70216	99996.1	0	0
neutron	939.565	9.84516	99996.2	0	0
neutron	939.565	7.98019	99996.2	0	0
Be8	7454.85	0.813728	99996.2	0	0
B12	11188.7	0.35718	99996	0	0
neutron	939.565	11.8907	99996.2	0	0
B11	10252.5	1.1538	99996.2	0	0
neutron	939.565	3.14179	99996.3	0	0
Be10	9325.5	2.22099	99996.3	0	0
neutron	939.565	7.12931	99996.2	0	0
neutron	939.565	6.64772	99996.2	0	0
Be8	7454.85	0.522403	99996.2	0	0
neutron	939.565	6.17891	99996.2	0	0
neutron	939.565	0.878956	99996.2	0	0
alpha	3727.38	6.26115	99996.2	0	0
alpha	3727.38	0.867243	99996.2	0	0
neutron	939.565	10.1182	99995.9	0	0
B11	10252.5	1.64657	99995.9	0	0
neutron	939.565	1.7968	99996.2	0	0
neutron	939.565	1.49965	99996.2	0	0
neutron	939.565	0.45636	99996.2	0	0
Be8	7454.85	1.92757	99996.2	0	0
B12	11188.7	0.364894	99996.1	0	0
neutron	939.565	7.3794	99996.3	0	0
neutron	939.565	3.6844	99996.3	0	0
neutron	939.565	2.18911	99996.3	0	0
Be8	7454.85	2.31283	99996.3	0	0
neutron	939.565	7.27108	99996.3	0	0
B11	10252.5	0.613239	99996.3	0	0
neutron	939.565	4.4834	99996.1	0	0
B11	10252.5	0.218804	99996.1	0	0
neutron	939.565	20.6394	99996.1	0	0
neutron	939.565	16.3762	99996.1	0	0
neutron	939.565	3.23067	99996.1	0	0
Be8	7454.85	0.787302	99996.1	0	0
neutron	939.565	19.3676	99996	0	0
alpha	3727.38	1.70982	99996	0	0
alpha	3727.38	4.12496	99996	0	0
neutron	939.565	11.4608	99996	0	0
B11	10252.5	0.991458	99996	0	0
neutron	939.565	10.1205	99996.2	0	0
B11	10252.5	0.384714	99996.2	0	0
neutron	939.565	14.2817	99996	0	0
neutron	939.565	1.78208	99996	0	0
neutron	939.565	0.666802	99996	0	0
Be8	7454.85	2.68235	99996	0	0
neutron	939.565	12.0479	99996	0	0
neutron	939.565	0.86979	99996	0	0
B10	9324.44	1.60581	99996	0	0
neutron	939.565	7.39351	99995.9	0	0
neutron	939.565	0.586781	99995.9	0	0
B10	9324.44	1.11209	99995.9	0	0
neutron	939.565	14.0383	99996.1	0	0
neutron	939.565	12.7925	99996.1	0	0
neutron	939.565	0.928576	99996.1	0	0
alpha	3727.38	9.05762	99996.1	0	0
alpha	3727.38	1.66088	99996.1	0	0
neutron	939.565	10.1762	99996.1	0	0
alpha	3727.38	5.5267	99996.1	0	0
Li7	6533.83	3.79353	99996.1	0	0
neutron	939.565	2.28266	99996.1	0	0
Be10	9325.5	0.284156	99996.1	0	0
neutron	939.565	3.8086	99996.4	0	0
neutron	939.565	1.91807	99996.4	0	0
alpha	3727.38	4.547	99996.4	0	0
Li6	5601.52	3.88488	99996.4	0	0
neutron	939.565	9.71626	99996	0	0
neutron	939.565	1.70089	99996	0	0
B10	9324.44	0.549896	99996	0	0
neutron	939.565	5.85337	99996.1	0	0
alpha	3727.38	4.69175	99996.1	0	0
alpha	3727.38	2.50056	99996.1	0	0
neutron	939.565	3.00434	99996.1	0	0
B12	11188.7	0.0597019	99996.1	0	0
neutron	939.565	8.86216	99996.3	0	0
neutron	939.565	7.16273	99996.3	0	0
B10	9324.44	0.423607	99996.3	0	0
neutron	939.565	20.8082	99996.1	0	0
alpha	3727.38	2.69755	99996.1	0	0
Li7	6533.83	6.25386	99996.1	0	0
neutron	939.565	8.96178	99996.1	0	0
neutron	939.565	1.95809	99996.1	0	0
Be8	7454.85	2.81056	99996.1	0	0
neutron	939.565	11.2909	99996.3	0	0
B11	10252.5	0.514788	99996.3	0	0
neutron	939.565	30.4167	99996.1	0	0
alpha	3727.38	5.01067	99996.1	0	0
alpha	3727.38	3.70532	99996.1	0	0
neutron	939.565	7.3913	99996.1	0	0
neutron	939.565	4.01865	99996.1	0	0
neutron	939.565	3.79091	99996.1	0	0
alpha	3727.38	5.26269	99996.1	0	0
alpha	3727.38	2.30916	99996.1	0	0
neutron	939.565	3.42522	99996	0	0
B11	10252.5	0.799872	99996	0	0
neutron	939.565	9.6107	99996.3	0	0
neutron	939.565	6.82697	99996.3	0	0
neutron	939.565	5.37763	99996.3	0	0
alpha	3727.38	6.08587	99996.3	0	0
alpha	3727.38	1.43852	99996.3	0	0
B12	11188.7	0.356902	99996.2	0	0
neutron	939.565	11.7091	99996	0	0
B11	10252.5	2.01273	99996	0	0
neutron	939.565	2.83158	99996	0	0
B11	10252.5	1.1528	99996	0	0
neutron	939.565	4.47119	99995.9	0	0
B11	10252.5	0.684279	99995.9	0	0
neutron	939.565	30.4347	99996.4	0	0
Be10	9325.5	1.29179	99996.4	0	0
neutron	939.565	0.900006	99996.2	0	0
B11	10252.5	0.440342	99996.2	0	0
neutron	939.565	8.24628	99996	0	0
Be8	7454.85	1.81605	99996	0	0
neutron	939.565	5.29652	99996.3	0	0
neutron	939.565	5.14474	99996.3	0	0
neutron	939.565	2.83973	99996.3	0	0
alpha	3727.38	9.23636	99996.3	0	0
alpha	3727.38	11.892	99996.3	0	0
neutron	939.565	14.2327	99996	0	0
neutron	939.565	0.990091	99996	0	0
alpha	3727.38	3.22583	99996	0	0
alpha	3727.38	2.42744	99996	0	0
neutron	939.565	0.916927	99996.2	0	0
B11	10252.5	0.183019	99996.2	0	0
neutron	939.565	1.67499	99996	0	0
Be10	9325.5	0.268201	99996	0	0
neutron	939.565	9.27798	99996.2	0	0
B11	10252.5	0.696539	99996.2	0	0
neutron	939.565	11.5244	99996	0	0
neutron	939.565	11.0295	99996	0	0
neutron	939.565	5.81211	99996	0	0
alpha	3727.38	9.53034	99996	0	0
alpha	3727.38	8.24169	99996	0	0
neutron	939.565	8.94224	99996.2	0	0
neutron	939.565	1.39351	99996.2	0	0
Be9	8392.75	4.97112	99996.2	0	0
neutron	939.565	1.28989	99996.1	0	0
B11	10252.5	0.213343	99996.1	0	0
neutron	939.565	17.6494	99995.9	0	0
neutron	939.565	2.58751	99995.9	0	0
alpha	3727.38	4.88394	99995.9	0	0
alpha	3727.38	1.08724	99995.9	0	0
neutron	939.565	0.357345	99996	0	0
B11	10252.5	0.394325	99996	0	0
neutron	939.565	8.54776	99996.3	0	0
neutron	939.565	0.650546	99996.3	0	0
neutron	939.565	0.183654	99996.3	0	0
Be8	7454.85	0.53454	99996.3	0	0
neutron	939.565	29.6885	99996.2	0	0
Be10	9325.5	3.01834	99996.2	0	0
neutron	939.565	4.87566	99996.2	0	0
B11	10252.5	0.686291	99996.2	0	0
neutron	939.565	3.41543	99996.1	0	0
B11	10252.5	0.0954822	99996.1	0	0
neutron	939.565	1.65171	99995.9	0	0
Be10	9325.5	0.939732	99995.9	0	0
neutron	939.565	2.08162	99996.1	0	0
neutron	939.565	1.56789	99996.1	0	0
B10	9324.44	0.835204	99996.1	0	0
neutron	939.565	3.36553	99996.3	0	0
alpha	3727.38	2.41264	99996.3	0	0
He5	4667.68	7.12336	99996.3	0	0
neutron	939.565	2.72398	99996	0	0
B11	10252.5	0.0668632	99996	0	0
neutron	939.565	8.87485	99995.9	0	0
B11	10252.5	0.46368	99995.9	0	0
neutron	939.565	11.8378	99996.3	0	0
alpha	3727.38	13.997	99996.3	0	0
alpha	3727.38	3.83552	99996.3	0	0
neutron	939.565	8.98118	99996.3	0	0
alpha	3727.38	12.5334	99996.3	0	0
alpha	3727.38	8.90665	99996.3	0	0
B12	11188.7	0.338571	99996.2	0	0
neutron	939.565	10.0069	99996	0	0
neutron	939.565	1.72794	99996	0	0
neutron	939.565	1.44674	99996	0	0
Be8	7454.85	4.58526	99996	0	0
neutron	939.565	28.7788	99996.2	0	0
neutron	939.565	19.2596	99996.2	0	0
alpha	3727.38	8.80109	99996.2	0	0
alpha	3727.38	0.785839	99996.2	0	0
neutron	939.565	6.11618	99996.4	0	0
neutron	939.565	4.12062	99996.4	0	0
Be8	7454.85	1.2133	99996.4	0	0
B12	11188.7	0.35857	99996.3	0	0
neutron	939.565	5.7103	99996.2	0	0
alpha	3727.38	4.27498	99996.2	0	0
alpha	3727.38	2.89543	99996.2	0	0
Be10	9325.5	3.11133	99996.1	0	0
Be10	9325.5	0.794613	99996.3	0	0
neutron	939.565	9.05469	99996.2	0	0
neutron	939.565	1.34718	99996.2	0	0
B10	9324.44	2.19376	99996.2	0	0
neutron	939.565	5.73108	99996.3	0	0
neutron	939.565	2.0124	99996.3	0	0
alpha	3727.38	3.20071	99996.3	0	0
alpha	3727.38	4.22783	99996.3	0	0
neutron	939.565	3.52578	99996.3	0	0
neutron	939.565	0.15462	99996.3	0	0
B10	9324.44	0.783858	99996.3	0	0
neutron	939.565	15.4485	99996.3	0	0
neutron	939.565	7.24258	99996.3	0	0
B10	9324.44	1.11446	99996.3	0	0
neutron	939.565	1.74899	99996.2	0	0
B11	10252.5	0.522148	99996.2	0	0
neutron	939.565	3.67037	99996.3	0	0
B11	10252.5	0.287473	99996.3	0	0
neutron	939.565	4.17894	99996.1	0	0
B11	10252.5	0.665565	99996.1	0	0
neutron	939.565	9.27757	99996.1	0	0
neutron	939.565	7.25314	99996.1	0	0
B10	9324.44	2.58371	99996.1	0	0
neutron	939.565	6.77618	99995.9	0	0
neutron	939.565	1.10516	99995.9	0	0
alpha	3727.38	4.45842	99995.9	0	0
alpha	3727.38	4.09121	99995.9	0	0
neutron	939.565	4.48004	99996	0	0
Be8	7454.85	10.5569	99996	0	0
neutron	939.565	7.2161	99996	0	0
neutron	939.565	3.81477	99996	0	0
alpha	3727.38	2.72093	99996	0	0
alpha	3727.38	5.80473	99996	0	0
alpha	3727.38	7.86408	99996.1	0	0
Li8	7471.37	4.4374	99996.1	0	0
neutron	939.565	1.06593	99996	0	0
B12	11188.7	0.235395	99996	0	0
neutron	939.565	4.38963	99996.1	0	0
neutron	939.565	1.44181	99996.1	0	0
B10	9324.44	1.1729	99996.1	0	0
B12	11188.7	0.353289	99996.3	0	0
neutron	939.565	4.45232	99996.4	0	0
neutron	939.565	0.957173	99996.4	0	0
B10	9324.44	1.26766	99996.4	0	0
neutron	939.565	6.07152	99996.1	0	0
B11	10252.5	0.384316	99996.1	0	0
neutron	939.565	6.85618	99996.1	0	0
B11	10252.5	0.866716	99996.1	0	0
neutron	939.565	3.78965	99996.2	0	0
Be10	9325.5	0.720498	99996.2	0	0
neutron	939.565	17.2553	99996	0	0
neutron	939.565	6.58455	99996	0	0
alpha	3727.38	13.7069	99996	0	0
alpha	3727.38	0.59611	99996	0	0
neutron	939.565	4.65087	99996.1	0	0
alpha	3727.38	8.94904	99996.1	0	0
alpha	3727.38	9.5974	99996.1	0	0
neutron	939.565	21.4199	99996.3	0	0
neutron	939.565	8.42324	99996.3	0	0
alpha	3727.38	6.35347	99996.3	0	0
Li6	5601.52	2.31466	99996.3	0	0
neutron	939.565	10.1511	99996	0	0
Li9	8406.87	1.691	99996	0	0
neutron	939.565	3.92888	99996.1	0	0
B11	10252.5	1.02904	99996.1	0	0
neutron	939.565	1.74735	99996.1	0	0
alpha	3727.38	8.12079	99996.1	0	0
Li7	6533.83	3.41193	99996.1	0	0
neutron	939.565	5.157	99995.9	0	0
Be9	8392.75	1.13577	99995.9	0	0
neutron	939.565	4.50324	99995.9	0	0
neutron	939.565	0.673725	99995.9	0	0
Be9	8392.75	1.94048	99995.9	0	0
neutron	939.565	2.58831	99996.3	0	0
neutron	939.565	2.58305	99996.3	0	0
Be8	7454.85	1.69119	99996.3	0	0
neutron	939.565	16.4573	99996.2	0	0
neutron	939.565	9.14445	99996.2	0	0
neutron	939.565	1.50928	99996.2	0	0
Be8	7454.85	4.71466	99996.2	0	0
neutron	939.565	14.8084	99996.4	0	0
B11	10252.5	1.141	99996.4	0	0
neutron	939.565	16.5848	99996.2	0	0
neutron	939.565	7.77175	99996.2	0	0
alpha	3727.38	6.6937	99996.2	0	0
alpha	3727.38	3.86522	99996.2	0	0
neutron	939.565	3.78177	99996.2	0	0
Be8	7454.85	1.77568	99996.2	0	0
neutron	939.565	5.61453	99996.5	0	0
neutron	939.565	0.0456413	99996.5	0	0
B10	9324.44	0.361051	99996.5	0	0
neutron	939.565	15.8609	99996	0	0
Be10	9325.5	0.808057	99996	0	0
neutron	939.565	0.416096	99996.1	0	0
B11	10252.5	0.360888	99996.1	0	0
neutron	939.565	28.7943	99996	0	0
neutron	939.565	1.20124	99996	0	0
Be8	7454.85	2.03716	99996	0	0
neutron	939.565	13.1983	99996.3	0	0
neutron	939.565	5.94316	99996.3	0	0
B10	9324.44	1.66484	99996.3	0	0
neutron	939.565	2.26132	99996.5	0	0
B11	10252.5	1.00763	99996.5	0	0
B12	11188.7	0.369169	99996.4	0	0
neutron	939.565	15.1136	99996.1	0	0
neutron	939.565	12.951	99996.1	0	0
alpha	3727.38	3.33364	99996.1	0	0
alpha	3727.38	3.54393	99996.1	0	0
neutron	939.565	46.205	99996.1	0	0
alpha	3727.38	14.4764	99996.1	0	0
alpha	3727.38	3.25831	99996.1	0	0
neutron	939.565	5.0823	99996	0	0
neutron	939.565	1.96841	99996	0	0
alpha	3727.38	3.08969	99996	0	0
alpha	3727.38	5.96627	99996	0	0
neutron	939.565	5.84476	99996.1	0	0
alpha	3727.38	4.22543	99996.1	0	0
alpha	3727.38	5.42629	99996.1	0	0
neutron	939.565	21.1861	99996.1	0	0
neutron	939.565	14.5495	99996.1	0	0
neutron	939.565	2.01521	99996.1	0	0
alpha	3727.38	0.226866	99996.1	0	0
alpha	3727.38	6.69486	99996.1	0	0
neutron	939.565	3.32996	99996.3	0	0
neutron	939.565	1.92995	99996.3	0	0
neutron	939.565	0.432614	99996.3	0	0
Be8	7454.85	2.40337	99996.3	0	0
Be10	9325.5	0.968177	99996.1	0	0
neutron	939.565	8.30855	99996.2	0	0
Be8	7454.85	0.859751	99996.2	0	0
neutron	939.565	10.7369	99996.6	0	0
Be10	9325.5	1.41079	99996.6	0	0
neutron	939.565	1.52857	99996.2	0	0
B11	10252.5	0.102735	99996.2	0	0
neutron	939.565	5.93958	99996.2	0	0
Be8	7454.85	1.53598	99996.2	0	0
neutron	939.565	2.18908	99996.1	0	0
neutron	939.565	0.671888	99996.1	0	0
alpha	3727.38	1.22508	99996.1	0	0
alpha	3727.38	4.65634	99996.1	0	0
neutron	939.565	7.88293	99996.4	0	0
neutron	939.565	2.01897	99996.4	0	0
alpha	3727.38	0.558765	99996.4	0	0
He5	4667.68	5.82047	99996.4	0	0
neutron	939.565	2.505	99996	0	0
Be10	9325.5	0.709034	99996	0	0
neutron	939.565	22.1072	99996.3	0	0
neutron	939.565	9.1908	99996.3	0	0
neutron	939.565	3.47078	99996.3	0	0
Be8	7454.85	1.50389	99996.3	0	0
neutron	939.565	13.2575	99996.1	0	0
neutron	939.565	4.20183	99996.1	0	0
Be8	7454.85	3.69756	99996.1	0	0
neutron	939.565	4.577	99996.2	0	0
neutron	939.565	3.95999	99996.2	0	0
alpha	3727.38	3.13257	99996.2	0	0
alpha	3727.38	1.85103	99996.2	0	0
neutron	939.565	18.2458	99996.4	0	0
alpha	3727.38	6.95894	99996.4	0	0
alpha	3727.38	12.2095	99996.4	0	0
neutron	939.565	0.776611	99996	0	0
B11	10252.5	0.322744	99996	0	0
neutron	939.565	6.85892	99996.2	0	0
Be10	9325.5	0.797612	99996.2	0	0
neutron	939.565	9.54955	99996.2	0	0
neutron	939.565	0.263681	99996.2	0	0
B10	9324.44	1.15678	99996.2	0	0
neutron	939.565	17.9322	99996.3	0	0
neutron	939.565	3.15787	99996.3	0	0
Be8	7454.85	2.61589	99996.3	0	0
neutron	939.565	7.90347	99996.2	0	0
neutron	939.565	0.212399	99996.2	0	0
B10	9324.44	0.944138	99996.2	0	0
neutron	939.565	16.5445	99996	0	0
neutron	939.565	10.1046	99996	0	0
neutron	939.565	4.72577	99996	0	0
alpha	3727.38	3.89831	99996	0	0
alpha	3727.38	5.01061	99996	0	0
neutron	939.565	8.60802	99996.3	0	0
neutron	939.565	1.42789	99996.3	0	0
neutron	939.565	1.1633	99996.3	0	0
alpha	3727.38	5.42998	99996.3	0	0
alpha	3727.38	2.34938	99996.3	0	0
neutron	939.565	6.38585	99995.9	0	0
alpha	3727.38	19.6761	99995.9	0	0
alpha	3727.38	1.3766	99995.9	0	0
neutron	939.565	24.7704	99996	0	0
neutron	939.565	5.9035	99996	0	0
neutron	939.565	2.91089	99996	0	0
Be8	7454.85	2.83127	99996	0	0
neutron	939.565	25.3539	99996.2	0	0
alpha	3727.38	11.1284	99996.2	0	0
alpha	3727.38	2.34224	99996.2	0	0
neutron	939.565	6.17204	99996.1	0	0
neutron	939.565	0.475707	99996.1	0	0
B10	9324.44	0.119711	99996.1	0	0
neutron	939.565	7.38551	99996.1	0	0
neutron	939.565	4.93516	99996.1	0	0
Be8	7454.85	2.47937	99996.1	0	0
neutron	939.565	9.48579	99996	0	0
neutron	939.565	8.7656	99996	0	0
alpha	3727.38	6.30345	99996	0	0
alpha	3727.38	1.05276	99996	0	0
neutron	939.565	2.45797	99996.2	0	0
B11	10252.5	0.29228	99996.2	0	0
neutron	939.565	16.3045	99996	0	0
neutron	939.565	0.32182	99996	0	0
alpha	3727.38	5.23175	99996	0	0
alpha	3727.38	0.972552	99996	0	0
neutron	939.565	7.35696	99996.1	0	0
alpha	3727.38	4.97469	99996.1	0	0
Li7	6533.83	2.77023	99996.1	0	0
B12	11188.7	0.336363	99996.4	0	0
neutron	939.565	8.78504	99996.2	0	0
Be10	9325.5	1.43067	99996.2	0	0
neutron	939.565	7.3304	99996.1	0	0
alpha	3727.38	13.6645	99996.1	0	0
Li7	6533.83	2.83118	99996.1	0	0
neutron	939.565	2.02959	99996.1	0	0
alpha	3727.38	3.21119	99996.1	0	0
Li7	6533.83	1.51802	99996.1	0	0
neutron	939.565	2.67797	99996.2	0	0
B11	10252.5	0.092161	99996.2	0	0
neutron	939.565	0.781338	99995.9	0	0
B11	10252.5	0.435689	99995.9	0	0
neutron	939.565	6.58842	99996.1	0	0
neutron	939.565	5.69656	99996.1	0	0
neutron	939.565	4.95476	99996.1	0	0
alpha	3727.38	8.30202	99996.1	0	0
alpha	3727.38	4.7602	99996.1	0	0
neutron	939.565	1.61528	99996.3	0	0
B11	10252.5	0.216744	99996.3	0	0
neutron	939.565	6.35742	99996.1	0	0
neutron	939.565	5.14501	99996.1	0	0
alpha	3727.38	5.60396	99996.1	0	0
Li6	5601.52	6.54932	99996.1	0	0
neutron	939.565	8.34647	99996.1	0	0
neutron	939.565	2.41083	99996.1	0	0
B10	9324.44	1.84261	99996.1	0	0
neutron	939.565	3.0134	99996.2	0	0
B11	10252.5	0.643434	99996.2	0	0
neutron	939.565	37.239	99996.2	0	0
alpha	3727.38	8.64609	99996.2	0	0
alpha	3727.38	2.10484	99996.2	0	0
neutron	939.565	9.02183	99996	0	0
B11	10252.5	0.551744	99996	0	0
neutron	939.565	8.28646	99996	0	0
Be9	8392.75	2.92353	99996	0	0
B12	11188.7	0.33498	99996.1	0	0
neutron	939.565	14.6045	99996	0	0
neutron	939.565	1.5518	99996	0	0
B10	9324.44	2.21608	99996	0	0
neutron	939.565	19.0698	99996.1	0	0
neutron	939.565	4.86449	99996.1	0	0
neutron	939.565	1.11066	99996.1	0	0
Be8	7454.85	2.03921	99996.1	0	0
B12	11188.7	0.343583	99995.9	0	0
neutron	939.565	7.5904	99996.1	0	0
neutron	939.565	1.72993	99996.1	0	0
Be8	7454.85	0.276645	99996.1	0	0
neutron	939.565	4.49049	99996.4	0	0
B11	10252.5	0.5959	99996.4	0	0
neutron	939.565	10.759	99996.2	0	0
neutron	939.565	4.46294	99996.2	0	0
neutron	939.565	1.86193	99996.2	0	0
Be8	7454.85	0.301793	99996.2	0	0
neutron	939.565	3.32743	99996.2	0	0
Be10	9325.5	0.152526	99996.2	0	0
neutron	939.565	0.991226	99996.4	0	0
B11	10252.5	0.653637	99996.4	0	0
neutron	939.565	0.981791	99996.1	0	0
B11	10252.5	0.545267	99996.1	0	0
neutron	939.565	8.89827	99996.2	0	0
neutron	939.565	8.58495	99996.2	0	0
neutron	939.565	2.43664	99996.2	0	0
alpha	3727.38	1.01129	99996.2	0	0
alpha	3727.38	4.83358	99996.2	0	0
neutron	939.565	11.1345	99996.3	0	0
B11	10252.5	0.437133	99996.3	0	0
neutron	939.565	7.9833	99996.1	0	0
B11	10252.5	1.75021	99996.1	0	0
neutron	939.565	17.8794	99996	0	0
neutron	939.565	8.36241	99996	0	0
Be8	7454.85	2.53711	99996	0	0
B12	11188.7	0.34296	99996.1	0	0
neutron	939.565	5.34927	99996.3	0	0
alpha	3727.38	5.60871	99996.3	0	0
alpha	3727.38	2.83303	99996.3	0	0
neutron	939.565	29.6377	99996.1	0	0
neutron	939.565	19.0889	99996.1	0	0
neutron	939.565	6.09255	99996.1	0	0
alpha	3727.38	2.94905	99996.1	0	0
Li5	4667.62	0.80968	99996.1	0	0
B12	11188.7	0.348144	99996.2	0	0
neutron	939.565	4.917	99996.1	0	0
neutron	939.565	2.95449	99996.1	0	0
neutron	939.565	0.817733	99996.1	0	0
alpha	3727.38	1.36834	99996.1	0	0
alpha	3727.38	7.50523	99996.1	0	0
neutron	939.565	10.1623	99996.1	0	0
neutron	939.565	2.61722	99996.1	0	0
B11	10252.5	1.95245	99996.1	0	0
neutron	939.565	1.68941	99996	0	0
Be10	9325.5	0.842364	99996	0	0
neutron	939.565	5.00225	99996.2	0	0
Be10	9325.5	1.17917	99996.2	0	0
neutron	939.565	3.45125	99996.2	0	0
neutron	939.565	0.471578	99996.2	0	0
B10	9324.44	0.139115	99996.2	0	0
neutron	939.565	1.76872	99996.1	0	0
B11	10252.5	0.244578	99996.1	0	0
neutron	939.565	1.90439	99996.1	0	0
B11	10252.5	0.358631	99996.1	0	0
neutron	939.565	8.04616	99996.3	0	0
Be10	9325.5	0.0875575	99996.3	0	0
neutron	939.565	5.82797	99996.2	0	0
B11	10252.5	0.915384	99996.2	0	0
neutron	939.565	14.7757	99996.1	0	0
neutron	939.565	1.79435	99996.1	0	0
Be9	8392.75	3.5046	99996.1	0	0
neutron	939.565	4.83965	99996.1	0	0
neutron	939.565	1.74878	99996.1	0	0
neutron	939.565	1.24565	99996.1	0	0
Be8	7454.85	0.380267	99996.1	0	0
neutron	939.565	47.207	99996.2	0	0
neutron	939.565	3.44235	99996.2	0	0
Be8	7454.85	7.2833	99996.2	0	0
neutron	939.565	0.0929048	99996.1	0	0
Be8	7454.85	2.14805	99996.1	0	0
neutron	939.565	2.96094	99996.2	0	0
B11	10252.5	0.276245	99996.2	0	0
neutron	939.565	12.4505	99996	0	0
neutron	939.565	2.89514	99996	0	0
B10	9324.44	1.58909	99996	0	0
neutron	939.565	6.9144	99996.2	0	0
neutron	939.565	3.2884	99996.2	0	0
neutron	939.565	1.60601	99996.2	0	0
alpha	3727.38	1.57692	99996.2	0	0
alpha	3727.38	3.37042	99996.2	0	0
neutron	939.565	10.463	99996.3	0	0
neutron	939.565	9.42071	99996.3	0	0
neutron	939.565	0.985468	99996.3	0	0
alpha	3727.38	6.0833	99996.3	0	0
alpha	3727.38	9.4126	99996.3	0	0
neutron	939.565	7.35152	99996	0	0
neutron	939.565	0.986867	99996	0	0
B10	9324.44	1.765	99996	0	0
neutron	939.565	0.890674	99996.1	0	0
B11	10252.5	0.685428	99996.1	0	0
neutron	939.565	2.73693	99996.1	0	0
neutron	939.565	1.54369	99996.1	0	0
alpha	3727.38	4.64874	99996.1	0	0
alpha	3727.38	4.84995	99996.1	0	0
neutron	939.565	9.00957	99996	0	0
neutron	939.565	1.67756	99996	0	0
He3	2808.39	2.14103	99996	0	0
Li7	6533.83	5.387	99996	0	0
neutron	939.565	5.1992	99996.3	0	0
neutron	939.565	0.851878	99996.3	0	0
Be8	7454.85	3.99052	99996.3	0	0
neutron	939.565	4.63186	99996.1	0	0
neutron	939.565	4.20411	99996.1	0	0
neutron	939.565	3.23208	99996.1	0	0
alpha	3727.38	2.0713	99996.1	0	0
alpha	3727.38	3.7362	99996.1	0	0
neutron	939.565	28.8496	99996.1	0	0
B11	10252.5	3.59191	99996.1	0	0
neutron	939.565	1.11334	99996.3	0	0
B11	10252.5	0.172878	99996.3	0	0
neutron	939.565	11.4268	99996.1	0	0
alpha	3727.38	6.94834	99996.1	0	0
alpha	3727.38	2.42312	99996.1	0	0
neutron	939.565	11.6983	99996.2	0	0
neutron	939.565	4.79252	99996.2	0	0
neutron	939.565	1.32446	99996.2	0	0
Be8	7454.85	2.38844	99996.2	0	0
neutron	939.565	18.0971	99996.3	0	0
neutron	939.565	0.704342	99996.3	0	0
B10	9324.44	1.89449	99996.3	0	0
neutron	939.565	37.3993	99996.3	0	0
neutron	939.565	3.32635	99996.3	0	0
B10	9324.44	4.28371	99996.3	0	0
neutron	939.565	26.6775	99996.1	0	0
neutron	939.565	2.45363	99996.1	0	0
B10	9324.44	3.90679	99996.1	0	0
neutron	939.565	5.85979	99996.1	0	0
B11	10252.5	0.671211	99996.1	0	0
neutron	939.565	3.52606	99996.3	0	0
alpha	3727.38	13.8415	99996.3	0	0
Li7	6533.83	6.51915	99996.3	0	0
neutron	939.565	9.12668	99996.2	0	0
alpha	3727.38	0.78032	99996.2	0	0
alpha	3727.38	8.469	99996.2	0	0
neutron	939.565	0.931824	99996.1	0	0
Be10	9325.5	0.586654	99996.1	0	0
neutron	939.565	2.4694	99996.2	0	0
neutron	939.565	2.37283	99996.2	0	0
B10	9324.44	0.636503	99996.2	0	0
neutron	939.565	4.50984	99996.2	0	0
Be8	7454.85	1.54857	99996.2	0	0
neutron	939.565	17.0886	99996	0	0
neutron	939.565	2.35516	99996	0	0
alpha	3727.38	2.45947	99996	0	0
alpha	3727.38	2.93852	99996	0	0
neutron	939.565	18.5137	99996.1	0	0
neutron	939.565	1.08872	99996.1	0	0
B10	9324.44	3.28288	99996.1	0	0
neutron	939.565	3.52462	99996.2	0	0
neutron	939.565	3.14853	99996.2	0	0
Be8	7454.85	1.74234	99996.2	0	0
neutron	939.565	10.2745	99996.2	0	0
alpha	3727.38	3.52879	99996.2	0	0
alpha	3727.38	11.216	99996.2	0	0
neutron	939.565	13.3204	99996.1	0	0
neutron	939.565	4.8802	99996.1	0	0
B10	9324.44	0.58961	99996.1	0	0
neutron	939.565	11.6151	99996.1	0	0
neutron	939.565	0.232759	99996.1	0	0
B10	9324.44	0.506514	99996.1	0	0
neutron	939.565	9.07818	99996.2	0	0
neutron	939.565	1.61223	99996.2	0	0
Be9	8392.75	1.5234	99996.2	0	0
neutron	939.565	7.57176	99996.1	0	0
Be10	9325.5	0.267762	99996.1	0	0
neutron	939.565	4.91478	99996.2	0	0
B11	10252.5	0.293811	99996.2	0	0
neutron	939.565	3.45185	99996.2	0	0
Be8	7454.85	0.96469	99996.2	0	0
neutron	939.565	15.5376	99996.2	0	0
neutron	939.565	1.43659	99996.2	0	0
neutron	939.565	0.931632	99996.2	0	0
alpha	3727.38	3.312	99996.2	0	0
alpha	3727.38	7.12357	99996.2	0	0
neutron	939.565	13.205	99996.2	0	0
neutron	939.565	9.96196	99996.2	0	0
neutron	939.565	2.59196	99996.2	0	0
alpha	3727.38	4.94239	99996.2	0	0
alpha	3727.38	4.39337	99996.2	0	0
neutron	939.565	28.7036	99996	0	0
Be10	9325.5	2.86472	99996	0	0
neutron	939.565	13.3023	99996	0	0
neutron	939.565	6.25548	99996	0	0
alpha	3727.38	22.2439	99996	0	0
alpha	3727.38	6.02621	99996	0	0
