Be10	9325.5	1.02688	99999.9	0	0
neutron	939.565	9.46381	99999.9	0	0
neutron	939.565	2.9969	99999.9	0	0
alpha	3727.38	2.07903	99999.9	0	0
alpha	3727.38	2.64882	99999.9	0	0
neutron	939.565	7.60548	99999.9	0	0
neutron	939.565	2.37218	99999.9	0	0
alpha	3727.38	4.16901	99999.9	0	0
alpha	3727.38	6.07844	99999.9	0	0
neutron	939.565	11.6606	99999.9	0	0
B11	10252.5	0.542675	99999.9	0	0
neutron	939.565	2.9287	99999.9	0	0
B11	10252.5	0.480696	99999.9	0	0
neutron	939.565	8.11318	99999.9	0	0
neutron	939.565	5.13173	99999.9	0	0
alpha	3727.38	9.23507	99999.9	0	0
alpha	3727.38	5.67696	99999.9	0	0
neutron	939.565	8.14062	99999.9	0	0
neutron	939.565	4.8883	99999.9	0	0
alpha	3727.38	3.17241	99999.9	0	0
alpha	3727.38	3.59739	99999.9	0	0
neutron	939.565	5.64202	99999.9	0	0
neutron	939.565	4.77422	99999.9	0	0
alpha	3727.38	4.18724	99999.9	0	0
alpha	3727.38	3.5985	99999.9	0	0
neutron	939.565	0.0922827	99999.9	0	0
B11	10252.5	0.344952	99999.9	0	0
neutron	939.565	1.99221	99999.9	0	0
neutron	939.565	0.653133	99999.9	0	0
B10	9324.44	0.393127	99999.9	0	0
neutron	939.565	10.978	99999.9	0	0
neutron	939.565	1.41669	99999.9	0	0
alpha	3727.38	12.3445	99999.9	0	0
alpha	3727.38	4.48008	99999.9	0	0
neutron	939.565	0.402432	99999.9	0	0
B11	10252.5	0.598844	99999.9	0	0
neutron	939.565	7.09712	99999.9	0	0
neutron	939.565	0.569466	99999.9	0	0
Be9	8392.75	0.0825028	99999.9	0	0
neutron	939.565	2.93399	99999.9	0	0
B11	10252.5	0.678328	99999.9	0	0
neutron	939.565	8.60062	99999.9	0	0
B11	10252.5	0.633666	99999.9	0	0
neutron	939.565	7.16501	99999.9	0	0
B11	10252.5	0.817189	99999.9	0	0
neutron	939.565	14.1203	99999.9	0	0
neutron	939.565	8.17406	99999.9	0	0
alpha	3727.38	13.0249	99999.9	0	0
alpha	3727.38	3.94257	99999.9	0	0
neutron	939.565	1.60113	99999.9	0	0
Be10	9325.5	0.653176	99999.9	0	0
neutron	939.565	9.40935	99999.9	0	0
Be9	8392.75	0.932305	99999.9	0	0
neutron	939.565	5.94867	99999.9	0	0
B11	10252.5	1.22956	99999.9	0	0
neutron	939.565	11.4246	99999.9	0	0
B11	10252.5	1.21066	99999.9	0	0
B12	11188.7	0.334686	99999.9	0	0
neutron	939.565	12.5936	99999.9	0	0
neutron	939.565	5.63234	99999.9	0	0
alpha	3727.38	1.11215	99999.9	0	0
alpha	3727.38	7.89769	99999.9	0	0
neutron	939.565	3.85756	99999.9	0	0
B11	10252.5	1.0856	99999.9	0	0
neutron	939.565	7.10954	99999.9	0	0
neutron	939.565	3.64136	99999.9	0	0
neutron	939.565	0.732028	99999.9	0	0
Be8	7454.85	4.33262	99999.9	0	0
neutron	939.565	23.1643	99999.9	0	0
neutron	939.565	21.1091	99999.9	0	0
neutron	939.565	2.46551	99999.9	0	0
Be8	7454.85	0.946496	99999.9	0	0
B12	11188.7	0.364891	99999.9	0	0
neutron	939.565	4.79966	99999.9	0	0
B11	10252.5	0.23262	99999.9	0	0
neutron	939.565	4.84453	99999.9	0	0
neutron	939.565	2.28529	99999.9	0	0
neutron	939.565	1.37691	99999.9	0	0
Be8	7454.85	2.62053	99999.9	0	0
neutron	939.565	32.8794	99999.9	0	0
neutron	939.565	1.34984	99999.9	0	0
B10	9324.44	3.29186	99999.9	0	0
neutron	939.565	5.90172	99999.9	0	0
neutron	939.565	2.76318	99999.9	0	0
Be8	7454.85	0.419264	99999.9	0	0
neutron	939.565	9.72001	99999.9	0	0
neutron	939.565	8.23391	99999.9	0	0
B10	9324.44	2.91806	99999.9	0	0
neutron	939.565	8.78336	99999.9	0	0
neutron	939.565	2.36918	99999.9	0	0
alpha	3727.38	5.23838	99999.9	0	0
alpha	3727.38	5.77397	99999.9	0	0
neutron	939.565	9.31548	99999.9	0	0
neutron	939.565	0.17967	99999.9	0	0
Be8	7454.85	2.26689	99999.9	0	0
neutron	939.565	29.2578	99999.9	0	0
neutron	939.565	11.2783	99999.9	0	0
neutron	939.565	0.506202	99999.9	0	0
alpha	3727.38	5.23565	99999.9	0	0
alpha	3727.38	2.32504	99999.9	0	0
neutron	939.565	0.477806	99999.9	0	0
B11	10252.5	0.469996	99999.9	0	0
neutron	939.565	1.53882	99999.9	0	0
alpha	3727.38	4.08851	99999.9	0	0
Li7	6533.83	1.8107	99999.9	0	0
neutron	939.565	12.3793	99999.9	0	0
neutron	939.565	6.67655	99999.9	0	0
Be8	7454.85	3.89889	99999.9	0	0
neutron	939.565	3.80766	99999.9	0	0
neutron	939.565	2.09593	99999.9	0	0
alpha	3727.38	5.7279	99999.9	0	0
alpha	3727.38	5.76061	99999.9	0	0
neutron	939.565	3.2304	99999.9	0	0
neutron	939.565	0.499835	99999.9	0	0
B10	9324.44	0.331135	99999.9	0	0
neutron	939.565	7.00301	99999.9	0	0
B11	10252.5	0.173848	99999.9	0	0
neutron	939.565	0.582356	99999.9	0	0
neutron	939.565	0.570764	99999.9	0	0
Be8	7454.85	4.38819	99999.9	0	0
neutron	939.565	0.9275	99999.9	0	0
Be8	7454.85	3.95021	99999.9	0	0
neutron	939.565	9.9574	99999.9	0	0
Be10	9325.5	1.28767	99999.9	0	0
neutron	939.565	4.55332	99999.9	0	0
B11	10252.5	0.320447	99999.9	0	0
neutron	939.565	11.325	99999.9	0	0
neutron	939.565	1.13121	99999.9	0	0
B10	9324.44	1.6018	99999.9	0	0
neutron	939.565	0.37576	99999.9	0	0
B11	10252.5	0.357019	99999.9	0	0
neutron	939.565	3.88188	99999.9	0	0
B11	10252.5	0.499876	99999.9	0	0
neutron	939.565	3.44255	99999.9	0	0
neutron	939.565	2.34695	99999.9	0	0
He3	2808.39	2.26789	99999.9	0	0
alpha	3727.38	2.80652	99999.9	0	0
neutron	939.565	5.47987	99999.9	0	0
neutron	939.565	0.591968	99999.9	0	0
B10	9324.44	0.54893	99999.9	0	0
neutron	939.565	17.1233	99999.9	0	0
B11	10252.5	0.746792	99999.9	0	0
neutron	939.565	0.674662	99999.9	0	0
B11	10252.5	0.214449	99999.9	0	0
neutron	939.565	6.51075	99999.9	0	0
neutron	939.565	0.991218	99999.9	0	0
B10	9324.44	1.18731	99999.9	0	0
neutron	939.565	21.1757	99999.9	0	0
neutron	939.565	15.7423	99999.9	0	0
Be8	7454.85	4.54416	99999.9	0	0
neutron	939.565	1.89761	99999.9	0	0
B11	10252.5	0.705724	99999.9	0	0
neutron	939.565	6.17576	99999.9	0	0
Be10	9325.5	0.322608	99999.9	0	0
neutron	939.565	36.0002	99999.9	0	0
neutron	939.565	12.2209	99999.9	0	0
Be8	7454.85	2.97367	99999.9	0	0
neutron	939.565	26.2793	99999.9	0	0
neutron	939.565	7.55125	99999.9	0	0
Be8	7454.85	6.37416	99999.9	0	0
neutron	939.565	4.47879	99999.9	0	0
B11	10252.5	0.521074	99999.9	0	0
neutron	939.565	18.7457	99999.9	0	0
neutron	939.565	4.53358	99999.9	0	0
alpha	3727.38	1.77723	99999.9	0	0
Li6	5601.52	4.15271	99999.9	0	0
neutron	939.565	8.66316	99999.9	0	0
neutron	939.565	5.11142	99999.9	0	0
alpha	3727.38	4.76913	99999.9	0	0
alpha	3727.38	3.00918	99999.9	0	0
neutron	939.565	28.4787	99999.9	0	0
neutron	939.565	7.66312	99999.9	0	0
neutron	939.565	6.09243	99999.9	0	0
alpha	3727.38	3.84303	99999.9	0	0
alpha	3727.38	1.02478	99999.9	0	0
neutron	939.565	5.52182	99999.9	0	0
alpha	3727.38	1.51248	99999.9	0	0
alpha	3727.38	8.87806	99999.9	0	0
neutron	939.565	8.58891	99999.9	0	0
neutron	939.565	2.94136	99999.9	0	0
neutron	939.565	2.43604	99999.9	0	0
alpha	3727.38	9.18328	99999.9	0	0
alpha	3727.38	1.31789	99999.9	0	0
neutron	939.565	4.86521	99999.9	0	0
neutron	939.565	0.80655	99999.9	0	0
B10	9324.44	0.913671	99999.9	0	0
Be10	9325.5	0.0579681	99999.9	0	0
neutron	939.565	1.35002	99999.9	0	0
B11	10252.5	0.437109	99999.9	0	0
neutron	939.565	20.6943	99999.9	0	0
neutron	939.565	14.7524	99999.9	0	0
alpha	3727.38	0.944627	99999.9	0	0
alpha	3727.38	5.45897	99999.9	0	0
neutron	939.565	7.13349	99999.9	0	0
neutron	939.565	3.38968	99999.9	0	0
B10	9324.44	0.411022	99999.9	0	0
neutron	939.565	4.42896	99999.9	0	0
B11	10252.5	1.16213	99999.9	0	0
neutron	939.565	1.56975	99999.9	0	0
Be8	7454.85	1.22173	99999.9	0	0
neutron	939.565	5.69868	99999.9	0	0
neutron	939.565	3.93967	99999.9	0	0
alpha	3727.38	5.73012	99999.9	0	0
alpha	3727.38	1.39746	99999.9	0	0
neutron	939.565	2.21985	99999.9	0	0
neutron	939.565	0.279603	99999.9	0	0
alpha	3727.38	1.90721	99999.9	0	0
alpha	3727.38	10.1435	99999.9	0	0
neutron	939.565	1.16951	99999.9	0	0
B11	10252.5	0.668999	99999.9	0	0
neutron	939.565	24.0584	99999.9	0	0
alpha	3727.38	3.52085	99999.9	0	0
alpha	3727.38	8.07198	99999.9	0	0
neutron	939.565	1.80231	99999.9	0	0
B11	10252.5	0.733375	99999.9	0	0
neutron	939.565	1.24381	99999.9	0	0
B11	10252.5	0.621784	99999.9	0	0
neutron	939.565	13.0371	99999.9	0	0
neutron	939.565	9.14234	99999.9	0	0
Li6	5601.52	0.399732	99999.9	0	0
neutron	939.565	10.3281	99999.9	0	0
alpha	3727.38	0.803435	99999.9	0	0
alpha	3727.38	4.81612	99999.9	0	0
neutron	939.565	0.940713	99999.9	0	0
B11	10252.5	0.227819	99999.9	0	0
neutron	939.565	1.95441	99999.9	0	0
neutron	939.565	0.948713	99999.9	0	0
neutron	939.565	0.714473	99999.9	0	0
Be8	7454.85	0.391201	99999.9	0	0
neutron	939.565	3.02693	99999.9	0	0
neutron	939.565	0.575961	99999.9	0	0
neutron	939.565	0.538419	99999.9	0	0
Be8	7454.85	0.369485	99999.9	0	0
neutron	939.565	20.5534	99999.9	0	0
neutron	939.565	4.7159	99999.9	0	0
neutron	939.565	1.20628	99999.9	0	0
Be8	7454.85	1.18934	99999.9	0	0
neutron	939.565	3.5419	99999.9	0	0
neutron	939.565	2.85392	99999.9	0	0
neutron	939.565	2.3604	99999.9	0	0
Be8	7454.85	1.3082	99999.9	0	0
neutron	939.565	5.45308	99999.9	0	0
Be10	9325.5	1.60097	99999.9	0	0
neutron	939.565	34.9792	99999.9	0	0
neutron	939.565	1.45426	99999.9	0	0
neutron	939.565	1.12123	99999.9	0	0
alpha	3727.38	3.71787	99999.9	0	0
alpha	3727.38	1.93811	99999.9	0	0
neutron	939.565	6.26451	99999.9	0	0
B11	10252.5	0.915876	99999.9	0	0
neutron	939.565	1.14134	99999.9	0	0
Be8	7454.85	2.27765	99999.9	0	0
neutron	939.565	6.58413	99999.9	0	0
B11	10252.5	1.43204	99999.9	0	0
neutron	939.565	4.11643	99999.9	0	0
neutron	939.565	1.4541	99999.9	0	0
alpha	3727.38	2.82748	99999.9	0	0
alpha	3727.38	8.44272	99999.9	0	0
neutron	939.565	30.1633	99999.9	0	0
neutron	939.565	3.94963	99999.9	0	0
neutron	939.565	1.05278	99999.9	0	0
alpha	3727.38	5.43952	99999.9	0	0
alpha	3727.38	2.68295	99999.9	0	0
neutron	939.565	10.2354	99999.9	0	0
neutron	939.565	5.39366	99999.9	0	0
alpha	3727.38	4.34837	99999.9	0	0
alpha	3727.38	2.27432	99999.9	0	0
neutron	939.565	4.65057	99999.9	0	0
B11	10252.5	0.293073	99999.9	0	0
neutron	939.565	8.75854	99999.9	0	0
Be10	9325.5	2.11816	99999.9	0	0
neutron	939.565	7.87882	99999.9	0	0
neutron	939.565	5.31949	99999.9	0	0
B10	9324.44	1.93878	99999.9	0	0
neutron	939.565	34.6907	99999.9	0	0
neutron	939.565	10.222	99999.9	0	0
Be8	7454.85	6.78869	99999.9	0	0
neutron	939.565	12.0321	99999.9	0	0
neutron	939.565	8.31162	99999.9	0	0
neutron	939.565	3.37637	99999.9	0	0
Be8	7454.85	3.30669	99999.9	0	0
neutron	939.565	4.73751	99999.9	0	0
neutron	939.565	2.7428	99999.9	0	0
B10	9324.44	0.0542813	99999.9	0	0
neutron	939.565	26.4987	99999.9	0	0
alpha	3727.38	5.00627	99999.9	0	0
alpha	3727.38	11.1692	99999.9	0	0
neutron	939.565	3.7008	99999.9	0	0
B11	10252.5	1.20248	99999.9	0	0
neutron	939.565	5.15715	99999.9	0	0
neutron	939.565	0.659551	99999.9	0	0
B10	9324.44	0.107408	99999.9	0	0
neutron	939.565	7.87659	99999.9	0	0
neutron	939.565	3.20477	99999.9	0	0
neutron	939.565	0.437544	99999.9	0	0
Be8	7454.85	5.50998	99999.9	0	0
neutron	939.565	8.48313	99999.9	0	0
neutron	939.565	3.25024	99999.9	0	0
neutron	939.565	2.56353	99999.9	0	0
alpha	3727.38	0.965724	99999.9	0	0
alpha	3727.38	12.2575	99999.9	0	0
neutron	939.565	1.10749	99999.9	0	0
B11	10252.5	0.585752	99999.9	0	0
neutron	939.565	4.20902	99999.9	0	0
B11	10252.5	1.25679	99999.9	0	0
neutron	939.565	13.2567	99999.9	0	0
neutron	939.565	3.00197	99999.9	0	0
B10	9324.44	1.40167	99999.9	0	0
neutron	939.565	8.03942	99999.9	0	0
neutron	939.565	0.107831	99999.9	0	0
B10	9324.44	1.00093	99999.9	0	0
neutron	939.565	14.4373	99999.9	0	0
neutron	939.565	6.59236	99999.9	0	0
neutron	939.565	0.749545	99999.9	0	0
Be8	7454.85	4.99048	99999.9	0	0
neutron	939.565	2.46489	99999.9	0	0
alpha	3727.38	4.0025	99999.9	0	0
alpha	3727.38	6.55569	99999.9	0	0
neutron	939.565	1.18789	99999.9	0	0
B11	10252.5	0.710457	99999.9	0	0
neutron	939.565	5.62034	99999.9	0	0
Be10	9325.5	2.93179	99999.9	0	0
neutron	939.565	17.4133	99999.9	0	0
B11	10252.5	0.699391	99999.9	0	0
neutron	939.565	16.4457	99999.9	0	0
neutron	939.565	0.740117	99999.9	0	0
B10	9324.44	1.12123	99999.9	0	0
neutron	939.565	22.4366	99999.9	0	0
neutron	939.565	7.4245	99999.9	0	0
Be8	7454.85	3.6915	99999.9	0	0
neutron	939.565	9.93284	99999.9	0	0
neutron	939.565	5.75004	99999.9	0	0
alpha	3727.38	2.66726	99999.9	0	0
alpha	3727.38	3.5199	99999.9	0	0
neutron	939.565	0.270629	99999.9	0	0
Be10	9325.5	1.3011	99999.9	0	0
neutron	939.565	8.10966	99999.9	0	0
neutron	939.565	0.882535	99999.9	0	0
B10	9324.44	0.450574	99999.9	0	0
neutron	939.565	2.42377	99999.9	0	0
alpha	3727.38	3.9749	99999.9	0	0
alpha	3727.38	3.04731	99999.9	0	0
neutron	939.565	16.4875	99999.9	0	0
B11	10252.5	1.55798	99999.9	0	0
neutron	939.565	26.7074	99999.9	0	0
neutron	939.565	11.4888	99999.9	0	0
neutron	939.565	3.60102	99999.9	0	0
alpha	3727.38	3.22264	99999.9	0	0
alpha	3727.38	8.20942	99999.9	0	0
neutron	939.565	15.8571	99999.9	0	0
neutron	939.565	4.3957	99999.9	0	0
neutron	939.565	2.91288	99999.9	0	0
Be8	7454.85	1.03411	99999.9	0	0
neutron	939.565	1.33865	99999.9	0	0
B11	10252.5	0.82772	99999.9	0	0
neutron	939.565	6.23991	99999.9	0	0
neutron	939.565	1.77316	99999.9	0	0
neutron	939.565	0.324255	99999.9	0	0
Be8	7454.85	1.28017	99999.9	0	0
neutron	939.565	11.9729	99999.9	0	0
neutron	939.565	3.20725	99999.9	0	0
Be9	8392.75	1.03758	99999.9	0	0
neutron	939.565	9.03443	99999.9	0	0
B11	10252.5	1.51274	99999.9	0	0
neutron	939.565	6.30779	99999.9	0	0
neutron	939.565	4.84397	99999.9	0	0
B10	9324.44	0.648895	99999.9	0	0
neutron	939.565	5.12986	99999.9	0	0
neutron	939.565	3.77202	99999.9	0	0
neutron	939.565	2.83285	99999.9	0	0
alpha	3727.38	0.853593	99999.9	0	0
alpha	3727.38	7.93395	99999.9	0	0
alpha	3727.38	9.82598	99999.9	0	0
Li8	7471.37	4.09766	99999.9	0	0
neutron	939.565	3.73363	99999.9	0	0
neutron	939.565	1.08892	99999.9	0	0
alpha	3727.38	4.7988	99999.9	0	0
Li6	5601.52	0.996632	99999.9	0	0
neutron	939.565	12.8902	99999.9	0	0
neutron	939.565	1.15308	99999.9	0	0
Be8	7454.85	1.64548	99999.9	0	0
neutron	939.565	4.89239	99999.9	0	0
alpha	3727.38	16.066	99999.9	0	0
alpha	3727.38	6.84808	99999.9	0	0
neutron	939.565	9.91445	99999.9	0	0
alpha	3727.38	2.76167	99999.9	0	0
alpha	3727.38	4.48934	99999.9	0	0
neutron	939.565	6.03026	99999.9	0	0
neutron	939.565	1.09264	99999.9	0	0
alpha	3727.38	8.68444	99999.9	0	0
alpha	3727.38	2.13547	99999.9	0	0
neutron	939.565	2.83002	99999.9	0	0
neutron	939.565	1.41419	99999.9	0	0
Be8	7454.85	2.26653	99999.9	0	0
neutron	939.565	7.40535	99999.9	0	0
alpha	3727.38	1.631	99999.9	0	0
alpha	3727.38	3.27512	99999.9	0	0
neutron	939.565	0.731682	99999.9	0	0
B11	10252.5	0.339521	99999.9	0	0
neutron	939.565	26.7664	99999.9	0	0
neutron	939.565	13.2397	99999.9	0	0
neutron	939.565	5.41136	99999.9	0	0
alpha	3727.38	1.20381	99999.9	0	0
alpha	3727.38	7.82056	99999.9	0	0
neutron	939.565	34.3745	99999.9	0	0
neutron	939.565	18.2175	99999.9	0	0
neutron	939.565	2.73536	99999.9	0	0
alpha	3727.38	2.51195	99999.9	0	0
alpha	3727.38	4.02604	99999.9	0	0
neutron	939.565	5.3876	99999.9	0	0
neutron	939.565	2.52772	99999.9	0	0
B10	9324.44	0.517893	99999.9	0	0
neutron	939.565	6.38076	99999.9	0	0
neutron	939.565	4.08551	99999.9	0	0
B10	9324.44	1.06267	99999.9	0	0
neutron	939.565	11.565	99999.9	0	0
alpha	3727.38	8.68585	99999.9	0	0
Li7	6533.83	2.94778	99999.9	0	0
B12	11188.7	0.354387	99999.9	0	0
neutron	939.565	7.81335	99999.9	0	0
B11	10252.5	0.74009	99999.9	0	0
neutron	939.565	3.75902	99999.9	0	0
neutron	939.565	3.66999	99999.9	0	0
Be9	8392.75	2.75127	99999.9	0	0
neutron	939.565	3.51197	99999.9	0	0
Be8	7454.85	1.48966	99999.9	0	0
neutron	939.565	14.4362	99999.9	0	0
neutron	939.565	6.56465	99999.9	0	0
alpha	3727.38	3.61943	99999.9	0	0
alpha	3727.38	3.92001	99999.9	0	0
neutron	939.565	15.6333	99999.9	0	0
neutron	939.565	11.2149	99999.9	0	0
neutron	939.565	4.32127	99999.9	0	0
alpha	3727.38	10.0883	99999.9	0	0
alpha	3727.38	1.70825	99999.9	0	0
neutron	939.565	2.44849	99999.9	0	0
neutron	939.565	1.92629	99999.9	0	0
neutron	939.565	0.939462	99999.9	0	0
Be8	7454.85	0.617236	99999.9	0	0
neutron	939.565	2.39681	99999.9	0	0
Be10	9325.5	1.5888	99999.9	0	0
neutron	939.565	0.0735256	99999.9	0	0
B11	10252.5	0.410607	99999.9	0	0
Be10	9325.5	0.954133	99999.9	0	0
neutron	939.565	2.51509	99999.9	0	0
Be8	7454.85	5.27702	99999.9	0	0
neutron	939.565	4.82062	99999.9	0	0
alpha	3727.38	6.9	99999.9	0	0
alpha	3727.38	4.92034	99999.9	0	0
neutron	939.565	3.93101	99999.9	0	0
Be9	8392.75	3.54069	99999.9	0	0
neutron	939.565	8.93203	99999.9	0	0
neutron	939.565	4.26138	99999.9	0	0
alpha	3727.38	5.82356	99999.9	0	0
alpha	3727.38	0.708182	99999.9	0	0
neutron	939.565	32.1009	99999.9	0	0
neutron	939.565	5.79862	99999.9	0	0
Be8	7454.85	1.56393	99999.9	0	0
neutron	939.565	8.85366	99999.9	0	0
B11	10252.5	0.849519	99999.9	0	0
neutron	939.565	8.73798	99999.9	0	0
neutron	939.565	2.03285	99999.9	0	0
neutron	939.565	1.97921	99999.9	0	0
Be8	7454.85	1.8444	99999.9	0	0
neutron	939.565	10.1276	99999.9	0	0
neutron	939.565	3.59945	99999.9	0	0
Be8	7454.85	3.37184	99999.9	0	0
neutron	939.565	1.74299	99999.9	0	0
B11	10252.5	0.0762731	99999.9	0	0
neutron	939.565	5.95293	99999.9	0	0
Be10	9325.5	0.630865	99999.9	0	0
neutron	939.565	25.5424	99999.9	0	0
neutron	939.565	21.2606	99999.9	0	0
alpha	3727.38	1.4329	99999.9	0	0
alpha	3727.38	3.7679	99999.9	0	0
neutron	939.565	6.46712	99999.9	0	0
B11	10252.5	1.01475	99999.9	0	0
neutron	939.565	12.2666	99999.9	0	0
Be10	9325.5	1.64418	99999.9	0	0
neutron	939.565	1.79754	99999.9	0	0
B11	10252.5	0.18282	99999.9	0	0
neutron	939.565	7.41674	99999.9	0	0
neutron	939.565	5.99816	99999.9	0	0
Be8	7454.85	0.864984	99999.9	0	0
neutron	939.565	23.3997	99999.9	0	0
neutron	939.565	3.64946	99999.9	0	0
alpha	3727.38	3.18037	99999.9	0	0
alpha	3727.38	8.07506	99999.9	0	0
neutron	939.565	1.22258	99999.9	0	0
B11	10252.5	0.30436	99999.9	0	0
neutron	939.565	3.52862	99999.9	0	0
Be9	8392.75	0.115897	99999.9	0	0
neutron	939.565	0.856972	99999.9	0	0
B11	10252.5	0.376634	99999.9	0	0
neutron	939.565	3.89421	99999.9	0	0
alpha	3727.38	7.08014	99999.9	0	0
alpha	3727.38	3.55342	99999.9	0	0
neutron	939.565	0.535919	99999.9	0	0
neutron	939.565	0.161564	99999.9	0	0
B10	9324.44	0.222634	99999.9	0	0
neutron	939.565	11.6557	99999.9	0	0
neutron	939.565	11.223	99999.9	0	0
alpha	3727.38	3.58746	99999.9	0	0
alpha	3727.38	2.21085	99999.9	0	0
neutron	939.565	4.21166	99999.9	0	0
alpha	3727.38	6.7012	99999.9	0	0
alpha	3727.38	2.21497	99999.9	0	0
B12	11188.7	0.363562	99999.9	0	0
neutron	939.565	11.4771	99999.9	0	0
neutron	939.565	2.27162	99999.9	0	0
neutron	939.565	0.140745	99999.9	0	0
Be8	7454.85	1.97076	99999.9	0	0
neutron	939.565	9.42958	99999.9	0	0
neutron	939.565	1.42582	99999.9	0	0
Be9	8392.75	0.851645	99999.9	0	0
neutron	939.565	8.13068	99999.9	0	0
neutron	939.565	4.36005	99999.9	0	0
alpha	3727.38	8.01435	99999.9	0	0
Li6	5601.52	1.21691	99999.9	0	0
neutron	939.565	5.763	99999.9	0	0
Be10	9325.5	1.37529	99999.9	0	0
neutron	939.565	25.1066	99999.9	0	0
neutron	939.565	14.6381	99999.9	0	0
neutron	939.565	2.05511	99999.9	0	0
Be8	7454.85	3.78143	99999.9	0	0
B12	11188.7	0.365836	99999.9	0	0
neutron	939.565	7.85138	99999.9	0	0
neutron	939.565	3.02677	99999.9	0	0
Be8	7454.85	2.74802	99999.9	0	0
neutron	939.565	6.08807	99999.9	0	0
Be10	9325.5	0.741533	99999.9	0	0
neutron	939.565	11.2415	99999.9	0	0
alpha	3727.38	3.28574	99999.9	0	0
alpha	3727.38	4.26157	99999.9	0	0
neutron	939.565	4.98215	99999.9	0	0
neutron	939.565	0.775217	99999.9	0	0
alpha	3727.38	3.9408	99999.9	0	0
alpha	3727.38	1.64102	99999.9	0	0
neutron	939.565	20.9012	99999.9	0	0
neutron	939.565	9.2079	99999.9	0	0
alpha	3727.38	4.36141	99999.9	0	0
alpha	3727.38	10.1137	99999.9	0	0
neutron	939.565	19.8807	99999.9	0	0
neutron	939.565	1.22877	99999.9	0	0
alpha	3727.38	2.4391	99999.9	0	0
alpha	3727.38	5.46721	99999.9	0	0
neutron	939.565	0.804808	99999.9	0	0
B11	10252.5	0.640565	99999.9	0	0
neutron	939.565	31.2266	99999.9	0	0
neutron	939.565	1.11747	99999.9	0	0
neutron	939.565	0.632995	99999.9	0	0
Be8	7454.85	2.57533	99999.9	0	0
neutron	939.565	11.8981	99999.9	0	0
neutron	939.565	2.04616	99999.9	0	0
neutron	939.565	1.00619	99999.9	0	0
Be8	7454.85	1.36951	99999.9	0	0
neutron	939.565	2.99562	99999.9	0	0
B11	10252.5	0.36892	99999.9	0	0
neutron	939.565	2.94993	99999.9	0	0
neutron	939.565	1.82567	99999.9	0	0
neutron	939.565	1.54706	99999.9	0	0
alpha	3727.38	4.75154	99999.9	0	0
alpha	3727.38	2.96801	99999.9	0	0
neutron	939.565	6.98098	99999.9	0	0
alpha	3727.38	3.55424	99999.9	0	0
Li7	6533.83	3.99886	99999.9	0	0
neutron	939.565	1.92566	99999.9	0	0
B11	10252.5	0.829893	99999.9	0	0
neutron	939.565	23.6674	99999.9	0	0
alpha	3727.38	13.6196	99999.9	0	0
Li7	6533.83	2.64416	99999.9	0	0
neutron	939.565	5.33325	99999.9	0	0
B11	10252.5	0.240088	99999.9	0	0
neutron	939.565	16.3591	99999.9	0	0
neutron	939.565	4.11817	99999.9	0	0
neutron	939.565	0.46935	99999.9	0	0
alpha	3727.38	5.49344	99999.9	0	0
alpha	3727.38	1.98753	99999.9	0	0
neutron	939.565	10.9741	99999.9	0	0
neutron	939.565	4.94493	99999.9	0	0
Be8	7454.85	1.68355	99999.9	0	0
neutron	939.565	3.68457	99999.9	0	0
neutron	939.565	3.52535	99999.9	0	0
B10	9324.44	0.511065	99999.9	0	0
neutron	939.565	12.0517	99999.9	0	0
alpha	3727.38	2.11213	99999.9	0	0
alpha	3727.38	9.17551	99999.9	0	0
neutron	939.565	4.28567	99999.9	0	0
Be8	7454.85	1.90512	99999.9	0	0
Li8	7471.37	2.00548	99999.9	0	0
neutron	939.565	11.2652	99999.9	0	0
neutron	939.565	6.59289	99999.9	0	0
neutron	939.565	4.30752	99999.9	0	0
alpha	3727.38	1.71541	99999.9	0	0
alpha	3727.38	2.67163	99999.9	0	0
neutron	939.565	15.1699	99999.9	0	0
alpha	3727.38	3.48778	99999.9	0	0
alpha	3727.38	5.71905	99999.9	0	0
neutron	939.565	24.9203	99999.9	0	0
neutron	939.565	5.99293	99999.9	0	0
B10	9324.44	1.52042	99999.9	0	0
neutron	939.565	8.63872	99999.9	0	0
neutron	939.565	1.90987	99999.9	0	0
neutron	939.565	0.153028	99999.9	0	0
Be8	7454.85	1.21429	99999.9	0	0
neutron	939.565	19.695	99999.9	0	0
neutron	939.565	2.55484	99999.9	0	0
neutron	939.565	0.61057	99999.9	0	0
Be8	7454.85	4.98182	99999.9	0	0
Be10	9325.5	0.0810562	99999.9	0	0
neutron	939.565	0.239374	99999.9	0	0
B11	10252.5	0.412578	99999.9	0	0
neutron	939.565	16.404	99999.9	0	0
neutron	939.565	5.85638	99999.9	0	0
neutron	939.565	3.34222	99999.9	0	0
Be8	7454.85	3.97216	99999.9	0	0
neutron	939.565	18.0548	99999.9	0	0
neutron	939.565	9.07646	99999.9	0	0
neutron	939.565	4.18685	99999.9	0	0
alpha	3727.38	6.43385	99999.9	0	0
alpha	3727.38	0.504258	99999.9	0	0
neutron	939.565	26.7674	99999.9	0	0
neutron	939.565	0.871348	99999.9	0	0
neutron	939.565	0.23357	99999.9	0	0
Be8	7454.85	5.09793	99999.9	0	0
B12	11188.7	0.346567	99999.9	0	0
neutron	939.565	6.45852	99999.9	0	0
B11	10252.5	0.660621	99999.9	0	0
neutron	939.565	6.30888	99999.9	0	0
neutron	939.565	1.21346	99999.9	0	0
neutron	939.565	0.895307	99999.9	0	0
Be8	7454.85	5.27509	99999.9	0	0
neutron	939.565	25.1617	99999.9	0	0
neutron	939.565	1.29979	99999.9	0	0
Be9	8392.75	2.44516	99999.9	0	0
neutron	939.565	1.18347	99999.9	0	0
B11	10252.5	0.221319	99999.9	0	0
neutron	939.565	4.47214	99999.9	0	0
B11	10252.5	0.815183	99999.9	0	0
neutron	939.565	11.9187	99999.9	0	0
neutron	939.565	6.08374	99999.9	0	0
neutron	939.565	2.7841	99999.9	0	0
Be8	7454.85	1.67635	99999.9	0	0
neutron	939.565	7.82765	99999.9	0	0
neutron	939.565	3.46571	99999.9	0	0
neutron	939.565	2.35422	99999.9	0	0
Be8	7454.85	2.50045	99999.9	0	0
neutron	939.565	7.34542	99999.9	0	0
neutron	939.565	1.6373	99999.9	0	0
B10	9324.44	1.81774	99999.9	0	0
neutron	939.565	13.0843	99999.9	0	0
neutron	939.565	2.9802	99999.9	0	0
B10	9324.44	2.20349	99999.9	0	0
neutron	939.565	3.33336	99999.9	0	0
B11	10252.5	0.873568	99999.9	0	0
neutron	939.565	22.263	99999.9	0	0
neutron	939.565	13.6235	99999.9	0	0
B10	9324.44	5.55851	99999.9	0	0
neutron	939.565	6.6892	99999.9	0	0
neutron	939.565	3.43316	99999.9	0	0
neutron	939.565	0.296379	99999.9	0	0
Be8	7454.85	2.99893	99999.9	0	0
neutron	939.565	4.12384	99999.9	0	0
B11	10252.5	0.978429	99999.9	0	0
neutron	939.565	10.6703	99999.9	0	0
neutron	939.565	10.1072	99999.9	0	0
neutron	939.565	4.53534	99999.9	0	0
alpha	3727.38	0.913486	99999.9	0	0
alpha	3727.38	8.76784	99999.9	0	0
neutron	939.565	12.8772	99999.9	0	0
neutron	939.565	3.9933	99999.9	0	0
neutron	939.565	2.67587	99999.9	0	0
alpha	3727.38	2.73396	99999.9	0	0
alpha	3727.38	7.15701	99999.9	0	0
neutron	939.565	7.44634	99999.9	0	0
neutron	939.565	0.111292	99999.9	0	0
B10	9324.44	1.46419	99999.9	0	0
neutron	939.565	6.52748	99999.9	0	0
alpha	3727.38	10.8106	99999.9	0	0
alpha	3727.38	4.79535	99999.9	0	0
neutron	939.565	3.82627	99999.9	0	0
B11	10252.5	0.558676	99999.9	0	0
neutron	939.565	3.83357	99999.9	0	0
alpha	3727.38	2.34516	99999.9	0	0
alpha	3727.38	2.78445	99999.9	0	0
neutron	939.565	2.30537	99999.9	0	0
Be10	9325.5	0.191612	99999.9	0	0
neutron	939.565	3.86485	99999.9	0	0
B11	10252.5	1.10158	99999.9	0	0
neutron	939.565	18.095	99999.9	0	0
neutron	939.565	2.68376	99999.9	0	0
alpha	3727.38	1.6144	99999.9	0	0
alpha	3727.38	5.43915	99999.9	0	0
neutron	939.565	3.43595	99999.9	0	0
B11	10252.5	0.906849	99999.9	0	0
neutron	939.565	15.3409	99999.9	0	0
neutron	939.565	5.99111	99999.9	0	0
alpha	3727.38	0.912418	99999.9	0	0
alpha	3727.38	7.56526	99999.9	0	0
neutron	939.565	19.7991	99999.9	0	0
neutron	939.565	0.651853	99999.9	0	0
B10	9324.44	4.15673	99999.9	0	0
neutron	939.565	11.0718	99999.9	0	0
B11	10252.5	2.1626	99999.9	0	0
neutron	939.565	10.9833	99999.9	0	0
Be10	9325.5	1.83048	99999.9	0	0
neutron	939.565	10.3621	99999.9	0	0
neutron	939.565	4.18671	99999.9	0	0
neutron	939.565	2.13301	99999.9	0	0
alpha	3727.38	10.4079	99999.9	0	0
alpha	3727.38	17.4442	99999.9	0	0
neutron	939.565	4.41339	99999.9	0	0
B11	10252.5	1.23471	99999.9	0	0
neutron	939.565	3.2858	99999.9	0	0
alpha	3727.38	12.4741	99999.9	0	0
alpha	3727.38	5.65463	99999.9	0	0
B12	11188.7	0.366223	99999.9	0	0
neutron	939.565	2.34191	99999.9	0	0
B11	10252.5	0.255858	99999.9	0	0
neutron	939.565	14.7295	99999.9	0	0
neutron	939.565	5.81049	99999.9	0	0
neutron	939.565	3.16835	99999.9	0	0
alpha	3727.38	6.5195	99999.9	0	0
alpha	3727.38	1.94155	99999.9	0	0
neutron	939.565	27.7858	99999.9	0	0
neutron	939.565	8.04624	99999.9	0	0
Be9	8392.75	0.170366	99999.9	0	0
neutron	939.565	26.0513	99999.9	0	0
neutron	939.565	18.9914	99999.9	0	0
neutron	939.565	1.62521	99999.9	0	0
Be8	7454.85	0.300897	99999.9	0	0
neutron	939.565	20.5755	99999.9	0	0
neutron	939.565	3.34166	99999.9	0	0
Be8	7454.85	5.56448	99999.9	0	0
neutron	939.565	0.945949	99999.9	0	0
B11	10252.5	0.489401	99999.9	0	0
neutron	939.565	13.3182	99999.9	0	0
neutron	939.565	5.23224	99999.9	0	0
B10	9324.44	1.08552	99999.9	0	0
neutron	939.565	4.31085	99999.9	0	0
Be8	7454.85	2.1877	99999.9	0	0
neutron	939.565	8.11261	99999.9	0	0
B11	10252.5	1.18583	99999.9	0	0
neutron	939.565	0.980875	99999.9	0	0
B11	10252.5	0.610357	99999.9	0	0
neutron	939.565	35.1436	99999.9	0	0
neutron	939.565	16.9109	99999.9	0	0
neutron	939.565	2.42398	99999.9	0	0
Be8	7454.85	2.84147	99999.9	0	0
neutron	939.565	5.24526	99999.9	0	0
B11	10252.5	0.386824	99999.9	0	0
neutron	939.565	0.241213	99999.9	0	0
B11	10252.5	0.531686	99999.9	0	0
neutron	939.565	8.41653	99999.9	0	0
neutron	939.565	0.693671	99999.9	0	0
B10	9324.44	0.691027	99999.9	0	0
neutron	939.565	6.94552	99999.9	0	0
B11	10252.5	0.341069	99999.9	0	0
neutron	939.565	27.435	99999.9	0	0
Be8	7454.85	6.32466	99999.9	0	0
neutron	939.565	23.7819	99999.9	0	0
alpha	3727.38	2.18361	99999.9	0	0
Li7	6533.83	4.45523	99999.9	0	0
neutron	939.565	9.4154	99999.9	0	0
neutron	939.565	7.0854	99999.9	0	0
B10	9324.44	1.73141	99999.9	0	0
neutron	939.565	8.46996	99999.9	0	0
neutron	939.565	8.01213	99999.9	0	0
neutron	939.565	3.5914	99999.9	0	0
alpha	3727.38	2.94093	99999.9	0	0
alpha	3727.38	3.72143	99999.9	0	0
neutron	939.565	30.4972	99999.9	0	0
neutron	939.565	5.82133	99999.9	0	0
alpha	3727.38	4.41054	99999.9	0	0
alpha	3727.38	1.01923	99999.9	0	0
neutron	939.565	4.61451	99999.9	0	0
B11	10252.5	0.120766	99999.9	0	0
neutron	939.565	4.9247	99999.9	0	0
B11	10252.5	0.219243	99999.9	0	0
neutron	939.565	9.79103	99999.9	0	0
neutron	939.565	8.6808	99999.9	0	0
Be8	7454.85	4.38198	99999.9	0	0
neutron	939.565	14.0252	99999.9	0	0
neutron	939.565	0.866312	99999.9	0	0
B10	9324.44	3.33089	99999.9	0	0
neutron	939.565	4.99432	99999.9	0	0
B11	10252.5	0.895148	99999.9	0	0
neutron	939.565	22.7394	99999.9	0	0
neutron	939.565	11.1391	99999.9	0	0
alpha	3727.38	1.74807	99999.9	0	0
alpha	3727.38	4.37154	99999.9	0	0
neutron	939.565	17.0704	99999.9	0	0
neutron	939.565	11.8271	99999.9	0	0
neutron	939.565	2.96637	99999.9	0	0
alpha	3727.38	7.33452	99999.9	0	0
alpha	3727.38	2.75745	99999.9	0	0
neutron	939.565	7.62706	99999.9	0	0
B11	10252.5	1.28029	99999.9	0	0
neutron	939.565	25.636	99999.9	0	0
neutron	939.565	4.69521	99999.9	0	0
neutron	939.565	1.41643	99999.9	0	0
alpha	3727.38	2.36849	99999.9	0	0
alpha	3727.38	2.66493	99999.9	0	0
neutron	939.565	1.64848	99999.9	0	0
B11	10252.5	0.509669	99999.9	0	0
neutron	939.565	10.6468	99999.9	0	0
Be10	9325.5	1.32972	99999.9	0	0
neutron	939.565	5.74317	99999.9	0	0
B11	10252.5	0.603129	99999.9	0	0
neutron	939.565	18.2567	99999.9	0	0
alpha	3727.38	7.10474	99999.9	0	0
alpha	3727.38	14.0834	99999.9	0	0
neutron	939.565	1.40268	99999.9	0	0
Be10	9325.5	0.361938	99999.9	0	0
neutron	939.565	18.4604	99999.9	0	0
neutron	939.565	8.23185	99999.9	0	0
alpha	3727.38	4.60394	99999.9	0	0
alpha	3727.38	4.04697	99999.9	0	0
neutron	939.565	18.7705	99999.9	0	0
neutron	939.565	6.17589	99999.9	0	0
Be10	9325.5	0.752952	99999.9	0	0
B12	11188.7	0.369408	99999.9	0	0
neutron	939.565	3.45995	99999.9	0	0
neutron	939.565	2.18233	99999.9	0	0
Be8	7454.85	0.653567	99999.9	0	0
neutron	939.565	1.47865	99999.9	0	0
B11	10252.5	0.358468	99999.9	0	0
neutron	939.565	17.2806	99999.9	0	0
Be10	9325.5	1.12499	99999.9	0	0
neutron	939.565	10.6002	99999.9	0	0
neutron	939.565	3.21818	99999.9	0	0
neutron	939.565	1.6802	99999.9	0	0
alpha	3727.38	3.40642	99999.9	0	0
alpha	3727.38	4.35095	99999.9	0	0
neutron	939.565	24.6125	99999.9	0	0
alpha	3727.38	4.10193	99999.9	0	0
He6	5605.53	7.98905	99999.9	0	0
neutron	939.565	0.627226	99999.9	0	0
B11	10252.5	0.247581	99999.9	0	0
neutron	939.565	2.53306	99999.9	0	0
Be8	7454.85	2.49259	99999.9	0	0
neutron	939.565	2.10617	99999.9	0	0
B11	10252.5	0.0204342	99999.9	0	0
neutron	939.565	0.402857	99999.9	0	0
B11	10252.5	0.161669	99999.9	0	0
neutron	939.565	11.8438	99999.9	0	0
neutron	939.565	6.34247	99999.9	0	0
alpha	3727.38	6.08479	99999.9	0	0
alpha	3727.38	6.93065	99999.9	0	0
neutron	939.565	13.4234	99999.9	0	0
neutron	939.565	2.97429	99999.9	0	0
neutron	939.565	0.77495	99999.9	0	0
Be8	7454.85	1.03563	99999.9	0	0
neutron	939.565	0.7781	99999.9	0	0
B11	10252.5	0.311918	99999.9	0	0
neutron	939.565	4.23156	99999.9	0	0
Be8	7454.85	1.52593	99999.9	0	0
neutron	939.565	18.665	99999.9	0	0
neutron	939.565	1.51598	99999.9	0	0
neutron	939.565	0.0119536	99999.9	0	0
alpha	3727.38	7.03474	99999.9	0	0
alpha	3727.38	1.36876	99999.9	0	0
neutron	939.565	3.92321	99999.9	0	0
B11	10252.5	0.135089	99999.9	0	0
neutron	939.565	2.47002	99999.9	0	0
B11	10252.5	0.394217	99999.9	0	0
neutron	939.565	6.115	99999.9	0	0
neutron	939.565	5.13893	99999.9	0	0
B10	9324.44	0.762226	99999.9	0	0
neutron	939.565	1.59479	99999.9	0	0
B11	10252.5	0.126567	99999.9	0	0
neutron	939.565	0.785684	99999.9	0	0
B11	10252.5	0.161016	99999.9	0	0
neutron	939.565	11.9856	99999.9	0	0
Be10	9325.5	6.51564	99999.9	0	0
alpha	3727.38	3.25258	99999.9	0	0
Li8	7471.37	3.02206	99999.9	0	0
neutron	939.565	20.1839	99999.9	0	0
neutron	939.565	16.6403	99999.9	0	0
alpha	3727.38	10.4639	99999.9	0	0
Li6	5601.52	1.46822	99999.9	0	0
neutron	939.565	1.69678	99999.9	0	0
neutron	939.565	1.56151	99999.9	0	0
Be8	7454.85	3.10392	99999.9	0	0
alpha	3727.38	4.68644	99999.9	0	0
Li8	7471.37	1.91828	99999.9	0	0
neutron	939.565	7.74221	99999.9	0	0
B11	10252.5	0.907939	99999.9	0	0
neutron	939.565	18.5972	99999.9	0	0
Be10	9325.5	1.38454	99999.9	0	0
neutron	939.565	2.82047	99999.9	0	0
B11	10252.5	0.0301529	99999.9	0	0
neutron	939.565	0.906432	99999.9	0	0
B11	10252.5	0.234287	99999.9	0	0
neutron	939.565	11.1391	99999.9	0	0
neutron	939.565	1.29062	99999.9	0	0
Be8	7454.85	3.57097	99999.9	0	0
neutron	939.565	0.750575	99999.9	0	0
alpha	3727.38	4.07076	99999.9	0	0
alpha	3727.38	2.48881	99999.9	0	0
neutron	939.565	4.20521	99999.9	0	0
neutron	939.565	2.62615	99999.9	0	0
neutron	939.565	0.488904	99999.9	0	0
alpha	3727.38	2.69896	99999.9	0	0
alpha	3727.38	7.54826	99999.9	0	0
neutron	939.565	1.44394	99999.9	0	0
B11	10252.5	0.177559	99999.9	0	0
neutron	939.565	33.2695	99999.9	0	0
neutron	939.565	6.43844	99999.9	0	0
neutron	939.565	1.55893	99999.9	0	0
alpha	3727.38	6.26655	99999.9	0	0
alpha	3727.38	1.16358	99999.9	0	0
neutron	939.565	10.4921	99999.9	0	0
neutron	939.565	3.06594	99999.9	0	0
alpha	3727.38	8.57536	99999.9	0	0
alpha	3727.38	8.64305	99999.9	0	0
neutron	939.565	0.653798	99999.9	0	0
B11	10252.5	0.470307	99999.9	0	0
neutron	939.565	23.9954	99999.9	0	0
neutron	939.565	18.7207	99999.9	0	0
Be8	7454.85	4.26323	99999.9	0	0
neutron	939.565	22.5772	99999.9	0	0
neutron	939.565	12.4344	99999.9	0	0
neutron	939.565	8.77152	99999.9	0	0
alpha	3727.38	5.85074	99999.9	0	0
alpha	3727.38	1.59941	99999.9	0	0
neutron	939.565	0.461604	99999.9	0	0
B11	10252.5	0.591044	99999.9	0	0
neutron	939.565	5.58414	99999.9	0	0
neutron	939.565	0.237316	99999.9	0	0
Be8	7454.85	6.25078	99999.9	0	0
neutron	939.565	5.46717	99999.9	0	0
Be10	9325.5	1.37112	99999.9	0	0
neutron	939.565	16.0104	99999.9	0	0
Be10	9325.5	0.212744	99999.9	0	0
neutron	939.565	5.55545	99999.9	0	0
neutron	939.565	1.94874	99999.9	0	0
alpha	3727.38	4.77928	99999.9	0	0
alpha	3727.38	2.1191	99999.9	0	0
neutron	939.565	7.62596	99999.9	0	0
neutron	939.565	6.1969	99999.9	0	0
neutron	939.565	0.617783	99999.9	0	0
Be8	7454.85	1.50956	99999.9	0	0
neutron	939.565	3.30393	99999.9	0	0
neutron	939.565	0.129191	99999.9	0	0
alpha	3727.38	1.43147	99999.9	0	0
alpha	3727.38	4.53903	99999.9	0	0
neutron	939.565	14.1625	99999.9	0	0
alpha	3727.38	9.53557	99999.9	0	0
alpha	3727.38	5.11618	99999.9	0	0
neutron	939.565	12.8782	99999.9	0	0
neutron	939.565	2.80679	99999.9	0	0
B10	9324.44	3.75652	99999.9	0	0
neutron	939.565	12.1706	99999.9	0	0
B11	10252.5	0.329804	99999.9	0	0
neutron	939.565	8.52352	99999.9	0	0
alpha	3727.38	7.31452	99999.9	0	0
Li7	6533.83	1.95525	99999.9	0	0
neutron	939.565	9.73625	99999.9	0	0
neutron	939.565	1.12389	99999.9	0	0
alpha	3727.38	4.43846	99999.9	0	0
alpha	3727.38	2.05088	99999.9	0	0
neutron	939.565	3.46697	99999.9	0	0
B11	10252.5	1.05726	99999.9	0	0
neutron	939.565	8.02353	99999.9	0	0
neutron	939.565	1.93796	99999.9	0	0
Be9	8392.75	4.18918	99999.9	0	0
B12	11188.7	0.338711	99999.9	0	0
neutron	939.565	12.6697	99999.9	0	0
neutron	939.565	7.9581	99999.9	0	0
Be8	7454.85	1.21592	99999.9	0	0
neutron	939.565	6.89645	99999.9	0	0
B11	10252.5	0.282546	99999.9	0	0
neutron	939.565	9.13756	99999.9	0	0
neutron	939.565	0.637052	99999.9	0	0
neutron	939.565	0.339086	99999.9	0	0
Be8	7454.85	2.35202	99999.9	0	0
neutron	939.565	5.64676	99999.9	0	0
neutron	939.565	5.6035	99999.9	0	0
neutron	939.565	0.726091	99999.9	0	0
alpha	3727.38	8.05428	99999.9	0	0
alpha	3727.38	0.606548	99999.9	0	0
neutron	939.565	11.2753	99999.9	0	0
neutron	939.565	6.60826	99999.9	0	0
Be8	7454.85	5.2244	99999.9	0	0
neutron	939.565	3.20202	99999.9	0	0
Be10	9325.5	2.25118	99999.9	0	0
neutron	939.565	1.1679	99999.9	0	0
B11	10252.5	0.780696	99999.9	0	0
neutron	939.565	5.32145	99999.9	0	0
neutron	939.565	0.694755	99999.9	0	0
alpha	3727.38	17.7224	99999.9	0	0
alpha	3727.38	1.8123	99999.9	0	0
neutron	939.565	9.93556	99999.9	0	0
neutron	939.565	6.26694	99999.9	0	0
B10	9324.44	2.15355	99999.9	0	0
neutron	939.565	24.892	99999.9	0	0
neutron	939.565	1.3371	99999.9	0	0
neutron	939.565	0.107357	99999.9	0	0
Be8	7454.85	3.52697	99999.9	0	0
neutron	939.565	3.32833	99999.9	0	0
B11	10252.5	0.523464	99999.9	0	0
neutron	939.565	10.1051	99999.9	0	0
neutron	939.565	0.594898	99999.9	0	0
Be9	8392.75	1.475	99999.9	0	0
neutron	939.565	10.2489	99999.9	0	0
neutron	939.565	4.39772	99999.9	0	0
neutron	939.565	1.7497	99999.9	0	0
alpha	3727.38	5.71867	99999.9	0	0
alpha	3727.38	0.794563	99999.9	0	0
neutron	939.565	5.51732	99999.9	0	0
Be10	9325.5	1.37203	99999.9	0	0
neutron	939.565	2.4613	99999.9	0	0
alpha	3727.38	5.97961	99999.9	0	0
Li7	6533.83	5.30621	99999.9	0	0
neutron	939.565	4.02483	99999.9	0	0
alpha	3727.38	6.84145	99999.9	0	0
alpha	3727.38	8.69406	99999.9	0	0
neutron	939.565	0.563049	99999.9	0	0
B11	10252.5	0.402289	99999.9	0	0
neutron	939.565	28.811	99999.9	0	0
neutron	939.565	10.1713	99999.9	0	0
neutron	939.565	0.140071	99999.9	0	0
Be8	7454.85	1.16749	99999.9	0	0
neutron	939.565	1.38503	99999.9	0	0
Be10	9325.5	0.132441	99999.9	0	0
neutron	939.565	23.0245	99999.9	0	0
B11	10252.5	2.1933	99999.9	0	0
neutron	939.565	12.3778	99999.9	0	0
neutron	939.565	0.54759	99999.9	0	0
B10	9324.44	1.52719	99999.9	0	0
neutron	939.565	3.27503	99999.9	0	0
B11	10252.5	0.366128	99999.9	0	0
neutron	939.565	12.9795	99999.9	0	0
Be8	7454.85	5.78548	99999.9	0	0
neutron	939.565	8.0113	99999.9	0	0
neutron	939.565	5.9025	99999.9	0	0
neutron	939.565	5.27679	99999.9	0	0
neutron	939.565	0.369458	99999.9	0	0
Be7	6534.18	1.5963	99999.9	0	0
neutron	939.565	37.4758	99999.9	0	0
Be8	7454.85	5.55597	99999.9	0	0
neutron	939.565	8.047	99999.9	0	0
neutron	939.565	6.73181	99999.9	0	0
neutron	939.565	0.21972	99999.9	0	0
B9	8393.31	0.591905	99999.9	0	0
neutron	939.565	6.54299	99999.9	0	0
neutron	939.565	0.172815	99999.9	0	0
B10	9324.44	1.42521	99999.9	0	0
neutron	939.565	13.3161	99999.9	0	0
Be10	9325.5	1.89878	99999.9	0	0
neutron	939.565	6.1308	99999.9	0	0
Be10	9325.5	1.71549	99999.9	0	0
neutron	939.565	0.785539	99999.9	0	0
B11	10252.5	0.240874	99999.9	0	0
neutron	939.565	6.86131	99999.9	0	0
alpha	3727.38	3.34706	99999.9	0	0
alpha	3727.38	6.27898	99999.9	0	0
neutron	939.565	22.3564	99999.9	0	0
Be10	9325.5	2.71288	99999.9	0	0
neutron	939.565	3.90562	99999.9	0	0
B11	10252.5	0.0791674	99999.9	0	0
neutron	939.565	8.58735	99999.9	0	0
alpha	3727.38	3.5309	99999.9	0	0
alpha	3727.38	4.70232	99999.9	0	0
neutron	939.565	9.32435	99999.9	0	0
neutron	939.565	3.62679	99999.9	0	0
neutron	939.565	2.54712	99999.9	0	0
Be8	7454.85	0.705195	99999.9	0	0
neutron	939.565	5.71736	99999.9	0	0
Be10	9325.5	0.630237	99999.9	0	0
neutron	939.565	10.0408	99999.9	0	0
neutron	939.565	2.89801	99999.9	0	0
neutron	939.565	1.97189	99999.9	0	0
alpha	3727.38	0.197948	99999.9	0	0
alpha	3727.38	12.5398	99999.9	0	0
Be10	9325.5	1.05829	99999.9	0	0
neutron	939.565	6.67967	99999.9	0	0
neutron	939.565	1.91107	99999.9	0	0
neutron	939.565	1.2215	99999.9	0	0
alpha	3727.38	2.38877	99999.9	0	0
alpha	3727.38	3.73307	99999.9	0	0
neutron	939.565	5.1328	99999.9	0	0
neutron	939.565	1.01279	99999.9	0	0
neutron	939.565	0.375047	99999.9	0	0
alpha	3727.38	6.45034	99999.9	0	0
alpha	3727.38	3.59115	99999.9	0	0
neutron	939.565	2.69573	99999.9	0	0
Be8	7454.85	1.09527	99999.9	0	0
neutron	939.565	3.41484	99999.9	0	0
Be10	9325.5	1.16322	99999.9	0	0
neutron	939.565	9.5245	99999.9	0	0
B11	10252.5	0.297335	99999.9	0	0
neutron	939.565	3.31687	99999.9	0	0
neutron	939.565	2.02145	99999.9	0	0
alpha	3727.38	5.3202	99999.9	0	0
alpha	3727.38	2.69046	99999.9	0	0
neutron	939.565	8.56294	99999.9	0	0
neutron	939.565	6.51213	99999.9	0	0
alpha	3727.38	9.28091	99999.9	0	0
alpha	3727.38	5.63097	99999.9	0	0
neutron	939.565	2.25156	99999.9	0	0
neutron	939.565	0.455162	99999.9	0	0
alpha	3727.38	7.15425	99999.9	0	0
alpha	3727.38	2.24441	99999.9	0	0
neutron	939.565	10.1912	99999.9	0	0
B11	10252.5	0.445922	99999.9	0	0
neutron	939.565	14.9998	99999.9	0	0
neutron	939.565	12.466	99999.9	0	0
alpha	3727.38	12.9193	99999.9	0	0
alpha	3727.38	11.7173	99999.9	0	0
neutron	939.565	20.1433	99999.9	0	0
neutron	939.565	19.9288	99999.9	0	0
alpha	3727.38	7.8832	99999.9	0	0
alpha	3727.38	4.71573	99999.9	0	0
neutron	939.565	3.68073	99999.9	0	0
neutron	939.565	2.59858	99999.9	0	0
neutron	939.565	0.0702646	99999.9	0	0
Be8	7454.85	0.397588	99999.9	0	0
neutron	939.565	14.2295	99999.9	0	0
neutron	939.565	7.80056	99999.9	0	0
Be8	7454.85	6.59709	99999.9	0	0
neutron	939.565	10.039	99999.9	0	0
B11	10252.5	0.491791	99999.9	0	0
neutron	939.565	5.41719	99999.9	0	0
B11	10252.5	0.183163	99999.9	0	0
neutron	939.565	4.45756	99999.9	0	0
B11	10252.5	0.781572	99999.9	0	0
neutron	939.565	8.75713	99999.9	0	0
neutron	939.565	7.35895	99999.9	0	0
alpha	3727.38	9.44399	99999.9	0	0
alpha	3727.38	0.80099	99999.9	0	0
neutron	939.565	2.21662	99999.9	0	0
B11	10252.5	0.389191	99999.9	0	0
neutron	939.565	29.5507	99999.9	0	0
neutron	939.565	16.9369	99999.9	0	0
neutron	939.565	2.60521	99999.9	0	0
Be8	7454.85	2.60089	99999.9	0	0
neutron	939.565	17.1807	99999.9	0	0
Be10	9325.5	2.76973	99999.9	0	0
neutron	939.565	5.47325	99999.9	0	0
Be10	9325.5	0.579464	99999.9	0	0
neutron	939.565	0.762939	99999.9	0	0
B11	10252.5	0.255719	99999.9	0	0
neutron	939.565	20.1134	99999.9	0	0
neutron	939.565	9.25262	99999.9	0	0
neutron	939.565	0.298352	99999.9	0	0
alpha	3727.38	6.97809	99999.9	0	0
alpha	3727.38	1.08841	99999.9	0	0
neutron	939.565	9.00936	99999.9	0	0
neutron	939.565	2.5066	99999.9	0	0
B10	9324.44	2.81178	99999.9	0	0
neutron	939.565	5.77246	99999.9	0	0
neutron	939.565	0.532803	99999.9	0	0
Be8	7454.85	1.35181	99999.9	0	0
neutron	939.565	11.0537	99999.9	0	0
alpha	3727.38	3.98182	99999.9	0	0
alpha	3727.38	2.97	99999.9	0	0
neutron	939.565	8.52888	99999.9	0	0
neutron	939.565	6.20008	99999.9	0	0
B11	10252.5	2.22772	99999.9	0	0
neutron	939.565	33.5752	99999.9	0	0
alpha	3727.38	8.93333	99999.9	0	0
alpha	3727.38	2.98734	99999.9	0	0
neutron	939.565	20.6989	99999.9	0	0
neutron	939.565	5.02715	99999.9	0	0
neutron	939.565	5.00253	99999.9	0	0
alpha	3727.38	6.8028	99999.9	0	0
alpha	3727.38	1.48121	99999.9	0	0
Be10	9325.5	1.89636	99999.9	0	0
neutron	939.565	3.74676	99999.9	0	0
alpha	3727.38	3.26261	99999.9	0	0
Li7	6533.83	1.09688	99999.9	0	0
neutron	939.565	6.03545	99999.9	0	0
neutron	939.565	5.34362	99999.9	0	0
B10	9324.44	2.86481	99999.9	0	0
neutron	939.565	3.77851	99999.9	0	0
neutron	939.565	0.729804	99999.9	0	0
Be9	8392.75	0.408816	99999.9	0	0
neutron	939.565	2.05088	99999.9	0	0
B11	10252.5	0.865935	99999.9	0	0
neutron	939.565	2.56561	99999.9	0	0
Be8	7454.85	0.848701	99999.9	0	0
neutron	939.565	1.6822	99999.9	0	0
neutron	939.565	1.44295	99999.9	0	0
neutron	939.565	1.02928	99999.9	0	0
alpha	3727.38	5.92462	99999.9	0	0
alpha	3727.38	3.0165	99999.9	0	0
neutron	939.565	34.0759	99999.9	0	0
neutron	939.565	1.4472	99999.9	0	0
Be9	8392.75	5.16018	99999.9	0	0
neutron	939.565	21.4663	99999.9	0	0
neutron	939.565	7.17626	99999.9	0	0
Be8	7454.85	1.64377	99999.9	0	0
neutron	939.565	6.73902	99999.9	0	0
alpha	3727.38	7.29367	99999.9	0	0
alpha	3727.38	2.51388	99999.9	0	0
neutron	939.565	19.2341	99999.9	0	0
Be8	7454.85	1.93352	99999.9	0	0
neutron	939.565	5.57262	99999.9	0	0
B11	10252.5	0.319682	99999.9	0	0
neutron	939.565	11.3762	99999.9	0	0
neutron	939.565	4.84323	99999.9	0	0
alpha	3727.38	6.45956	99999.9	0	0
alpha	3727.38	2.82708	99999.9	0	0
neutron	939.565	19.5906	99999.9	0	0
neutron	939.565	1.73571	99999.9	0	0
Be9	8392.75	6.01578	99999.9	0	0
neutron	939.565	7.65317	99999.9	0	0
neutron	939.565	2.70554	99999.9	0	0
B10	9324.44	0.389869	99999.9	0	0
neutron	939.565	8.08456	99999.9	0	0
alpha	3727.38	4.2862	99999.9	0	0
alpha	3727.38	3.04285	99999.9	0	0
neutron	939.565	3.34049	99999.9	0	0
B11	10252.5	0.265486	99999.9	0	0
neutron	939.565	4.63708	99999.9	0	0
neutron	939.565	0.881453	99999.9	0	0
alpha	3727.38	4.2172	99999.9	0	0
alpha	3727.38	2.35953	99999.9	0	0
neutron	939.565	9.36116	99999.9	0	0
neutron	939.565	3.66569	99999.9	0	0
B10	9324.44	0.611728	99999.9	0	0
neutron	939.565	10.9004	99999.9	0	0
neutron	939.565	5.31775	99999.9	0	0
neutron	939.565	1.24405	99999.9	0	0
alpha	3727.38	3.4058	99999.9	0	0
alpha	3727.38	1.06342	99999.9	0	0
neutron	939.565	1.69043	99999.9	0	0
B11	10252.5	0.714264	99999.9	0	0
neutron	939.565	6.23667	99999.9	0	0
neutron	939.565	5.39483	99999.9	0	0
alpha	3727.38	2.80395	99999.9	0	0
alpha	3727.38	2.06171	99999.9	0	0
neutron	939.565	12.6741	99999.9	0	0
neutron	939.565	5.84003	99999.9	0	0
Be8	7454.85	4.37168	99999.9	0	0
neutron	939.565	8.63246	99999.9	0	0
neutron	939.565	3.13628	99999.9	0	0
B11	10252.5	0.550998	99999.9	0	0
neutron	939.565	10.8725	99999.9	0	0
neutron	939.565	2.15924	99999.9	0	0
neutron	939.565	1.90613	99999.9	0	0
alpha	3727.38	1.70378	99999.9	0	0
alpha	3727.38	8.41784	99999.9	0	0
neutron	939.565	2.60614	99999.9	0	0
Be8	7454.85	1.69177	99999.9	0	0
neutron	939.565	2.11323	99999.9	0	0
neutron	939.565	0.608495	99999.9	0	0
alpha	3727.38	11.0818	99999.9	0	0
alpha	3727.38	7.96273	99999.9	0	0
neutron	939.565	0.782666	99999.9	0	0
B11	10252.5	0.34008	99999.9	0	0
Be9	8392.75	1.16975	99999.9	0	0
neutron	939.565	7.32019	99999.9	0	0
alpha	3727.38	8.74368	99999.9	0	0
alpha	3727.38	1.48633	99999.9	0	0
neutron	939.565	3.23876	99999.9	0	0
neutron	939.565	0.231028	99999.9	0	0
B10	9324.44	0.329388	99999.9	0	0
neutron	939.565	3.26965	99999.9	0	0
alpha	3727.38	7.53442	99999.9	0	0
alpha	3727.38	1.84831	99999.9	0	0
neutron	939.565	3.87169	99999.9	0	0
B11	10252.5	0.181977	99999.9	0	0
neutron	939.565	3.1128	99999.9	0	0
B11	10252.5	0.971287	99999.9	0	0
neutron	939.565	21.1198	99999.9	0	0
neutron	939.565	4.79737	99999.9	0	0
alpha	3727.38	8.58901	99999.9	0	0
alpha	3727.38	7.05182	99999.9	0	0
neutron	939.565	9.99021	99999.9	0	0
neutron	939.565	4.45982	99999.9	0	0
neutron	939.565	3.19296	99999.9	0	0
alpha	3727.38	1.24294	99999.9	0	0
alpha	3727.38	5.41225	99999.9	0	0
neutron	939.565	6.18676	99999.9	0	0
neutron	939.565	2.85291	99999.9	0	0
neutron	939.565	0.131851	99999.9	0	0
Be8	7454.85	0.0411183	99999.9	0	0
neutron	939.565	7.96321	99999.9	0	0
neutron	939.565	3.50203	99999.9	0	0
neutron	939.565	0.0855992	99999.9	0	0
Be8	7454.85	6.53198	99999.9	0	0
neutron	939.565	33.9052	99999.9	0	0
neutron	939.565	11.9992	99999.9	0	0
alpha	3727.38	6.84993	99999.9	0	0
alpha	3727.38	1.80817	99999.9	0	0
neutron	939.565	16.089	99999.9	0	0
neutron	939.565	4.82329	99999.9	0	0
neutron	939.565	0.734728	99999.9	0	0
alpha	3727.38	12.7787	99999.9	0	0
alpha	3727.38	4.4507	99999.9	0	0
neutron	939.565	24.4432	99999.9	0	0
neutron	939.565	7.00453	99999.9	0	0
neutron	939.565	1.76223	99999.9	0	0
alpha	3727.38	9.38024	99999.9	0	0
alpha	3727.38	0.853511	99999.9	0	0
neutron	939.565	6.0514	99999.9	0	0
neutron	939.565	5.89226	99999.9	0	0
neutron	939.565	3.47116	99999.9	0	0
alpha	3727.38	1.48139	99999.9	0	0
alpha	3727.38	5.12665	99999.9	0	0
neutron	939.565	2.9509	99999.9	0	0
B11	10252.5	0.350735	99999.9	0	0
neutron	939.565	2.2169	99999.9	0	0
B11	10252.5	0.96228	99999.9	0	0
neutron	939.565	8.25051	99999.9	0	0
neutron	939.565	6.2645	99999.9	0	0
B10	9324.44	0.955205	99999.9	0	0
neutron	939.565	2.26351	99999.9	0	0
Be8	7454.85	5.17521	99999.9	0	0
neutron	939.565	33.2366	99999.9	0	0
neutron	939.565	4.73512	99999.9	0	0
alpha	3727.38	1.86942	99999.9	0	0
alpha	3727.38	14.7636	99999.9	0	0
neutron	939.565	25.2877	99999.9	0	0
alpha	3727.38	6.65918	99999.9	0	0
alpha	3727.38	0.469038	99999.9	0	0
neutron	939.565	4.43392	99999.9	0	0
B11	10252.5	0.687488	99999.9	0	0
neutron	939.565	2.03033	99999.9	0	0
B11	10252.5	0.252251	99999.9	0	0
neutron	939.565	1.64493	99999.9	0	0
B11	10252.5	0.239026	99999.9	0	0
neutron	939.565	1.67568	99999.9	0	0
neutron	939.565	0.784496	99999.9	0	0
Be9	8392.75	0.525228	99999.9	0	0
neutron	939.565	1.58752	99999.9	0	0
B11	10252.5	0.630691	99999.9	0	0
neutron	939.565	1.93892	99999.9	0	0
B11	10252.5	0.695443	99999.9	0	0
neutron	939.565	9.20307	99999.9	0	0
alpha	3727.38	10.8959	99999.9	0	0
alpha	3727.38	6.38708	99999.9	0	0
neutron	939.565	1.33839	99999.9	0	0
B11	10252.5	0.189858	99999.9	0	0
neutron	939.565	18.735	99999.9	0	0
neutron	939.565	9.76091	99999.9	0	0
neutron	939.565	5.07026	99999.9	0	0
alpha	3727.38	1.32948	99999.9	0	0
alpha	3727.38	7.26106	99999.9	0	0
neutron	939.565	7.87925	99999.9	0	0
neutron	939.565	6.64878	99999.9	0	0
neutron	939.565	3.37015	99999.9	0	0
Be8	7454.85	1.27091	99999.9	0	0
neutron	939.565	11.1412	99999.9	0	0
neutron	939.565	5.04503	99999.9	0	0
alpha	3727.38	12.2572	99999.9	0	0
alpha	3727.38	3.9012	99999.9	0	0
neutron	939.565	0.507199	99999.9	0	0
B11	10252.5	0.664405	99999.9	0	0
neutron	939.565	0.111811	99999.9	0	0
Be8	7454.85	1.55715	99999.9	0	0
neutron	939.565	12.028	99999.9	0	0
neutron	939.565	11.9231	99999.9	0	0
Be8	7454.85	5.038	99999.9	0	0
neutron	939.565	8.10372	99999.9	0	0
neutron	939.565	3.29382	99999.9	0	0
neutron	939.565	2.14003	99999.9	0	0
Be8	7454.85	4.27371	99999.9	0	0
neutron	939.565	15.1504	99999.9	0	0
neutron	939.565	3.52943	99999.9	0	0
alpha	3727.38	1.91541	99999.9	0	0
alpha	3727.38	7.66828	99999.9	0	0
neutron	939.565	22.0773	99999.9	0	0
neutron	939.565	4.35103	99999.9	0	0
neutron	939.565	2.0851	99999.9	0	0
Be8	7454.85	2.30207	99999.9	0	0
neutron	939.565	15.345	99999.9	0	0
Be8	7454.85	3.04832	99999.9	0	0
neutron	939.565	3.51989	99999.9	0	0
neutron	939.565	0.219571	99999.9	0	0
B10	9324.44	1.0563	99999.9	0	0
neutron	939.565	22.0985	99999.9	0	0
neutron	939.565	1.56779	99999.9	0	0
alpha	3727.38	15.9597	99999.9	0	0
alpha	3727.38	6.14338	99999.9	0	0
neutron	939.565	2.6478	99999.9	0	0
neutron	939.565	0.493226	99999.9	0	0
B10	9324.44	0.228757	99999.9	0	0
neutron	939.565	16.6814	99999.9	0	0
neutron	939.565	7.90675	99999.9	0	0
B10	9324.44	3.27073	99999.9	0	0
neutron	939.565	9.0717	99999.9	0	0
alpha	3727.38	3.50116	99999.9	0	0
Li7	6533.83	1.19152	99999.9	0	0
neutron	939.565	1.73399	99999.9	0	0
B11	10252.5	0.550882	99999.9	0	0
neutron	939.565	12.3102	99999.9	0	0
neutron	939.565	1.78118	99999.9	0	0
neutron	939.565	1.73693	99999.9	0	0
B10	9324.44	1.61131	99999.9	0	0
neutron	939.565	32.1707	99999.9	0	0
neutron	939.565	1.16909	99999.9	0	0
Be8	7454.85	2.96551	99999.9	0	0
neutron	939.565	13.3465	99999.9	0	0
neutron	939.565	3.99491	99999.9	0	0
neutron	939.565	3.19861	99999.9	0	0
alpha	3727.38	10.0328	99999.9	0	0
alpha	3727.38	10.3865	99999.9	0	0
neutron	939.565	1.45121	99999.9	0	0
B11	10252.5	0.45242	99999.9	0	0
neutron	939.565	12.5802	99999.9	0	0
neutron	939.565	9.17782	99999.9	0	0
Be8	7454.85	1.14545	99999.9	0	0
neutron	939.565	1.23877	99999.9	0	0
B11	10252.5	0.51736	99999.9	0	0
neutron	939.565	12.5779	99999.9	0	0
neutron	939.565	9.60072	99999.9	0	0
alpha	3727.38	9.22241	99999.9	0	0
alpha	3727.38	1.11416	99999.9	0	0
neutron	939.565	34.1791	99999.9	0	0
Be9	8392.75	1.96351	99999.9	0	0
neutron	939.565	28.5023	99999.9	0	0
alpha	3727.38	4.00261	99999.9	0	0
alpha	3727.38	3.55236	99999.9	0	0
neutron	939.565	0.525162	99999.9	0	0
neutron	939.565	0.154311	99999.9	0	0
alpha	3727.38	4.95449	99999.9	0	0
alpha	3727.38	1.64063	99999.9	0	0
neutron	939.565	19.0883	99999.9	0	0
neutron	939.565	1.7952	99999.9	0	0
neutron	939.565	1.46648	99999.9	0	0
Be8	7454.85	2.04284	99999.9	0	0
neutron	939.565	9.24549	99999.9	0	0
neutron	939.565	8.97725	99999.9	0	0
neutron	939.565	5.94252	99999.9	0	0
alpha	3727.38	1.66365	99999.9	0	0
alpha	3727.38	5.70927	99999.9	0	0
neutron	939.565	2.1169	99999.9	0	0
neutron	939.565	1.04889	99999.9	0	0
Be8	7454.85	1.01148	99999.9	0	0
neutron	939.565	5.23299	99999.9	0	0
neutron	939.565	3.35182	99999.9	0	0
B10	9324.44	0.352684	99999.9	0	0
neutron	939.565	21.9691	99999.9	0	0
neutron	939.565	2.30967	99999.9	0	0
neutron	939.565	1.95546	99999.9	0	0
Be8	7454.85	1.80269	99999.9	0	0
neutron	939.565	7.39776	99999.9	0	0
alpha	3727.38	3.85592	99999.9	0	0
Li7	6533.83	0.87691	99999.9	0	0
neutron	939.565	3.33145	99999.9	0	0
neutron	939.565	0.298856	99999.9	0	0
B10	9324.44	0.266972	99999.9	0	0
neutron	939.565	45.1532	99999.9	0	0
neutron	939.565	5.95178	99999.9	0	0
B10	9324.44	4.09987	99999.9	0	0
neutron	939.565	0.605697	99999.9	0	0
Be10	9325.5	0.612297	99999.9	0	0
neutron	939.565	4.25269	99999.9	0	0
neutron	939.565	3.76322	99999.9	0	0
Be9	8392.75	3.28167	99999.9	0	0
neutron	939.565	7.48013	99999.9	0	0
neutron	939.565	2.8802	99999.9	0	0
B10	9324.44	0.740877	99999.9	0	0
neutron	939.565	15.6942	99999.9	0	0
B11	10252.5	1.47163	99999.9	0	0
neutron	939.565	16.9981	99999.9	0	0
neutron	939.565	9.65993	99999.9	0	0
neutron	939.565	4.04601	99999.9	0	0
Be8	7454.85	0.967838	99999.9	0	0
neutron	939.565	1.516	99999.9	0	0
B11	10252.5	0.554912	99999.9	0	0
neutron	939.565	0.994408	99999.9	0	0
B11	10252.5	0.291272	99999.9	0	0
neutron	939.565	0.761346	99999.9	0	0
B11	10252.5	0.263983	99999.9	0	0
neutron	939.565	12.3261	99999.9	0	0
Be8	7454.85	0.857843	99999.9	0	0
neutron	939.565	0.702755	99999.9	0	0
B11	10252.5	0.177492	99999.9	0	0
neutron	939.565	6.44163	99999.9	0	0
B11	10252.5	1.09908	99999.9	0	0
neutron	939.565	1.91792	99999.9	0	0
neutron	939.565	1.71486	99999.9	0	0
neutron	939.565	0.0659701	99999.9	0	0
Be8	7454.85	1.52326	99999.9	0	0
neutron	939.565	8.10074	99999.9	0	0
neutron	939.565	4.16673	99999.9	0	0
B10	9324.44	1.1576	99999.9	0	0
neutron	939.565	11.2102	99999.9	0	0
alpha	3727.38	1.23113	99999.9	0	0
Li7	6533.83	5.06248	99999.9	0	0
neutron	939.565	0.458756	99999.9	0	0
B11	10252.5	0.597485	99999.9	0	0
neutron	939.565	31.723	99999.9	0	0
neutron	939.565	15.129	99999.9	0	0
B10	9324.44	5.83964	99999.9	0	0
neutron	939.565	9.18392	99999.9	0	0
neutron	939.565	5.80034	99999.9	0	0
neutron	939.565	0.743258	99999.9	0	0
Be8	7454.85	5.30918	99999.9	0	0
neutron	939.565	19.4117	99999.9	0	0
alpha	3727.38	5.29634	99999.9	0	0
alpha	3727.38	3.4299	99999.9	0	0
neutron	939.565	31.002	99999.9	0	0
neutron	939.565	4.94071	99999.9	0	0
neutron	939.565	4.4433	99999.9	0	0
Be8	7454.85	2.62536	99999.9	0	0
neutron	939.565	2.36486	99999.9	0	0
neutron	939.565	0.104445	99999.9	0	0
B10	9324.44	0.606142	99999.9	0	0
neutron	939.565	32.0916	99999.9	0	0
neutron	939.565	16.0157	99999.9	0	0
neutron	939.565	4.59525	99999.9	0	0
Be8	7454.85	0.983326	99999.9	0	0
neutron	939.565	5.69238	99999.9	0	0
B11	10252.5	1.29665	99999.9	0	0
neutron	939.565	1.86469	99999.9	0	0
B11	10252.5	0.34759	99999.9	0	0
neutron	939.565	11.0211	99999.9	0	0
alpha	3727.38	5.04719	99999.9	0	0
Li7	6533.83	2.3269	99999.9	0	0
neutron	939.565	2.01909	99999.9	0	0
neutron	939.565	0.68917	99999.9	0	0
Be9	8392.75	0.661217	99999.9	0	0
neutron	939.565	8.21222	99999.9	0	0
B11	10252.5	1.19364	99999.9	0	0
neutron	939.565	0.637648	99999.9	0	0
B11	10252.5	0.187478	99999.9	0	0
neutron	939.565	7.7527	99999.9	0	0
neutron	939.565	1.00319	99999.9	0	0
Be9	8392.75	1.40922	99999.9	0	0
neutron	939.565	10.575	99999.9	0	0
alpha	3727.38	14.7949	99999.9	0	0
alpha	3727.38	2.59548	99999.9	0	0
neutron	939.565	21.8639	99999.9	0	0
neutron	939.565	5.45011	99999.9	0	0
Be8	7454.85	2.8583	99999.9	0	0
B12	11188.7	0.331912	99999.9	0	0
B12	11188.7	0.366363	99999.9	0	0
neutron	939.565	9.08987	99999.9	0	0
neutron	939.565	1.11166	99999.9	0	0
Be9	8392.75	0.316703	99999.9	0	0
neutron	939.565	4.7536	99999.9	0	0
neutron	939.565	2.85776	99999.9	0	0
alpha	3727.38	3.94547	99999.9	0	0
alpha	3727.38	1.26415	99999.9	0	0
neutron	939.565	4.41368	99999.9	0	0
neutron	939.565	3.74781	99999.9	0	0
alpha	3727.38	9.71148	99999.9	0	0
alpha	3727.38	1.89228	99999.9	0	0
neutron	939.565	8.4675	99999.9	0	0
neutron	939.565	4.86636	99999.9	0	0
alpha	3727.38	5.97479	99999.9	0	0
alpha	3727.38	10.4234	99999.9	0	0
neutron	939.565	15.0206	99999.9	0	0
neutron	939.565	8.50608	99999.9	0	0
neutron	939.565	6.32254	99999.9	0	0
neutron	939.565	5.38859	99999.9	0	0
Be7	6534.18	0.240937	99999.9	0	0
neutron	939.565	23.4767	99999.9	0	0
neutron	939.565	2.4941	99999.9	0	0
neutron	939.565	0.922948	99999.9	0	0
Be8	7454.85	1.71262	99999.9	0	0
neutron	939.565	2.80071	99999.9	0	0
Be8	7454.85	0.313094	99999.9	0	0
neutron	939.565	26.0222	99999.9	0	0
neutron	939.565	5.38964	99999.9	0	0
neutron	939.565	4.45202	99999.9	0	0
Be8	7454.85	3.16105	99999.9	0	0
neutron	939.565	12.9062	99999.9	0	0
neutron	939.565	4.99137	99999.9	0	0
neutron	939.565	1.09806	99999.9	0	0
alpha	3727.38	6.5501	99999.9	0	0
alpha	3727.38	3.5349	99999.9	0	0
neutron	939.565	2.5057	99999.9	0	0
B11	10252.5	0.492426	99999.9	0	0
neutron	939.565	5.62243	99999.9	0	0
B11	10252.5	0.710668	99999.9	0	0
neutron	939.565	27.4998	99999.9	0	0
neutron	939.565	13.2467	99999.9	0	0
B10	9324.44	3.68776	99999.9	0	0
neutron	939.565	28.1826	99999.9	0	0
alpha	3727.38	1.52337	99999.9	0	0
alpha	3727.38	4.70438	99999.9	0	0
neutron	939.565	34.4268	99999.9	0	0
Be10	9325.5	3.60273	99999.9	0	0
neutron	939.565	9.72886	99999.9	0	0
neutron	939.565	3.51201	99999.9	0	0
B10	9324.44	2.43589	99999.9	0	0
neutron	939.565	5.87305	99999.9	0	0
neutron	939.565	4.23537	99999.9	0	0
neutron	939.565	1.92972	99999.9	0	0
Be8	7454.85	1.93467	99999.9	0	0
neutron	939.565	4.2892	99999.9	0	0
neutron	939.565	4.28688	99999.9	0	0
alpha	3727.38	3.88226	99999.9	0	0
alpha	3727.38	1.57146	99999.9	0	0
neutron	939.565	1.95331	99999.9	0	0
B11	10252.5	0.333949	99999.9	0	0
B12	11188.7	0.353317	99999.9	0	0
neutron	939.565	5.7753	99999.9	0	0
neutron	939.565	1.26656	99999.9	0	0
Be8	7454.85	0.14377	99999.9	0	0
neutron	939.565	0.710073	99999.9	0	0
B11	10252.5	0.486086	99999.9	0	0
neutron	939.565	4.78944	99999.9	0	0
neutron	939.565	1.4519	99999.9	0	0
Be8	7454.85	2.72288	99999.9	0	0
neutron	939.565	6.09244	99999.9	0	0
neutron	939.565	3.3777	99999.9	0	0
neutron	939.565	1.1261	99999.9	0	0
Be8	7454.85	1.69335	99999.9	0	0
neutron	939.565	8.04449	99999.9	0	0
neutron	939.565	4.4556	99999.9	0	0
B10	9324.44	1.6357	99999.9	0	0
neutron	939.565	2.74039	99999.9	0	0
B11	10252.5	0.642217	99999.9	0	0
neutron	939.565	2.66258	99999.9	0	0
neutron	939.565	1.36093	99999.9	0	0
neutron	939.565	0.713358	99999.9	0	0
alpha	3727.38	5.86	99999.9	0	0
alpha	3727.38	0.768219	99999.9	0	0
neutron	939.565	8.34214	99999.9	0	0
neutron	939.565	0.301055	99999.9	0	0
B10	9324.44	0.746193	99999.9	0	0
neutron	939.565	1.92433	99999.9	0	0
B11	10252.5	0.446558	99999.9	0	0
neutron	939.565	9.90988	99999.9	0	0
neutron	939.565	7.80671	99999.9	0	0
neutron	939.565	3.63781	99999.9	0	0
alpha	3727.38	0.77137	99999.9	0	0
alpha	3727.38	7.64825	99999.9	0	0
neutron	939.565	4.71314	99999.9	0	0
neutron	939.565	2.62764	99999.9	0	0
neutron	939.565	0.319045	99999.9	0	0
alpha	3727.38	2.16108	99999.9	0	0
alpha	3727.38	4.2139	99999.9	0	0
neutron	939.565	1.49684	99999.9	0	0
B11	10252.5	0.535857	99999.9	0	0
neutron	939.565	29.7545	99999.9	0	0
neutron	939.565	2.94022	99999.9	0	0
alpha	3727.38	6.25468	99999.9	0	0
alpha	3727.38	7.93269	99999.9	0	0
neutron	939.565	37.7324	99999.9	0	0
neutron	939.565	10.9355	99999.9	0	0
neutron	939.565	0.453018	99999.9	0	0
Be8	7454.85	0.677237	99999.9	0	0
neutron	939.565	4.17919	99999.9	0	0
neutron	939.565	2.81375	99999.9	0	0
B10	9324.44	1.96155	99999.9	0	0
neutron	939.565	12.4398	99999.9	0	0
neutron	939.565	8.60446	99999.9	0	0
neutron	939.565	2.37738	99999.9	0	0
Be8	7454.85	4.19529	99999.9	0	0
neutron	939.565	2.64119	99999.9	0	0
Li9	8406.87	1.59632	99999.9	0	0
B12	11188.7	0.343865	99999.9	0	0
neutron	939.565	1.52068	99999.9	0	0
B11	10252.5	0.545798	99999.9	0	0
neutron	939.565	5.01421	99999.9	0	0
neutron	939.565	0.283195	99999.9	0	0
B10	9324.44	0.834516	99999.9	0	0
neutron	939.565	5.34529	99999.9	0	0
neutron	939.565	2.02649	99999.9	0	0
neutron	939.565	1.05359	99999.9	0	0
alpha	3727.38	3.08686	99999.9	0	0
alpha	3727.38	4.60232	99999.9	0	0
neutron	939.565	6.07777	99999.9	0	0
neutron	939.565	1.71113	99999.9	0	0
B10	9324.44	0.165674	99999.9	0	0
neutron	939.565	24.8495	99999.9	0	0
neutron	939.565	6.59109	99999.9	0	0
neutron	939.565	0.97393	99999.9	0	0
Be8	7454.85	0.205128	99999.9	0	0
B12	11188.7	0.352312	99999.9	0	0
neutron	939.565	7.98284	99999.9	0	0
neutron	939.565	1.97333	99999.9	0	0
neutron	939.565	1.35927	99999.9	0	0
Be8	7454.85	0.498868	99999.9	0	0
neutron	939.565	9.62803	99999.9	0	0
neutron	939.565	2.50419	99999.9	0	0
neutron	939.565	2.28138	99999.9	0	0
alpha	3727.38	7.72683	99999.9	0	0
alpha	3727.38	2.64855	99999.9	0	0
neutron	939.565	0.522644	99999.9	0	0
B11	10252.5	0.15134	99999.9	0	0
neutron	939.565	14.9217	99999.9	0	0
neutron	939.565	7.52177	99999.9	0	0
Be8	7454.85	1.30251	99999.9	0	0
neutron	939.565	7.28479	99999.9	0	0
neutron	939.565	1.20323	99999.9	0	0
Be8	7454.85	3.53463	99999.9	0	0
neutron	939.565	4.00145	99999.9	0	0
alpha	3727.38	2.35828	99999.9	0	0
alpha	3727.38	9.58254	99999.9	0	0
neutron	939.565	1.05214	99999.9	0	0
Be10	9325.5	0.270419	99999.9	0	0
neutron	939.565	1.15927	99999.9	0	0
neutron	939.565	0.665367	99999.9	0	0
Be8	7454.85	1.33073	99999.9	0	0
neutron	939.565	3.83998	99999.9	0	0
neutron	939.565	3.35689	99999.9	0	0
neutron	939.565	2.96335	99999.9	0	0
alpha	3727.38	2.94984	99999.9	0	0
alpha	3727.38	3.52597	99999.9	0	0
neutron	939.565	6.68826	99999.9	0	0
neutron	939.565	2.30067	99999.9	0	0
neutron	939.565	2.11107	99999.9	0	0
Be8	7454.85	0.610018	99999.9	0	0
neutron	939.565	3.13079	99999.9	0	0
Be8	7454.85	3.08751	99999.9	0	0
neutron	939.565	1.715	99999.9	0	0
B11	10252.5	0.787005	99999.9	0	0
neutron	939.565	10.648	99999.9	0	0
neutron	939.565	5.29598	99999.9	0	0
neutron	939.565	1.31991	99999.9	0	0
Be8	7454.85	0.670796	99999.9	0	0
neutron	939.565	20.1452	99999.9	0	0
neutron	939.565	5.93297	99999.9	0	0
alpha	3727.38	5.78271	99999.9	0	0
alpha	3727.38	8.63618	99999.9	0	0
neutron	939.565	12.9479	99999.9	0	0
neutron	939.565	2.12538	99999.9	0	0
Be9	8392.75	2.39739	99999.9	0	0
neutron	939.565	13.8766	99999.9	0	0
neutron	939.565	0.418459	99999.9	0	0
B10	9324.44	2.3472	99999.9	0	0
neutron	939.565	1.32476	99999.9	0	0
B11	10252.5	0.113266	99999.9	0	0
neutron	939.565	3.58248	99999.9	0	0
Be8	7454.85	9.80889	99999.9	0	0
neutron	939.565	7.09269	99999.9	0	0
neutron	939.565	1.53988	99999.9	0	0
B10	9324.44	1.80099	99999.9	0	0
Be10	9325.5	5.1087	99999.9	0	0
neutron	939.565	8.46109	99999.9	0	0
alpha	3727.38	3.9148	99999.9	0	0
alpha	3727.38	2.47615	99999.9	0	0
neutron	939.565	3.85623	99999.9	0	0
B11	10252.5	0.70585	99999.9	0	0
neutron	939.565	1.54817	99999.9	0	0
alpha	3727.38	5.19008	99999.9	0	0
Li7	6533.83	1.72626	99999.9	0	0
neutron	939.565	0.753538	99999.9	0	0
B11	10252.5	0.150891	99999.9	0	0
neutron	939.565	4.10366	99999.9	0	0
alpha	3727.38	3.68785	99999.9	0	0
Li7	6533.83	5.8068	99999.9	0	0
neutron	939.565	3.99886	99999.9	0	0
neutron	939.565	1.58259	99999.9	0	0
neutron	939.565	0.0865052	99999.9	0	0
Be8	7454.85	0.793841	99999.9	0	0
neutron	939.565	3.57435	99999.9	0	0
B11	10252.5	0.737199	99999.9	0	0
neutron	939.565	2.99256	99999.9	0	0
alpha	3727.38	13.6235	99999.9	0	0
alpha	3727.38	8.27656	99999.9	0	0
neutron	939.565	8.50176	99999.9	0	0
B11	10252.5	1.28661	99999.9	0	0
Be10	9325.5	0.800812	99999.9	0	0
neutron	939.565	11.5386	99999.9	0	0
neutron	939.565	5.21927	99999.9	0	0
alpha	3727.38	5.96536	99999.9	0	0
alpha	3727.38	8.51716	99999.9	0	0
neutron	939.565	7.6762	99999.9	0	0
B11	10252.5	0.125589	99999.9	0	0
neutron	939.565	0.931766	99999.9	0	0
neutron	939.565	0.58685	99999.9	0	0
Be8	7454.85	1.36867	99999.9	0	0
neutron	939.565	14.3752	99999.9	0	0
neutron	939.565	13.2471	99999.9	0	0
neutron	939.565	12.1356	99999.9	0	0
alpha	3727.38	8.4734	99999.9	0	0
alpha	3727.38	2.3306	99999.9	0	0
neutron	939.565	10.7964	99999.9	0	0
neutron	939.565	10.6334	99999.9	0	0
Be8	7454.85	4.61851	99999.9	0	0
neutron	939.565	7.55122	99999.9	0	0
neutron	939.565	1.56955	99999.9	0	0
Be9	8392.75	1.45692	99999.9	0	0
neutron	939.565	3.95068	99999.9	0	0
alpha	3727.38	3.60167	99999.9	0	0
Li7	6533.83	1.50207	99999.9	0	0
neutron	939.565	7.1528	99999.9	0	0
neutron	939.565	0.919542	99999.9	0	0
B10	9324.44	0.33578	99999.9	0	0
neutron	939.565	6.19363	99999.9	0	0
B11	10252.5	0.962146	99999.9	0	0
neutron	939.565	2.05254	99999.9	0	0
neutron	939.565	0.27547	99999.9	0	0
B10	9324.44	0.204104	99999.9	0	0
neutron	939.565	0.58413	99999.9	0	0
B11	10252.5	0.635455	99999.9	0	0
neutron	939.565	7.6276	99999.9	0	0
neutron	939.565	6.86331	99999.9	0	0
neutron	939.565	0.359598	99999.9	0	0
Be8	7454.85	1.34676	99999.9	0	0
B12	11188.7	0.347524	99999.9	0	0
B12	11188.7	0.368449	99999.9	0	0
neutron	939.565	0.843281	99999.9	0	0
B11	10252.5	0.616833	99999.9	0	0
neutron	939.565	15.9588	99999.9	0	0
neutron	939.565	14.9102	99999.9	0	0
neutron	939.565	3.21998	99999.9	0	0
alpha	3727.38	7.98928	99999.9	0	0
alpha	3727.38	1.8519	99999.9	0	0
neutron	939.565	25.7715	99999.9	0	0
neutron	939.565	0.901903	99999.9	0	0
neutron	939.565	0.587702	99999.9	0	0
alpha	3727.38	3.09837	99999.9	0	0
alpha	3727.38	3.09837	99999.9	0	0
neutron	939.565	2.73944	99999.9	0	0
neutron	939.565	1.83521	99999.9	0	0
neutron	939.565	1.66458	99999.9	0	0
alpha	3727.38	5.97367	99999.9	0	0
alpha	3727.38	1.81047	99999.9	0	0
neutron	939.565	3.88722	99999.9	0	0
neutron	939.565	3.39801	99999.9	0	0
neutron	939.565	3.11681	99999.9	0	0
alpha	3727.38	3.96711	99999.9	0	0
alpha	3727.38	2.13009	99999.9	0	0
neutron	939.565	1.19909	99999.9	0	0
B11	10252.5	0.768547	99999.9	0	0
neutron	939.565	5.51942	99999.9	0	0
neutron	939.565	1.3056	99999.9	0	0
alpha	3727.38	6.38496	99999.9	0	0
alpha	3727.38	0.526275	99999.9	0	0
neutron	939.565	9.35685	99999.9	0	0
neutron	939.565	7.40398	99999.9	0	0
Be8	7454.85	1.47539	99999.9	0	0
neutron	939.565	1.6035	99999.9	0	0
B11	10252.5	0.407119	99999.9	0	0
neutron	939.565	6.22197	99999.9	0	0
Be8	7454.85	2.89399	99999.9	0	0
neutron	939.565	30.9578	99999.9	0	0
B11	10252.5	2.12657	99999.9	0	0
neutron	939.565	2.4625	99999.9	0	0
B11	10252.5	0.473674	99999.9	0	0
neutron	939.565	23.0348	99999.9	0	0
neutron	939.565	5.92928	99999.9	0	0
neutron	939.565	0.676098	99999.9	0	0
Be8	7454.85	1.56209	99999.9	0	0
neutron	939.565	12.1411	99999.9	0	0
neutron	939.565	8.55108	99999.9	0	0
neutron	939.565	1.82671	99999.9	0	0
Be8	7454.85	0.977621	99999.9	0	0
neutron	939.565	14.5032	99999.9	0	0
neutron	939.565	0.926218	99999.9	0	0
neutron	939.565	0.423838	99999.9	0	0
Be8	7454.85	0.421856	99999.9	0	0
neutron	939.565	35.4388	99999.9	0	0
neutron	939.565	5.70272	99999.9	0	0
neutron	939.565	3.34286	99999.9	0	0
alpha	3727.38	2.05439	99999.9	0	0
alpha	3727.38	5.97878	99999.9	0	0
neutron	939.565	8.79043	99999.9	0	0
Be10	9325.5	1.74234	99999.9	0	0
neutron	939.565	3.40172	99999.9	0	0
neutron	939.565	2.67483	99999.9	0	0
Be8	7454.85	0.389708	99999.9	0	0
B12	11188.7	0.348154	99999.9	0	0
Be10	9325.5	1.18635	99999.9	0	0
neutron	939.565	8.32032	99999.9	0	0
neutron	939.565	7.87928	99999.9	0	0
alpha	3727.38	4.71919	99999.9	0	0
alpha	3727.38	3.95107	99999.9	0	0
neutron	939.565	4.2301	99999.9	0	0
neutron	939.565	3.48861	99999.9	0	0
neutron	939.565	1.80363	99999.9	0	0
Be8	7454.85	2.51517	99999.9	0	0
neutron	939.565	3.06317	99999.9	0	0
neutron	939.565	1.56535	99999.9	0	0
neutron	939.565	0.604316	99999.9	0	0
Be8	7454.85	1.63655	99999.9	0	0
neutron	939.565	5.43711	99999.9	0	0
neutron	939.565	4.45448	99999.9	0	0
B10	9324.44	0.51481	99999.9	0	0
neutron	939.565	1.20193	99999.9	0	0
neutron	939.565	1.15449	99999.9	0	0
neutron	939.565	0.217364	99999.9	0	0
Be8	7454.85	2.70377	99999.9	0	0
neutron	939.565	11.5503	99999.9	0	0
neutron	939.565	2.94902	99999.9	0	0
Be8	7454.85	2.29803	99999.9	0	0
B12	11188.7	0.364701	99999.9	0	0
neutron	939.565	23.1959	99999.9	0	0
neutron	939.565	5.83658	99999.9	0	0
Be9	8392.75	5.34253	99999.9	0	0
neutron	939.565	2.91571	99999.9	0	0
alpha	3727.38	7.8664	99999.9	0	0
alpha	3727.38	5.04541	99999.9	0	0
neutron	939.565	5.98243	99999.9	0	0
neutron	939.565	4.47694	99999.9	0	0
alpha	3727.38	3.3974	99999.9	0	0
alpha	3727.38	2.49945	99999.9	0	0
neutron	939.565	11.4288	99999.9	0	0
Be8	7454.85	2.25088	99999.9	0	0
neutron	939.565	1.6895	99999.9	0	0
B11	10252.5	0.324383	99999.9	0	0
neutron	939.565	8.91993	99999.9	0	0
neutron	939.565	5.44942	99999.9	0	0
Be8	7454.85	4.32215	99999.9	0	0
neutron	939.565	0.686648	99999.9	0	0
B11	10252.5	0.482859	99999.9	0	0
neutron	939.565	6.03943	99999.9	0	0
B11	10252.5	1.12611	99999.9	0	0
neutron	939.565	1.76132	99999.9	0	0
Be10	9325.5	0.364771	99999.9	0	0
neutron	939.565	13.424	99999.9	0	0
alpha	3727.38	8.11235	99999.9	0	0
alpha	3727.38	0.100403	99999.9	0	0
neutron	939.565	5.59261	99999.9	0	0
Be10	9325.5	2.02332	99999.9	0	0
neutron	939.565	4.08024	99999.9	0	0
neutron	939.565	0.248746	99999.9	0	0
B10	9324.44	1.05315	99999.9	0	0
neutron	939.565	0.963899	99999.9	0	0
Be10	9325.5	0.635283	99999.9	0	0
neutron	939.565	4.20536	99999.9	0	0
alpha	3727.38	24.9973	99999.9	0	0
alpha	3727.38	5.95595	99999.9	0	0
neutron	939.565	33.8552	99999.9	0	0
neutron	939.565	5.68865	99999.9	0	0
neutron	939.565	0.341965	99999.9	0	0
Be8	7454.85	2.12629	99999.9	0	0
neutron	939.565	13.2201	99999.9	0	0
neutron	939.565	6.20562	99999.9	0	0
alpha	3727.38	14.005	99999.9	0	0
alpha	3727.38	10.3346	99999.9	0	0
neutron	939.565	5.50482	99999.9	0	0
neutron	939.565	4.07104	99999.9	0	0
neutron	939.565	3.42405	99999.9	0	0
Be8	7454.85	1.75294	99999.9	0	0
neutron	939.565	11.0348	99999.9	0	0
neutron	939.565	5.60351	99999.9	0	0
neutron	939.565	1.40974	99999.9	0	0
alpha	3727.38	5.50972	99999.9	0	0
alpha	3727.38	3.88504	99999.9	0	0
neutron	939.565	3.14608	99999.9	0	0
Be10	9325.5	1.03508	99999.9	0	0
neutron	939.565	13.4461	99999.9	0	0
neutron	939.565	12.3536	99999.9	0	0
alpha	3727.38	3.1454	99999.9	0	0
alpha	3727.38	1.66764	99999.9	0	0
neutron	939.565	5.76046	99999.9	0	0
neutron	939.565	3.75087	99999.9	0	0
B10	9324.44	1.33434	99999.9	0	0
neutron	939.565	10.9588	99999.9	0	0
neutron	939.565	1.38778	99999.9	0	0
neutron	939.565	1.14554	99999.9	0	0
Be8	7454.85	6.30126	99999.9	0	0
B12	11188.7	0.36619	99999.9	0	0
neutron	939.565	4.42738	99999.9	0	0
Be8	7454.85	1.91107	99999.9	0	0
neutron	939.565	20.9555	99999.9	0	0
neutron	939.565	3.1535	99999.9	0	0
alpha	3727.38	3.69996	99999.9	0	0
alpha	3727.38	1.42609	99999.9	0	0
neutron	939.565	20.7514	99999.9	0	0
alpha	3727.38	12.7844	99999.9	0	0
alpha	3727.38	0.0671209	99999.9	0	0
neutron	939.565	11.164	99999.9	0	0
B11	10252.5	0.338535	99999.9	0	0
neutron	939.565	6.47127	99999.9	0	0
neutron	939.565	1.08837	99999.9	0	0
B10	9324.44	0.419342	99999.9	0	0
neutron	939.565	19.7846	99999.9	0	0
neutron	939.565	6.87945	99999.9	0	0
B10	9324.44	2.60304	99999.9	0	0
neutron	939.565	9.83676	99999.9	0	0
neutron	939.565	7.95549	99999.9	0	0
neutron	939.565	5.2514	99999.9	0	0
alpha	3727.38	3.37414	99999.9	0	0
alpha	3727.38	5.22132	99999.9	0	0
neutron	939.565	10.7241	99999.9	0	0
neutron	939.565	2.71569	99999.9	0	0
neutron	939.565	2.67925	99999.9	0	0
Be8	7454.85	1.86894	99999.9	0	0
neutron	939.565	4.87496	99999.9	0	0
alpha	3727.38	3.1818	99999.9	0	0
alpha	3727.38	2.63813	99999.9	0	0
neutron	939.565	13.1103	99999.9	0	0
neutron	939.565	0.431553	99999.9	0	0
Be9	8392.75	0.604014	99999.9	0	0
neutron	939.565	7.06783	99999.9	0	0
neutron	939.565	1.60536	99999.9	0	0
B10	9324.44	0.500666	99999.9	0	0
neutron	939.565	4.9253	99999.9	0	0
neutron	939.565	1.76277	99999.9	0	0
neutron	939.565	0.790731	99999.9	0	0
alpha	3727.38	5.50519	99999.9	0	0
alpha	3727.38	7.35529	99999.9	0	0
neutron	939.565	4.41699	99999.9	0	0
alpha	3727.38	4.55192	99999.9	0	0
Li7	6533.83	2.15627	99999.9	0	0
neutron	939.565	7.6845	99999.9	0	0
alpha	3727.38	5.65254	99999.9	0	0
alpha	3727.38	7.45562	99999.9	0	0
neutron	939.565	11.758	99999.9	0	0
neutron	939.565	5.95155	99999.9	0	0
neutron	939.565	0.742967	99999.9	0	0
alpha	3727.38	2.20657	99999.9	0	0
alpha	3727.38	4.42445	99999.9	0	0
neutron	939.565	13.5564	99999.9	0	0
neutron	939.565	9.75056	99999.9	0	0
Be8	7454.85	1.31753	99999.9	0	0
neutron	939.565	25.8622	99999.9	0	0
neutron	939.565	3.47311	99999.9	0	0
neutron	939.565	2.85127	99999.9	0	0
Be8	7454.85	1.97809	99999.9	0	0
neutron	939.565	1.53646	99999.9	0	0
alpha	3727.38	2.2431	99999.9	0	0
Li7	6533.83	1.99524	99999.9	0	0
neutron	939.565	13.8278	99999.9	0	0
neutron	939.565	0.188189	99999.9	0	0
Be8	7454.85	0.309586	99999.9	0	0
neutron	939.565	8.07783	99999.9	0	0
neutron	939.565	2.03162	99999.9	0	0
neutron	939.565	1.21806	99999.9	0	0
Be8	7454.85	0.542551	99999.9	0	0
neutron	939.565	11.9639	99999.9	0	0
alpha	3727.38	6.92415	99999.9	0	0
He6	5605.53	5.5313	99999.9	0	0
neutron	939.565	6.53216	99999.9	0	0
neutron	939.565	2.0997	99999.9	0	0
B10	9324.44	1.88304	99999.9	0	0
neutron	939.565	0.110695	99999.9	0	0
B11	10252.5	0.346002	99999.9	0	0
neutron	939.565	14.9325	99999.9	0	0
neutron	939.565	5.47319	99999.9	0	0
Be8	7454.85	6.98741	99999.9	0	0
neutron	939.565	1.04045	99999.9	0	0
Be8	7454.85	2.42892	99999.9	0	0
neutron	939.565	1.68457	99999.9	0	0
Be9	8392.75	1.47495	99999.9	0	0
neutron	939.565	0.290343	99999.9	0	0
B11	10252.5	0.47121	99999.9	0	0
neutron	939.565	11.3049	99999.9	0	0
neutron	939.565	2.40628	99999.9	0	0
neutron	939.565	2.36437	99999.9	0	0
Be8	7454.85	0.51241	99999.9	0	0
neutron	939.565	15.7269	99999.9	0	0
B11	10252.5	1.40124	99999.9	0	0
neutron	939.565	15.6461	99999.9	0	0
neutron	939.565	6.25058	99999.9	0	0
Be8	7454.85	5.68448	99999.9	0	0
neutron	939.565	9.14902	99999.9	0	0
B11	10252.5	1.69489	99999.9	0	0
neutron	939.565	19.6588	99999.9	0	0
neutron	939.565	1.69925	99999.9	0	0
neutron	939.565	1.43424	99999.9	0	0
Be8	7454.85	0.39845	99999.9	0	0
neutron	939.565	6.78302	99999.9	0	0
alpha	3727.38	3.42728	99999.9	0	0
Li7	6533.83	2.66839	99999.9	0	0
neutron	939.565	4.68666	99999.9	0	0
neutron	939.565	2.62721	99999.9	0	0
alpha	3727.38	7.51867	99999.9	0	0
alpha	3727.38	14.4106	99999.9	0	0
neutron	939.565	5.64445	99999.9	0	0
B11	10252.5	1.43148	99999.9	0	0
neutron	939.565	23.5966	99999.9	0	0
neutron	939.565	14.6657	99999.9	0	0
neutron	939.565	0.511931	99999.9	0	0
alpha	3727.38	7.06951	99999.9	0	0
alpha	3727.38	0.296764	99999.9	0	0
B12	11188.7	0.372487	99999.9	0	0
neutron	939.565	1.57701	99999.9	0	0
B11	10252.5	0.187061	99999.9	0	0
neutron	939.565	4.30909	99999.9	0	0
Be9	8392.75	1.06286	99999.9	0	0
B12	11188.7	0.368848	99999.9	0	0
neutron	939.565	4.14672	99999.9	0	0
neutron	939.565	3.53275	99999.9	0	0
neutron	939.565	0.613026	99999.9	0	0
Be8	7454.85	1.77249	99999.9	0	0
neutron	939.565	9.77293	99999.9	0	0
neutron	939.565	8.18712	99999.9	0	0
B10	9324.44	3.22799	99999.9	0	0
neutron	939.565	0.699489	99999.9	0	0
Be8	7454.85	6.88721	99999.9	0	0
neutron	939.565	2.25576	99999.9	0	0
neutron	939.565	1.38394	99999.9	0	0
neutron	939.565	0.682778	99999.9	0	0
alpha	3727.38	4.60148	99999.9	0	0
alpha	3727.38	0.682868	99999.9	0	0
neutron	939.565	1.82003	99999.9	0	0
Be9	8392.75	4.49354	99999.9	0	0
neutron	939.565	34.5665	99999.9	0	0
neutron	939.565	3.52475	99999.9	0	0
neutron	939.565	1.93076	99999.9	0	0
Be8	7454.85	0.86718	99999.9	0	0
neutron	939.565	0.69149	99999.9	0	0
B11	10252.5	0.541812	99999.9	0	0
neutron	939.565	14.329	99999.9	0	0
neutron	939.565	10.7895	99999.9	0	0
neutron	939.565	2.30361	99999.9	0	0
alpha	3727.38	6.32896	99999.9	0	0
alpha	3727.38	2.62104	99999.9	0	0
neutron	939.565	2.04628	99999.9	0	0
neutron	939.565	1.9686	99999.9	0	0
Be8	7454.85	6.72974	99999.9	0	0
neutron	939.565	5.81436	99999.9	0	0
neutron	939.565	4.77836	99999.9	0	0
neutron	939.565	3.67775	99999.9	0	0
Be8	7454.85	0.490321	99999.9	0	0
neutron	939.565	11.9924	99999.9	0	0
B11	10252.5	1.7539	99999.9	0	0
neutron	939.565	0.980718	99999.9	0	0
B11	10252.5	0.332438	99999.9	0	0
neutron	939.565	14.5782	99999.9	0	0
neutron	939.565	3.21658	99999.9	0	0
alpha	3727.38	0.736842	99999.9	0	0
alpha	3727.38	9.80743	99999.9	0	0
neutron	939.565	5.41063	99999.9	0	0
Be8	7454.85	2.17946	99999.9	0	0
neutron	939.565	4.66102	99999.9	0	0
neutron	939.565	2.48186	99999.9	0	0
neutron	939.565	0.590098	99999.9	0	0
Be8	7454.85	0.73505	99999.9	0	0
neutron	939.565	11.4197	99999.9	0	0
neutron	939.565	1.01451	99999.9	0	0
Be8	7454.85	0.914223	99999.9	0	0
neutron	939.565	30.1662	99999.9	0	0
neutron	939.565	9.78444	99999.9	0	0
neutron	939.565	0.904274	99999.9	0	0
alpha	3727.38	5.62471	99999.9	0	0
alpha	3727.38	4.36143	99999.9	0	0
neutron	939.565	14.72	99999.9	0	0
neutron	939.565	14.5594	99999.9	0	0
neutron	939.565	1.52877	99999.9	0	0
Be8	7454.85	3.81926	99999.9	0	0
neutron	939.565	4.17216	99999.9	0	0
neutron	939.565	1.37259	99999.9	0	0
B10	9324.44	1.05578	99999.9	0	0
neutron	939.565	2.20668	99999.9	0	0
Be8	7454.85	1.15278	99999.9	0	0
neutron	939.565	2.54407	99999.9	0	0
B11	10252.5	0.340771	99999.9	0	0
neutron	939.565	1.04817	99999.9	0	0
B11	10252.5	0.697992	99999.9	0	0
neutron	939.565	3.85366	99999.9	0	0
neutron	939.565	3.7378	99999.9	0	0
B10	9324.44	1.32611	99999.9	0	0
neutron	939.565	6.1651	99999.9	0	0
neutron	939.565	2.767	99999.9	0	0
Be8	7454.85	6.00536	99999.9	0	0
neutron	939.565	1.82044	99999.9	0	0
B11	10252.5	0.343081	99999.9	0	0
neutron	939.565	2.51579	99999.9	0	0
B11	10252.5	0.0269665	99999.9	0	0
neutron	939.565	13.3796	99999.9	0	0
neutron	939.565	1.965	99999.9	0	0
neutron	939.565	0.365182	99999.9	0	0
alpha	3727.38	7.59323	99999.9	0	0
alpha	3727.38	2.13904	99999.9	0	0
neutron	939.565	20.5763	99999.9	0	0
neutron	939.565	3.83925	99999.9	0	0
neutron	939.565	0.856607	99999.9	0	0
Be8	7454.85	4.11753	99999.9	0	0
neutron	939.565	14.1409	99999.9	0	0
neutron	939.565	10.9129	99999.9	0	0
Be8	7454.85	2.83179	99999.9	0	0
neutron	939.565	12.506	99999.9	0	0
neutron	939.565	0.924852	99999.9	0	0
alpha	3727.38	2.73692	99999.9	0	0
alpha	3727.38	10.3737	99999.9	0	0
neutron	939.565	17.1009	99999.9	0	0
alpha	3727.38	6.38696	99999.9	0	0
alpha	3727.38	4.12238	99999.9	0	0
neutron	939.565	5.25213	99999.9	0	0
neutron	939.565	2.41827	99999.9	0	0
Be8	7454.85	2.20147	99999.9	0	0
