neutron	939.565	9.74591	99277.7	0	0
neutron	939.565	6.72462	99277.7	0	0
Li7	6533.83	0.178163	99277.7	0	0
neutron	939.565	2.98521	99248.4	0	0
neutron	939.565	2.54995	99248.4	0	0
B10	9324.44	0.469991	99248.4	0	0
neutron	939.565	7.00182	99291.4	0	0
neutron	939.565	1.72628	99291.4	0	0
alpha	3727.38	2.00936	99291.4	0	0
alpha	3727.38	2.67548	99291.4	0	0
neutron	939.565	18.8247	99260.8	0	0
neutron	939.565	14.841	99260.8	0	0
alpha	3727.38	2.38377	99260.8	0	0
alpha	3727.38	5.45169	99260.8	0	0
neutron	939.565	0.397556	99270	0	0
B11	10252.5	0.443329	99270	0	0
neutron	939.565	14.8343	99248	0	0
B11	10252.5	1.24341	99248	0	0
C12	11174.9	1.18493	99585.9	225.507	223.848
neutron	939.565	26.321	99278	0	0
neutron	939.565	3.72104	99278	0	0
B10	9324.44	5.19124	99278	0	0
neutron	939.565	4.47	99235.8	0	0
neutron	939.565	0.360788	99235.8	0	0
B10	9324.44	1.19786	99235.8	0	0
B12	11188.7	0.366756	99278.2	0	0
neutron	939.565	2.47834	99288.5	0	0
B11	10252.5	0.620504	99288.5	0	0
neutron	939.565	13.2182	99243.5	0	0
Be10	9325.5	1.02261	99243.5	0	0
neutron	939.565	9.1869	99311	0	0
neutron	939.565	8.06536	99311	0	0
neutron	939.565	0.502028	99311	0	0
Be8	7454.85	2.05262	99311	0	0
neutron	939.565	9.53218	99312.9	0	0
neutron	939.565	0.470495	99312.9	0	0
B10	9324.44	2.15837	99312.9	0	0
neutron	939.565	14.2052	99270.2	0	0
neutron	939.565	12.1327	99270.2	0	0
Be8	7454.85	5.74327	99270.2	0	0
neutron	939.565	2.23141	99303.3	0	0
B11	10252.5	0.0781079	99303.3	0	0
neutron	939.565	11.8902	99277.4	0	0
neutron	939.565	5.82017	99277.4	0	0
B10	9324.44	4.29233	99277.4	0	0
neutron	939.565	13.9705	99287.8	0	0
neutron	939.565	7.18477	99287.8	0	0
Be9	8392.75	1.41744	99287.8	0	0
neutron	939.565	13.5885	99254.6	0	0
neutron	939.565	5.84057	99254.6	0	0
neutron	939.565	0.320115	99254.6	0	0
alpha	3727.38	2.38882	99254.6	0	0
alpha	3727.38	3.9206	99254.6	0	0
neutron	939.565	3.18716	99274.7	0	0
Be8	7454.85	1.52775	99274.7	0	0
neutron	939.565	17.9725	99257.2	0	0
neutron	939.565	11.5389	99257.2	0	0
B10	9324.44	4.13461	99257.2	0	0
neutron	939.565	6.09133	99273.7	0	0
neutron	939.565	5.11085	99273.7	0	0
neutron	939.565	3.44768	99273.7	0	0
alpha	3727.38	4.29271	99273.7	0	0
alpha	3727.38	3.01967	99273.7	0	0
neutron	939.565	4.81097	99297.8	0	0
neutron	939.565	2.85439	99297.8	0	0
neutron	939.565	2.83937	99297.8	0	0
Be8	7454.85	1.15608	99297.8	0	0
neutron	939.565	16.3171	99291.7	0	0
neutron	939.565	4.86141	99291.7	0	0
neutron	939.565	0.502335	99291.7	0	0
Be8	7454.85	0.073467	99291.7	0	0
neutron	939.565	0.190869	99253.3	0	0
B11	10252.5	0.461679	99253.3	0	0
neutron	939.565	2.03935	99262	0	0
B11	10252.5	0.086281	99262	0	0
neutron	939.565	3.87516	99294.4	0	0
alpha	3727.38	5.52751	99294.4	0	0
alpha	3727.38	6.76774	99294.4	0	0
neutron	939.565	18.3537	99255.5	0	0
neutron	939.565	3.24192	99255.5	0	0
neutron	939.565	2.76848	99255.5	0	0
alpha	3727.38	1.54793	99255.5	0	0
alpha	3727.38	4.86005	99255.5	0	0
neutron	939.565	1.43017	99237.5	0	0
Be10	9325.5	0.710594	99237.5	0	0
B12	11188.7	0.365545	99292.6	0	0
neutron	939.565	26.4412	99302.1	0	0
neutron	939.565	7.15977	99302.1	0	0
Be9	8392.75	5.0503	99302.1	0	0
neutron	939.565	14.9166	99261.3	0	0
neutron	939.565	2.70203	99261.3	0	0
alpha	3727.38	4.45392	99261.3	0	0
alpha	3727.38	1.83383	99261.3	0	0
neutron	939.565	11.944	99273.9	0	0
neutron	939.565	7.54414	99273.9	0	0
alpha	3727.38	7.02156	99273.9	0	0
alpha	3727.38	4.52929	99273.9	0	0
neutron	939.565	0.682892	99257.8	0	0
B11	10252.5	0.514	99257.8	0	0
neutron	939.565	1.07283	99285.4	0	0
B11	10252.5	0.258661	99285.4	0	0
neutron	939.565	20.0203	99272.2	0	0
alpha	3727.38	10.4036	99272.2	0	0
He6	5605.53	2.92427	99272.2	0	0
neutron	939.565	1.98427	99272	0	0
B11	10252.5	0.354092	99272	0	0
neutron	939.565	5.09838	99273.8	0	0
B11	10252.5	0.275434	99273.8	0	0
neutron	939.565	13.263	99248.3	0	0
neutron	939.565	3.23738	99248.3	0	0
neutron	939.565	0.472746	99248.3	0	0
Be8	7454.85	0.481862	99248.3	0	0
B12	11188.7	0.355803	99285.6	0	0
neutron	939.565	10.1289	99271.6	0	0
neutron	939.565	5.48927	99271.6	0	0
alpha	3727.38	14.5079	99271.6	0	0
alpha	3727.38	6.34059	99271.6	0	0
neutron	939.565	1.88164	99259.9	0	0
Be10	9325.5	0.0765469	99259.9	0	0
neutron	939.565	7.79644	99263.9	0	0
neutron	939.565	0.861381	99263.9	0	0
B10	9324.44	0.970494	99263.9	0	0
B12	11188.7	0.364756	99256.5	0	0
neutron	939.565	20.041	99239.6	0	0
neutron	939.565	2.63212	99239.6	0	0
neutron	939.565	1.51013	99239.6	0	0
Be8	7454.85	0.836553	99239.6	0	0
neutron	939.565	5.48973	99257.8	0	0
B11	10252.5	0.443834	99257.8	0	0
neutron	939.565	2.86942	99291	0	0
neutron	939.565	1.02997	99291	0	0
neutron	939.565	0.601821	99291	0	0
Be8	7454.85	0.623407	99291	0	0
neutron	939.565	5.18113	99281.6	0	0
neutron	939.565	1.29247	99281.6	0	0
B10	9324.44	1.51091	99281.6	0	0
neutron	939.565	23.9435	99252.5	0	0
neutron	939.565	1.76694	99252.5	0	0
Be9	8392.75	0.973249	99252.5	0	0
neutron	939.565	33.1548	99250.7	0	0
neutron	939.565	2.57115	99250.7	0	0
neutron	939.565	0.250452	99250.7	0	0
Be8	7454.85	2.79953	99250.7	0	0
neutron	939.565	1.30086	99273.5	0	0
B11	10252.5	0.102748	99273.5	0	0
neutron	939.565	3.6012	99266.6	0	0
neutron	939.565	0.31986	99266.6	0	0
Be9	8392.75	3.25772	99266.6	0	0
C12	11174.9	0.385294	99707.5	323.581	323.018
neutron	939.565	5.55073	99257.4	0	0
neutron	939.565	1.75644	99257.4	0	0
neutron	939.565	0.0834874	99257.4	0	0
Be8	7454.85	0.693405	99257.4	0	0
neutron	939.565	39.8703	99261.9	0	0
alpha	3727.38	17.1702	99261.9	0	0
Li7	6533.83	5.20798	99261.9	0	0
neutron	939.565	1.09069	99308.8	0	0
B11	10252.5	0.525019	99308.8	0	0
neutron	939.565	1.19562	99306.2	0	0
neutron	939.565	0.642364	99306.2	0	0
neutron	939.565	0.478915	99306.2	0	0
Be8	7454.85	0.800306	99306.2	0	0
neutron	939.565	9.11683	99271.6	0	0
alpha	3727.38	8.9947	99271.6	0	0
alpha	3727.38	0.981085	99271.6	0	0
neutron	939.565	18.9706	99302.8	0	0
neutron	939.565	0.580883	99302.8	0	0
neutron	939.565	0.384961	99302.8	0	0
Be8	7454.85	2.12677	99302.8	0	0
neutron	939.565	1.38374	99253	0	0
B11	10252.5	0.647651	99253	0	0
neutron	939.565	8.19182	99275.2	0	0
neutron	939.565	3.8286	99275.2	0	0
Be9	8392.75	2.01805	99275.2	0	0
neutron	939.565	0.782057	99282.6	0	0
B11	10252.5	0.257722	99282.6	0	0
neutron	939.565	4.81807	99279.5	0	0
neutron	939.565	4.40496	99279.5	0	0
Be8	7454.85	0.87064	99279.5	0	0
neutron	939.565	0.666158	99268.7	0	0
B11	10252.5	0.225258	99268.7	0	0
neutron	939.565	8.99218	99282.1	0	0
Be8	7454.85	1.05821	99282.1	0	0
neutron	939.565	27.4671	99237.7	0	0
neutron	939.565	5.3207	99237.7	0	0
neutron	939.565	1.53424	99237.7	0	0
alpha	3727.38	2.93145	99237.7	0	0
alpha	3727.38	2.27938	99237.7	0	0
neutron	939.565	3.96258	99259.5	0	0
neutron	939.565	1.13559	99259.5	0	0
B10	9324.44	0.325714	99259.5	0	0
C12	11174.9	0.920462	99306.3	60.7552	59.6016
neutron	939.565	12.6756	99257.8	0	0
neutron	939.565	8.97357	99257.8	0	0
neutron	939.565	1.21561	99257.8	0	0
Be8	7454.85	0.961715	99257.8	0	0
neutron	939.565	7.4605	99262.1	0	0
neutron	939.565	3.40694	99262.1	0	0
alpha	3727.38	2.24346	99262.1	0	0
alpha	3727.38	7.33208	99262.1	0	0
neutron	939.565	9.78102	99269.7	0	0
B11	10252.5	2.16551	99269.7	0	0
neutron	939.565	24.5079	99259.3	0	0
neutron	939.565	0.464912	99259.3	0	0
Be9	8392.75	1.9444	99259.3	0	0
neutron	939.565	19.1605	99240.4	0	0
neutron	939.565	2.88519	99240.4	0	0
Be9	8392.75	3.3821	99240.4	0	0
neutron	939.565	26.9538	99257.4	0	0
neutron	939.565	12.8428	99257.4	0	0
B10	9324.44	3.43962	99257.4	0	0
neutron	939.565	0.904185	99262.1	0	0
Be10	9325.5	0.559231	99262.1	0	0
C12	11174.9	0.544194	99752.5	339.278	338.079
neutron	939.565	13.0734	99263.2	0	0
neutron	939.565	0.0945814	99263.2	0	0
B10	9324.44	1.05061	99263.2	0	0
neutron	939.565	0.776838	99251.9	0	0
B11	10252.5	0.391714	99251.9	0	0
neutron	939.565	0.6754	99286.5	0	0
B11	10252.5	0.2909	99286.5	0	0
neutron	939.565	11.8126	99250.3	0	0
neutron	939.565	4.77511	99250.3	0	0
neutron	939.565	4.48813	99250.3	0	0
alpha	3727.38	2.63209	99250.3	0	0
alpha	3727.38	5.65013	99250.3	0	0
C12	11174.9	0.413908	99353.4	96.1966	95.5418
neutron	939.565	5.37916	99222.6	0	0
B11	10252.5	0.329987	99222.6	0	0
neutron	939.565	3.43277	99278	0	0
B11	10252.5	0.393726	99278	0	0
neutron	939.565	2.87659	99276.6	0	0
Be9	8392.75	1.40112	99276.6	0	0
neutron	939.565	2.43493	99288.3	0	0
B11	10252.5	0.75252	99288.3	0	0
neutron	939.565	34.1827	99269.6	0	0
alpha	3727.38	6.35137	99269.6	0	0
alpha	3727.38	3.22949	99269.6	0	0
neutron	939.565	11.3995	99277.9	0	0
neutron	939.565	10.7118	99277.9	0	0
neutron	939.565	2.69186	99277.9	0	0
Be8	7454.85	0.822493	99277.9	0	0
neutron	939.565	11.7812	99270.1	0	0
neutron	939.565	3.16628	99270.1	0	0
neutron	939.565	0.442596	99270.1	0	0
alpha	3727.38	3.59208	99270.1	0	0
alpha	3727.38	2.84808	99270.1	0	0
neutron	939.565	5.56764	99283.4	0	0
B11	10252.5	0.545384	99283.4	0	0
C12	11174.9	0.518106	99802.1	376.008	375.385
neutron	939.565	1.01486	99252.4	0	0
alpha	3727.38	6.98669	99252.4	0	0
alpha	3727.38	3.36747	99252.4	0	0
neutron	939.565	4.05273	99266.5	0	0
B11	10252.5	0.844066	99266.5	0	0
neutron	939.565	0.510676	99260.8	0	0
Be10	9325.5	0.910673	99260.8	0	0
neutron	939.565	22.2927	99287.9	0	0
neutron	939.565	5.51256	99287.9	0	0
neutron	939.565	4.75648	99287.9	0	0
alpha	3727.38	6.46689	99287.9	0	0
alpha	3727.38	8.29547	99287.9	0	0
neutron	939.565	4.12635	99282.4	0	0
neutron	939.565	2.06568	99282.4	0	0
B10	9324.44	0.505679	99282.4	0	0
neutron	939.565	2.86122	99283.1	0	0
B11	10252.5	0.649294	99283.1	0	0
neutron	939.565	15.3785	99262.2	0	0
neutron	939.565	5.47193	99262.2	0	0
neutron	939.565	5.0529	99262.2	0	0
Be8	7454.85	1.66122	99262.2	0	0
neutron	939.565	4.89256	99268.5	0	0
neutron	939.565	3.13974	99268.5	0	0
Be9	8392.75	0.5482	99268.5	0	0
neutron	939.565	11.5216	99252.3	0	0
neutron	939.565	9.53803	99252.3	0	0
neutron	939.565	0.266793	99252.3	0	0
Be8	7454.85	1.19811	99252.3	0	0
neutron	939.565	18.6619	99253.4	0	0
neutron	939.565	5.16539	99253.4	0	0
Be8	7454.85	0.599304	99253.4	0	0
neutron	939.565	4.63854	99288.8	0	0
alpha	3727.38	4.24302	99288.8	0	0
alpha	3727.38	0.990605	99288.8	0	0
neutron	939.565	17.9488	99298.3	0	0
Be10	9325.5	1.44583	99298.3	0	0
C12	11174.9	1.23229	99594.5	220.941	219.594
C12	11174.9	0.373227	99928.3	445.214	444.766
neutron	939.565	4.75482	99258.9	0	0
neutron	939.565	1.15397	99258.9	0	0
B10	9324.44	0.361904	99258.9	0	0
neutron	939.565	12.6679	99261.1	0	0
neutron	939.565	6.87933	99261.1	0	0
neutron	939.565	0.407679	99261.1	0	0
Be8	7454.85	1.16486	99261.1	0	0
neutron	939.565	9.73288	99282	0	0
B11	10252.5	1.21126	99282	0	0
neutron	939.565	21.0097	99263.5	0	0
alpha	3727.38	2.79366	99263.5	0	0
alpha	3727.38	4.01665	99263.5	0	0
neutron	939.565	3.83514	99268.2	0	0
neutron	939.565	3.5951	99268.2	0	0
alpha	3727.38	2.74395	99268.2	0	0
alpha	3727.38	1.92315	99268.2	0	0
neutron	939.565	9.21245	99276.9	0	0
neutron	939.565	1.15332	99276.9	0	0
Be9	8392.75	5.57013	99276.9	0	0
C12	11174.9	0.362213	99292	37.0405	36.0402
neutron	939.565	0.859153	99313.7	0	0
B11	10252.5	0.668417	99313.7	0	0
neutron	939.565	19.8166	99276.9	0	0
Be10	9325.5	2.04505	99276.9	0	0
C12	11174.9	0.334751	99626.4	261.836	261.444
neutron	939.565	1.27346	99276.6	0	0
B11	10252.5	0.168685	99276.6	0	0
Be10	9325.5	4.52835	99244.8	0	0
neutron	939.565	11.8813	99257.8	0	0
neutron	939.565	7.25858	99257.8	0	0
neutron	939.565	1.45033	99257.8	0	0
Be8	7454.85	1.10054	99257.8	0	0
neutron	939.565	34.5078	99249.2	0	0
Be8	7454.85	1.28379	99249.2	0	0
B12	11188.7	0.367672	99283.4	0	0
neutron	939.565	7.92031	99271.2	0	0
neutron	939.565	2.59758	99271.2	0	0
B10	9324.44	0.134133	99271.2	0	0
neutron	939.565	8.69683	99275.5	0	0
Be8	7454.85	3.05002	99275.5	0	0
neutron	939.565	2.13178	99272.3	0	0
neutron	939.565	1.97685	99272.3	0	0
alpha	3727.38	4.54555	99272.3	0	0
alpha	3727.38	5.74122	99272.3	0	0
neutron	939.565	15.0533	99247.7	0	0
neutron	939.565	1.99889	99247.7	0	0
alpha	3727.38	5.55584	99247.7	0	0
He5	4667.68	6.03643	99247.7	0	0
neutron	939.565	9.91727	99273.3	0	0
neutron	939.565	7.73285	99273.3	0	0
neutron	939.565	2.8927	99273.3	0	0
alpha	3727.38	9.33921	99273.3	0	0
alpha	3727.38	4.19734	99273.3	0	0
neutron	939.565	4.35914	99271.2	0	0
neutron	939.565	1.09176	99271.2	0	0
Be8	7454.85	1.50877	99271.2	0	0
neutron	939.565	6.67619	99300.2	0	0
neutron	939.565	4.29305	99300.2	0	0
neutron	939.565	2.17	99300.2	0	0
Be8	7454.85	0.727712	99300.2	0	0
neutron	939.565	18.0975	99301.6	0	0
neutron	939.565	3.06298	99301.6	0	0
alpha	3727.38	9.06122	99301.6	0	0
alpha	3727.38	9.26535	99301.6	0	0
neutron	939.565	11.6727	99253.3	0	0
B11	10252.5	1.2767	99253.3	0	0
neutron	939.565	18.0028	99253.4	0	0
neutron	939.565	3.61687	99253.4	0	0
Be9	8392.75	0.441615	99253.4	0	0
neutron	939.565	21.0895	99272.6	0	0
Be10	9325.5	1.70039	99272.6	0	0
neutron	939.565	5.29754	99265.1	0	0
B11	10252.5	1.29125	99265.1	0	0
neutron	939.565	0.246393	99260.9	0	0
B11	10252.5	0.406467	99260.9	0	0
neutron	939.565	1.56783	99282.7	0	0
B11	10252.5	0.174235	99282.7	0	0
neutron	939.565	2.51913	99225	0	0
neutron	939.565	1.81596	99225	0	0
alpha	3727.38	10.2638	99225	0	0
alpha	3727.38	3.45503	99225	0	0
C12	11174.9	0.738936	99617.6	238.866	237.983
neutron	939.565	9.34802	99291.1	0	0
alpha	3727.38	1.67612	99291.1	0	0
alpha	3727.38	4.84244	99291.1	0	0
neutron	939.565	3.77748	99268.3	0	0
neutron	939.565	0.636256	99268.3	0	0
Be8	7454.85	6.21569	99268.3	0	0
neutron	939.565	5.88191	99278.3	0	0
neutron	939.565	4.90268	99278.3	0	0
B11	10252.5	2.82675	99278.3	0	0
neutron	939.565	15.9265	99295.6	0	0
neutron	939.565	1.91827	99295.6	0	0
Be8	7454.85	1.49745	99295.6	0	0
C12	11174.9	0.509936	99371.8	84.1947	83.0008
neutron	939.565	1.91425	99268.1	0	0
neutron	939.565	1.78573	99268.1	0	0
Be9	8392.75	1.62609	99268.1	0	0
neutron	939.565	5.24082	99278.6	0	0
B11	10252.5	1.53696	99278.6	0	0
C12	11174.9	0.51092	99690.8	300.979	299.396
neutron	939.565	9.86964	99267.2	0	0
neutron	939.565	7.52468	99267.2	0	0
Be9	8392.75	0.204888	99267.2	0	0
neutron	939.565	2.5893	99293.3	0	0
neutron	939.565	2.53752	99293.3	0	0
neutron	939.565	0.190415	99293.3	0	0
Be8	7454.85	0.974643	99293.3	0	0
neutron	939.565	5.85151	99263.1	0	0
alpha	3727.38	0.821566	99263.1	0	0
alpha	3727.38	5.78338	99263.1	0	0
neutron	939.565	3.42333	99292.9	0	0
Be9	8392.75	1.84137	99292.9	0	0
neutron	939.565	7.66918	99293.1	0	0
neutron	939.565	0.568606	99293.1	0	0
Be8	7454.85	0.617414	99293.1	0	0
neutron	939.565	4.88318	99275.1	0	0
neutron	939.565	0.668941	99275.1	0	0
Be9	8392.75	1.17386	99275.1	0	0
neutron	939.565	0.879662	99257.8	0	0
Be10	9325.5	4.66546	99257.8	0	0
C12	11174.9	0.591195	99687.7	306.805	306.2
C12	11174.9	6.06663	99846.1	380.357	373.683
C12	11174.9	0.33285	99504	191.244	189.966
neutron	939.565	17.0344	99266.8	0	0
neutron	939.565	1.451	99266.8	0	0
neutron	939.565	0.0865644	99266.8	0	0
Be8	7454.85	2.67798	99266.8	0	0
neutron	939.565	3.26575	99279.3	0	0
B11	10252.5	0.0424831	99279.3	0	0
neutron	939.565	8.53239	99271.4	0	0
B11	10252.5	1.56156	99271.4	0	0
B12	11188.7	0.364868	99237.1	0	0
neutron	939.565	1.16511	99246.3	0	0
B11	10252.5	0.240266	99246.3	0	0
neutron	939.565	3.38595	99266.6	0	0
B11	10252.5	0.411422	99266.6	0	0
neutron	939.565	5.04899	99294.2	0	0
neutron	939.565	2.87256	99294.2	0	0
B10	9324.44	0.662252	99294.2	0	0
neutron	939.565	5.29619	99279.2	0	0
B11	10252.5	0.0711546	99279.2	0	0
neutron	939.565	34.9505	99257.6	0	0
neutron	939.565	12.1326	99257.6	0	0
Be9	8392.75	4.63296	99257.6	0	0
neutron	939.565	10.8415	99280.3	0	0
neutron	939.565	1.16105	99280.3	0	0
Be9	8392.75	1.32957	99280.3	0	0
neutron	939.565	15.7513	99258	0	0
neutron	939.565	4.37368	99258	0	0
alpha	3727.38	8.42222	99258	0	0
alpha	3727.38	2.38768	99258	0	0
C12	11174.9	0.431382	99552.8	220.575	219.171
neutron	939.565	10.9702	99287.4	0	0
neutron	939.565	6.3335	99287.4	0	0
neutron	939.565	2.26307	99287.4	0	0
Be8	7454.85	0.230691	99287.4	0	0
C12	11174.9	0.361959	99393.6	122.257	120.731
neutron	939.565	1.12693	99293.7	0	0
neutron	939.565	0.442768	99293.7	0	0
Be8	7454.85	0.590069	99293.7	0	0
neutron	939.565	1.39033	99250.1	0	0
B11	10252.5	0.695137	99250.1	0	0
B12	11188.7	0.34914	99262	0	0
neutron	939.565	13.8652	99251.6	0	0
neutron	939.565	8.86619	99251.6	0	0
neutron	939.565	0.0924801	99251.6	0	0
Be8	7454.85	3.64275	99251.6	0	0
B12	11188.7	0.346302	99265.8	0	0
neutron	939.565	3.39168	99299.3	0	0
alpha	3727.38	9.89314	99299.3	0	0
alpha	3727.38	6.44894	99299.3	0	0
neutron	939.565	13.513	99279.5	0	0
neutron	939.565	2.06537	99279.5	0	0
B10	9324.44	0.432217	99279.5	0	0
neutron	939.565	0.827175	99244	0	0
Be8	7454.85	1.38679	99244	0	0
neutron	939.565	0.248405	99261.9	0	0
Be9	8392.75	3.61198	99261.9	0	0
neutron	939.565	3.00658	99284.5	0	0
B11	10252.5	0.195034	99284.5	0	0
neutron	939.565	4.95046	99266.9	0	0
neutron	939.565	1.45513	99266.9	0	0
alpha	3727.38	4.22333	99266.9	0	0
alpha	3727.38	7.76217	99266.9	0	0
neutron	939.565	1.64536	99306.6	0	0
B11	10252.5	0.680773	99306.6	0	0
neutron	939.565	7.39684	99268.1	0	0
neutron	939.565	0.507931	99268.1	0	0
Be9	8392.75	4.42034	99268.1	0	0
neutron	939.565	21.8812	99291.4	0	0
alpha	3727.38	3.70126	99291.4	0	0
He6	5605.53	6.1547	99291.4	0	0
neutron	939.565	22.2934	99275.3	0	0
B11	10252.5	1.06072	99275.3	0	0
neutron	939.565	6.14158	99329.4	0	0
B11	10252.5	1.27101	99329.4	0	0
C12	11174.9	0.51974	99768.7	340.032	339.2
neutron	939.565	14.4596	99271	0	0
neutron	939.565	0.999215	99271	0	0
Be8	7454.85	4.01779	99271	0	0
C12	11174.9	0.678759	99555.4	225.578	224.593
neutron	939.565	18.4823	99257.8	0	0
neutron	939.565	0.943732	99257.8	0	0
neutron	939.565	0.399935	99257.8	0	0
alpha	3727.38	1.8768	99257.8	0	0
alpha	3727.38	4.42251	99257.8	0	0
neutron	939.565	2.1649	99273.2	0	0
B11	10252.5	0.868523	99273.2	0	0
neutron	939.565	33.6703	99280	0	0
neutron	939.565	7.44234	99280	0	0
neutron	939.565	0.531565	99280	0	0
Be8	7454.85	3.88772	99280	0	0
neutron	939.565	9.36578	99269.4	0	0
neutron	939.565	0.45265	99269.4	0	0
B10	9324.44	1.5209	99269.4	0	0
neutron	939.565	9.8598	99288.2	0	0
neutron	939.565	1.65911	99288.2	0	0
B10	9324.44	1.59245	99288.2	0	0
neutron	939.565	8.91675	99263.8	0	0
neutron	939.565	8.14078	99263.8	0	0
Be8	7454.85	2.5969	99263.8	0	0
B12	11188.7	0.369037	99274.5	0	0
neutron	939.565	8.3268	99290.1	0	0
neutron	939.565	2.91648	99290.1	0	0
alpha	3727.38	4.60086	99290.1	0	0
Li6	5601.52	1.00626	99290.1	0	0
neutron	939.565	0.11033	99256.9	0	0
B11	10252.5	0.423726	99256.9	0	0
neutron	939.565	5.84769	99288	0	0
neutron	939.565	3.13224	99288	0	0
Be8	7454.85	0.606965	99288	0	0
C12	11174.9	0.463473	99535.3	197.457	196.981
neutron	939.565	28.6648	99257.4	0	0
neutron	939.565	2.38111	99257.4	0	0
neutron	939.565	1.63161	99257.4	0	0
alpha	3727.38	8.25289	99257.4	0	0
alpha	3727.38	2.58067	99257.4	0	0
neutron	939.565	0.797676	99289.9	0	0
B11	10252.5	0.23744	99289.9	0	0
neutron	939.565	21.4489	99243.2	0	0
neutron	939.565	6.81209	99243.2	0	0
Be8	7454.85	1.92501	99243.2	0	0
neutron	939.565	19.074	99279	0	0
neutron	939.565	0.866723	99279	0	0
B10	9324.44	2.08894	99279	0	0
neutron	939.565	7.58738	99266	0	0
Be8	7454.85	0.810921	99266	0	0
neutron	939.565	14.3143	99264.1	0	0
neutron	939.565	7.02483	99264.1	0	0
alpha	3727.38	0.795146	99264.1	0	0
alpha	3727.38	6.0743	99264.1	0	0
neutron	939.565	5.32646	99262.1	0	0
B11	10252.5	0.166643	99262.1	0	0
neutron	939.565	21.6969	99260.7	0	0
neutron	939.565	7.83469	99260.7	0	0
neutron	939.565	3.73299	99260.7	0	0
alpha	3727.38	2.60116	99260.7	0	0
alpha	3727.38	2.14841	99260.7	0	0
neutron	939.565	14.7705	99285.2	0	0
neutron	939.565	1.19823	99285.2	0	0
Be9	8392.75	0.118313	99285.2	0	0
neutron	939.565	6.02909	99250.9	0	0
neutron	939.565	0.202661	99250.9	0	0
Be8	7454.85	2.37415	99250.9	0	0
neutron	939.565	0.56128	99263	0	0
B11	10252.5	0.272897	99263	0	0
neutron	939.565	34.8023	99271.5	0	0
neutron	939.565	5.50911	99271.5	0	0
B11	10252.5	1.96322	99271.5	0	0
neutron	939.565	4.16822	99284.1	0	0
neutron	939.565	0.156891	99284.1	0	0
Be8	7454.85	1.6748	99284.1	0	0
neutron	939.565	9.56666	99257.9	0	0
neutron	939.565	4.18566	99257.9	0	0
neutron	939.565	1.58083	99257.9	0	0
Be8	7454.85	2.57043	99257.9	0	0
neutron	939.565	7.03681	99248.9	0	0
neutron	939.565	6.95479	99248.9	0	0
Be9	8392.75	0.898753	99248.9	0	0
B12	11188.7	0.362977	99247.4	0	0
neutron	939.565	5.15955	99267.2	0	0
neutron	939.565	3.4969	99267.2	0	0
Be8	7454.85	0.345859	99267.2	0	0
neutron	939.565	1.17407	99239.4	0	0
B11	10252.5	0.169471	99239.4	0	0
neutron	939.565	2.85889	99257	0	0
neutron	939.565	2.75197	99257	0	0
Be8	7454.85	3.0619	99257	0	0
neutron	939.565	2.7836	99278.4	0	0
neutron	939.565	2.12797	99278.4	0	0
alpha	3727.38	3.00269	99278.4	0	0
alpha	3727.38	10.54	99278.4	0	0
neutron	939.565	7.58653	99264.7	0	0
B11	10252.5	0.939155	99264.7	0	0
neutron	939.565	3.57352	99242.2	0	0
neutron	939.565	1.2826	99242.2	0	0
Be8	7454.85	1.91345	99242.2	0	0
neutron	939.565	12.8494	99262.9	0	0
neutron	939.565	3.99769	99262.9	0	0
B10	9324.44	2.08226	99262.9	0	0
neutron	939.565	1.0291	99263	0	0
B11	10252.5	0.455246	99263	0	0
neutron	939.565	25.216	99224.6	0	0
neutron	939.565	4.55837	99224.6	0	0
B10	9324.44	1.98999	99224.6	0	0
neutron	939.565	15.957	99297.8	0	0
neutron	939.565	3.32491	99297.8	0	0
neutron	939.565	1.03095	99297.8	0	0
Be8	7454.85	4.3636	99297.8	0	0
neutron	939.565	11.6894	99248.6	0	0
B11	10252.5	0.381968	99248.6	0	0
neutron	939.565	7.45514	99252	0	0
neutron	939.565	1.21109	99252	0	0
B10	9324.44	1.00916	99252	0	0
C12	11174.9	0.335635	99337.4	76.4465	75.516
neutron	939.565	2.34311	99278.5	0	0
Be8	7454.85	1.51236	99278.5	0	0
neutron	939.565	18.2205	99274.4	0	0
neutron	939.565	3.96332	99274.4	0	0
neutron	939.565	3.89569	99274.4	0	0
Be8	7454.85	0.891817	99274.4	0	0
C12	11174.9	2.5236	99704.1	299.972	297.444
neutron	939.565	1.39213	99299.3	0	0
B11	10252.5	0.222955	99299.3	0	0
neutron	939.565	15.7959	99268.1	0	0
B11	10252.5	1.81123	99268.1	0	0
neutron	939.565	14.7522	99314	0	0
neutron	939.565	6.96881	99314	0	0
neutron	939.565	1.5329	99314	0	0
alpha	3727.38	5.40343	99314	0	0
alpha	3727.38	9.09254	99314	0	0
neutron	939.565	22.5347	99248.2	0	0
alpha	3727.38	3.24252	99248.2	0	0
alpha	3727.38	5.69135	99248.2	0	0
neutron	939.565	15.9329	99269.1	0	0
alpha	3727.38	4.18872	99269.1	0	0
Li7	6533.83	7.88085	99269.1	0	0
neutron	939.565	19.9595	99265.6	0	0
alpha	3727.38	16.1858	99265.6	0	0
alpha	3727.38	2.53525	99265.6	0	0
C12	11174.9	0.651045	99365.8	97.1651	96.1566
neutron	939.565	4.95761	99308.6	0	0
neutron	939.565	4.21667	99308.6	0	0
alpha	3727.38	5.91638	99308.6	0	0
Li6	5601.52	1.17579	99308.6	0	0
neutron	939.565	1.88171	99320.4	0	0
Be10	9325.5	0.288179	99320.4	0	0
C12	11174.9	0.413199	99609	265.814	264.77
neutron	939.565	2.87111	99250.6	0	0
neutron	939.565	1.79056	99250.6	0	0
B10	9324.44	0.096469	99250.6	0	0
neutron	939.565	24.0014	99250.3	0	0
neutron	939.565	15.088	99250.3	0	0
neutron	939.565	1.35655	99250.3	0	0
B9	8393.31	4.84319	99250.3	0	0
neutron	939.565	3.64836	99261	0	0
neutron	939.565	2.32257	99261	0	0
Be8	7454.85	2.01	99261	0	0
neutron	939.565	1.43603	99279.2	0	0
neutron	939.565	0.940946	99279.2	0	0
B10	9324.44	0.389275	99279.2	0	0
neutron	939.565	24.7663	99238.6	0	0
neutron	939.565	2.33482	99238.6	0	0
neutron	939.565	0.750683	99238.6	0	0
Be8	7454.85	3.84959	99238.6	0	0
neutron	939.565	1.72222	99286.8	0	0
B11	10252.5	0.601372	99286.8	0	0
neutron	939.565	5.6082	99262.1	0	0
neutron	939.565	1.98313	99262.1	0	0
neutron	939.565	1.8593	99262.1	0	0
Be8	7454.85	0.317217	99262.1	0	0
neutron	939.565	20.737	99305.8	0	0
neutron	939.565	0.575779	99305.8	0	0
Be8	7454.85	2.37124	99305.8	0	0
neutron	939.565	9.23553	99264.7	0	0
neutron	939.565	5.50713	99264.7	0	0
neutron	939.565	4.17308	99264.7	0	0
alpha	3727.38	1.79795	99264.7	0	0
alpha	3727.38	13.6081	99264.7	0	0
neutron	939.565	31.6215	99278.9	0	0
neutron	939.565	10.2996	99278.9	0	0
neutron	939.565	3.08069	99278.9	0	0
Be8	7454.85	8.69611	99278.9	0	0
neutron	939.565	2.10319	99307.5	0	0
alpha	3727.38	3.46247	99307.5	0	0
alpha	3727.38	1.24025	99307.5	0	0
neutron	939.565	8.04918	99289.2	0	0
alpha	3727.38	2.79338	99289.2	0	0
alpha	3727.38	8.82161	99289.2	0	0
C12	11174.9	1.01645	99786.2	362.35	360.721
neutron	939.565	6.50223	99241.9	0	0
neutron	939.565	3.69408	99241.9	0	0
B10	9324.44	2.68553	99241.9	0	0
neutron	939.565	19.3406	99272.5	0	0
neutron	939.565	9.07917	99272.5	0	0
neutron	939.565	0.780827	99272.5	0	0
Be8	7454.85	0.52833	99272.5	0	0
neutron	939.565	2.20016	99262.7	0	0
B11	10252.5	0.313325	99262.7	0	0
neutron	939.565	6.95983	99281.5	0	0
neutron	939.565	5.7711	99281.5	0	0
alpha	3727.38	6.57362	99281.5	0	0
alpha	3727.38	0.85774	99281.5	0	0
neutron	939.565	14.0602	99266.7	0	0
neutron	939.565	3.1154	99266.7	0	0
B10	9324.44	1.71409	99266.7	0	0
neutron	939.565	8.02282	99276.4	0	0
neutron	939.565	0.867134	99276.4	0	0
alpha	3727.38	3.5758	99276.4	0	0
alpha	3727.38	12.2971	99276.4	0	0
B12	11188.7	0.355144	99281.9	0	0
neutron	939.565	4.22299	99284.6	0	0
neutron	939.565	3.91867	99284.6	0	0
B10	9324.44	0.217816	99284.6	0	0
neutron	939.565	3.56489	99290.7	0	0
neutron	939.565	0.726922	99290.7	0	0
Be9	8392.75	0.693704	99290.7	0	0
neutron	939.565	12.9677	99274.5	0	0
Be8	7454.85	1.99407	99274.5	0	0
neutron	939.565	14.0857	99256.2	0	0
neutron	939.565	1.39342	99256.2	0	0
alpha	3727.38	1.26015	99256.2	0	0
alpha	3727.38	3.67808	99256.2	0	0
neutron	939.565	26.5195	99249	0	0
neutron	939.565	5.58639	99249	0	0
Be8	7454.85	4.33822	99249	0	0
neutron	939.565	1.45126	99264.6	0	0
Be10	9325.5	2.99458	99264.6	0	0
neutron	939.565	2.76109	99280.4	0	0
B11	10252.5	0.560513	99280.4	0	0
C12	11174.9	0.363921	99682.8	291.053	288.669
neutron	939.565	1.62837	99251.8	0	0
B11	10252.5	0.601668	99251.8	0	0
neutron	939.565	16.8788	99265.6	0	0
neutron	939.565	1.85487	99265.6	0	0
B10	9324.44	2.51512	99265.6	0	0
neutron	939.565	0.423807	99298.7	0	0
Be9	8392.75	0.672421	99298.7	0	0
neutron	939.565	0.272286	99262.2	0	0
Be10	9325.5	0.70698	99262.2	0	0
neutron	939.565	5.79369	99264.9	0	0
alpha	3727.38	3.60242	99264.9	0	0
Li7	6533.83	5.29992	99264.9	0	0
neutron	939.565	15.6612	99257.5	0	0
neutron	939.565	10.2872	99257.5	0	0
neutron	939.565	5.95742	99257.5	0	0
alpha	3727.38	12.5918	99257.5	0	0
alpha	3727.38	11.478	99257.5	0	0
neutron	939.565	7.26311	99269.8	0	0
neutron	939.565	2.61196	99269.8	0	0
alpha	3727.38	3.04071	99269.8	0	0
Li7	6533.83	2.61631	99269.8	0	0
neutron	939.565	2.86398	99271.4	0	0
B11	10252.5	0.185773	99271.4	0	0
neutron	939.565	0.232206	99263.1	0	0
B11	10252.5	0.530192	99263.1	0	0
neutron	939.565	0.602358	99256.5	0	0
B11	10252.5	0.368251	99256.5	0	0
neutron	939.565	9.61525	99265.7	0	0
neutron	939.565	1.07646	99265.7	0	0
Be9	8392.75	2.42007	99265.7	0	0
neutron	939.565	6.06897	99266.2	0	0
neutron	939.565	4.13832	99266.2	0	0
B10	9324.44	0.564752	99266.2	0	0
neutron	939.565	19.3782	99292.5	0	0
neutron	939.565	13.8744	99292.5	0	0
neutron	939.565	2.29894	99292.5	0	0
Be8	7454.85	2.99638	99292.5	0	0
neutron	939.565	12.3365	99248.3	0	0
neutron	939.565	1.3454	99248.3	0	0
Be8	7454.85	1.18622	99248.3	0	0
neutron	939.565	13.9892	99255.1	0	0
alpha	3727.38	4.47324	99255.1	0	0
alpha	3727.38	1.62984	99255.1	0	0
neutron	939.565	7.11042	99263.2	0	0
neutron	939.565	3.94519	99263.2	0	0
neutron	939.565	1.16111	99263.2	0	0
Be8	7454.85	0.418433	99263.2	0	0
neutron	939.565	1.23018	99256.8	0	0
B11	10252.5	0.795501	99256.8	0	0
B12	11188.7	0.370555	99261.4	0	0
neutron	939.565	8.72158	99258.8	0	0
neutron	939.565	5.51302	99258.8	0	0
B10	9324.44	0.467427	99258.8	0	0
neutron	939.565	1.13175	99277.1	0	0
He3	2808.39	18.6452	99277.1	0	0
Li8	7471.37	4.16163	99277.1	0	0
B12	11188.7	0.365774	99273.4	0	0
C12	11174.9	0.820309	99852.8	402.428	401.39
Be10	9325.5	1.0225	99237	0	0
neutron	939.565	6.26515	99253.3	0	0
alpha	3727.38	9.37925	99253.3	0	0
alpha	3727.38	2.03821	99253.3	0	0
neutron	939.565	11.2043	99288.5	0	0
neutron	939.565	5.88508	99288.5	0	0
neutron	939.565	0.979174	99288.5	0	0
Be8	7454.85	1.27789	99288.5	0	0
neutron	939.565	0.656827	99296.2	0	0
B11	10252.5	0.3772	99296.2	0	0
neutron	939.565	8.26839	99252	0	0
alpha	3727.38	1.10441	99252	0	0
alpha	3727.38	6.57294	99252	0	0
neutron	939.565	9.37884	99265.1	0	0
neutron	939.565	6.35714	99265.1	0	0
neutron	939.565	3.17367	99265.1	0	0
Be8	7454.85	3.42462	99265.1	0	0
neutron	939.565	15.5603	99326.7	0	0
alpha	3727.38	15.2188	99326.7	0	0
alpha	3727.38	6.27714	99326.7	0	0
neutron	939.565	15.2289	99250.8	0	0
neutron	939.565	12.4339	99250.8	0	0
alpha	3727.38	1.14585	99250.8	0	0
alpha	3727.38	4.17261	99250.8	0	0
neutron	939.565	1.341	99290	0	0
neutron	939.565	0.397764	99290	0	0
Be9	8392.75	0.179696	99290	0	0
neutron	939.565	1.4213	99271	0	0
B11	10252.5	0.431196	99271	0	0
C13	12109.5	0.90395	99605.7	249.705	247.743
C12	11174.9	3.90475	99771.8	355.656	350.867
neutron	939.565	1.51698	99258.1	0	0
B11	10252.5	0.113929	99258.1	0	0
neutron	939.565	36.1295	99262.4	0	0
neutron	939.565	17.8944	99262.4	0	0
Be8	7454.85	3.97289	99262.4	0	0
neutron	939.565	10.6479	99291.4	0	0
neutron	939.565	5.92476	99291.4	0	0
neutron	939.565	2.10549	99291.4	0	0
alpha	3727.38	2.23451	99291.4	0	0
alpha	3727.38	2.19437	99291.4	0	0
neutron	939.565	19.8689	99218.8	0	0
Be10	9325.5	6.04794	99218.8	0	0
neutron	939.565	7.53572	99285.3	0	0
neutron	939.565	5.16296	99285.3	0	0
neutron	939.565	2.38428	99285.3	0	0
alpha	3727.38	5.13765	99285.3	0	0
alpha	3727.38	2.15403	99285.3	0	0
neutron	939.565	7.95801	99256.1	0	0
neutron	939.565	2.84809	99256.1	0	0
B10	9324.44	2.01406	99256.1	0	0
neutron	939.565	15.2327	99282.2	0	0
Be8	7454.85	3.59181	99282.2	0	0
neutron	939.565	4.99173	99255.9	0	0
B11	10252.5	0.597701	99255.9	0	0
neutron	939.565	4.3952	99245.8	0	0
B11	10252.5	0.256599	99245.8	0	0
Be10	9325.5	1.23948	99268.2	0	0
neutron	939.565	12.0954	99290.4	0	0
Be10	9325.5	0.273686	99290.4	0	0
neutron	939.565	8.53413	99294.7	0	0
alpha	3727.38	10.5361	99294.7	0	0
alpha	3727.38	11.6637	99294.7	0	0
neutron	939.565	23.7265	99259.8	0	0
neutron	939.565	8.48066	99259.8	0	0
neutron	939.565	2.69261	99259.8	0	0
Be8	7454.85	4.08729	99259.8	0	0
neutron	939.565	8.6885	99252.9	0	0
B11	10252.5	0.646531	99252.9	0	0
neutron	939.565	5.73298	99281.4	0	0
neutron	939.565	4.16465	99281.4	0	0
neutron	939.565	0.509263	99281.4	0	0
alpha	3727.38	6.89356	99281.4	0	0
alpha	3727.38	6.38045	99281.4	0	0
neutron	939.565	1.79478	99259.3	0	0
neutron	939.565	0.279448	99259.3	0	0
B10	9324.44	0.575888	99259.3	0	0
neutron	939.565	16.5403	99267	0	0
neutron	939.565	5.66739	99267	0	0
alpha	3727.38	8.04404	99267	0	0
alpha	3727.38	8.43534	99267	0	0
neutron	939.565	10.8458	99253.3	0	0
neutron	939.565	3.83053	99253.3	0	0
neutron	939.565	1.96843	99253.3	0	0
alpha	3727.38	5.84212	99253.3	0	0
alpha	3727.38	3.94878	99253.3	0	0
C12	11174.9	0.391706	99968.4	470.477	469.851
neutron	939.565	4.39701	99278.1	0	0
neutron	939.565	0.930307	99278.1	0	0
Be8	7454.85	5.12089	99278.1	0	0
neutron	939.565	29.1112	99290.9	0	0
neutron	939.565	4.97746	99290.9	0	0
Be8	7454.85	5.70867	99290.9	0	0
neutron	939.565	10.3014	99291.9	0	0
neutron	939.565	6.68705	99291.9	0	0
neutron	939.565	5.4824	99291.9	0	0
Be8	7454.85	0.261176	99291.9	0	0
neutron	939.565	2.71586	99254.9	0	0
neutron	939.565	0.860142	99254.9	0	0
alpha	3727.38	7.4286	99254.9	0	0
alpha	3727.38	5.41397	99254.9	0	0
neutron	939.565	2.88468	99272.4	0	0
neutron	939.565	2.41038	99272.4	0	0
alpha	3727.38	5.78451	99272.4	0	0
alpha	3727.38	16.6132	99272.4	0	0
neutron	939.565	5.05764	99250.3	0	0
Be10	9325.5	0.862362	99250.3	0	0
neutron	939.565	2.36202	99269.1	0	0
alpha	3727.38	9.66246	99269.1	0	0
alpha	3727.38	2.07485	99269.1	0	0
neutron	939.565	7.62939	99279.4	0	0
neutron	939.565	4.49541	99279.4	0	0
B10	9324.44	0.236525	99279.4	0	0
neutron	939.565	11.3447	99240.8	0	0
alpha	3727.38	4.25675	99240.8	0	0
alpha	3727.38	3.44929	99240.8	0	0
C12	11174.9	0.526247	99540.6	211.678	210.618
neutron	939.565	17.8695	99255.9	0	0
neutron	939.565	12.1297	99255.9	0	0
alpha	3727.38	4.67753	99255.9	0	0
alpha	3727.38	4.5274	99255.9	0	0
neutron	939.565	4.61646	99271.2	0	0
B11	10252.5	1.20613	99271.2	0	0
neutron	939.565	7.17374	99272	0	0
neutron	939.565	4.03587	99272	0	0
Be8	7454.85	0.45695	99272	0	0
C12	11174.9	0.419529	99766.5	346.668	345.771
neutron	939.565	12.7801	99274.1	0	0
neutron	939.565	4.70844	99274.1	0	0
neutron	939.565	2.0584	99274.1	0	0
Be8	7454.85	0.469255	99274.1	0	0
neutron	939.565	2.95895	99267.5	0	0
B11	10252.5	0.873819	99267.5	0	0
neutron	939.565	8.78717	99284.3	0	0
neutron	939.565	5.80785	99284.3	0	0
Be8	7454.85	5.2895	99284.3	0	0
neutron	939.565	16.4877	99245.6	0	0
neutron	939.565	6.47348	99245.6	0	0
alpha	3727.38	4.75469	99245.6	0	0
alpha	3727.38	2.53331	99245.6	0	0
neutron	939.565	25.7714	99336.7	0	0
neutron	939.565	18.7239	99336.7	0	0
alpha	3727.38	7.55019	99336.7	0	0
alpha	3727.38	6.12542	99336.7	0	0
C12	11174.9	0.526357	99333	68.6792	68.1026
neutron	939.565	1.28239	99285.1	0	0
neutron	939.565	0.368807	99285.1	0	0
Be8	7454.85	3.34632	99285.1	0	0
neutron	939.565	9.18746	99263.3	0	0
neutron	939.565	8.44795	99263.3	0	0
alpha	3727.38	3.92686	99263.3	0	0
alpha	3727.38	1.65569	99263.3	0	0
neutron	939.565	8.46643	99259.9	0	0
neutron	939.565	4.23131	99259.9	0	0
neutron	939.565	3.15419	99259.9	0	0
alpha	3727.38	0.973806	99259.9	0	0
alpha	3727.38	5.80408	99259.9	0	0
neutron	939.565	1.20564	99263.9	0	0
B11	10252.5	0.110433	99263.9	0	0
neutron	939.565	19.8102	99293.6	0	0
neutron	939.565	0.187163	99293.6	0	0
Be8	7454.85	3.02193	99293.6	0	0
neutron	939.565	2.3537	99292.3	0	0
neutron	939.565	1.89985	99292.3	0	0
Be8	7454.85	1.42469	99292.3	0	0
neutron	939.565	11.4298	99265.8	0	0
B11	10252.5	2.30122	99265.8	0	0
C12	11174.9	0.893784	99725.3	322.802	321.803
neutron	939.565	1.90671	99291.4	0	0
neutron	939.565	0.821084	99291.4	0	0
alpha	3727.38	5.19994	99291.4	0	0
Li6	5601.52	3.24914	99291.4	0	0
neutron	939.565	20.499	99285.4	0	0
neutron	939.565	0.365473	99285.4	0	0
B10	9324.44	2.12964	99285.4	0	0
neutron	939.565	20.578	99264.7	0	0
neutron	939.565	7.07766	99264.7	0	0
Be8	7454.85	1.59959	99264.7	0	0
neutron	939.565	5.58942	99252.1	0	0
neutron	939.565	2.99293	99252.1	0	0
neutron	939.565	0.929429	99252.1	0	0
Be8	7454.85	1.06598	99252.1	0	0
neutron	939.565	2.78202	99247.4	0	0
neutron	939.565	1.64567	99247.4	0	0
alpha	3727.38	4.53406	99247.4	0	0
alpha	3727.38	4.32019	99247.4	0	0
neutron	939.565	11.3804	99305.7	0	0
B11	10252.5	1.6695	99305.7	0	0
neutron	939.565	12.4129	99237	0	0
B11	10252.5	1.68719	99237	0	0
neutron	939.565	24.0529	99249.9	0	0
neutron	939.565	10.9397	99249.9	0	0
Be9	8392.75	0.673828	99249.9	0	0
C12	11174.9	0.350776	99793.2	376.043	375.218
C12	11174.9	0.400697	99767.8	359.303	358.635
neutron	939.565	11.3106	99239.9	0	0
neutron	939.565	2.74803	99239.9	0	0
alpha	3727.38	3.83799	99239.9	0	0
alpha	3727.38	3.77327	99239.9	0	0
neutron	939.565	24.9137	99299.2	0	0
alpha	3727.38	9.72729	99299.2	0	0
alpha	3727.38	5.30665	99299.2	0	0
neutron	939.565	1.91498	99251.2	0	0
Be10	9325.5	0.588423	99251.2	0	0
neutron	939.565	1.11785	99268	0	0
B11	10252.5	0.36313	99268	0	0
neutron	939.565	16.7646	99234.1	0	0
neutron	939.565	1.43931	99234.1	0	0
alpha	3727.38	14.7917	99234.1	0	0
alpha	3727.38	3.5823	99234.1	0	0
neutron	939.565	1.98607	99266.6	0	0
B11	10252.5	0.205576	99266.6	0	0
neutron	939.565	5.66318	99268.6	0	0
Be10	9325.5	1.76666	99268.6	0	0
neutron	939.565	2.8416	99257.4	0	0
B11	10252.5	0.841773	99257.4	0	0
neutron	939.565	1.75138	99275.5	0	0
Be8	7454.85	1.88417	99275.5	0	0
neutron	939.565	13.1545	99261.8	0	0
neutron	939.565	4.13393	99261.8	0	0
neutron	939.565	3.2799	99261.8	0	0
Be8	7454.85	2.31785	99261.8	0	0
C13	12109.5	0.439275	99785.8	358.34	357.444
neutron	939.565	9.36787	99277.5	0	0
B11	10252.5	0.753304	99277.5	0	0
C12	11174.9	0.507859	99413.7	130.838	130.224
neutron	939.565	21.0319	99257.3	0	0
neutron	939.565	3.88131	99257.3	0	0
Be8	7454.85	1.20334	99257.3	0	0
neutron	939.565	5.4459	99269.2	0	0
neutron	939.565	0.444108	99269.2	0	0
B10	9324.44	0.616988	99269.2	0	0
neutron	939.565	1.88026	99241.9	0	0
B11	10252.5	0.843397	99241.9	0	0
neutron	939.565	0.745936	99261.6	0	0
B11	10252.5	0.313259	99261.6	0	0
neutron	939.565	23.3154	99248.4	0	0
alpha	3727.38	6.4333	99248.4	0	0
neutron	939.565	3.20059	99282.6	0	0
neutron	939.565	3.06851	99282.6	0	0
neutron	939.565	0.389001	99282.6	0	0
alpha	3727.38	4.94509	99282.6	0	0
alpha	3727.38	3.23757	99282.6	0	0
neutron	939.565	20.6095	99264.3	0	0
neutron	939.565	7.77229	99264.3	0	0
neutron	939.565	3.37194	99264.3	0	0
alpha	3727.38	3.98976	99264.3	0	0
alpha	3727.38	3.88076	99264.3	0	0
neutron	939.565	8.99762	99277.1	0	0
neutron	939.565	5.86616	99277.1	0	0
Be8	7454.85	1.16905	99277.1	0	0
B12	11188.7	0.371558	99243.7	0	0
neutron	939.565	3.42666	99272	0	0
neutron	939.565	2.7005	99272	0	0
alpha	3727.38	2.05762	99272	0	0
alpha	3727.38	9.05717	99272	0	0
neutron	939.565	12.7998	99273.6	0	0
neutron	939.565	8.09734	99273.6	0	0
neutron	939.565	3.18064	99273.6	0	0
Be8	7454.85	1.38151	99273.6	0	0
neutron	939.565	2.05723	99282.8	0	0
B11	10252.5	0.29453	99282.8	0	0
B12	11188.7	0.353237	99244	0	0
neutron	939.565	9.23224	99288.6	0	0
neutron	939.565	7.00837	99288.6	0	0
neutron	939.565	2.31147	99288.6	0	0
He3	2808.39	3.20552	99288.6	0	0
alpha	3727.38	6.25231	99288.6	0	0
neutron	939.565	5.84155	99298.3	0	0
neutron	939.565	3.97488	99298.3	0	0
neutron	939.565	3.44537	99298.3	0	0
alpha	3727.38	0.92791	99298.3	0	0
alpha	3727.38	6.43595	99298.3	0	0
neutron	939.565	5.73509	99296.1	0	0
Be10	9325.5	0.7676	99296.1	0	0
neutron	939.565	5.78676	99255.2	0	0
B11	10252.5	0.403237	99255.2	0	0
neutron	939.565	5.16175	99320.8	0	0
alpha	3727.38	2.91055	99320.8	0	0
alpha	3727.38	7.19381	99320.8	0	0
neutron	939.565	5.60589	99271.2	0	0
neutron	939.565	3.13523	99271.2	0	0
neutron	939.565	2.28058	99271.2	0	0
Be8	7454.85	2.2605	99271.2	0	0
neutron	939.565	6.41144	99267.9	0	0
neutron	939.565	1.35828	99267.9	0	0
Be8	7454.85	1.05751	99267.9	0	0
C12	11174.9	0.594669	99326.8	69.3468	68.1824
neutron	939.565	6.49367	99288.9	0	0
B11	10252.5	1.52181	99288.9	0	0
neutron	939.565	1.84027	99265.1	0	0
B11	10252.5	0.560672	99265.1	0	0
neutron	939.565	0.0888428	99295	0	0
B11	10252.5	0.429504	99295	0	0
neutron	939.565	2.19927	99240.6	0	0
neutron	939.565	0.231575	99240.6	0	0
B10	9324.44	0.139773	99240.6	0	0
C12	11174.9	0.505995	99651.5	292.126	291.566
C12	11174.9	0.758555	99358.2	84.4243	83.4525
neutron	939.565	9.92109	99288.2	0	0
neutron	939.565	8.31441	99288.2	0	0
neutron	939.565	0.061728	99288.2	0	0
alpha	3727.38	6.01259	99288.2	0	0
alpha	3727.38	4.43299	99288.2	0	0
neutron	939.565	3.14705	99255.5	0	0
neutron	939.565	1.1184	99255.5	0	0
Be8	7454.85	2.82037	99255.5	0	0
neutron	939.565	5.0689	99271	0	0
neutron	939.565	4.86889	99271	0	0
neutron	939.565	1.42155	99271	0	0
Be8	7454.85	3.77961	99271	0	0
neutron	939.565	14.1983	99255.4	0	0
neutron	939.565	6.40994	99255.4	0	0
B10	9324.44	1.92844	99255.4	0	0
neutron	939.565	8.61389	99259.6	0	0
neutron	939.565	1.14046	99259.6	0	0
B10	9324.44	0.453373	99259.6	0	0
neutron	939.565	36.0119	99257.3	0	0
neutron	939.565	0.875468	99257.3	0	0
alpha	3727.38	8.31545	99257.3	0	0
alpha	3727.38	1.14243	99257.3	0	0
neutron	939.565	14.0771	99256.7	0	0
neutron	939.565	1.16352	99256.7	0	0
B10	9324.44	0.704662	99256.7	0	0
neutron	939.565	9.60559	99249.3	0	0
Be8	7454.85	1.41855	99249.3	0	0
neutron	939.565	4.05987	99273.5	0	0
neutron	939.565	0.957416	99273.5	0	0
B10	9324.44	0.0598687	99273.5	0	0
neutron	939.565	11.7654	99256.9	0	0
neutron	939.565	3.75998	99256.9	0	0
Be9	8392.75	0.953929	99256.9	0	0
neutron	939.565	2.73028	99275	0	0
alpha	3727.38	2.78672	99275	0	0
alpha	3727.38	2.95201	99275	0	0
neutron	939.565	1.3941	99250.6	0	0
neutron	939.565	1.31973	99250.6	0	0
B10	9324.44	0.483318	99250.6	0	0
neutron	939.565	24.375	99248.7	0	0
neutron	939.565	6.43349	99248.7	0	0
Be8	7454.85	2.09855	99248.7	0	0
neutron	939.565	1.05641	99264	0	0
B11	10252.5	0.302514	99264	0	0
neutron	939.565	6.4379	99299.1	0	0
Li9	8406.87	1.10811	99299.1	0	0
neutron	939.565	7.41772	99317	0	0
neutron	939.565	5.84539	99317	0	0
neutron	939.565	2.35482	99317	0	0
Be8	7454.85	0.682539	99317	0	0
neutron	939.565	8.34393	99235.9	0	0
neutron	939.565	4.15341	99235.9	0	0
neutron	939.565	0.811592	99235.9	0	0
Be8	7454.85	2.38555	99235.9	0	0
neutron	939.565	1.95827	99293.9	0	0
Be10	9325.5	0.118492	99293.9	0	0
neutron	939.565	3.50586	99280.6	0	0
Be8	7454.85	0.974919	99280.6	0	0
neutron	939.565	11.6868	99253.2	0	0
neutron	939.565	4.21989	99253.2	0	0
B10	9324.44	1.95571	99253.2	0	0
neutron	939.565	0.561836	99270.6	0	0
Be10	9325.5	1.85187	99270.6	0	0
neutron	939.565	7.46255	99272.9	0	0
alpha	3727.38	2.84561	99272.9	0	0
alpha	3727.38	2.19322	99272.9	0	0
neutron	939.565	0.440693	99252.7	0	0
Be10	9325.5	0.694451	99252.7	0	0
neutron	939.565	12.0834	99222	0	0
neutron	939.565	1.44226	99222	0	0
Be8	7454.85	0.551959	99222	0	0
neutron	939.565	13.6068	99246.6	0	0
neutron	939.565	10.272	99246.6	0	0
neutron	939.565	7.92649	99246.6	0	0
alpha	3727.38	1.94543	99246.6	0	0
alpha	3727.38	3.92635	99246.6	0	0
neutron	939.565	22.6746	99290.2	0	0
neutron	939.565	0.323129	99290.2	0	0
B11	10252.5	2.98932	99290.2	0	0
neutron	939.565	15.9339	99254.8	0	0
neutron	939.565	11.4993	99254.8	0	0
alpha	3727.38	6.76063	99254.8	0	0
alpha	3727.38	6.99817	99254.8	0	0
neutron	939.565	16.9172	99232.2	0	0
alpha	3727.38	8.61102	99232.2	0	0
alpha	3727.38	9.36402	99232.2	0	0
neutron	939.565	1.10697	99257.4	0	0
B11	10252.5	0.405436	99257.4	0	0
neutron	939.565	13.6594	99275.5	0	0
neutron	939.565	0.9574	99275.5	0	0
Be9	8392.75	2.81448	99275.5	0	0
neutron	939.565	7.78693	99275.9	0	0
neutron	939.565	5.95902	99275.9	0	0
neutron	939.565	0.793066	99275.9	0	0
Be8	7454.85	4.88672	99275.9	0	0
C12	11174.9	0.419855	99607.1	222.009	221.085
neutron	939.565	5.80932	99273.9	0	0
neutron	939.565	4.63144	99273.9	0	0
B10	9324.44	0.736527	99273.9	0	0
neutron	939.565	36.53	99253.7	0	0
alpha	3727.38	6.33638	99253.7	0	0
alpha	3727.38	3.6537	99253.7	0	0
neutron	939.565	10.4151	99282.5	0	0
neutron	939.565	4.12334	99282.5	0	0
Be8	7454.85	2.45392	99282.5	0	0
neutron	939.565	7.82883	99283.5	0	0
neutron	939.565	7.34937	99283.5	0	0
Be8	7454.85	0.11662	99283.5	0	0
C12	11174.9	0.34718	99731.2	331.033	330.573
Be10	9325.5	1.9985	99304.6	0	0
neutron	939.565	2.75305	99244.6	0	0
Be10	9325.5	0.201975	99244.6	0	0
C12	11174.9	0.350268	99284.6	40.6221	39.1136
neutron	939.565	1.86701	99240.4	0	0
B11	10252.5	0.912174	99240.4	0	0
neutron	939.565	5.22605	99270	0	0
alpha	3727.38	3.64777	99270	0	0
alpha	3727.38	2.36339	99270	0	0
C12	11174.9	0.342062	99305.6	77.0082	76.5907
neutron	939.565	3.23999	99276.6	0	0
Be10	9325.5	0.509472	99276.6	0	0
neutron	939.565	7.90926	99248.3	0	0
neutron	939.565	4.7604	99248.3	0	0
neutron	939.565	1.38065	99248.3	0	0
Be8	7454.85	4.62904	99248.3	0	0
C12	11174.9	0.336463	99342.6	97.8696	97.4172
B12	11188.7	0.341994	99259.2	0	0
neutron	939.565	1.55466	99265.2	0	0
B11	10252.5	0.46151	99265.2	0	0
neutron	939.565	24.5393	99264.6	0	0
neutron	939.565	20.5845	99264.6	0	0
neutron	939.565	2.27994	99264.6	0	0
Be8	7454.85	1.3567	99264.6	0	0
neutron	939.565	3.73874	99234.6	0	0
neutron	939.565	2.95883	99234.6	0	0
neutron	939.565	1.62818	99234.6	0	0
Be8	7454.85	3.66538	99234.6	0	0
neutron	939.565	4.54265	99280.2	0	0
B11	10252.5	0.924866	99280.2	0	0
neutron	939.565	6.15923	99250.1	0	0
neutron	939.565	4.10207	99250.1	0	0
neutron	939.565	1.06707	99250.1	0	0
alpha	3727.38	16.9343	99250.1	0	0
alpha	3727.38	2.46985	99250.1	0	0
neutron	939.565	5.36916	99291.2	0	0
alpha	3727.38	3.60761	99291.2	0	0
Li7	6533.83	5.93985	99291.2	0	0
neutron	939.565	2.83949	99270	0	0
neutron	939.565	1.58012	99270	0	0
alpha	3727.38	0.318522	99270	0	0
C12	11174.9	0.351394	99462.8	129.998	129.287
neutron	939.565	1.01467	99330.1	0	0
Be10	9325.5	1.80194	99330.1	0	0
C12	11174.9	1.21064	99718.1	309.731	308.175
neutron	939.565	15.4432	99311.8	0	0
neutron	939.565	5.55328	99311.8	0	0
B10	9324.44	4.16607	99311.8	0	0
neutron	939.565	44.0482	99258.8	0	0
alpha	3727.38	3.07379	99258.8	0	0
alpha	3727.38	8.94851	99258.8	0	0
neutron	939.565	4.06408	99265.1	0	0
B11	10252.5	0.201073	99265.1	0	0
B12	11188.7	0.357231	99264.2	0	0
neutron	939.565	2.95858	99275.5	0	0
B11	10252.5	0.142914	99275.5	0	0
neutron	939.565	7.11369	99250.8	0	0
B11	10252.5	0.800743	99250.8	0	0
neutron	939.565	20.5715	99266.1	0	0
Be10	9325.5	3.18709	99266.1	0	0
neutron	939.565	17.4608	99289.3	0	0
neutron	939.565	4.96231	99289.3	0	0
Be8	7454.85	1.51357	99289.3	0	0
neutron	939.565	4.92247	99266.8	0	0
B11	10252.5	0.586008	99266.8	0	0
neutron	939.565	9.96234	99290.9	0	0
alpha	3727.38	3.11559	99290.9	0	0
alpha	3727.38	8.69747	99290.9	0	0
C12	11174.9	1.8154	99519.2	196.891	194.981
neutron	939.565	0.153495	99272.8	0	0
Be9	8392.75	2.5413	99272.8	0	0
C12	11174.9	0.425092	99681.7	303.572	302.784
neutron	939.565	4.33433	99248.7	0	0
neutron	939.565	0.793083	99248.7	0	0
B10	9324.44	1.22563	99248.7	0	0
neutron	939.565	24.6259	99253.8	0	0
neutron	939.565	9.89518	99253.8	0	0
Be8	7454.85	3.49812	99253.8	0	0
neutron	939.565	7.91508	99279.5	0	0
neutron	939.565	1.42027	99279.5	0	0
B10	9324.44	0.550601	99279.5	0	0
neutron	939.565	18.1154	99287.5	0	0
neutron	939.565	9.52744	99287.5	0	0
B10	9324.44	4.66485	99287.5	0	0
C12	11174.9	1.86951	99575.4	242.202	239.8
neutron	939.565	3.30074	99231.9	0	0
neutron	939.565	0.871153	99231.9	0	0
Be8	7454.85	0.989123	99231.9	0	0
neutron	939.565	4.4928	99297.3	0	0
B11	10252.5	0.130043	99297.3	0	0
neutron	939.565	23.7409	99272	0	0
neutron	939.565	3.66985	99272	0	0
alpha	3727.38	0.287379	99272	0	0
alpha	3727.38	9.88486	99272	0	0
neutron	939.565	0.645544	99292.8	0	0
B11	10252.5	0.560864	99292.8	0	0
neutron	939.565	9.92861	99249.2	0	0
neutron	939.565	0.458893	99249.2	0	0
B10	9324.44	0.614643	99249.2	0	0
B12	11188.7	0.37198	99270.6	0	0
neutron	939.565	6.90085	99267.4	0	0
Be8	7454.85	1.06633	99267.4	0	0
neutron	939.565	34.1399	99274.9	0	0
neutron	939.565	13.7249	99274.9	0	0
alpha	3727.38	4.38217	99274.9	0	0
alpha	3727.38	3.099	99274.9	0	0
neutron	939.565	6.4044	99235.2	0	0
B11	10252.5	0.684535	99235.2	0	0
neutron	939.565	15.0313	99253.1	0	0
neutron	939.565	12.0707	99253.1	0	0
B10	9324.44	1.65719	99253.1	0	0
neutron	939.565	0.853701	99252.4	0	0
B11	10252.5	0.212839	99252.4	0	0
neutron	939.565	2.75567	99291.1	0	0
B11	10252.5	0.464912	99291.1	0	0
neutron	939.565	7.94203	99307.5	0	0
neutron	939.565	1.84886	99307.5	0	0
neutron	939.565	0.542789	99307.5	0	0
Be8	7454.85	3.46671	99307.5	0	0
C12	11174.9	0.48806	99508.3	209.84	208.23
neutron	939.565	10.6046	99249.9	0	0
alpha	3727.38	12.3357	99249.9	0	0
He6	5605.53	6.50357	99249.9	0	0
neutron	939.565	0.829951	99284.8	0	0
B11	10252.5	0.561538	99284.8	0	0
neutron	939.565	4.41708	99261.3	0	0
neutron	939.565	0.979539	99261.3	0	0
Li7	6533.83	2.91799	99261.3	0	0
neutron	939.565	47.0746	99299.6	0	0
Be10	9325.5	3.12174	99299.6	0	0
B12	11188.7	0.34447	99286.7	0	0
neutron	939.565	5.58127	99286.5	0	0
B11	10252.5	0.713386	99286.5	0	0
neutron	939.565	12.1867	99313.8	0	0
alpha	3727.38	7.05375	99313.8	0	0
alpha	3727.38	4.60809	99313.8	0	0
neutron	939.565	14.047	99254.9	0	0
neutron	939.565	7.2436	99254.9	0	0
Be9	8392.75	2.40406	99254.9	0	0
C12	11174.9	0.365118	99841.4	399.89	399.468
B12	11188.7	0.354284	99265.3	0	0
neutron	939.565	4.73938	99273	0	0
neutron	939.565	3.30509	99273	0	0
neutron	939.565	2.22423	99273	0	0
Be8	7454.85	0.127943	99273	0	0
neutron	939.565	16.0741	99245.3	0	0
neutron	939.565	1.80959	99245.3	0	0
alpha	3727.38	8.74135	99245.3	0	0
alpha	3727.38	3.41728	99245.3	0	0
neutron	939.565	11.714	99271.9	0	0
B11	10252.5	0.718641	99271.9	0	0
neutron	939.565	2.99906	99263.7	0	0
B11	10252.5	0.914667	99263.7	0	0
neutron	939.565	1.29429	99251.6	0	0
neutron	939.565	0.36699	99251.6	0	0
Be8	7454.85	2.52521	99251.6	0	0
neutron	939.565	13.0016	99262.6	0	0
neutron	939.565	6.76582	99262.6	0	0
neutron	939.565	0.0898848	99262.6	0	0
Be8	7454.85	0.881972	99262.6	0	0
neutron	939.565	9.7978	99262	0	0
neutron	939.565	5.85059	99262	0	0
neutron	939.565	4.56071	99262	0	0
Be8	7454.85	1.53902	99262	0	0
neutron	939.565	19.8263	99254.4	0	0
neutron	939.565	10.1893	99254.4	0	0
neutron	939.565	6.62271	99254.4	0	0
Be8	7454.85	2.76738	99254.4	0	0
neutron	939.565	2.52522	99277.7	0	0
neutron	939.565	1.18459	99277.7	0	0
B10	9324.44	0.914927	99277.7	0	0
neutron	939.565	5.31505	99265.5	0	0
neutron	939.565	0.565633	99265.5	0	0
B10	9324.44	0.209928	99265.5	0	0
neutron	939.565	2.67096	99250.1	0	0
B11	10252.5	0.8194	99250.1	0	0
neutron	939.565	27.5002	99267.4	0	0
neutron	939.565	5.90914	99267.4	0	0
neutron	939.565	2.29725	99267.4	0	0
alpha	3727.38	4.30952	99267.4	0	0
alpha	3727.38	1.3651	99267.4	0	0
neutron	939.565	2.202	99278	0	0
neutron	939.565	1.63997	99278	0	0
neutron	939.565	1.56475	99278	0	0
Be8	7454.85	3.18987	99278	0	0
neutron	939.565	12.7043	99327.3	0	0
B11	10252.5	1.75238	99327.3	0	0
neutron	939.565	2.02642	99280.9	0	0
B11	10252.5	0.102417	99280.9	0	0
B12	11188.7	0.349957	99244.8	0	0
neutron	939.565	5.03252	99330.3	0	0
neutron	939.565	4.64684	99330.3	0	0
neutron	939.565	3.83333	99330.3	0	0
Be8	7454.85	1.83427	99330.3	0	0
neutron	939.565	0.467326	99252.3	0	0
B11	10252.5	0.646084	99252.3	0	0
C12	11174.9	0.56916	99481.7	174.02	173.229
neutron	939.565	6.84478	99294.6	0	0
neutron	939.565	4.62879	99294.6	0	0
alpha	3727.38	3.17194	99294.6	0	0
alpha	3727.38	2.26493	99294.6	0	0
neutron	939.565	15.4942	99306.5	0	0
alpha	3727.38	2.81687	99306.5	0	0
Li7	6533.83	6.02604	99306.5	0	0
C12	11174.9	0.631433	99321.5	73.4882	72.355
neutron	939.565	19.0873	99276.1	0	0
B11	10252.5	1.07814	99276.1	0	0
neutron	939.565	4.23707	99295	0	0
neutron	939.565	0.495995	99295	0	0
Be8	7454.85	2.37691	99295	0	0
neutron	939.565	2.45684	99296.3	0	0
Be9	8392.75	1.28636	99296.3	0	0
neutron	939.565	5.49457	99280.9	0	0
neutron	939.565	3.0564	99280.9	0	0
neutron	939.565	2.56154	99280.9	0	0
Be8	7454.85	5.889	99280.9	0	0
neutron	939.565	12.0643	99256.8	0	0
alpha	3727.38	6.11165	99256.8	0	0
Li7	6533.83	0.748935	99256.8	0	0
neutron	939.565	4.02213	99250.7	0	0
alpha	3727.38	5.66369	99250.7	0	0
alpha	3727.38	3.06565	99250.7	0	0
neutron	939.565	5.99922	99281.8	0	0
B11	10252.5	0.130198	99281.8	0	0
neutron	939.565	0.116872	99285.7	0	0
B11	10252.5	0.273343	99285.7	0	0
neutron	939.565	6.05686	99251.6	0	0
alpha	3727.38	6.88593	99251.6	0	0
alpha	3727.38	3.07898	99251.6	0	0
neutron	939.565	6.14291	99278.7	0	0
neutron	939.565	1.24641	99278.7	0	0
Be9	8392.75	1.72881	99278.7	0	0
neutron	939.565	11.4272	99252.1	0	0
neutron	939.565	6.26015	99252.1	0	0
B10	9324.44	2.50999	99252.1	0	0
neutron	939.565	4.63203	99271.9	0	0
neutron	939.565	0.796957	99271.9	0	0
B10	9324.44	0.390592	99271.9	0	0
C12	11174.9	0.418187	99279.1	33.5629	32.5352
neutron	939.565	7.15536	99241.1	0	0
neutron	939.565	6.01553	99241.1	0	0
neutron	939.565	2.29442	99241.1	0	0
alpha	3727.38	5.97317	99241.1	0	0
alpha	3727.38	5.50902	99241.1	0	0
neutron	939.565	24.3431	99276.1	0	0
neutron	939.565	0.550497	99276.1	0	0
neutron	939.565	0.169287	99276.1	0	0
Be8	7454.85	1.70413	99276.1	0	0
neutron	939.565	15.6736	99250	0	0
neutron	939.565	13.1103	99250	0	0
alpha	3727.38	4.23745	99250	0	0
Li6	5601.52	4.35742	99250	0	0
neutron	939.565	10.5716	99243.7	0	0
neutron	939.565	10.0764	99243.7	0	0
B10	9324.44	1.26135	99243.7	0	0
neutron	939.565	12.951	99289.7	0	0
neutron	939.565	0.918773	99289.7	0	0
Be9	8392.75	1.45013	99289.7	0	0
neutron	939.565	2.76415	99298.5	0	0
B11	10252.5	0.900943	99298.5	0	0
neutron	939.565	1.85154	99257.4	0	0
neutron	939.565	1.0148	99257.4	0	0
B10	9324.44	0.0999013	99257.4	0	0
C12	11174.9	0.495339	99870.1	408.53	407.938
neutron	939.565	1.36562	99287.4	0	0
Be9	8392.75	3.07347	99287.4	0	0
neutron	939.565	1.45763	99266.1	0	0
Be10	9325.5	0.0779994	99266.1	0	0
neutron	939.565	10.1697	99253.7	0	0
neutron	939.565	0.0616489	99253.7	0	0
B10	9324.44	0.718997	99253.7	0	0
neutron	939.565	27.4756	99299.5	0	0
alpha	3727.38	7.2573	99299.5	0	0
alpha	3727.38	0.925918	99299.5	0	0
neutron	939.565	1.99792	99263.7	0	0
B11	10252.5	0.706794	99263.7	0	0
neutron	939.565	2.73412	99269.8	0	0
neutron	939.565	1.3438	99269.8	0	0
Be9	8392.75	0.563512	99269.8	0	0
neutron	939.565	10.74	99278.8	0	0
neutron	939.565	2.24807	99278.8	0	0
Be8	7454.85	0.785588	99278.8	0	0
neutron	939.565	2.16144	99269	0	0
alpha	3727.38	2.29019	99269	0	0
alpha	3727.38	4.39868	99269	0	0
neutron	939.565	8.39234	99265.3	0	0
B11	10252.5	1.17164	99265.3	0	0
neutron	939.565	4.4967	99303.5	0	0
neutron	939.565	3.54884	99303.5	0	0
neutron	939.565	2.32787	99303.5	0	0
Be8	7454.85	0.64038	99303.5	0	0
B12	11188.7	0.322703	99276.4	0	0
neutron	939.565	23.7295	99288.3	0	0
neutron	939.565	5.70044	99288.3	0	0
neutron	939.565	2.78739	99288.3	0	0
alpha	3727.38	3.5335	99288.3	0	0
alpha	3727.38	2.16947	99288.3	0	0
neutron	939.565	6.40603	99268.4	0	0
neutron	939.565	1.98785	99268.4	0	0
Be9	8392.75	4.09305	99268.4	0	0
C12	11174.9	1.18288	99977.4	473.306	472.065
neutron	939.565	9.55307	99276.7	0	0
neutron	939.565	9.10057	99276.7	0	0
B10	9324.44	0.153124	99276.7	0	0
C12	11174.9	0.334718	99278.4	33.0511	31.6338
neutron	939.565	4.77426	99263.9	0	0
B11	10252.5	0.26932	99263.9	0	0
Be10	9325.5	0.888714	99273.7	0	0
neutron	939.565	4.36711	99259.4	0	0
neutron	939.565	3.87842	99259.4	0	0
B10	9324.44	1.47959	99259.4	0	0
neutron	939.565	10.0747	99285.4	0	0
Be8	7454.85	1.95243	99285.4	0	0
neutron	939.565	10.2041	99316	0	0
Be8	7454.85	7.50001	99316	0	0
neutron	939.565	14.3782	99277.7	0	0
neutron	939.565	8.51649	99277.7	0	0
alpha	3727.38	1.60123	99277.7	0	0
alpha	3727.38	10.9083	99277.7	0	0
neutron	939.565	11.4944	99267.2	0	0
alpha	3727.38	7.32136	99267.2	0	0
alpha	3727.38	2.48001	99267.2	0	0
neutron	939.565	3.94159	99268.4	0	0
neutron	939.565	2.14325	99268.4	0	0
B10	9324.44	0.188676	99268.4	0	0
neutron	939.565	15.7908	99286.4	0	0
Be10	9325.5	2.2442	99286.4	0	0
C13	12109.5	0.54289	99832.2	391.245	390.621
C12	11174.9	0.387048	99858.6	399.077	398.478
neutron	939.565	2.20422	99254.1	0	0
Be10	9325.5	1.10655	99254.1	0	0
neutron	939.565	9.42778	99273.1	0	0
Be8	7454.85	0.25858	99273.1	0	0
neutron	939.565	3.9775	99273.3	0	0
alpha	3727.38	6.87581	99273.3	0	0
alpha	3727.38	4.01507	99273.3	0	0
neutron	939.565	41.5555	99274	0	0
neutron	939.565	6.59172	99274	0	0
neutron	939.565	0.971871	99274	0	0
alpha	3727.38	10.2594	99274	0	0
alpha	3727.38	2.36117	99274	0	0
neutron	939.565	14.8671	99269.6	0	0
alpha	3727.38	3.45501	99269.6	0	0
Li7	6533.83	5.01361	99269.6	0	0
neutron	939.565	2.31443	99272.2	0	0
B11	10252.5	0.581877	99272.2	0	0
neutron	939.565	8.48843	99261.5	0	0
neutron	939.565	7.0283	99261.5	0	0
neutron	939.565	3.1353	99261.5	0	0
Be8	7454.85	2.04341	99261.5	0	0
C12	11174.9	0.590196	99289.8	55.7951	55.1557
neutron	939.565	2.90873	99276.2	0	0
neutron	939.565	1.47937	99276.2	0	0
Be8	7454.85	0.927108	99276.2	0	0
neutron	939.565	13.2515	99249.4	0	0
Be10	9325.5	1.06019	99249.4	0	0
neutron	939.565	2.00208	99249.8	0	0
B11	10252.5	0.721432	99249.8	0	0
neutron	939.565	23.0557	99257.9	0	0
neutron	939.565	15.1976	99257.9	0	0
neutron	939.565	10.8494	99257.9	0	0
alpha	3727.38	4.39238	99257.9	0	0
alpha	3727.38	2.56214	99257.9	0	0
neutron	939.565	6.01461	99271.8	0	0
B11	10252.5	1.00786	99271.8	0	0
neutron	939.565	16.4118	99247.9	0	0
Be8	7454.85	8.83805	99247.9	0	0
neutron	939.565	5.50338	99243.3	0	0
B11	10252.5	1.19933	99243.3	0	0
B12	11188.7	0.369319	99241.3	0	0
neutron	939.565	13.465	99226.6	0	0
neutron	939.565	5.12746	99226.6	0	0
neutron	939.565	1.90024	99226.6	0	0
Be8	7454.85	4.24832	99226.6	0	0
neutron	939.565	0.264872	99284.9	0	0
B11	10252.5	0.53072	99284.9	0	0
Be10	9325.5	1.04474	99269.6	0	0
neutron	939.565	13.189	99251.7	0	0
neutron	939.565	8.00424	99251.7	0	0
neutron	939.565	6.66449	99251.7	0	0
alpha	3727.38	2.98119	99251.7	0	0
alpha	3727.38	5.17599	99251.7	0	0
neutron	939.565	10.8261	99314.1	0	0
neutron	939.565	4.74295	99314.1	0	0
neutron	939.565	0.891808	99314.1	0	0
He3	2808.39	3.72902	99314.1	0	0
alpha	3727.38	8.58389	99314.1	0	0
neutron	939.565	19.3527	99240.1	0	0
neutron	939.565	10.6855	99240.1	0	0
neutron	939.565	0.6892	99240.1	0	0
alpha	3727.38	5.95191	99240.1	0	0
alpha	3727.38	2.35226	99240.1	0	0
neutron	939.565	12.4505	99273.7	0	0
neutron	939.565	3.08274	99273.7	0	0
Be8	7454.85	4.44411	99273.7	0	0
C12	11174.9	0.58571	99557.6	193.773	193.143
neutron	939.565	8.20794	99232.3	0	0
B11	10252.5	0.238786	99232.3	0	0
C12	11174.9	0.417435	99315.3	73.3422	72.9178
neutron	939.565	9.56649	99254	0	0
B11	10252.5	1.35939	99254	0	0
neutron	939.565	1.30865	99282.4	0	0
B11	10252.5	0.492858	99282.4	0	0
neutron	939.565	12.8287	99292	0	0
neutron	939.565	4.76835	99292	0	0
neutron	939.565	0.867137	99292	0	0
Be8	7454.85	4.31236	99292	0	0
neutron	939.565	15.6903	99266.3	0	0
neutron	939.565	3.29004	99266.3	0	0
alpha	3727.38	1.56064	99266.3	0	0
alpha	3727.38	5.0261	99266.3	0	0
neutron	939.565	5.13116	99227.2	0	0
B11	10252.5	0.677756	99227.2	0	0
neutron	939.565	29.6581	99273.1	0	0
neutron	939.565	14.5629	99273.1	0	0
Be8	7454.85	4.51433	99273.1	0	0
neutron	939.565	11.0943	99281.1	0	0
Be8	7454.85	1.44092	99281.1	0	0
neutron	939.565	22.3063	99269.6	0	0
neutron	939.565	7.10006	99269.6	0	0
B10	9324.44	2.98876	99269.6	0	0
neutron	939.565	2.23325	99252.2	0	0
neutron	939.565	1.87033	99252.2	0	0
Li8	7471.37	3.19124	99252.2	0	0
C12	11174.9	0.434869	99289	40.4398	39.8019
neutron	939.565	2.07451	99252	0	0
neutron	939.565	0.593629	99252	0	0
Be8	7454.85	1.74639	99252	0	0
neutron	939.565	29.1282	99301.5	0	0
neutron	939.565	2.18324	99301.5	0	0
neutron	939.565	0.913694	99301.5	0	0
Be8	7454.85	2.91661	99301.5	0	0
neutron	939.565	9.64225	99243.9	0	0
Be10	9325.5	1.11188	99243.9	0	0
neutron	939.565	20.1784	99248.2	0	0
neutron	939.565	18.2109	99248.2	0	0
Be9	8392.75	1.41142	99248.2	0	0
neutron	939.565	10.0934	99290.3	0	0
neutron	939.565	0.655174	99290.3	0	0
Be9	8392.75	0.942606	99290.3	0	0
neutron	939.565	3.38408	99265.2	0	0
Be10	9325.5	0.201605	99265.2	0	0
neutron	939.565	8.16057	99247.1	0	0
neutron	939.565	0.145461	99247.1	0	0
B10	9324.44	0.59326	99247.1	0	0
neutron	939.565	4.64614	99253.1	0	0
neutron	939.565	2.00788	99253.1	0	0
neutron	939.565	0.538094	99253.1	0	0
alpha	3727.38	7.45964	99253.1	0	0
alpha	3727.38	3.55251	99253.1	0	0
neutron	939.565	14.3362	99314.7	0	0
neutron	939.565	6.66375	99314.7	0	0
neutron	939.565	2.80877	99314.7	0	0
Be8	7454.85	1.03	99314.7	0	0
C12	11174.9	0.552203	99402.5	90.1271	89.4225
neutron	939.565	6.82554	99287.3	0	0
Be10	9325.5	2.26531	99287.3	0	0
neutron	939.565	5.14619	99268.6	0	0
Be10	9325.5	2.81982	99268.6	0	0
C12	11174.9	1.95508	99376.4	101.306	99.2531
neutron	939.565	10.6316	99253	0	0
neutron	939.565	6.29359	99253	0	0
neutron	939.565	4.17186	99253	0	0
alpha	3727.38	3.81912	99253	0	0
alpha	3727.38	4.09192	99253	0	0
neutron	939.565	12.5407	99285.5	0	0
alpha	3727.38	3.59935	99285.5	0	0
alpha	3727.38	13.9144	99285.5	0	0
neutron	939.565	7.69993	99261.8	0	0
neutron	939.565	1.80964	99261.8	0	0
Be8	7454.85	0.741754	99261.8	0	0
neutron	939.565	31.4453	99293.2	0	0
neutron	939.565	2.42225	99293.2	0	0
alpha	3727.38	1.06754	99293.2	0	0
alpha	3727.38	20.0062	99293.2	0	0
neutron	939.565	11.5546	99246.8	0	0
neutron	939.565	0.996098	99246.8	0	0
Be9	8392.75	2.11099	99246.8	0	0
neutron	939.565	1.40304	99269.8	0	0
B11	10252.5	0.421369	99269.8	0	0
neutron	939.565	13.5051	99263.7	0	0
B11	10252.5	2.22059	99263.7	0	0
C12	11174.9	0.331735	99462.1	148.706	148.306
neutron	939.565	5.18518	99292.1	0	0
B11	10252.5	1.45903	99292.1	0	0
C12	11174.9	0.357796	99528.2	217.426	216.366
B12	11188.7	0.365116	99261.1	0	0
neutron	939.565	12.8301	99264.3	0	0
neutron	939.565	12.5921	99264.3	0	0
Be8	7454.85	5.58703	99264.3	0	0
C12	11174.9	1.43828	99822.5	378.006	376.457
neutron	939.565	2.44866	99336.8	0	0
B11	10252.5	0.150838	99336.8	0	0
neutron	939.565	24.6868	99274.6	0	0
neutron	939.565	1.21615	99274.6	0	0
Be8	7454.85	1.04465	99274.6	0	0
neutron	939.565	1.66017	99273.2	0	0
B11	10252.5	0.811953	99273.2	0	0
neutron	939.565	19.969	99276.8	0	0
alpha	3727.38	11.4384	99276.8	0	0
alpha	3727.38	3.18939	99276.8	0	0
neutron	939.565	4.94022	99328.1	0	0
neutron	939.565	2.43147	99328.1	0	0
B10	9324.44	0.481901	99328.1	0	0
Be10	9325.5	4.41977	99248.3	0	0
neutron	939.565	26.3276	99263.1	0	0
neutron	939.565	23.6034	99263.1	0	0
alpha	3727.38	9.59543	99263.1	0	0
alpha	3727.38	2.82093	99263.1	0	0
C12	11174.9	0.536443	99306.4	62.3324	61.4214
neutron	939.565	2.10806	99289.5	0	0
B11	10252.5	0.210783	99289.5	0	0
neutron	939.565	7.09182	99283.3	0	0
B11	10252.5	0.111184	99283.3	0	0
neutron	939.565	11.2911	99247.7	0	0
neutron	939.565	6.81654	99247.7	0	0
neutron	939.565	5.37842	99247.7	0	0
alpha	3727.38	1.00858	99247.7	0	0
alpha	3727.38	7.96002	99247.7	0	0
C12	11174.9	1.40842	99646.5	280.75	278.159
neutron	939.565	8.18521	99277.7	0	0
Be10	9325.5	2.84443	99277.7	0	0
C12	11174.9	0.547167	99573.2	232.872	232.283
C12	11174.9	0.509722	99363.5	91.2542	89.8622
neutron	939.565	25.2388	99253	0	0
neutron	939.565	25.1809	99253	0	0
Be8	7454.85	6.95535	99253	0	0
neutron	939.565	11.1936	99285.7	0	0
neutron	939.565	5.98762	99285.7	0	0
B10	9324.44	0.660888	99285.7	0	0
neutron	939.565	17.9805	99245.5	0	0
neutron	939.565	1.96975	99245.5	0	0
neutron	939.565	0.596313	99245.5	0	0
alpha	3727.38	0.695661	99245.5	0	0
alpha	3727.38	9.04655	99245.5	0	0
neutron	939.565	23.7631	99277.4	0	0
neutron	939.565	9.36921	99277.4	0	0
neutron	939.565	1.52528	99277.4	0	0
Be8	7454.85	0.497039	99277.4	0	0
B12	11188.7	0.366729	99282.8	0	0
neutron	939.565	0.597759	99275.9	0	0
Be8	7454.85	1.11886	99275.9	0	0
neutron	939.565	6.37384	99269.9	0	0
neutron	939.565	0.370032	99269.9	0	0
B10	9324.44	0.64178	99269.9	0	0
neutron	939.565	6.86206	99296.4	0	0
alpha	3727.38	3.99387	99296.4	0	0
alpha	3727.38	0.506142	99296.4	0	0
neutron	939.565	2.7126	99299.9	0	0
Be10	9325.5	1.29624	99299.9	0	0
Be10	9325.5	2.61524	99293.7	0	0
neutron	939.565	11.559	99250.6	0	0
neutron	939.565	11.2532	99250.6	0	0
neutron	939.565	2.7331	99250.6	0	0
Be8	7454.85	0.0402423	99250.6	0	0
C12	11174.9	0.366141	99313.6	79.1141	77.4241
neutron	939.565	11.4529	99240.7	0	0
Be10	9325.5	1.0935	99240.7	0	0
neutron	939.565	14.2016	99264.8	0	0
neutron	939.565	0.0391193	99264.8	0	0
B10	9324.44	1.62346	99264.8	0	0
neutron	939.565	10.7244	99274.2	0	0
neutron	939.565	5.43874	99274.2	0	0
neutron	939.565	1.87677	99274.2	0	0
alpha	3727.38	2.20071	99274.2	0	0
alpha	3727.38	2.98813	99274.2	0	0
neutron	939.565	21.604	99272.7	0	0
neutron	939.565	9.31169	99272.7	0	0
alpha	3727.38	3.25718	99272.7	0	0
alpha	3727.38	10.7696	99272.7	0	0
neutron	939.565	8.56031	99260.1	0	0
neutron	939.565	1.27098	99260.1	0	0
Be9	8392.75	0.666178	99260.1	0	0
neutron	939.565	20.9959	99283.5	0	0
Be8	7454.85	0.275925	99283.5	0	0
neutron	939.565	5.74442	99319.5	0	0
alpha	3727.38	2.92903	99319.5	0	0
Li7	6533.83	3.70662	99319.5	0	0
neutron	939.565	1.03013	99287.1	0	0
neutron	939.565	0.681237	99287.1	0	0
Be8	7454.85	3.62694	99287.1	0	0
neutron	939.565	9.37962	99304.1	0	0
alpha	3727.38	6.31655	99304.1	0	0
alpha	3727.38	3.24711	99304.1	0	0
C12	11174.9	0.418128	99277.2	20.2497	18.6288
neutron	939.565	8.16721	99276	0	0
Be10	9325.5	1.43545	99276	0	0
neutron	939.565	7.24639	99301.6	0	0
neutron	939.565	1.61742	99301.6	0	0
alpha	3727.38	3.01094	99301.6	0	0
alpha	3727.38	3.87664	99301.6	0	0
neutron	939.565	1.61711	99289.6	0	0
B11	10252.5	0.501415	99289.6	0	0
neutron	939.565	3.098	99285.2	0	0
B11	10252.5	0.717989	99285.2	0	0
neutron	939.565	3.99743	99257.2	0	0
B11	10252.5	0.142337	99257.2	0	0
neutron	939.565	1.0623	99257.7	0	0
B11	10252.5	0.093773	99257.7	0	0
neutron	939.565	1.47544	99293.3	0	0
B11	10252.5	0.19671	99293.3	0	0
neutron	939.565	18.6769	99271.3	0	0
B11	10252.5	0.963222	99271.3	0	0
neutron	939.565	2.59144	99261.7	0	0
B11	10252.5	0.612627	99261.7	0	0
C12	11174.9	0.481136	99476.2	170.879	170.391
neutron	939.565	30.8971	99273.2	0	0
neutron	939.565	4.20348	99273.2	0	0
alpha	3727.38	1.7256	99273.2	0	0
alpha	3727.38	5.30922	99273.2	0	0
neutron	939.565	26.1631	99287.6	0	0
alpha	3727.38	12.6195	99287.6	0	0
alpha	3727.38	1.4432	99287.6	0	0
neutron	939.565	28.8874	99240.5	0	0
neutron	939.565	3.82124	99240.5	0	0
neutron	939.565	0.963806	99240.5	0	0
B9	8393.31	6.35899	99240.5	0	0
neutron	939.565	3.93983	99294.5	0	0
alpha	3727.38	0.943074	99294.5	0	0
alpha	3727.38	9.54778	99294.5	0	0
neutron	939.565	10.4453	99250.6	0	0
neutron	939.565	8.1064	99250.6	0	0
B10	9324.44	0.901541	99250.6	0	0
C12	11174.9	0.37602	99415.9	113.442	112.55
C12	11174.9	0.472216	99434.5	142.631	142.087
neutron	939.565	8.4276	99272.8	0	0
neutron	939.565	1.81571	99272.8	0	0
Be8	7454.85	2.44449	99272.8	0	0
neutron	939.565	5.57663	99261.5	0	0
neutron	939.565	5.46498	99261.5	0	0
alpha	3727.38	2.46832	99261.5	0	0
alpha	3727.38	5.65372	99261.5	0	0
neutron	939.565	9.70966	99252.6	0	0
B11	10252.5	0.308255	99252.6	0	0
C12	11174.9	0.689324	99925.7	441.463	440.7
neutron	939.565	5.87498	99281.5	0	0
neutron	939.565	4.37217	99281.5	0	0
neutron	939.565	0.694406	99281.5	0	0
Be8	7454.85	2.17292	99281.5	0	0
C12	11174.9	2.83866	99710.6	292.401	289.177
C12	11174.9	1.83354	99785.4	366.109	363.734
neutron	939.565	2.96992	99279.4	0	0
alpha	3727.38	8.85435	99279.4	0	0
alpha	3727.38	2.86575	99279.4	0	0
C12	11174.9	0.618676	99762.5	342.159	341.317
neutron	939.565	2.1065	99324.5	0	0
B11	10252.5	0.531174	99324.5	0	0
neutron	939.565	48.7066	99261.5	0	0
neutron	939.565	4.57993	99261.5	0	0
neutron	939.565	1.20758	99261.5	0	0
Be8	7454.85	3.79317	99261.5	0	0
neutron	939.565	0.900026	99283.9	0	0
B11	10252.5	0.146052	99283.9	0	0
neutron	939.565	6.71265	99242.3	0	0
Be9	8392.75	1.05202	99242.3	0	0
neutron	939.565	8.49293	99303.3	0	0
neutron	939.565	1.3961	99303.3	0	0
B10	9324.44	0.66011	99303.3	0	0
neutron	939.565	8.65241	99275.3	0	0
neutron	939.565	8.06079	99275.3	0	0
neutron	939.565	1.00716	99275.3	0	0
Be8	7454.85	1.76611	99275.3	0	0
B12	11188.7	0.342242	99255.1	0	0
neutron	939.565	2.7073	99304	0	0
B11	10252.5	0.707474	99304	0	0
neutron	939.565	31.1446	99292.9	0	0
neutron	939.565	4.63972	99292.9	0	0
neutron	939.565	4.5103	99292.9	0	0
Be8	7454.85	3.87708	99292.9	0	0
neutron	939.565	7.5939	99271.3	0	0
neutron	939.565	5.14549	99271.3	0	0
B10	9324.44	0.820584	99271.3	0	0
neutron	939.565	9.76138	99263.2	0	0
B11	10252.5	0.791181	99263.2	0	0
neutron	939.565	7.74843	99262.4	0	0
B11	10252.5	1.12253	99262.4	0	0
neutron	939.565	18.9921	99273.5	0	0
neutron	939.565	9.45727	99273.5	0	0
neutron	939.565	0.688218	99273.5	0	0
alpha	3727.38	1.69468	99273.5	0	0
alpha	3727.38	4.01696	99273.5	0	0
neutron	939.565	4.53654	99252.2	0	0
alpha	3727.38	12.0702	99252.2	0	0
alpha	3727.38	10.4601	99252.2	0	0
neutron	939.565	5.56776	99262.2	0	0
B11	10252.5	0.526516	99262.2	0	0
neutron	939.565	9.01566	99252	0	0
neutron	939.565	3.78673	99252	0	0
alpha	3727.38	2.30593	99252	0	0
alpha	3727.38	2.94552	99252	0	0
neutron	939.565	8.57001	99260.4	0	0
neutron	939.565	5.31504	99260.4	0	0
alpha	3727.38	4.27825	99260.4	0	0
alpha	3727.38	11.3827	99260.4	0	0
C12	11174.9	0.750138	99358.6	85.799	84.8045
neutron	939.565	2.79876	99275.6	0	0
neutron	939.565	2.65026	99275.6	0	0
alpha	3727.38	2.27175	99275.6	0	0
alpha	3727.38	5.88011	99275.6	0	0
neutron	939.565	21.1204	99276.6	0	0
neutron	939.565	2.08696	99276.6	0	0
neutron	939.565	1.67035	99276.6	0	0
Be8	7454.85	4.80052	99276.6	0	0
neutron	939.565	19.474	99300.8	0	0
neutron	939.565	14.4659	99300.8	0	0
B10	9324.44	2.29248	99300.8	0	0
neutron	939.565	18.142	99282.8	0	0
neutron	939.565	11.6744	99282.8	0	0
neutron	939.565	6.5562	99282.8	0	0
alpha	3727.38	8.43696	99282.8	0	0
alpha	3727.38	4.3265	99282.8	0	0
neutron	939.565	23.3527	99303.4	0	0
neutron	939.565	18.7125	99303.4	0	0
Be8	7454.85	0.417838	99303.4	0	0
C12	11174.9	0.629409	99335.5	90.9916	90.2695
neutron	939.565	1.1957	99256.3	0	0
B11	10252.5	0.825484	99256.3	0	0
neutron	939.565	5.30562	99255.7	0	0
neutron	939.565	1.4112	99255.7	0	0
B10	9324.44	0.29724	99255.7	0	0
neutron	939.565	2.16895	99291.6	0	0
B11	10252.5	0.898589	99291.6	0	0
neutron	939.565	0.154199	99260.1	0	0
B11	10252.5	0.337329	99260.1	0	0
C12	11174.9	0.380564	99468.3	177.284	176.831
neutron	939.565	4.45415	99268.4	0	0
neutron	939.565	3.25466	99268.4	0	0
Be8	7454.85	3.42913	99268.4	0	0
neutron	939.565	1.22045	99293	0	0
B11	10252.5	0.754574	99293	0	0
neutron	939.565	1.1035	99249.9	0	0
B11	10252.5	0.428569	99249.9	0	0
neutron	939.565	20.6117	99264	0	0
neutron	939.565	18.2829	99264	0	0
neutron	939.565	0.754712	99264	0	0
B10	9324.44	3.6968	99264	0	0
neutron	939.565	3.58139	99293	0	0
neutron	939.565	3.16862	99293	0	0
neutron	939.565	1.86098	99293	0	0
Li7	6533.83	0.401956	99293	0	0
neutron	939.565	11.3843	99267.6	0	0
B11	10252.5	1.38074	99267.6	0	0
C12	11174.9	0.498313	99670.4	287.831	286.554
neutron	939.565	5.48059	99255.8	0	0
neutron	939.565	3.60162	99255.8	0	0
Be8	7454.85	0.303138	99255.8	0	0
neutron	939.565	3.50259	99286.6	0	0
neutron	939.565	1.01546	99286.6	0	0
B10	9324.44	1.39765	99286.6	0	0
neutron	939.565	2.20761	99251.2	0	0
B11	10252.5	0.915572	99251.2	0	0
neutron	939.565	14.6834	99324.2	0	0
neutron	939.565	4.94281	99324.2	0	0
neutron	939.565	1.43538	99324.2	0	0
Be7	6534.18	4.12064	99324.2	0	0
neutron	939.565	20.2946	99254	0	0
neutron	939.565	3.79759	99254	0	0
neutron	939.565	0.40939	99254	0	0
Be8	7454.85	0.098826	99254	0	0
neutron	939.565	5.52685	99316.8	0	0
neutron	939.565	2.83101	99316.8	0	0
Be8	7454.85	0.861036	99316.8	0	0
neutron	939.565	5.14244	99264.5	0	0
neutron	939.565	2.94693	99264.5	0	0
neutron	939.565	0.510057	99264.5	0	0
Be8	7454.85	0.235969	99264.5	0	0
neutron	939.565	16.8133	99311.6	0	0
Be10	9325.5	2.40255	99311.6	0	0
neutron	939.565	0.903988	99255.4	0	0
neutron	939.565	0.178529	99255.4	0	0
Li8	7471.37	2.08898	99255.4	0	0
neutron	939.565	9.94388	99288.9	0	0
neutron	939.565	4.50982	99288.9	0	0
B10	9324.44	0.0746198	99288.9	0	0
neutron	939.565	1.8722	99253.2	0	0
B11	10252.5	0.154473	99253.2	0	0
Be9	8392.75	1.81107	99251.1	0	0
neutron	939.565	4.79905	99268.6	0	0
B11	10252.5	0.959414	99268.6	0	0
neutron	939.565	11.9292	99280.5	0	0
neutron	939.565	5.00608	99280.5	0	0
neutron	939.565	1.39251	99280.5	0	0
Be8	7454.85	0.68486	99280.5	0	0
neutron	939.565	12.9803	99260	0	0
neutron	939.565	0.0237548	99260	0	0
Be9	8392.75	2.75086	99260	0	0
neutron	939.565	3.26563	99253.7	0	0
Be10	9325.5	1.71121	99253.7	0	0
neutron	939.565	4.15715	99274.4	0	0
neutron	939.565	1.4813	99274.4	0	0
neutron	939.565	0.438281	99274.4	0	0
alpha	3727.38	6.86567	99274.4	0	0
alpha	3727.38	2.99672	99274.4	0	0
C12	11174.9	0.647029	99837.2	379.417	378.72
neutron	939.565	14.2032	99274.4	0	0
neutron	939.565	1.15951	99274.4	0	0
neutron	939.565	0.0232809	99274.4	0	0
alpha	3727.38	6.97478	99274.4	0	0
alpha	3727.38	1.89918	99274.4	0	0
neutron	939.565	3.37365	99312.4	0	0
neutron	939.565	1.16684	99312.4	0	0
B10	9324.44	0.424383	99312.4	0	0
C12	11174.9	0.680544	99423.7	124.585	123.497
neutron	939.565	6.59406	99260.6	0	0
neutron	939.565	5.28006	99260.6	0	0
neutron	939.565	2.40035	99260.6	0	0
alpha	3727.38	10.3961	99260.6	0	0
alpha	3727.38	7.92816	99260.6	0	0
B12	11188.7	0.351763	99248.1	0	0
neutron	939.565	16.2583	99285.7	0	0
neutron	939.565	5.48329	99285.7	0	0
neutron	939.565	0.992923	99285.7	0	0
Be8	7454.85	1.55707	99285.7	0	0
neutron	939.565	3.25177	99275.6	0	0
neutron	939.565	0.432521	99275.6	0	0
B10	9324.44	0.609493	99275.6	0	0
neutron	939.565	3.8508	99307.4	0	0
neutron	939.565	0.339059	99307.4	0	0
Be9	8392.75	0.474644	99307.4	0	0
neutron	939.565	6.60289	99238.5	0	0
neutron	939.565	3.66457	99238.5	0	0
B10	9324.44	0.313957	99238.5	0	0
neutron	939.565	3.04773	99271.2	0	0
neutron	939.565	1.68085	99271.2	0	0
Be9	8392.75	4.16926	99271.2	0	0
neutron	939.565	10.3418	99309.3	0	0
neutron	939.565	0.908419	99309.3	0	0
Be9	8392.75	1.60471	99309.3	0	0
neutron	939.565	0.562066	99257.6	0	0
B11	10252.5	0.15821	99257.6	0	0
neutron	939.565	7.85697	99255.1	0	0
Be10	9325.5	1.72965	99255.1	0	0
neutron	939.565	2.47336	99300	0	0
neutron	939.565	0.23215	99300	0	0
B10	9324.44	0.158154	99300	0	0
neutron	939.565	21.6335	99274.2	0	0
neutron	939.565	1.41713	99274.2	0	0
alpha	3727.38	3.5054	99274.2	0	0
alpha	3727.38	7.08295	99274.2	0	0
C12	11174.9	1.66191	99475.7	169.505	167.794
neutron	939.565	1.37961	99247.2	0	0
B11	10252.5	0.551381	99247.2	0	0
neutron	939.565	2.91912	99244.8	0	0
neutron	939.565	1.84293	99244.8	0	0
alpha	3727.38	13.5564	99244.8	0	0
He5	4667.68	6.50267	99244.8	0	0
C12	11174.9	2.18329	99990.6	480.12	477.555
neutron	939.565	0.482117	99262.9	0	0
alpha	3727.38	8.71392	99262.9	0	0
alpha	3727.38	1.58266	99262.9	0	0
neutron	939.565	10.1406	99268.8	0	0
neutron	939.565	6.45057	99268.8	0	0
neutron	939.565	5.43502	99268.8	0	0
Be8	7454.85	0.409622	99268.8	0	0
C12	11174.9	0.465375	99314.8	63.9066	62.9592
neutron	939.565	4.08577	99299.8	0	0
neutron	939.565	0.034793	99299.8	0	0
Be8	7454.85	0.596541	99299.8	0	0
B12	11188.7	0.353449	99241.7	0	0
neutron	939.565	6.28103	99319.9	0	0
neutron	939.565	4.04296	99319.9	0	0
Be8	7454.85	2.54668	99319.9	0	0
neutron	939.565	20.814	99303.8	0	0
alpha	3727.38	11.5315	99303.8	0	0
alpha	3727.38	1.01675	99303.8	0	0
neutron	939.565	2.52344	99277.1	0	0
Be8	7454.85	2.57499	99277.1	0	0
neutron	939.565	14.5562	99274.7	0	0
B11	10252.5	2.03657	99274.7	0	0
neutron	939.565	2.63978	99264.1	0	0
neutron	939.565	0.301649	99264.1	0	0
B10	9324.44	0.219971	99264.1	0	0
neutron	939.565	28.8009	99259.4	0	0
neutron	939.565	5.81011	99259.4	0	0
Be8	7454.85	2.17196	99259.4	0	0
B12	11188.7	0.351954	99279.6	0	0
neutron	939.565	31.7558	99250	0	0
neutron	939.565	22.2827	99250	0	0
Be8	7454.85	5.78993	99250	0	0
neutron	939.565	1.11144	99337.2	0	0
B11	10252.5	0.214922	99337.2	0	0
neutron	939.565	11.8541	99231.7	0	0
neutron	939.565	6.61055	99231.7	0	0
B10	9324.44	0.12293	99231.7	0	0
neutron	939.565	7.055	99241.8	0	0
alpha	3727.38	3.97232	99241.8	0	0
alpha	3727.38	8.61921	99241.8	0	0
neutron	939.565	5.48475	99241.3	0	0
B11	10252.5	0.497401	99241.3	0	0
neutron	939.565	12.6338	99276.9	0	0
neutron	939.565	3.43395	99276.9	0	0
alpha	3727.38	6.97844	99276.9	0	0
alpha	3727.38	3.33659	99276.9	0	0
neutron	939.565	3.95006	99259.2	0	0
alpha	3727.38	5.25397	99259.2	0	0
alpha	3727.38	14.8482	99259.2	0	0
neutron	939.565	8.99333	99267.3	0	0
alpha	3727.38	8.28033	99267.3	0	0
alpha	3727.38	6.39889	99267.3	0	0
neutron	939.565	5.92487	99254.9	0	0
B11	10252.5	0.713348	99254.9	0	0
neutron	939.565	3.20057	99266.8	0	0
neutron	939.565	2.79147	99266.8	0	0
B10	9324.44	0.471157	99266.8	0	0
neutron	939.565	25.1821	99282.2	0	0
neutron	939.565	1.04854	99282.2	0	0
Be8	7454.85	9.01136	99282.2	0	0
C12	11174.9	0.554273	99673.3	294.125	293.539
Be10	9325.5	2.34391	99268.6	0	0
C12	11174.9	1.38602	99821.6	374.535	373.042
neutron	939.565	19.1564	99264.8	0	0
neutron	939.565	14.4596	99264.8	0	0
Be9	8392.75	5.67078	99264.8	0	0
neutron	939.565	12.1775	99264.4	0	0
neutron	939.565	3.25436	99264.4	0	0
neutron	939.565	1.55074	99264.4	0	0
alpha	3727.38	1.73052	99264.4	0	0
alpha	3727.38	4.32191	99264.4	0	0
C12	11174.9	0.714917	99987.3	480.299	479.37
neutron	939.565	3.73757	99262.4	0	0
Be10	9325.5	0.854668	99262.4	0	0
C12	11174.9	0.583067	99425	154.972	154.371
neutron	939.565	0.827518	99254.1	0	0
alpha	3727.38	4.72834	99254.1	0	0
Li7	6533.83	3.05454	99254.1	0	0
neutron	939.565	12.5163	99287.1	0	0
Be10	9325.5	0.677234	99287.1	0	0
neutron	939.565	15.1999	99253	0	0
neutron	939.565	0.873647	99253	0	0
B10	9324.44	0.842426	99253	0	0
neutron	939.565	24.681	99263.5	0	0
neutron	939.565	6.08407	99263.5	0	0
Be9	8392.75	0.101861	99263.5	0	0
neutron	939.565	0.336353	99258.4	0	0
B11	10252.5	0.471584	99258.4	0	0
neutron	939.565	1.51896	99277.9	0	0
neutron	939.565	0.865563	99277.9	0	0
alpha	3727.38	27.1021	99277.9	0	0
alpha	3727.38	20.265	99277.9	0	0
neutron	939.565	8.06654	99267.2	0	0
B11	10252.5	1.65271	99267.2	0	0
neutron	939.565	5.14299	99291.8	0	0
neutron	939.565	0.54827	99291.8	0	0
B10	9324.44	0.632756	99291.8	0	0
neutron	939.565	6.45276	99280.5	0	0
neutron	939.565	3.1019	99280.5	0	0
alpha	3727.38	7.94576	99280.5	0	0
alpha	3727.38	9.08122	99280.5	0	0
neutron	939.565	33.174	99270.1	0	0
alpha	3727.38	4.00586	99270.1	0	0
alpha	3727.38	8.08006	99270.1	0	0
neutron	939.565	5.2679	99293.1	0	0
neutron	939.565	0.405729	99293.1	0	0
Be8	7454.85	2.01825	99293.1	0	0
neutron	939.565	5.07411	99327.8	0	0
neutron	939.565	3.71543	99327.8	0	0
Be8	7454.85	2.67266	99327.8	0	0
C12	11174.9	0.599132	99414.4	129.402	128.249
neutron	939.565	5.5286	99260.3	0	0
neutron	939.565	2.82192	99260.3	0	0
B10	9324.44	1.29741	99260.3	0	0
neutron	939.565	9.93056	99282.8	0	0
neutron	939.565	0.260266	99282.8	0	0
Be8	7454.85	2.34346	99282.8	0	0
neutron	939.565	9.8845	99269.8	0	0
Be8	7454.85	2.16145	99269.8	0	0
neutron	939.565	2.87939	99279.3	0	0
B11	10252.5	0.0897335	99279.3	0	0
C12	11174.9	0.399076	99732.4	327.926	325.901
neutron	939.565	13.1096	99255.4	0	0
Be10	9325.5	0.0988399	99255.4	0	0
neutron	939.565	5.64878	99258.8	0	0
Be10	9325.5	0.497605	99258.8	0	0
neutron	939.565	2.40844	99268.9	0	0
B11	10252.5	0.486995	99268.9	0	0
B12	11188.7	0.368355	99276.5	0	0
neutron	939.565	3.18683	99310.1	0	0
neutron	939.565	1.48024	99310.1	0	0
alpha	3727.38	5.20905	99310.1	0	0
alpha	3727.38	1.18343	99310.1	0	0
neutron	939.565	20.253	99253.3	0	0
neutron	939.565	11.4216	99253.3	0	0
alpha	3727.38	6.39979	99253.3	0	0
alpha	3727.38	2.47866	99253.3	0	0
neutron	939.565	5.65625	99244.1	0	0
neutron	939.565	1.10705	99244.1	0	0
alpha	3727.38	3.70642	99244.1	0	0
alpha	3727.38	4.58619	99244.1	0	0
neutron	939.565	4.66296	99243.3	0	0
alpha	3727.38	3.95565	99243.3	0	0
Li7	6533.83	2.45675	99243.3	0	0
neutron	939.565	0.556258	99291.1	0	0
B12	11188.7	0.324165	99291.1	0	0
neutron	939.565	1.8495	99279.7	0	0
neutron	939.565	0.398408	99279.7	0	0
B10	9324.44	0.72937	99279.7	0	0
neutron	939.565	1.18144	99271.9	0	0
neutron	939.565	0.254054	99271.9	0	0
Be9	8392.75	1.00499	99271.9	0	0
neutron	939.565	10.1508	99277.5	0	0
neutron	939.565	0.315893	99277.5	0	0
Be7	6534.18	5.3398	99277.5	0	0
neutron	939.565	14.331	99288.4	0	0
neutron	939.565	3.31582	99288.4	0	0
neutron	939.565	1.95896	99288.4	0	0
Be8	7454.85	1.24578	99288.4	0	0
C12	11174.9	4.53883	99750.9	345.447	340.701
neutron	939.565	18.5262	99261	0	0
neutron	939.565	2.36464	99261	0	0
B10	9324.44	2.20532	99261	0	0
neutron	939.565	15.6239	99245.7	0	0
neutron	939.565	3.10301	99245.7	0	0
neutron	939.565	0.250205	99245.7	0	0
Be8	7454.85	2.73137	99245.7	0	0
neutron	939.565	19.1211	99292.9	0	0
neutron	939.565	2.05163	99292.9	0	0
neutron	939.565	0.710957	99292.9	0	0
Be8	7454.85	1.21575	99292.9	0	0
neutron	939.565	23.6891	99245.1	0	0
neutron	939.565	5.80509	99245.1	0	0
B10	9324.44	3.27112	99245.1	0	0
neutron	939.565	50.094	99302.5	0	0
neutron	939.565	4.46852	99302.5	0	0
B10	9324.44	6.07244	99302.5	0	0
neutron	939.565	0.311257	99287.1	0	0
Be8	7454.85	1.48961	99287.1	0	0
neutron	939.565	18.4257	99297.3	0	0
neutron	939.565	3.59433	99297.3	0	0
neutron	939.565	2.34549	99297.3	0	0
alpha	3727.38	1.97868	99297.3	0	0
alpha	3727.38	6.43946	99297.3	0	0
B12	11188.7	0.341103	99275.3	0	0
C12	11174.9	0.449184	99807.2	371.404	370.662
neutron	939.565	12.9896	99295.2	0	0
neutron	939.565	4.59314	99295.2	0	0
Be8	7454.85	0.313475	99295.2	0	0
neutron	939.565	32.4883	99254.5	0	0
neutron	939.565	3.73867	99254.5	0	0
neutron	939.565	1.77656	99254.5	0	0
alpha	3727.38	2.94593	99254.5	0	0
alpha	3727.38	3.58897	99254.5	0	0
neutron	939.565	3.43313	99258.8	0	0
B11	10252.5	1.16485	99258.8	0	0
neutron	939.565	0.22586	99288.7	0	0
B11	10252.5	0.482023	99288.7	0	0
neutron	939.565	6.65166	99275.6	0	0
Be10	9325.5	2.83538	99275.6	0	0
neutron	939.565	30.7436	99281.5	0	0
neutron	939.565	1.41461	99281.5	0	0
alpha	3727.38	4.14911	99281.5	0	0
alpha	3727.38	3.59277	99281.5	0	0
neutron	939.565	21.4377	99259.8	0	0
neutron	939.565	3.83348	99259.8	0	0
neutron	939.565	2.26166	99259.8	0	0
alpha	3727.38	5.43023	99259.8	0	0
alpha	3727.38	2.76103	99259.8	0	0
C12	11174.9	1.13356	99940.4	452.474	450.773
neutron	939.565	3.11091	99273.6	0	0
neutron	939.565	0.88983	99273.6	0	0
Be9	8392.75	1.63655	99273.6	0	0
neutron	939.565	0.677535	99250.7	0	0
Be8	7454.85	2.24577	99250.7	0	0
neutron	939.565	20.7141	99252.3	0	0
neutron	939.565	19.6846	99252.3	0	0
Be8	7454.85	2.41813	99252.3	0	0
neutron	939.565	8.24313	99250.8	0	0
B11	10252.5	0.34204	99250.8	0	0
neutron	939.565	4.28253	99273.8	0	0
B11	10252.5	0.476109	99273.8	0	0
neutron	939.565	1.80452	99272.1	0	0
B11	10252.5	0.0945541	99272.1	0	0
neutron	939.565	0.609453	99257	0	0
B11	10252.5	0.538431	99257	0	0
Be10	9325.5	0.383184	99318.1	0	0
neutron	939.565	25.1878	99282.1	0	0
neutron	939.565	2.23283	99282.1	0	0
neutron	939.565	1.34433	99282.1	0	0
Be8	7454.85	3.07069	99282.1	0	0
