B12	11188.7	0.360621	99999	0	0
neutron	939.565	18.9547	99999.1	0	0
neutron	939.565	6.24892	99999.1	0	0
neutron	939.565	0.508031	99999.1	0	0
Be8	7454.85	1.88988	99999.1	0	0
neutron	939.565	15.5099	99999.1	0	0
Be10	9325.5	0.36931	99999.1	0	0
neutron	939.565	0.583322	99999.1	0	0
B11	10252.5	0.417526	99999.1	0	0
neutron	939.565	7.74565	99999.1	0	0
neutron	939.565	5.70698	99999.1	0	0
alpha	3727.38	1.66545	99999.1	0	0
alpha	3727.38	9.63422	99999.1	0	0
neutron	939.565	7.37348	99999.1	0	0
neutron	939.565	0.759832	99999.1	0	0
B10	9324.44	0.155543	99999.1	0	0
neutron	939.565	3.34799	99999.2	0	0
alpha	3727.38	2.36692	99999.2	0	0
Li7	6533.83	2.71265	99999.2	0	0
neutron	939.565	1.69827	99999.1	0	0
B11	10252.5	0.665991	99999.1	0	0
neutron	939.565	1.22422	99999.1	0	0
alpha	3727.38	3.1441	99999.1	0	0
alpha	3727.38	6.00246	99999.1	0	0
neutron	939.565	3.46372	99999.1	0	0
alpha	3727.38	2.34524	99999.1	0	0
alpha	3727.38	13.199	99999.1	0	0
neutron	939.565	1.46967	99999.1	0	0
Be9	8392.75	3.02371	99999.1	0	0
neutron	939.565	2.46757	99999.1	0	0
neutron	939.565	2.4079	99999.1	0	0
Be8	7454.85	5.77918	99999.1	0	0
neutron	939.565	7.05511	99999.1	0	0
neutron	939.565	6.5565	99999.1	0	0
B10	9324.44	2.46529	99999.1	0	0
neutron	939.565	7.90558	99999.1	0	0
neutron	939.565	3.48404	99999.1	0	0
Be8	7454.85	0.423184	99999.1	0	0
neutron	939.565	9.16029	99999.1	0	0
neutron	939.565	6.2261	99999.1	0	0
neutron	939.565	3.87108	99999.1	0	0
alpha	3727.38	6.62748	99999.1	0	0
alpha	3727.38	2.57072	99999.1	0	0
neutron	939.565	8.48831	99999.1	0	0
neutron	939.565	3.99553	99999.1	0	0
Be9	8392.75	0.658115	99999.1	0	0
neutron	939.565	1.61708	99999.1	0	0
Be8	7454.85	0.418586	99999.1	0	0
neutron	939.565	4.16695	99999.1	0	0
alpha	3727.38	3.94076	99999.1	0	0
Li7	6533.83	2.53975	99999.1	0	0
neutron	939.565	4.37609	99999.1	0	0
neutron	939.565	4.05411	99999.1	0	0
alpha	3727.38	1.83268	99999.1	0	0
Li6	5601.52	3.25085	99999.1	0	0
neutron	939.565	6.03703	99999.1	0	0
neutron	939.565	0.912324	99999.1	0	0
neutron	939.565	0.401557	99999.1	0	0
alpha	3727.38	1.24541	99999.1	0	0
alpha	3727.38	4.66756	99999.1	0	0
neutron	939.565	2.77634	99999.1	0	0
B11	10252.5	0.290414	99999.1	0	0
neutron	939.565	10.0238	99999.1	0	0
B11	10252.5	0.687357	99999.1	0	0
neutron	939.565	0.763756	99999.1	0	0
B11	10252.5	0.641062	99999.1	0	0
neutron	939.565	1.43108	99999.1	0	0
Be10	9325.5	0.410159	99999.1	0	0
neutron	939.565	0.952836	99999.1	0	0
B11	10252.5	0.729985	99999.1	0	0
neutron	939.565	6.08901	99999.1	0	0
Be10	9325.5	1.15333	99999.1	0	0
neutron	939.565	2.6542	99999.1	0	0
B11	10252.5	0.148581	99999.1	0	0
neutron	939.565	13.4669	99999.1	0	0
neutron	939.565	6.36042	99999.1	0	0
neutron	939.565	3.8684	99999.1	0	0
alpha	3727.38	1.72304	99999.1	0	0
alpha	3727.38	5.91069	99999.1	0	0
neutron	939.565	0.54723	99999.1	0	0
B11	10252.5	0.596442	99999.1	0	0
neutron	939.565	9.40211	99999.1	0	0
neutron	939.565	3.80976	99999.1	0	0
neutron	939.565	0.528353	99999.1	0	0
Be8	7454.85	3.68887	99999.1	0	0
B12	11188.7	0.361532	99999	0	0
neutron	939.565	3.21953	99999.1	0	0
Li9	8406.87	0.370422	99999.1	0	0
neutron	939.565	0.382453	99999.1	0	0
Be8	7454.85	0.59396	99999.1	0	0
neutron	939.565	20.2848	99999.1	0	0
Be8	7454.85	5.3772	99999.1	0	0
neutron	939.565	0.151344	99999.1	0	0
Be10	9325.5	0.72911	99999.1	0	0
neutron	939.565	29.7832	99999.1	0	0
neutron	939.565	5.55398	99999.1	0	0
alpha	3727.38	7.98943	99999.1	0	0
alpha	3727.38	1.90094	99999.1	0	0
neutron	939.565	3.62033	99999.1	0	0
B11	10252.5	0.519332	99999.1	0	0
neutron	939.565	21.868	99999.1	0	0
neutron	939.565	7.523	99999.1	0	0
neutron	939.565	2.25586	99999.1	0	0
alpha	3727.38	6.13517	99999.1	0	0
alpha	3727.38	0.774534	99999.1	0	0
neutron	939.565	24.3463	99999.1	0	0
neutron	939.565	13.4397	99999.1	0	0
neutron	939.565	8.01406	99999.1	0	0
alpha	3727.38	3.76717	99999.1	0	0
alpha	3727.38	5.94462	99999.1	0	0
neutron	939.565	13.0059	99999.1	0	0
Be10	9325.5	0.9547	99999.1	0	0
neutron	939.565	25.0722	99999.1	0	0
neutron	939.565	1.66965	99999.1	0	0
Be9	8392.75	2.50245	99999.1	0	0
B12	11188.7	0.348022	99999.1	0	0
neutron	939.565	1.28401	99999.1	0	0
B11	10252.5	0.71209	99999.1	0	0
neutron	939.565	19.2618	99999.2	0	0
B11	10252.5	0.903039	99999.2	0	0
neutron	939.565	2.15875	99999	0	0
neutron	939.565	1.47885	99999	0	0
neutron	939.565	1.05639	99999	0	0
Be8	7454.85	2.00639	99999	0	0
neutron	939.565	4.20731	99999.1	0	0
neutron	939.565	1.75866	99999.1	0	0
Be9	8392.75	0.486111	99999.1	0	0
B12	11188.7	0.341775	99999.2	0	0
neutron	939.565	7.97306	99999.1	0	0
alpha	3727.38	0.667492	99999.1	0	0
neutron	939.565	1.40679	99999.1	0	0
B11	10252.5	0.431874	99999.1	0	0
neutron	939.565	10.7261	99999.1	0	0
neutron	939.565	1.86468	99999.1	0	0
Be8	7454.85	2.00445	99999.1	0	0
neutron	939.565	2.01404	99999.1	0	0
B11	10252.5	0.945044	99999.1	0	0
B12	11188.7	0.360087	99999.1	0	0
neutron	939.565	4.1319	99999.1	0	0
neutron	939.565	2.77897	99999.1	0	0
Be8	7454.85	1.23326	99999.1	0	0
neutron	939.565	13.5414	99999.1	0	0
neutron	939.565	7.78869	99999.1	0	0
neutron	939.565	2.11801	99999.1	0	0
alpha	3727.38	6.22294	99999.1	0	0
alpha	3727.38	5.0697	99999.1	0	0
neutron	939.565	4.68909	99999.2	0	0
alpha	3727.38	4.54089	99999.2	0	0
Li7	6533.83	1.91978	99999.2	0	0
neutron	939.565	6.24256	99999.1	0	0
B11	10252.5	0.382444	99999.1	0	0
neutron	939.565	16.2718	99999.1	0	0
neutron	939.565	2.58263	99999.1	0	0
neutron	939.565	1.02923	99999.1	0	0
alpha	3727.38	1.40976	99999.1	0	0
alpha	3727.38	4.78823	99999.1	0	0
neutron	939.565	17.4692	99999.1	0	0
neutron	939.565	12.9475	99999.1	0	0
neutron	939.565	6.58105	99999.1	0	0
Be8	7454.85	1.85178	99999.1	0	0
neutron	939.565	6.77629	99999.1	0	0
neutron	939.565	4.02908	99999.1	0	0
neutron	939.565	1.62982	99999.1	0	0
Be8	7454.85	1.00044	99999.1	0	0
neutron	939.565	4.74385	99999.1	0	0
Li7	6533.83	7.90335	99999.1	0	0
neutron	939.565	18.035	99999.1	0	0
neutron	939.565	1.20426	99999.1	0	0
neutron	939.565	0.108988	99999.1	0	0
alpha	3727.38	3.16048	99999.1	0	0
alpha	3727.38	2.95538	99999.1	0	0
neutron	939.565	8.18875	99999.1	0	0
neutron	939.565	3.99289	99999.1	0	0
neutron	939.565	1.62281	99999.1	0	0
Be8	7454.85	0.473735	99999.1	0	0
neutron	939.565	16.6181	99999.1	0	0
alpha	3727.38	2.56477	99999.1	0	0
alpha	3727.38	5.92984	99999.1	0	0
neutron	939.565	1.60014	99999.1	0	0
B11	10252.5	0.929954	99999.1	0	0
neutron	939.565	6.79572	99999.1	0	0
B11	10252.5	0.815977	99999.1	0	0
neutron	939.565	11.2664	99999.1	0	0
neutron	939.565	1.51157	99999.1	0	0
neutron	939.565	0.453292	99999.1	0	0
Be8	7454.85	3.50403	99999.1	0	0
neutron	939.565	2.78735	99999.1	0	0
neutron	939.565	1.10592	99999.1	0	0
alpha	3727.38	7.31253	99999.1	0	0
alpha	3727.38	0.252468	99999.1	0	0
neutron	939.565	4.13823	99999.1	0	0
B11	10252.5	0.475845	99999.1	0	0
neutron	939.565	3.20221	99999.1	0	0
Be10	9325.5	0.614729	99999.1	0	0
neutron	939.565	5.98816	99999.1	0	0
neutron	939.565	4.41273	99999.1	0	0
He3	2808.39	9.96598	99999.1	0	0
Li7	6533.83	1.86459	99999.1	0	0
neutron	939.565	11.5738	99999.1	0	0
neutron	939.565	2.38033	99999.1	0	0
neutron	939.565	1.91571	99999.1	0	0
Be8	7454.85	5.02904	99999.1	0	0
neutron	939.565	12.4932	99999.1	0	0
neutron	939.565	5.98808	99999.1	0	0
alpha	3727.38	3.97147	99999.1	0	0
alpha	3727.38	8.95322	99999.1	0	0
neutron	939.565	10.7154	99999.1	0	0
neutron	939.565	2.78394	99999.1	0	0
neutron	939.565	0.395821	99999.1	0	0
Be8	7454.85	1.86245	99999.1	0	0
neutron	939.565	3.4761	99999.1	0	0
B11	10252.5	0.767194	99999.1	0	0
neutron	939.565	0.380082	99999.1	0	0
B11	10252.5	0.21599	99999.1	0	0
neutron	939.565	0.487121	99999.1	0	0
alpha	3727.38	0.634391	99999.1	0	0
alpha	3727.38	7.22488	99999.1	0	0
neutron	939.565	19.4744	99999	0	0
He3	2808.39	5.09546	99999	0	0
Li8	7471.37	3.15785	99999	0	0
neutron	939.565	1.78996	99999.1	0	0
Be8	7454.85	1.954	99999.1	0	0
neutron	939.565	3.94491	99999.1	0	0
neutron	939.565	3.64551	99999.1	0	0
B11	10252.5	1.87758	99999.1	0	0
neutron	939.565	5.59315	99999.1	0	0
neutron	939.565	3.0759	99999.1	0	0
neutron	939.565	0.316592	99999.1	0	0
Be8	7454.85	2.37604	99999.1	0	0
neutron	939.565	10.3596	99999.1	0	0
neutron	939.565	7.59611	99999.1	0	0
neutron	939.565	3.46614	99999.1	0	0
Be8	7454.85	4.71086	99999.1	0	0
neutron	939.565	3.46328	99999.1	0	0
Be10	9325.5	0.0586124	99999.1	0	0
neutron	939.565	7.67667	99999.1	0	0
neutron	939.565	3.8651	99999.1	0	0
alpha	3727.38	6.17632	99999.1	0	0
alpha	3727.38	4.79801	99999.1	0	0
neutron	939.565	10.2739	99999.1	0	0
Be10	9325.5	2.27622	99999.1	0	0
neutron	939.565	0.996103	99999.1	0	0
B11	10252.5	0.341713	99999.1	0	0
neutron	939.565	13.7791	99999.1	0	0
neutron	939.565	5.77805	99999.1	0	0
neutron	939.565	0.759223	99999.1	0	0
Be8	7454.85	3.32311	99999.1	0	0
neutron	939.565	17.7167	99999.1	0	0
neutron	939.565	3.19637	99999.1	0	0
neutron	939.565	0.780984	99999.1	0	0
Be8	7454.85	0.834347	99999.1	0	0
neutron	939.565	3.71329	99999.1	0	0
neutron	939.565	1.30807	99999.1	0	0
alpha	3727.38	4.13432	99999.1	0	0
alpha	3727.38	1.93583	99999.1	0	0
neutron	939.565	34.526	99999.1	0	0
neutron	939.565	2.95023	99999.1	0	0
neutron	939.565	2.00417	99999.1	0	0
Be8	7454.85	4.21782	99999.1	0	0
neutron	939.565	2.54802	99999.1	0	0
neutron	939.565	1.92491	99999.1	0	0
B10	9324.44	0.229913	99999.1	0	0
neutron	939.565	2.17333	99999.1	0	0
alpha	3727.38	8.14126	99999.1	0	0
He5	4667.68	5.74402	99999.1	0	0
neutron	939.565	3.04967	99999.1	0	0
neutron	939.565	1.52166	99999.1	0	0
neutron	939.565	0.543098	99999.1	0	0
Be8	7454.85	1.31035	99999.1	0	0
neutron	939.565	1.25299	99999.1	0	0
B11	10252.5	0.700648	99999.1	0	0
neutron	939.565	15.9684	99999.1	0	0
neutron	939.565	4.75889	99999.1	0	0
neutron	939.565	1.77453	99999.1	0	0
Be8	7454.85	1.99982	99999.1	0	0
neutron	939.565	16.9518	99999.1	0	0
Be10	9325.5	0.95219	99999.1	0	0
neutron	939.565	3.50206	99999.1	0	0
B11	10252.5	0.231356	99999.1	0	0
neutron	939.565	13.4143	99999.1	0	0
neutron	939.565	9.31792	99999.1	0	0
alpha	3727.38	5.47855	99999.1	0	0
alpha	3727.38	3.54585	99999.1	0	0
neutron	939.565	31.7514	99999.1	0	0
neutron	939.565	13.5986	99999.1	0	0
neutron	939.565	0.25362	99999.1	0	0
Be8	7454.85	3.6426	99999.1	0	0
neutron	939.565	3.21292	99999.1	0	0
neutron	939.565	1.9507	99999.1	0	0
neutron	939.565	0.0492308	99999.1	0	0
Be8	7454.85	0.164431	99999.1	0	0
neutron	939.565	1.28832	99999.2	0	0
neutron	939.565	1.1143	99999.2	0	0
alpha	3727.38	5.99921	99999.2	0	0
alpha	3727.38	5.37983	99999.2	0	0
neutron	939.565	10.915	99999.1	0	0
neutron	939.565	7.68421	99999.1	0	0
neutron	939.565	0.775	99999.1	0	0
alpha	3727.38	2.96851	99999.1	0	0
alpha	3727.38	4.76897	99999.1	0	0
neutron	939.565	8.58193	99999.1	0	0
B11	10252.5	1.20902	99999.1	0	0
neutron	939.565	2.25791	99999.1	0	0
neutron	939.565	0.536575	99999.1	0	0
B10	9324.44	0.0305571	99999.1	0	0
B12	11188.7	0.333913	99999.1	0	0
neutron	939.565	1.04505	99999.1	0	0
B11	10252.5	0.619704	99999.1	0	0
neutron	939.565	2.92735	99999.1	0	0
neutron	939.565	2.48014	99999.1	0	0
neutron	939.565	0.431085	99999.1	0	0
alpha	3727.38	6.65094	99999.1	0	0
alpha	3727.38	1.08092	99999.1	0	0
neutron	939.565	4.70345	99999.1	0	0
B11	10252.5	0.648157	99999.1	0	0
neutron	939.565	8.80993	99999.1	0	0
Be8	7454.85	1.64234	99999.1	0	0
neutron	939.565	4.67471	99999.1	0	0
neutron	939.565	0.882505	99999.1	0	0
B10	9324.44	0.239012	99999.1	0	0
neutron	939.565	6.4064	99999.1	0	0
neutron	939.565	0.295102	99999.1	0	0
B10	9324.44	0.160818	99999.1	0	0
neutron	939.565	11.0363	99999.1	0	0
neutron	939.565	10.1468	99999.1	0	0
neutron	939.565	4.92208	99999.1	0	0
Be8	7454.85	1.9077	99999.1	0	0
neutron	939.565	40.5502	99999.1	0	0
alpha	3727.38	13.6912	99999.1	0	0
alpha	3727.38	2.80193	99999.1	0	0
neutron	939.565	1.22842	99999.1	0	0
B11	10252.5	0.569657	99999.1	0	0
neutron	939.565	5.49869	99999.1	0	0
neutron	939.565	4.59087	99999.1	0	0
Be9	8392.75	0.468597	99999.1	0	0
neutron	939.565	7.44799	99999.1	0	0
neutron	939.565	5.40319	99999.1	0	0
neutron	939.565	0.908681	99999.1	0	0
Be8	7454.85	2.30149	99999.1	0	0
neutron	939.565	5.96225	99999.1	0	0
neutron	939.565	4.1407	99999.1	0	0
neutron	939.565	3.76927	99999.1	0	0
alpha	3727.38	6.49899	99999.1	0	0
alpha	3727.38	2.8151	99999.1	0	0
neutron	939.565	8.85438	99999.2	0	0
neutron	939.565	3.06431	99999.2	0	0
B10	9324.44	0.514113	99999.2	0	0
neutron	939.565	17.6896	99999	0	0
alpha	3727.38	9.86467	99999	0	0
alpha	3727.38	1.2029	99999	0	0
neutron	939.565	9.14768	99999.1	0	0
alpha	3727.38	3.81821	99999.1	0	0
alpha	3727.38	4.6891	99999.1	0	0
neutron	939.565	29.5783	99999.1	0	0
neutron	939.565	7.78009	99999.1	0	0
B10	9324.44	2.52421	99999.1	0	0
neutron	939.565	16.0285	99999.1	0	0
neutron	939.565	4.73169	99999.1	0	0
B11	10252.5	2.87174	99999.1	0	0
neutron	939.565	23.9354	99999.1	0	0
neutron	939.565	5.02985	99999.1	0	0
Be8	7454.85	4.11715	99999.1	0	0
neutron	939.565	7.75122	99999.1	0	0
neutron	939.565	2.0676	99999.1	0	0
alpha	3727.38	5.67922	99999.1	0	0
alpha	3727.38	3.66606	99999.1	0	0
neutron	939.565	10.5073	99999	0	0
neutron	939.565	2.00223	99999	0	0
Be9	8392.75	5.30386	99999	0	0
B12	11188.7	0.359553	99999.1	0	0
neutron	939.565	28.3272	99999.1	0	0
Be10	9325.5	3.52391	99999.1	0	0
neutron	939.565	6.56541	99999.1	0	0
Be10	9325.5	1.0515	99999.1	0	0
B12	11188.7	0.368998	99999.1	0	0
neutron	939.565	6.41625	99999.1	0	0
B11	10252.5	0.575698	99999.1	0	0
neutron	939.565	12.1124	99999.1	0	0
Be10	9325.5	1.72795	99999.1	0	0
neutron	939.565	1.1217	99999.1	0	0
B11	10252.5	0.342081	99999.1	0	0
neutron	939.565	17.515	99999	0	0
alpha	3727.38	2.81433	99999	0	0
Li7	6533.83	2.9747	99999	0	0
neutron	939.565	18.4739	99999.1	0	0
alpha	3727.38	3.17549	99999.1	0	0
alpha	3727.38	19.6438	99999.1	0	0
neutron	939.565	22.3281	99999.1	0	0
neutron	939.565	0.160929	99999.1	0	0
alpha	3727.38	2.96942	99999.1	0	0
Li6	5601.52	7.47797	99999.1	0	0
neutron	939.565	0.0935423	99999.1	0	0
B11	10252.5	0.287471	99999.1	0	0
neutron	939.565	12.349	99999.1	0	0
neutron	939.565	2.21078	99999.1	0	0
neutron	939.565	1.95011	99999.1	0	0
Be8	7454.85	1.90736	99999.1	0	0
neutron	939.565	9.59427	99999.1	0	0
neutron	939.565	4.16951	99999.1	0	0
alpha	3727.38	4.16501	99999.1	0	0
alpha	3727.38	1.37663	99999.1	0	0
neutron	939.565	0.775393	99999.1	0	0
B11	10252.5	0.357084	99999.1	0	0
neutron	939.565	1.97626	99999.1	0	0
neutron	939.565	1.03572	99999.1	0	0
Be8	7454.85	1.0143	99999.1	0	0
neutron	939.565	5.26248	99999.1	0	0
Be10	9325.5	0.431207	99999.1	0	0
neutron	939.565	3.65175	99999.1	0	0
neutron	939.565	0.27182	99999.1	0	0
B10	9324.44	0.591796	99999.1	0	0
neutron	939.565	5.30682	99999.2	0	0
neutron	939.565	1.43565	99999.2	0	0
alpha	3727.38	3.30888	99999.2	0	0
alpha	3727.38	3.50589	99999.2	0	0
neutron	939.565	10.6192	99999.1	0	0
neutron	939.565	4.43077	99999.1	0	0
neutron	939.565	1.55935	99999.1	0	0
alpha	3727.38	6.57154	99999.1	0	0
alpha	3727.38	6.65659	99999.1	0	0
neutron	939.565	32.664	99999.1	0	0
neutron	939.565	2.65436	99999.1	0	0
alpha	3727.38	14.6192	99999.1	0	0
alpha	3727.38	5.68217	99999.1	0	0
neutron	939.565	1.66279	99999.1	0	0
Be10	9325.5	3.3479	99999.1	0	0
B12	11188.7	0.365385	99999.1	0	0
neutron	939.565	35.8784	99999.1	0	0
Be8	7454.85	6.52899	99999.1	0	0
neutron	939.565	3.47977	99999	0	0
alpha	3727.38	13.8332	99999	0	0
alpha	3727.38	10.5044	99999	0	0
neutron	939.565	22.7309	99999.1	0	0
neutron	939.565	12.9078	99999.1	0	0
alpha	3727.38	7.98699	99999.1	0	0
alpha	3727.38	3.57945	99999.1	0	0
neutron	939.565	12.5927	99999.1	0	0
alpha	3727.38	1.76877	99999.1	0	0
alpha	3727.38	8.35488	99999.1	0	0
neutron	939.565	5.62054	99999.1	0	0
neutron	939.565	3.43134	99999.1	0	0
B10	9324.44	0.980227	99999.1	0	0
neutron	939.565	28.0414	99999.1	0	0
neutron	939.565	8.48223	99999.1	0	0
Be9	8392.75	3.92335	99999.1	0	0
neutron	939.565	0.312776	99999.1	0	0
B11	10252.5	0.304592	99999.1	0	0
neutron	939.565	6.91294	99999.2	0	0
neutron	939.565	5.21335	99999.2	0	0
neutron	939.565	0.617177	99999.2	0	0
B9	8393.31	1.39048	99999.2	0	0
neutron	939.565	1.56336	99999.1	0	0
alpha	3727.38	3.85508	99999.1	0	0
alpha	3727.38	2.58751	99999.1	0	0
neutron	939.565	11.7161	99999.1	0	0
alpha	3727.38	5.36672	99999.1	0	0
alpha	3727.38	1.93369	99999.1	0	0
neutron	939.565	1.72863	99999.1	0	0
Be10	9325.5	0.128341	99999.1	0	0
neutron	939.565	2.95643	99999.1	0	0
Be10	9325.5	2.20783	99999.1	0	0
neutron	939.565	22.8219	99999.1	0	0
neutron	939.565	0.660468	99999.1	0	0
alpha	3727.38	12.8408	99999.1	0	0
alpha	3727.38	12.4933	99999.1	0	0
neutron	939.565	1.66478	99999.2	0	0
neutron	939.565	0.809853	99999.2	0	0
B10	9324.44	0.142299	99999.2	0	0
neutron	939.565	6.79125	99999.1	0	0
neutron	939.565	4.91939	99999.1	0	0
neutron	939.565	1.81869	99999.1	0	0
Be8	7454.85	1.43976	99999.1	0	0
Be10	9325.5	4.65345	99999.1	0	0
neutron	939.565	4.13256	99999.1	0	0
B11	10252.5	0.264821	99999.1	0	0
neutron	939.565	4.99278	99999.1	0	0
B11	10252.5	1.27215	99999.1	0	0
neutron	939.565	6.73181	99999.1	0	0
B11	10252.5	0.140136	99999.1	0	0
neutron	939.565	6.94671	99999.1	0	0
neutron	939.565	4.82129	99999.1	0	0
Be8	7454.85	0.173265	99999.1	0	0
neutron	939.565	5.71116	99999.1	0	0
alpha	3727.38	3.23633	99999.1	0	0
alpha	3727.38	3.37629	99999.1	0	0
neutron	939.565	5.66235	99999.1	0	0
B11	10252.5	0.52083	99999.1	0	0
neutron	939.565	4.81924	99999.1	0	0
B11	10252.5	0.317182	99999.1	0	0
neutron	939.565	3.398	99999.1	0	0
Be10	9325.5	0.37643	99999.1	0	0
neutron	939.565	3.0527	99999.1	0	0
neutron	939.565	2.6715	99999.1	0	0
Be9	8392.75	1.79709	99999.1	0	0
neutron	939.565	10.4424	99999.1	0	0
Be8	7454.85	8.62713	99999.1	0	0
neutron	939.565	15.5178	99999.1	0	0
Be8	7454.85	4.09819	99999.1	0	0
alpha	3727.38	2.96455	99999.2	0	0
He6	5605.53	5.72139	99999.2	0	0
neutron	939.565	3.76913	99999.1	0	0
Be8	7454.85	2.44131	99999.1	0	0
B12	11188.7	0.356825	99999.1	0	0
neutron	939.565	3.03446	99999.1	0	0
B11	10252.5	0.268517	99999.1	0	0
neutron	939.565	13.4756	99999.1	0	0
alpha	3727.38	13.2776	99999.1	0	0
alpha	3727.38	5.7798	99999.1	0	0
neutron	939.565	0.674833	99999.1	0	0
neutron	939.565	0.42376	99999.1	0	0
alpha	3727.38	2.62501	99999.1	0	0
alpha	3727.38	7.92603	99999.1	0	0
neutron	939.565	18.5595	99999.1	0	0
alpha	3727.38	10.0644	99999.1	0	0
alpha	3727.38	6.80229	99999.1	0	0
neutron	939.565	1.10698	99999.2	0	0
alpha	3727.38	4.50923	99999.2	0	0
alpha	3727.38	0.937433	99999.2	0	0
neutron	939.565	5.55287	99999.1	0	0
neutron	939.565	3.69484	99999.1	0	0
alpha	3727.38	10.3261	99999.1	0	0
alpha	3727.38	4.29852	99999.1	0	0
neutron	939.565	2.1801	99999.1	0	0
alpha	3727.38	13.009	99999.1	0	0
alpha	3727.38	11.1911	99999.1	0	0
neutron	939.565	0.0799423	99999.1	0	0
Be10	9325.5	0.832066	99999.1	0	0
neutron	939.565	11.2551	99999.1	0	0
neutron	939.565	2.38912	99999.1	0	0
Be8	7454.85	0.703341	99999.1	0	0
neutron	939.565	29.5698	99999.1	0	0
neutron	939.565	9.23831	99999.1	0	0
Be9	8392.75	0.411519	99999.1	0	0
neutron	939.565	2.37301	99999.2	0	0
neutron	939.565	0.711343	99999.2	0	0
Be8	7454.85	1.40711	99999.2	0	0
neutron	939.565	4.45159	99999.1	0	0
Be10	9325.5	1.91737	99999.1	0	0
neutron	939.565	4.55811	99999.1	0	0
neutron	939.565	3.36314	99999.1	0	0
neutron	939.565	1.35362	99999.1	0	0
Be8	7454.85	0.92453	99999.1	0	0
neutron	939.565	7.79627	99999.1	0	0
neutron	939.565	0.902114	99999.1	0	0
B10	9324.44	1.68087	99999.1	0	0
neutron	939.565	6.60344	99999.1	0	0
neutron	939.565	1.53466	99999.1	0	0
Be9	8392.75	0.44832	99999.1	0	0
neutron	939.565	13.4035	99999.1	0	0
B11	10252.5	2.15257	99999.1	0	0
neutron	939.565	30.8556	99999.1	0	0
alpha	3727.38	8.60052	99999.1	0	0
alpha	3727.38	9.66084	99999.1	0	0
neutron	939.565	3.22783	99999.1	0	0
alpha	3727.38	4.52548	99999.1	0	0
Li7	6533.83	3.6561	99999.1	0	0
neutron	939.565	2.96505	99999.1	0	0
neutron	939.565	0.182359	99999.1	0	0
Be8	7454.85	2.275	99999.1	0	0
neutron	939.565	10.3426	99999.1	0	0
neutron	939.565	4.81767	99999.1	0	0
neutron	939.565	3.96572	99999.1	0	0
Be8	7454.85	3.38003	99999.1	0	0
neutron	939.565	22.011	99999.1	0	0
neutron	939.565	6.88796	99999.1	0	0
Be9	8392.75	1.42567	99999.1	0	0
neutron	939.565	6.76468	99999.1	0	0
neutron	939.565	5.01509	99999.1	0	0
alpha	3727.38	6.06741	99999.1	0	0
alpha	3727.38	0.953723	99999.1	0	0
neutron	939.565	1.07247	99999.1	0	0
Be8	7454.85	0.611808	99999.1	0	0
neutron	939.565	7.18817	99999.1	0	0
alpha	3727.38	12.2004	99999.1	0	0
Li7	6533.83	1.6496	99999.1	0	0
neutron	939.565	1.68181	99999.1	0	0
Be10	9325.5	0.693831	99999.1	0	0
neutron	939.565	0.307573	99999.1	0	0
Be10	9325.5	1.06755	99999.1	0	0
B12	11188.7	0.349188	99999.1	0	0
neutron	939.565	10.7075	99999.1	0	0
B11	10252.5	1.76653	99999.1	0	0
neutron	939.565	10.5178	99999.2	0	0
neutron	939.565	0.551611	99999.2	0	0
alpha	3727.38	6.01849	99999.2	0	0
alpha	3727.38	6.57587	99999.2	0	0
neutron	939.565	1.15559	99999.1	0	0
B11	10252.5	0.0912584	99999.1	0	0
neutron	939.565	16.1337	99999.1	0	0
alpha	3727.38	8.48627	99999.1	0	0
alpha	3727.38	5.62856	99999.1	0	0
neutron	939.565	1.64866	99999.1	0	0
B11	10252.5	0.370423	99999.1	0	0
neutron	939.565	5.05902	99999.1	0	0
neutron	939.565	0.763571	99999.1	0	0
neutron	939.565	0.444312	99999.1	0	0
Be8	7454.85	3.73787	99999.1	0	0
neutron	939.565	2.4563	99999.2	0	0
neutron	939.565	0.374959	99999.2	0	0
Be8	7454.85	1.66351	99999.2	0	0
neutron	939.565	5.74916	99999.1	0	0
B11	10252.5	0.71742	99999.1	0	0
neutron	939.565	8.17637	99999.1	0	0
neutron	939.565	5.36668	99999.1	0	0
Be8	7454.85	0.446378	99999.1	0	0
neutron	939.565	16.4385	99999.1	0	0
neutron	939.565	10.8125	99999.1	0	0
B10	9324.44	2.56401	99999.1	0	0
neutron	939.565	3.63074	99999	0	0
B11	10252.5	0.0960279	99999	0	0
neutron	939.565	28.1989	99999.1	0	0
neutron	939.565	6.22826	99999.1	0	0
alpha	3727.38	12.5342	99999.1	0	0
alpha	3727.38	5.24577	99999.1	0	0
neutron	939.565	4.24813	99999.1	0	0
neutron	939.565	4.10802	99999.1	0	0
B10	9324.44	0.933961	99999.1	0	0
neutron	939.565	6.71656	99999	0	0
B11	10252.5	1.35302	99999	0	0
neutron	939.565	19.022	99999.1	0	0
neutron	939.565	5.1283	99999.1	0	0
neutron	939.565	2.67283	99999.1	0	0
alpha	3727.38	4.13903	99999.1	0	0
alpha	3727.38	3.19772	99999.1	0	0
neutron	939.565	5.59449	99999.1	0	0
Be10	9325.5	0.201556	99999.1	0	0
neutron	939.565	10.6619	99999.1	0	0
neutron	939.565	8.80472	99999.1	0	0
B10	9324.44	3.32581	99999.1	0	0
neutron	939.565	16.9188	99999.1	0	0
neutron	939.565	1.34444	99999.1	0	0
Be8	7454.85	9.75159	99999.1	0	0
neutron	939.565	1.63346	99999.1	0	0
neutron	939.565	0.925934	99999.1	0	0
B10	9324.44	0.527891	99999.1	0	0
neutron	939.565	6.0749	99999.1	0	0
neutron	939.565	4.25285	99999.1	0	0
alpha	3727.38	0.940588	99999.1	0	0
alpha	3727.38	7.27702	99999.1	0	0
neutron	939.565	9.94122	99999	0	0
B11	10252.5	0.241524	99999	0	0
neutron	939.565	12.0143	99999.1	0	0
neutron	939.565	6.05199	99999.1	0	0
B10	9324.44	0.313443	99999.1	0	0
neutron	939.565	11.66	99999.1	0	0
alpha	3727.38	17.534	99999.1	0	0
alpha	3727.38	5.85317	99999.1	0	0
neutron	939.565	22.4268	99999.1	0	0
neutron	939.565	9.897	99999.1	0	0
alpha	3727.38	3.60293	99999.1	0	0
alpha	3727.38	8.87996	99999.1	0	0
neutron	939.565	3.68968	99999.1	0	0
Be9	8392.75	6.06344	99999.1	0	0
neutron	939.565	12.9411	99999.1	0	0
neutron	939.565	2.14157	99999.1	0	0
neutron	939.565	0.833143	99999.1	0	0
Be8	7454.85	0.944622	99999.1	0	0
B12	11188.7	0.35264	99999.1	0	0
neutron	939.565	17.1649	99999.1	0	0
neutron	939.565	3.03599	99999.1	0	0
B10	9324.44	0.519208	99999.1	0	0
neutron	939.565	4.92938	99999.1	0	0
neutron	939.565	2.06391	99999.1	0	0
alpha	3727.38	1.98446	99999.1	0	0
alpha	3727.38	10.3357	99999.1	0	0
neutron	939.565	11.5474	99999.1	0	0
B11	10252.5	2.18582	99999.1	0	0
neutron	939.565	8.88051	99999.2	0	0
neutron	939.565	1.54252	99999.2	0	0
neutron	939.565	1.12433	99999.2	0	0
Be8	7454.85	0.897163	99999.2	0	0
neutron	939.565	13.789	99999.1	0	0
neutron	939.565	1.09311	99999.1	0	0
neutron	939.565	0.527246	99999.1	0	0
Be8	7454.85	1.77277	99999.1	0	0
neutron	939.565	2.10717	99999.1	0	0
alpha	3727.38	4.69412	99999.1	0	0
alpha	3727.38	3.8432	99999.1	0	0
neutron	939.565	6.10872	99999.1	0	0
Be8	7454.85	0.152087	99999.1	0	0
neutron	939.565	6.74522	99999.1	0	0
B11	10252.5	1.48765	99999.1	0	0
neutron	939.565	14.8771	99999.1	0	0
neutron	939.565	6.07657	99999.1	0	0
neutron	939.565	4.68962	99999.1	0	0
alpha	3727.38	5.61678	99999.1	0	0
alpha	3727.38	2.87766	99999.1	0	0
neutron	939.565	5.9871	99999.1	0	0
neutron	939.565	5.01302	99999.1	0	0
neutron	939.565	2.16867	99999.1	0	0
alpha	3727.38	4.55824	99999.1	0	0
alpha	3727.38	4.64171	99999.1	0	0
neutron	939.565	1.66641	99999	0	0
B11	10252.5	0.199099	99999	0	0
neutron	939.565	5.08682	99999.1	0	0
neutron	939.565	2.92965	99999.1	0	0
Be8	7454.85	3.24521	99999.1	0	0
neutron	939.565	5.14785	99999.1	0	0
neutron	939.565	1.11803	99999.1	0	0
neutron	939.565	0.720224	99999.1	0	0
Be8	7454.85	0.0979177	99999.1	0	0
neutron	939.565	12.7669	99999.1	0	0
neutron	939.565	10.5814	99999.1	0	0
B10	9324.44	2.96527	99999.1	0	0
neutron	939.565	6.55091	99999.1	0	0
Be8	7454.85	0.603609	99999.1	0	0
neutron	939.565	4.7982	99999.1	0	0
neutron	939.565	0.280115	99999.1	0	0
Be9	8392.75	1.34042	99999.1	0	0
neutron	939.565	9.26331	99999.1	0	0
neutron	939.565	1.92233	99999.1	0	0
neutron	939.565	0.605149	99999.1	0	0
Be8	7454.85	1.66744	99999.1	0	0
neutron	939.565	2.73705	99999	0	0
B11	10252.5	0.694328	99999	0	0
neutron	939.565	30.762	99999.1	0	0
neutron	939.565	6.16932	99999.1	0	0
neutron	939.565	1.0717	99999.1	0	0
alpha	3727.38	0.19651	99999.1	0	0
alpha	3727.38	7.93233	99999.1	0	0
neutron	939.565	4.5371	99999.1	0	0
Be8	7454.85	1.23804	99999.1	0	0
neutron	939.565	3.2311	99999.1	0	0
neutron	939.565	0.823123	99999.1	0	0
B10	9324.44	0.134579	99999.1	0	0
neutron	939.565	13.9963	99999.1	0	0
neutron	939.565	4.79262	99999.1	0	0
alpha	3727.38	2.27694	99999.1	0	0
alpha	3727.38	3.96637	99999.1	0	0
neutron	939.565	21.2523	99999.1	0	0
Be8	7454.85	1.74686	99999.1	0	0
neutron	939.565	28.0679	99999.1	0	0
neutron	939.565	5.02091	99999.1	0	0
alpha	3727.38	9.82414	99999.1	0	0
alpha	3727.38	6.10777	99999.1	0	0
neutron	939.565	5.95033	99999.1	0	0
B11	10252.5	0.820372	99999.1	0	0
neutron	939.565	13.998	99999.1	0	0
neutron	939.565	4.96811	99999.1	0	0
neutron	939.565	2.16017	99999.1	0	0
alpha	3727.38	11.2863	99999.1	0	0
alpha	3727.38	15.1358	99999.1	0	0
neutron	939.565	1.69411	99999.1	0	0
B11	10252.5	0.78481	99999.1	0	0
neutron	939.565	4.66651	99999.1	0	0
B11	10252.5	0.498752	99999.1	0	0
neutron	939.565	9.9537	99999.1	0	0
neutron	939.565	4.86629	99999.1	0	0
neutron	939.565	2.52617	99999.1	0	0
Be8	7454.85	0.0595014	99999.1	0	0
neutron	939.565	3.87776	99999.1	0	0
B11	10252.5	0.240059	99999.1	0	0
neutron	939.565	1.64551	99999.1	0	0
B11	10252.5	0.346188	99999.1	0	0
neutron	939.565	21.6568	99999.1	0	0
neutron	939.565	11.663	99999.1	0	0
neutron	939.565	2.0468	99999.1	0	0
Be8	7454.85	2.60411	99999.1	0	0
neutron	939.565	7.51028	99999.2	0	0
neutron	939.565	3.57986	99999.2	0	0
neutron	939.565	0.907977	99999.2	0	0
Be8	7454.85	2.05162	99999.2	0	0
neutron	939.565	13.7507	99999.1	0	0
neutron	939.565	6.29859	99999.1	0	0
neutron	939.565	2.59848	99999.1	0	0
alpha	3727.38	5.69347	99999.1	0	0
alpha	3727.38	2.87259	99999.1	0	0
neutron	939.565	5.22151	99999.1	0	0
neutron	939.565	3.08478	99999.1	0	0
alpha	3727.38	6.25094	99999.1	0	0
alpha	3727.38	3.61278	99999.1	0	0
neutron	939.565	12.4214	99999.1	0	0
neutron	939.565	2.22329	99999.1	0	0
neutron	939.565	0.457329	99999.1	0	0
Be8	7454.85	3.0364	99999.1	0	0
neutron	939.565	17.6378	99999.1	0	0
neutron	939.565	10.7099	99999.1	0	0
neutron	939.565	7.18511	99999.1	0	0
alpha	3727.38	2.63734	99999.1	0	0
alpha	3727.38	13.162	99999.1	0	0
neutron	939.565	1.98526	99999.1	0	0
Be10	9325.5	0.27818	99999.1	0	0
neutron	939.565	3.3863	99999.1	0	0
B11	10252.5	1.21467	99999.1	0	0
neutron	939.565	4.33066	99999.1	0	0
neutron	939.565	3.87776	99999.1	0	0
B10	9324.44	0.271229	99999.1	0	0
neutron	939.565	0.210964	99999.1	0	0
Be8	7454.85	1.49289	99999.1	0	0
neutron	939.565	2.53178	99999.2	0	0
B11	10252.5	0.810456	99999.2	0	0
neutron	939.565	12.3143	99999.1	0	0
neutron	939.565	5.84783	99999.1	0	0
neutron	939.565	3.26858	99999.1	0	0
alpha	3727.38	7.02033	99999.1	0	0
alpha	3727.38	4.12342	99999.1	0	0
neutron	939.565	8.64718	99999	0	0
Be10	9325.5	0.659177	99999	0	0
neutron	939.565	5.59601	99999.1	0	0
neutron	939.565	1.47106	99999.1	0	0
neutron	939.565	0.777858	99999.1	0	0
alpha	3727.38	4.79228	99999.1	0	0
alpha	3727.38	2.88452	99999.1	0	0
neutron	939.565	6.89742	99999.1	0	0
neutron	939.565	0.970067	99999.1	0	0
Be8	7454.85	2.25669	99999.1	0	0
neutron	939.565	33.9041	99999.1	0	0
Be10	9325.5	3.18831	99999.1	0	0
neutron	939.565	11.6453	99999.1	0	0
B11	10252.5	1.0718	99999.1	0	0
neutron	939.565	8.73864	99999.1	0	0
neutron	939.565	1.19204	99999.1	0	0
Be8	7454.85	4.82361	99999.1	0	0
neutron	939.565	19.5302	99999.1	0	0
neutron	939.565	2.48147	99999.1	0	0
B10	9324.44	2.79794	99999.1	0	0
B12	11188.7	0.347082	99999	0	0
neutron	939.565	2.55534	99999.1	0	0
B11	10252.5	0.883731	99999.1	0	0
neutron	939.565	13.4634	99999.1	0	0
B11	10252.5	0.791288	99999.1	0	0
neutron	939.565	2.51076	99999.1	0	0
neutron	939.565	2.13843	99999.1	0	0
Be8	7454.85	0.936395	99999.1	0	0
neutron	939.565	0.66975	99999.1	0	0
B11	10252.5	0.464497	99999.1	0	0
neutron	939.565	13.9681	99999.1	0	0
neutron	939.565	10.3138	99999.1	0	0
alpha	3727.38	2.89638	99999.1	0	0
alpha	3727.38	8.06123	99999.1	0	0
neutron	939.565	0.315266	99999.1	0	0
Be10	9325.5	0.455959	99999.1	0	0
neutron	939.565	8.0419	99999	0	0
neutron	939.565	4.69839	99999	0	0
neutron	939.565	1.0911	99999	0	0
alpha	3727.38	3.03345	99999	0	0
alpha	3727.38	5.11909	99999	0	0
neutron	939.565	4.43149	99999	0	0
B11	10252.5	1.42908	99999	0	0
neutron	939.565	24.867	99999.2	0	0
neutron	939.565	8.08069	99999.2	0	0
neutron	939.565	1.37124	99999.2	0	0
Be8	7454.85	0.838111	99999.2	0	0
neutron	939.565	1.91514	99999.1	0	0
neutron	939.565	0.279911	99999.1	0	0
B10	9324.44	0.612099	99999.1	0	0
neutron	939.565	0.646049	99999.1	0	0
Be8	7454.85	0.670615	99999.1	0	0
neutron	939.565	3.48023	99999.2	0	0
neutron	939.565	2.0411	99999.2	0	0
Be8	7454.85	4.77368	99999.2	0	0
neutron	939.565	11.253	99999.1	0	0
B11	10252.5	1.98469	99999.1	0	0
neutron	939.565	27.0397	99999.1	0	0
neutron	939.565	0.410445	99999.1	0	0
B10	9324.44	2.06544	99999.1	0	0
neutron	939.565	23.593	99999	0	0
neutron	939.565	4.39897	99999	0	0
neutron	939.565	1.55937	99999	0	0
Be8	7454.85	0.795843	99999	0	0
neutron	939.565	5.8015	99999.1	0	0
neutron	939.565	0.202763	99999.1	0	0
B10	9324.44	0.165877	99999.1	0	0
neutron	939.565	2.70398	99999.1	0	0
alpha	3727.38	2.30401	99999.1	0	0
alpha	3727.38	4.4066	99999.1	0	0
neutron	939.565	15.8681	99999.1	0	0
neutron	939.565	5.6706	99999.1	0	0
alpha	3727.38	5.63507	99999.1	0	0
alpha	3727.38	1.13278	99999.1	0	0
neutron	939.565	10.024	99999.1	0	0
Be8	7454.85	1.75375	99999.1	0	0
neutron	939.565	0.104609	99999.1	0	0
B11	10252.5	0.45703	99999.1	0	0
neutron	939.565	18.8218	99999.2	0	0
neutron	939.565	4.33438	99999.2	0	0
Be8	7454.85	6.00705	99999.2	0	0
neutron	939.565	6.9926	99999.1	0	0
neutron	939.565	3.13271	99999.1	0	0
neutron	939.565	0.555391	99999.1	0	0
alpha	3727.38	2.92793	99999.1	0	0
alpha	3727.38	5.81261	99999.1	0	0
neutron	939.565	30.8287	99999.1	0	0
neutron	939.565	4.70853	99999.1	0	0
neutron	939.565	2.03697	99999.1	0	0
Be8	7454.85	1.84038	99999.1	0	0
B12	11188.7	0.365676	99999.1	0	0
B12	11188.7	0.345411	99999.1	0	0
neutron	939.565	27.1713	99999.1	0	0
neutron	939.565	7.53747	99999.1	0	0
neutron	939.565	6.46333	99999.1	0	0
alpha	3727.38	1.97874	99999.1	0	0
alpha	3727.38	5.54639	99999.1	0	0
neutron	939.565	1.49222	99999	0	0
B11	10252.5	0.379208	99999	0	0
neutron	939.565	3.4407	99999.1	0	0
Li9	8406.87	2.22825	99999.1	0	0
neutron	939.565	3.81411	99999.1	0	0
B11	10252.5	0.44807	99999.1	0	0
neutron	939.565	1.34009	99999.1	0	0
Be10	9325.5	0.23194	99999.1	0	0
neutron	939.565	20.4445	99999.1	0	0
neutron	939.565	5.49892	99999.1	0	0
neutron	939.565	4.0558	99999.1	0	0
Be8	7454.85	2.22479	99999.1	0	0
neutron	939.565	3.70198	99999.1	0	0
Be10	9325.5	0.488622	99999.1	0	0
neutron	939.565	5.00729	99999.1	0	0
neutron	939.565	3.80204	99999.1	0	0
neutron	939.565	2.64799	99999.1	0	0
Be8	7454.85	0.932022	99999.1	0	0
B12	11188.7	0.346588	99999.1	0	0
neutron	939.565	6.45976	99999.1	0	0
Be10	9325.5	1.65729	99999.1	0	0
neutron	939.565	12.115	99999.1	0	0
B11	10252.5	1.31685	99999.1	0	0
neutron	939.565	5.6217	99999.1	0	0
Be10	9325.5	0.983392	99999.1	0	0
neutron	939.565	7.41201	99999.1	0	0
Be10	9325.5	4.5141	99999.1	0	0
neutron	939.565	1.06	99999.1	0	0
B11	10252.5	0.251952	99999.1	0	0
neutron	939.565	1.38005	99999.1	0	0
B11	10252.5	0.391934	99999.1	0	0
neutron	939.565	2.03833	99999	0	0
B11	10252.5	0.312764	99999	0	0
neutron	939.565	3.69221	99999.1	0	0
neutron	939.565	0.483734	99999.1	0	0
B10	9324.44	0.152639	99999.1	0	0
neutron	939.565	4.55129	99999.1	0	0
neutron	939.565	3.92791	99999.1	0	0
neutron	939.565	3.24523	99999.1	0	0
Be8	7454.85	1.25959	99999.1	0	0
neutron	939.565	8.54668	99999.1	0	0
Be8	7454.85	2.2644	99999.1	0	0
neutron	939.565	24.392	99999.1	0	0
neutron	939.565	3.58492	99999.1	0	0
Be9	8392.75	4.93401	99999.1	0	0
neutron	939.565	11.3911	99999.1	0	0
neutron	939.565	7.69997	99999.1	0	0
Be8	7454.85	5.83106	99999.1	0	0
neutron	939.565	0.271401	99999.1	0	0
B11	10252.5	0.282817	99999.1	0	0
neutron	939.565	5.7748	99999.1	0	0
neutron	939.565	3.21055	99999.1	0	0
Be9	8392.75	1.03223	99999.1	0	0
B12	11188.7	0.339516	99999.1	0	0
alpha	3727.38	5.96391	99999.2	0	0
neutron	939.565	12.2818	99999.1	0	0
B11	10252.5	0.692571	99999.1	0	0
neutron	939.565	3.48887	99999.1	0	0
Be10	9325.5	0.552314	99999.1	0	0
neutron	939.565	3.05419	99999.1	0	0
B11	10252.5	0.395667	99999.1	0	0
neutron	939.565	6.17537	99999.1	0	0
B11	10252.5	1.28286	99999.1	0	0
neutron	939.565	13.7894	99999.1	0	0
neutron	939.565	10.5376	99999.1	0	0
neutron	939.565	2.01835	99999.1	0	0
alpha	3727.38	3.93279	99999.1	0	0
alpha	3727.38	6.40428	99999.1	0	0
neutron	939.565	2.88104	99999.1	0	0
Be8	7454.85	1.29416	99999.1	0	0
neutron	939.565	8.12171	99999.1	0	0
B11	10252.5	0.258323	99999.1	0	0
neutron	939.565	17.459	99999.1	0	0
neutron	939.565	8.10807	99999.1	0	0
alpha	3727.38	1.37454	99999.1	0	0
neutron	939.565	3.28218	99999.1	0	0
Be10	9325.5	1.17517	99999.1	0	0
neutron	939.565	3.08487	99999.1	0	0
B11	10252.5	0.960957	99999.1	0	0
neutron	939.565	6.6469	99999.1	0	0
B11	10252.5	1.44276	99999.1	0	0
neutron	939.565	3.51571	99999.1	0	0
B11	10252.5	0.0451436	99999.1	0	0
neutron	939.565	22.4061	99999.1	0	0
neutron	939.565	3.82474	99999.1	0	0
alpha	3727.38	7.95112	99999.1	0	0
Li6	5601.52	3.82525	99999.1	0	0
neutron	939.565	15.7143	99999.2	0	0
neutron	939.565	10.3759	99999.2	0	0
neutron	939.565	0.938136	99999.2	0	0
Be8	7454.85	3.84051	99999.2	0	0
neutron	939.565	22.2851	99999.1	0	0
alpha	3727.38	3.82822	99999.1	0	0
alpha	3727.38	2.52659	99999.1	0	0
neutron	939.565	18.8085	99999.1	0	0
neutron	939.565	6.81825	99999.1	0	0
neutron	939.565	1.57221	99999.1	0	0
alpha	3727.38	6.16219	99999.1	0	0
alpha	3727.38	1.12219	99999.1	0	0
B12	11188.7	0.357961	99999.1	0	0
B12	11188.7	0.358483	99999.1	0	0
neutron	939.565	6.93891	99999.1	0	0
neutron	939.565	4.07032	99999.1	0	0
neutron	939.565	2.97138	99999.1	0	0
Be8	7454.85	0.857119	99999.1	0	0
neutron	939.565	3.81461	99999.1	0	0
B11	10252.5	0.328088	99999.1	0	0
neutron	939.565	1.59162	99999.1	0	0
B11	10252.5	0.550521	99999.1	0	0
neutron	939.565	4.04404	99999.1	0	0
alpha	3727.38	7.22215	99999.1	0	0
Li7	6533.83	7.00605	99999.1	0	0
neutron	939.565	41.3446	99999.1	0	0
neutron	939.565	8.45973	99999.1	0	0
B10	9324.44	6.57064	99999.1	0	0
neutron	939.565	2.65924	99999.1	0	0
B11	10252.5	0.674028	99999.1	0	0
neutron	939.565	7.06817	99999.1	0	0
neutron	939.565	4.31787	99999.1	0	0
B10	9324.44	2.32716	99999.1	0	0
neutron	939.565	7.01398	99999.2	0	0
neutron	939.565	2.52111	99999.2	0	0
Be8	7454.85	1.45638	99999.2	0	0
neutron	939.565	15.0077	99999.1	0	0
neutron	939.565	1.31151	99999.1	0	0
B10	9324.44	2.019	99999.1	0	0
neutron	939.565	2.75873	99999.1	0	0
Be8	7454.85	1.14655	99999.1	0	0
neutron	939.565	39.165	99999.1	0	0
neutron	939.565	0.359838	99999.1	0	0
Be9	8392.75	5.02749	99999.1	0	0
neutron	939.565	8.10275	99999.1	0	0
neutron	939.565	5.0824	99999.1	0	0
B10	9324.44	0.480803	99999.1	0	0
neutron	939.565	11.6249	99999.1	0	0
B11	10252.5	0.399852	99999.1	0	0
neutron	939.565	4.65065	99999.1	0	0
neutron	939.565	0.238537	99999.1	0	0
Be9	8392.75	0.252697	99999.1	0	0
neutron	939.565	8.1156	99999.1	0	0
neutron	939.565	1.95432	99999.1	0	0
alpha	3727.38	0.620736	99999.1	0	0
alpha	3727.38	10.5637	99999.1	0	0
neutron	939.565	10.2808	99999.2	0	0
neutron	939.565	1.14814	99999.2	0	0
Be9	8392.75	1.77752	99999.2	0	0
neutron	939.565	0.694469	99999.1	0	0
B11	10252.5	0.411572	99999.1	0	0
neutron	939.565	4.85581	99999.1	0	0
B11	10252.5	1.10383	99999.1	0	0
neutron	939.565	1.71384	99999.1	0	0
alpha	3727.38	5.60334	99999.1	0	0
alpha	3727.38	0.934273	99999.1	0	0
neutron	939.565	13.8155	99999.1	0	0
neutron	939.565	4.12541	99999.1	0	0
neutron	939.565	3.19867	99999.1	0	0
Be8	7454.85	0.0485355	99999.1	0	0
neutron	939.565	42.8059	99999.2	0	0
Be8	7454.85	1.89418	99999.2	0	0
neutron	939.565	5.66629	99999.1	0	0
B11	10252.5	1.22077	99999.1	0	0
neutron	939.565	6.33892	99999.1	0	0
B11	10252.5	1.67691	99999.1	0	0
neutron	939.565	4.79614	99999.1	0	0
neutron	939.565	3.68958	99999.1	0	0
Be9	8392.75	2.44909	99999.1	0	0
neutron	939.565	1.48491	99999.1	0	0
B11	10252.5	0.276271	99999.1	0	0
neutron	939.565	27.0287	99999.1	0	0
Be8	7454.85	0.953979	99999.1	0	0
neutron	939.565	17.3066	99999	0	0
neutron	939.565	14.7341	99999	0	0
neutron	939.565	0.752286	99999	0	0
alpha	3727.38	2.08494	99999	0	0
alpha	3727.38	3.55885	99999	0	0
neutron	939.565	1.32027	99999.1	0	0
alpha	3727.38	1.68742	99999.1	0	0
alpha	3727.38	5.57603	99999.1	0	0
neutron	939.565	24.7663	99999.1	0	0
Be10	9325.5	2.70619	99999.1	0	0
neutron	939.565	1.65459	99999.2	0	0
B11	10252.5	0.55379	99999.2	0	0
neutron	939.565	6.30387	99999.1	0	0
neutron	939.565	0.71906	99999.1	0	0
B10	9324.44	2.01805	99999.1	0	0
neutron	939.565	2.89552	99999.1	0	0
Be10	9325.5	1.99919	99999.1	0	0
neutron	939.565	0.844599	99999.1	0	0
B11	10252.5	0.2414	99999.1	0	0
Li7	6533.83	1.87047	99999.1	0	0
neutron	939.565	33.2033	99999.1	0	0
neutron	939.565	8.77743	99999.1	0	0
B10	9324.44	5.79617	99999.1	0	0
neutron	939.565	12.5186	99999.1	0	0
neutron	939.565	5.87759	99999.1	0	0
neutron	939.565	1.80855	99999.1	0	0
alpha	3727.38	3.72726	99999.1	0	0
alpha	3727.38	5.90323	99999.1	0	0
neutron	939.565	2.62887	99999.1	0	0
neutron	939.565	0.310403	99999.1	0	0
B10	9324.44	0.573748	99999.1	0	0
neutron	939.565	19.994	99999.1	0	0
neutron	939.565	2.06842	99999.1	0	0
neutron	939.565	1.75105	99999.1	0	0
Be8	7454.85	1.82694	99999.1	0	0
neutron	939.565	6.69689	99999.1	0	0
B11	10252.5	0.620592	99999.1	0	0
neutron	939.565	2.73642	99999.1	0	0
neutron	939.565	1.77153	99999.1	0	0
B10	9324.44	0.273434	99999.1	0	0
neutron	939.565	5.55094	99999	0	0
B11	10252.5	1.00759	99999	0	0
neutron	939.565	20.3833	99999.1	0	0
alpha	3727.38	3.9203	99999.1	0	0
alpha	3727.38	1.99252	99999.1	0	0
neutron	939.565	3.20764	99999.1	0	0
neutron	939.565	0.776	99999.1	0	0
alpha	3727.38	8.44635	99999.1	0	0
alpha	3727.38	1.25361	99999.1	0	0
neutron	939.565	21.612	99999.1	0	0
neutron	939.565	7.07575	99999.1	0	0
alpha	3727.38	4.67825	99999.1	0	0
alpha	3727.38	1.37462	99999.1	0	0
neutron	939.565	1.21088	99999.1	0	0
B11	10252.5	0.126677	99999.1	0	0
neutron	939.565	1.45141	99999.1	0	0
B11	10252.5	0.335367	99999.1	0	0
B12	11188.7	0.359498	99999.1	0	0
neutron	939.565	10.8964	99999.1	0	0
neutron	939.565	1.65023	99999.1	0	0
Be8	7454.85	2.39297	99999.1	0	0
neutron	939.565	1.9015	99999.1	0	0
neutron	939.565	0.898261	99999.1	0	0
Be8	7454.85	2.32763	99999.1	0	0
neutron	939.565	22.7103	99999	0	0
neutron	939.565	4.58819	99999	0	0
Be8	7454.85	11.0234	99999	0	0
neutron	939.565	0.178244	99999.1	0	0
B11	10252.5	0.525977	99999.1	0	0
neutron	939.565	6.7165	99999.1	0	0
neutron	939.565	3.09006	99999.1	0	0
alpha	3727.38	6.69295	99999.1	0	0
alpha	3727.38	2.28869	99999.1	0	0
neutron	939.565	11.653	99999.1	0	0
Be8	7454.85	1.17753	99999.1	0	0
neutron	939.565	1.85164	99999.1	0	0
B11	10252.5	0.248055	99999.1	0	0
neutron	939.565	6.05296	99999.1	0	0
neutron	939.565	3.29488	99999.1	0	0
B10	9324.44	0.485267	99999.1	0	0
neutron	939.565	16.1461	99999.1	0	0
alpha	3727.38	4.10669	99999.1	0	0
alpha	3727.38	2.26557	99999.1	0	0
neutron	939.565	3.70244	99999.1	0	0
Be8	7454.85	1.14201	99999.1	0	0
neutron	939.565	3.38642	99999.1	0	0
Be10	9325.5	0.752621	99999.1	0	0
neutron	939.565	1.457	99999.1	0	0
B11	10252.5	0.817115	99999.1	0	0
neutron	939.565	8.61756	99999.1	0	0
Be8	7454.85	2.10984	99999.1	0	0
neutron	939.565	21.6075	99999.1	0	0
neutron	939.565	0.810531	99999.1	0	0
alpha	3727.38	16.559	99999.1	0	0
alpha	3727.38	10.2174	99999.1	0	0
neutron	939.565	16.8506	99999.1	0	0
neutron	939.565	4.13906	99999.1	0	0
neutron	939.565	1.98866	99999.1	0	0
Be8	7454.85	2.62914	99999.1	0	0
neutron	939.565	13.0873	99999.1	0	0
B11	10252.5	1.35212	99999.1	0	0
neutron	939.565	5.10314	99999.1	0	0
neutron	939.565	3.22876	99999.1	0	0
Be8	7454.85	2.60023	99999.1	0	0
neutron	939.565	11.9876	99999.1	0	0
neutron	939.565	5.04252	99999.1	0	0
alpha	3727.38	4.94888	99999.1	0	0
alpha	3727.38	2.8523	99999.1	0	0
neutron	939.565	9.13242	99999.1	0	0
Be10	9325.5	1.25533	99999.1	0	0
neutron	939.565	2.43657	99999.1	0	0
Be8	7454.85	1.81207	99999.1	0	0
neutron	939.565	6.62593	99999.1	0	0
neutron	939.565	0.719598	99999.1	0	0
Be9	8392.75	1.42581	99999.1	0	0
neutron	939.565	4.03287	99999.1	0	0
neutron	939.565	1.78772	99999.1	0	0
neutron	939.565	0.361782	99999.1	0	0
alpha	3727.38	3.54269	99999.1	0	0
alpha	3727.38	3.54163	99999.1	0	0
neutron	939.565	3.84679	99999.2	0	0
Be10	9325.5	0.437059	99999.2	0	0
neutron	939.565	12.4395	99999.1	0	0
Be10	9325.5	3.16046	99999.1	0	0
neutron	939.565	7.68769	99999.1	0	0
neutron	939.565	3.22282	99999.1	0	0
neutron	939.565	0.642365	99999.1	0	0
Be8	7454.85	0.409735	99999.1	0	0
neutron	939.565	2.69701	99999.1	0	0
neutron	939.565	2.60567	99999.1	0	0
Be8	7454.85	2.67489	99999.1	0	0
neutron	939.565	4.56892	99999.1	0	0
alpha	3727.38	3.70183	99999.1	0	0
alpha	3727.38	5.9996	99999.1	0	0
neutron	939.565	16.1816	99999.1	0	0
neutron	939.565	8.45671	99999.1	0	0
Li7	6533.83	1.90709	99999.1	0	0
neutron	939.565	12.1553	99999.1	0	0
neutron	939.565	4.83701	99999.1	0	0
B10	9324.44	1.26605	99999.1	0	0
neutron	939.565	9.13046	99999.1	0	0
neutron	939.565	1.75079	99999.1	0	0
neutron	939.565	0.856531	99999.1	0	0
Be8	7454.85	1.75516	99999.1	0	0
neutron	939.565	20.3523	99999.2	0	0
alpha	3727.38	10.5011	99999.2	0	0
He6	5605.53	7.89797	99999.2	0	0
neutron	939.565	0.204546	99999	0	0
B11	10252.5	0.377469	99999	0	0
neutron	939.565	25.2759	99999.1	0	0
neutron	939.565	4.02638	99999.1	0	0
neutron	939.565	0.221312	99999.1	0	0
Be8	7454.85	3.39457	99999.1	0	0
neutron	939.565	2.89737	99999.1	0	0
B11	10252.5	1.07159	99999.1	0	0
neutron	939.565	2.36992	99999.1	0	0
B11	10252.5	0.317799	99999.1	0	0
neutron	939.565	6.19257	99999.1	0	0
neutron	939.565	4.65874	99999.1	0	0
Be9	8392.75	1.71808	99999.1	0	0
neutron	939.565	9.14174	99999.7	0	0
neutron	939.565	6.74934	99999.7	0	0
neutron	939.565	5.86328	99999.7	0	0
B10	9324.44	0.981807	99999.7	0	0
neutron	939.565	2.97355	99999.1	0	0
alpha	3727.38	7.0763	99999.1	0	0
alpha	3727.38	1.96688	99999.1	0	0
neutron	939.565	4.671	99999.1	0	0
neutron	939.565	3.14666	99999.1	0	0
neutron	939.565	1.87803	99999.1	0	0
Be8	7454.85	0.775513	99999.1	0	0
neutron	939.565	2.28621	99999.1	0	0
neutron	939.565	1.98526	99999.1	0	0
Be8	7454.85	2.81662	99999.1	0	0
neutron	939.565	23.746	99999	0	0
B11	10252.5	1.47178	99999	0	0
neutron	939.565	2.14144	99999.2	0	0
B11	10252.5	0.0931453	99999.2	0	0
neutron	939.565	1.15491	99999.1	0	0
Be8	7454.85	4.83654	99999.1	0	0
neutron	939.565	2.75882	99999.1	0	0
Be8	7454.85	2.45384	99999.1	0	0
neutron	939.565	5.76078	99999.1	0	0
neutron	939.565	4.20131	99999.1	0	0
Li8	7471.37	1.60569	99999.1	0	0
neutron	939.565	7.68949	99999.1	0	0
B11	10252.5	0.817326	99999.1	0	0
neutron	939.565	3.54795	99999.1	0	0
neutron	939.565	1.49173	99999.1	0	0
B10	9324.44	0.499013	99999.1	0	0
B12	11188.7	0.360845	99999.1	0	0
neutron	939.565	7.03648	99999.1	0	0
neutron	939.565	4.84892	99999.1	0	0
neutron	939.565	3.93888	99999.1	0	0
alpha	3727.38	4.66761	99999.1	0	0
alpha	3727.38	1.82585	99999.1	0	0
neutron	939.565	4.95374	99999.1	0	0
B11	10252.5	1.19689	99999.1	0	0
neutron	939.565	0.48155	99999.1	0	0
B11	10252.5	0.249467	99999.1	0	0
neutron	939.565	8.01297	99999.1	0	0
neutron	939.565	4.78038	99999.1	0	0
neutron	939.565	0.685014	99999.1	0	0
alpha	3727.38	4.87533	99999.1	0	0
alpha	3727.38	3.03102	99999.1	0	0
neutron	939.565	4.34407	99999.1	0	0
neutron	939.565	4.28951	99999.1	0	0
Be9	8392.75	0.932045	99999.1	0	0
neutron	939.565	4.73574	99999.1	0	0
neutron	939.565	1.04327	99999.1	0	0
Be8	7454.85	1.09321	99999.1	0	0
neutron	939.565	16.4017	99999.1	0	0
neutron	939.565	5.63382	99999.1	0	0
B10	9324.44	1.4697	99999.1	0	0
neutron	939.565	2.31978	99999.1	0	0
Be10	9325.5	5.20316	99999.1	0	0
neutron	939.565	23.4115	99999.1	0	0
B11	10252.5	3.25835	99999.1	0	0
neutron	939.565	25.5607	99999	0	0
neutron	939.565	5.38385	99999	0	0
Be7	6534.18	1.65169	99999	0	0
neutron	939.565	11.3788	99999.1	0	0
neutron	939.565	2.23566	99999.1	0	0
neutron	939.565	0.628276	99999.1	0	0
alpha	3727.38	3.56321	99999.1	0	0
alpha	3727.38	1.8919	99999.1	0	0
neutron	939.565	3.95416	99999.1	0	0
B11	10252.5	0.665704	99999.1	0	0
neutron	939.565	1.88628	99999.1	0	0
B11	10252.5	0.509798	99999.1	0	0
neutron	939.565	4.19138	99999.1	0	0
B11	10252.5	0.232597	99999.1	0	0
neutron	939.565	11.8275	99999.1	0	0
neutron	939.565	5.52238	99999.1	0	0
neutron	939.565	0.748892	99999.1	0	0
Be8	7454.85	7.994	99999.1	0	0
neutron	939.565	18.4882	99999.1	0	0
neutron	939.565	6.714	99999.1	0	0
neutron	939.565	1.61838	99999.1	0	0
alpha	3727.38	1.86269	99999.1	0	0
alpha	3727.38	2.63494	99999.1	0	0
neutron	939.565	1.60906	99999.1	0	0
B11	10252.5	0.48681	99999.1	0	0
neutron	939.565	5.39652	99999.1	0	0
alpha	3727.38	4.99584	99999.1	0	0
alpha	3727.38	1.71317	99999.1	0	0
neutron	939.565	3.31877	99999.1	0	0
B11	10252.5	0.747719	99999.1	0	0
neutron	939.565	6.56293	99999	0	0
neutron	939.565	1.92648	99999	0	0
He3	2808.39	4.99814	99999	0	0
alpha	3727.38	5.66875	99999	0	0
neutron	939.565	11.5834	99999.1	0	0
neutron	939.565	15.1478	99999.1	0	0
neutron	939.565	12.9256	99999.1	0	0
alpha	3727.38	2.76602	99999.1	0	0
alpha	3727.38	5.1028	99999.1	0	0
neutron	939.565	12.3758	99999.1	0	0
B11	10252.5	1.17502	99999.1	0	0
neutron	939.565	7.05711	99999	0	0
neutron	939.565	2.04972	99999	0	0
neutron	939.565	1.88967	99999	0	0
alpha	3727.38	8.29542	99999	0	0
alpha	3727.38	6.28523	99999	0	0
neutron	939.565	7.20296	99999.1	0	0
alpha	3727.38	6.41207	99999.1	0	0
alpha	3727.38	8.10805	99999.1	0	0
neutron	939.565	4.34879	99999.1	0	0
Be10	9325.5	0.936908	99999.1	0	0
neutron	939.565	20.1384	99999.1	0	0
neutron	939.565	0.842787	99999.1	0	0
Be9	8392.75	4.95201	99999.1	0	0
neutron	939.565	5.99171	99999.1	0	0
B11	10252.5	1.21941	99999.1	0	0
neutron	939.565	1.56369	99999.1	0	0
Be8	7454.85	4.77642	99999.1	0	0
neutron	939.565	12.035	99999.1	0	0
Be8	7454.85	2.18293	99999.1	0	0
neutron	939.565	18.6813	99999.1	0	0
neutron	939.565	14.2844	99999.1	0	0
neutron	939.565	4.13855	99999.1	0	0
alpha	3727.38	4.70881	99999.1	0	0
alpha	3727.38	0.737302	99999.1	0	0
neutron	939.565	4.08015	99999.1	0	0
B11	10252.5	0.966456	99999.1	0	0
B12	11188.7	0.356042	99999.1	0	0
neutron	939.565	0.319512	99999.1	0	0
B12	11188.7	0.37082	99999.1	0	0
neutron	939.565	6.26187	99999.1	0	0
neutron	939.565	0.693872	99999.1	0	0
B10	9324.44	0.81656	99999.1	0	0
neutron	939.565	23.8999	99999.1	0	0
neutron	939.565	7.46194	99999.1	0	0
neutron	939.565	3.42039	99999.1	0	0
Be8	7454.85	5.40102	99999.1	0	0
neutron	939.565	7.95111	99999.1	0	0
neutron	939.565	3.81685	99999.1	0	0
Be9	8392.75	0.404035	99999.1	0	0
neutron	939.565	4.90286	99999.1	0	0
neutron	939.565	4.10873	99999.1	0	0
B10	9324.44	0.127127	99999.1	0	0
neutron	939.565	1.33232	99999.1	0	0
B11	10252.5	0.224828	99999.1	0	0
neutron	939.565	10.5969	99999.1	0	0
B12	11188.7	0.816727	99999.1	0	0
neutron	939.565	15.5262	99999.1	0	0
neutron	939.565	2.67382	99999.1	0	0
neutron	939.565	2.65559	99999.1	0	0
alpha	3727.38	5.1704	99999.1	0	0
alpha	3727.38	1.57134	99999.1	0	0
neutron	939.565	19.6883	99999.1	0	0
neutron	939.565	0.786572	99999.1	0	0
neutron	939.565	0.217676	99999.1	0	0
alpha	3727.38	6.005	99999.1	0	0
alpha	3727.38	0.681614	99999.1	0	0
B12	11188.7	0.371561	99999.1	0	0
neutron	939.565	10.1972	99999	0	0
Be10	9325.5	0.666924	99999	0	0
neutron	939.565	3.40182	99999.1	0	0
neutron	939.565	0.494564	99999.1	0	0
B10	9324.44	0.975603	99999.1	0	0
neutron	939.565	2.11257	99999.1	0	0
B11	10252.5	0.219638	99999.1	0	0
neutron	939.565	5.8433	99999.1	0	0
B11	10252.5	0.792865	99999.1	0	0
neutron	939.565	3.69641	99999.1	0	0
B11	10252.5	0.382539	99999.1	0	0
B12	11188.7	0.332281	99999.1	0	0
neutron	939.565	27.2407	99999.2	0	0
alpha	3727.38	12.407	99999.2	0	0
alpha	3727.38	0.73531	99999.2	0	0
neutron	939.565	3.85861	99999.1	0	0
neutron	939.565	1.24628	99999.1	0	0
B10	9324.44	0.719603	99999.1	0	0
neutron	939.565	44.7071	99999.1	0	0
alpha	3727.38	3.61237	99999.1	0	0
alpha	3727.38	4.25735	99999.1	0	0
neutron	939.565	16.6502	99999.1	0	0
neutron	939.565	1.18225	99999.1	0	0
Be9	8392.75	0.279171	99999.1	0	0
neutron	939.565	2.19285	99999.2	0	0
Be8	7454.85	1.79659	99999.2	0	0
neutron	939.565	5.46586	99999.1	0	0
neutron	939.565	2.47228	99999.1	0	0
B11	10252.5	1.92013	99999.1	0	0
neutron	939.565	8.80546	99999.1	0	0
alpha	3727.38	5.70486	99999.1	0	0
alpha	3727.38	2.39944	99999.1	0	0
neutron	939.565	0.797701	99999.1	0	0
B11	10252.5	0.545184	99999.1	0	0
neutron	939.565	28.6983	99999.1	0	0
neutron	939.565	5.68491	99999.1	0	0
alpha	3727.38	1.26363	99999.1	0	0
alpha	3727.38	6.54535	99999.1	0	0
neutron	939.565	0.0524444	99999.1	0	0
B11	10252.5	0.355643	99999.1	0	0
neutron	939.565	4.11825	99999	0	0
B11	10252.5	1.09229	99999	0	0
neutron	939.565	15.5466	99999.1	0	0
neutron	939.565	1.61086	99999.1	0	0
neutron	939.565	0.563975	99999.1	0	0
alpha	3727.38	5.99998	99999.1	0	0
alpha	3727.38	3.27097	99999.1	0	0
neutron	939.565	1.12293	99999.2	0	0
B11	10252.5	0.102178	99999.2	0	0
neutron	939.565	1.5673	99999.1	0	0
B11	10252.5	0.245107	99999.1	0	0
neutron	939.565	1.67649	99999	0	0
alpha	3727.38	5.56099	99999	0	0
He5	4667.68	7.27146	99999	0	0
neutron	939.565	11.2602	99999.1	0	0
neutron	939.565	1.42749	99999.1	0	0
Be8	7454.85	2.74349	99999.1	0	0
B12	11188.7	0.343615	99999.1	0	0
neutron	939.565	2.19978	99999.1	0	0
neutron	939.565	0.0138509	99999.1	0	0
B10	9324.44	0.356652	99999.1	0	0
neutron	939.565	27.9572	99999.1	0	0
neutron	939.565	7.73071	99999.1	0	0
Be9	8392.75	0.924516	99999.1	0	0
neutron	939.565	30.7285	99999.1	0	0
alpha	3727.38	5.49315	99999.1	0	0
alpha	3727.38	7.20116	99999.1	0	0
neutron	939.565	1.88447	99999.1	0	0
Be10	9325.5	2.86467	99999.1	0	0
neutron	939.565	3.04497	99999.1	0	0
B11	10252.5	1.07059	99999.1	0	0
neutron	939.565	4.46227	99999.1	0	0
B11	10252.5	1.2721	99999.1	0	0
neutron	939.565	28.6929	99999.1	0	0
neutron	939.565	4.55927	99999.1	0	0
neutron	939.565	1.03906	99999.1	0	0
Be8	7454.85	1.34603	99999.1	0	0
neutron	939.565	5.26836	99999.1	0	0
neutron	939.565	2.73707	99999.1	0	0
Be8	7454.85	0.649017	99999.1	0	0
neutron	939.565	26.7034	99999.1	0	0
neutron	939.565	4.78399	99999.1	0	0
neutron	939.565	0.55809	99999.1	0	0
Be8	7454.85	3.1631	99999.1	0	0
B12	11188.7	0.356423	99999	0	0
neutron	939.565	13.013	99999	0	0
neutron	939.565	8.43689	99999	0	0
neutron	939.565	7.64232	99999	0	0
alpha	3727.38	3.74627	99999	0	0
alpha	3727.38	4.52625	99999	0	0
neutron	939.565	19.4185	99999.1	0	0
Be10	9325.5	1.33235	99999.1	0	0
neutron	939.565	3.01555	99999.1	0	0
neutron	939.565	0.0661171	99999.1	0	0
Be9	8392.75	0.278648	99999.1	0	0
neutron	939.565	1.934	99999.1	0	0
B11	10252.5	0.662817	99999.1	0	0
neutron	939.565	13.4861	99999.1	0	0
neutron	939.565	12.3818	99999.1	0	0
neutron	939.565	4.37481	99999.1	0	0
Be8	7454.85	0.383069	99999.1	0	0
neutron	939.565	15.6794	99999.1	0	0
neutron	939.565	4.5921	99999.1	0	0
neutron	939.565	3.18969	99999.1	0	0
Be8	7454.85	0.632322	99999.1	0	0
neutron	939.565	0.528227	99999.1	0	0
B11	10252.5	0.450152	99999.1	0	0
neutron	939.565	18.7787	99999.1	0	0
neutron	939.565	5.9377	99999.1	0	0
neutron	939.565	2.66416	99999.1	0	0
alpha	3727.38	11.7008	99999.1	0	0
alpha	3727.38	0.944297	99999.1	0	0
neutron	939.565	4.48669	99999.1	0	0
neutron	939.565	3.51057	99999.1	0	0
B10	9324.44	0.858183	99999.1	0	0
neutron	939.565	17.2085	99999.1	0	0
neutron	939.565	2.96028	99999.1	0	0
alpha	3727.38	7.29726	99999.1	0	0
alpha	3727.38	2.32174	99999.1	0	0
neutron	939.565	12.5635	99999.1	0	0
neutron	939.565	3.44216	99999.1	0	0
B10	9324.44	2.59415	99999.1	0	0
neutron	939.565	4.45675	99999.1	0	0
alpha	3727.38	6.87528	99999.1	0	0
alpha	3727.38	5.16642	99999.1	0	0
neutron	939.565	5.94778	99999.1	0	0
Be8	7454.85	2.04888	99999.1	0	0
neutron	939.565	8.47027	99999.1	0	0
neutron	939.565	7.77054	99999.1	0	0
B10	9324.44	3.26126	99999.1	0	0
neutron	939.565	8.61138	99999.1	0	0
alpha	3727.38	3.86977	99999.1	0	0
alpha	3727.38	5.42486	99999.1	0	0
neutron	939.565	5.62151	99999.1	0	0
neutron	939.565	2.91368	99999.1	0	0
B10	9324.44	1.79282	99999.1	0	0
neutron	939.565	3.59396	99999.1	0	0
B11	10252.5	0.136333	99999.1	0	0
neutron	939.565	2.50576	99999.1	0	0
B11	10252.5	0.615544	99999.1	0	0
neutron	939.565	14.9257	99999.1	0	0
neutron	939.565	1.95171	99999.1	0	0
Be9	8392.75	1.94758	99999.1	0	0
neutron	939.565	7.16885	99999.1	0	0
Be8	7454.85	1.21765	99999.1	0	0
B12	11188.7	0.358702	99999.1	0	0
neutron	939.565	9.27728	99999.1	0	0
neutron	939.565	4.62038	99999.1	0	0
neutron	939.565	4.2618	99999.1	0	0
alpha	3727.38	8.72616	99999.1	0	0
alpha	3727.38	2.12253	99999.1	0	0
neutron	939.565	6.18711	99999.1	0	0
Be9	8392.75	0.706372	99999.1	0	0
neutron	939.565	1.05341	99999.1	0	0
neutron	939.565	0.700666	99999.1	0	0
Be9	8392.75	2.10033	99999.1	0	0
neutron	939.565	2.51323	99999.1	0	0
neutron	939.565	2.11747	99999.1	0	0
Be9	8392.75	0.723372	99999.1	0	0
neutron	939.565	3.83322	99999.1	0	0
neutron	939.565	0.739224	99999.1	0	0
B10	9324.44	0.246351	99999.1	0	0
neutron	939.565	17.8041	99999.1	0	0
neutron	939.565	11.3386	99999.1	0	0
alpha	3727.38	2.53672	99999.1	0	0
alpha	3727.38	2.67123	99999.1	0	0
neutron	939.565	6.82353	99999.1	0	0
B11	10252.5	0.260991	99999.1	0	0
neutron	939.565	0.154978	99999.1	0	0
alpha	3727.38	4.1809	99999.1	0	0
alpha	3727.38	4.21056	99999.1	0	0
neutron	939.565	2.26877	99999.1	0	0
B11	10252.5	0.205289	99999.1	0	0
neutron	939.565	7.1814	99999.1	0	0
B11	10252.5	0.246147	99999.1	0	0
neutron	939.565	2.49904	99999.1	0	0
B11	10252.5	0.908378	99999.1	0	0
neutron	939.565	10.3087	99999.1	0	0
B11	10252.5	1.46908	99999.1	0	0
neutron	939.565	0.882792	99999	0	0
B11	10252.5	0.405279	99999	0	0
neutron	939.565	35.8318	99999.1	0	0
neutron	939.565	2.84464	99999.1	0	0
neutron	939.565	1.15799	99999.1	0	0
Be8	7454.85	3.03369	99999.1	0	0
neutron	939.565	5.45004	99999.1	0	0
alpha	3727.38	2.35817	99999.1	0	0
alpha	3727.38	3.52961	99999.1	0	0
B12	11188.7	0.336525	99999	0	0
neutron	939.565	15.3491	99999.1	0	0
neutron	939.565	3.61477	99999.1	0	0
neutron	939.565	0.2817	99999.1	0	0
Be8	7454.85	0.0682232	99999.1	0	0
neutron	939.565	6.58535	99999.1	0	0
neutron	939.565	1.50239	99999.1	0	0
alpha	3727.38	0.676626	99999.1	0	0
alpha	3727.38	11.0934	99999.1	0	0
B12	11188.7	0.358566	99999.1	0	0
neutron	939.565	10.2066	99999.1	0	0
Be8	7454.85	0.488565	99999.1	0	0
neutron	939.565	18.1475	99999.1	0	0
neutron	939.565	16.5504	99999.1	0	0
neutron	939.565	0.907244	99999.1	0	0
Be8	7454.85	5.61053	99999.1	0	0
neutron	939.565	3.04977	99999.1	0	0
Be10	9325.5	1.22794	99999.1	0	0
neutron	939.565	4.3261	99999.1	0	0
neutron	939.565	2.65034	99999.1	0	0
Be9	8392.75	2.50526	99999.1	0	0
neutron	939.565	10.3235	99999.1	0	0
B11	10252.5	1.07473	99999.1	0	0
Be10	9325.5	4.13283	99999.1	0	0
B12	11188.7	0.334286	99999.1	0	0
neutron	939.565	2.6515	99999.1	0	0
B11	10252.5	0.478814	99999.1	0	0
neutron	939.565	10.9687	99999.1	0	0
B11	10252.5	1.09731	99999.1	0	0
neutron	939.565	6.35426	99999.1	0	0
neutron	939.565	0.156161	99999.1	0	0
B10	9324.44	0.687268	99999.1	0	0
neutron	939.565	15.2742	99999.1	0	0
neutron	939.565	4.97695	99999.1	0	0
Be8	7454.85	8.74972	99999.1	0	0
neutron	939.565	2.52797	99999.1	0	0
neutron	939.565	1.83768	99999.1	0	0
alpha	3727.38	0.460425	99999.1	0	0
alpha	3727.38	6.16279	99999.1	0	0
neutron	939.565	6.61784	99999.1	0	0
neutron	939.565	0.783932	99999.1	0	0
Be9	8392.75	0.10853	99999.1	0	0
neutron	939.565	16.1345	99999.1	0	0
Be8	7454.85	6.04161	99999.1	0	0
neutron	939.565	3.35142	99999.1	0	0
neutron	939.565	2.53431	99999.1	0	0
Be8	7454.85	2.2167	99999.1	0	0
neutron	939.565	3.76645	99999.1	0	0
B11	10252.5	0.354135	99999.1	0	0
neutron	939.565	30.0675	99999.1	0	0
neutron	939.565	1.57179	99999.1	0	0
neutron	939.565	0.546227	99999.1	0	0
B10	9324.44	2.0392	99999.1	0	0
B12	11188.7	0.342481	99999.1	0	0
neutron	939.565	0.549634	99999.1	0	0
Be10	9325.5	1.44763	99999.1	0	0
neutron	939.565	5.78283	99999.1	0	0
neutron	939.565	0.122041	99999.1	0	0
B10	9324.44	0.921797	99999.1	0	0
B12	11188.7	0.360074	99999.1	0	0
neutron	939.565	12.4262	99999.1	0	0
neutron	939.565	3.03878	99999.1	0	0
alpha	3727.38	5.79835	99999.1	0	0
alpha	3727.38	4.18981	99999.1	0	0
neutron	939.565	18.7676	99999.1	0	0
Be10	9325.5	1.07322	99999.1	0	0
neutron	939.565	1.70693	99999.1	0	0
B11	10252.5	0.464802	99999.1	0	0
neutron	939.565	3.84612	99999.1	0	0
Be9	8392.75	0.891961	99999.1	0	0
neutron	939.565	0.912166	99999.2	0	0
alpha	3727.38	5.44051	99999.2	0	0
alpha	3727.38	2.55298	99999.2	0	0
neutron	939.565	26.9724	99999.1	0	0
neutron	939.565	1.95242	99999.1	0	0
neutron	939.565	1.84652	99999.1	0	0
Be8	7454.85	0.158365	99999.1	0	0
neutron	939.565	4.31898	99999.1	0	0
neutron	939.565	4.1197	99999.1	0	0
neutron	939.565	0.576224	99999.1	0	0
Be8	7454.85	1.1055	99999.1	0	0
neutron	939.565	24.2148	99999.1	0	0
neutron	939.565	1.58745	99999.1	0	0
Be9	8392.75	1.32191	99999.1	0	0
neutron	939.565	7.57183	99999.1	0	0
alpha	3727.38	8.52108	99999.1	0	0
alpha	3727.38	6.20293	99999.1	0	0
neutron	939.565	6.71344	99999.1	0	0
neutron	939.565	6.23656	99999.1	0	0
Be9	8392.75	0.559383	99999.1	0	0
neutron	939.565	2.21247	99999.1	0	0
neutron	939.565	0.915604	99999.1	0	0
Be9	8392.75	0.106649	99999.1	0	0
neutron	939.565	2.90748	99999.2	0	0
B11	10252.5	0.514104	99999.2	0	0
neutron	939.565	5.4477	99999.1	0	0
neutron	939.565	1.12352	99999.1	0	0
neutron	939.565	1.0033	99999.1	0	0
alpha	3727.38	2.20468	99999.1	0	0
alpha	3727.38	6.36957	99999.1	0	0
neutron	939.565	0.295759	99999.1	0	0
B11	10252.5	0.422924	99999.1	0	0
neutron	939.565	16.0681	99999.1	0	0
neutron	939.565	5.72129	99999.1	0	0
neutron	939.565	0.672155	99999.1	0	0
Be8	7454.85	1.57192	99999.1	0	0
B12	11188.7	0.357743	99999.1	0	0
neutron	939.565	2.39414	99999.1	0	0
Be9	8392.75	1.10313	99999.1	0	0
neutron	939.565	10.6803	99999.1	0	0
alpha	3727.38	7.44777	99999.1	0	0
alpha	3727.38	7.02741	99999.1	0	0
neutron	939.565	11.517	99999.1	0	0
neutron	939.565	9.19064	99999.1	0	0
Be8	7454.85	0.812571	99999.1	0	0
neutron	939.565	2.18962	99999.1	0	0
Be8	7454.85	2.75677	99999.1	0	0
neutron	939.565	10.0528	99999.1	0	0
alpha	3727.38	4.74922	99999.1	0	0
alpha	3727.38	12.0246	99999.1	0	0
neutron	939.565	3.20687	99999.1	0	0
alpha	3727.38	7.65601	99999.1	0	0
alpha	3727.38	5.27322	99999.1	0	0
Be10	9325.5	2.51199	99999.1	0	0
neutron	939.565	4.36968	99999.1	0	0
neutron	939.565	0.58313	99999.1	0	0
alpha	3727.38	2.73722	99999.1	0	0
alpha	3727.38	2.39079	99999.1	0	0
neutron	939.565	11.0135	99999.1	0	0
neutron	939.565	6.70672	99999.1	0	0
neutron	939.565	5.99465	99999.1	0	0
Be8	7454.85	0.47562	99999.1	0	0
neutron	939.565	2.58209	99999.1	0	0
neutron	939.565	1.19397	99999.1	0	0
B10	9324.44	0.0651447	99999.1	0	0
B12	11188.7	0.357151	99999.2	0	0
neutron	939.565	6.19339	99999.1	0	0
neutron	939.565	0.166838	99999.1	0	0
B10	9324.44	0.596204	99999.1	0	0
neutron	939.565	1.91306	99999.1	0	0
B11	10252.5	0.290158	99999.1	0	0
neutron	939.565	0.146506	99999.1	0	0
Be8	7454.85	4.98666	99999.1	0	0
neutron	939.565	2.93829	99999.1	0	0
neutron	939.565	2.74883	99999.1	0	0
neutron	939.565	1.32902	99999.1	0	0
Be8	7454.85	0.100104	99999.1	0	0
neutron	939.565	7.17831	99999.1	0	0
B11	10252.5	0.848952	99999.1	0	0
neutron	939.565	5.96422	99999.1	0	0
alpha	3727.38	6.06075	99999.1	0	0
alpha	3727.38	4.36508	99999.1	0	0
B12	11188.7	0.366615	99999.1	0	0
neutron	939.565	4.34291	99999.1	0	0
Be10	9325.5	0.677692	99999.1	0	0
neutron	939.565	3.42359	99999.1	0	0
Be9	8392.75	0.574285	99999.1	0	0
neutron	939.565	9.63194	99999	0	0
Be10	9325.5	0.649776	99999	0	0
neutron	939.565	17.7016	99999.1	0	0
neutron	939.565	4.81172	99999.1	0	0
Be8	7454.85	0.963237	99999.1	0	0
neutron	939.565	1.58567	99999.1	0	0
alpha	3727.38	21.0746	99999.1	0	0
alpha	3727.38	8.57225	99999.1	0	0
neutron	939.565	1.89013	99999.1	0	0
B11	10252.5	0.618618	99999.1	0	0
neutron	939.565	2.57462	99999.1	0	0
neutron	939.565	1.19849	99999.1	0	0
neutron	939.565	0.076175	99999.1	0	0
Be8	7454.85	0.170618	99999.1	0	0
neutron	939.565	1.46537	99999.1	0	0
neutron	939.565	0.765253	99999.1	0	0
neutron	939.565	0.0733603	99999.1	0	0
Be8	7454.85	2.33131	99999.1	0	0
neutron	939.565	4.41685	99999.1	0	0
neutron	939.565	0.847612	99999.1	0	0
B10	9324.44	0.553036	99999.1	0	0
neutron	939.565	4.1716	99999	0	0
B11	10252.5	0.964066	99999	0	0
neutron	939.565	14.3675	99999.1	0	0
Be10	9325.5	1.2121	99999.1	0	0
neutron	939.565	10.985	99999.1	0	0
neutron	939.565	7.76338	99999.1	0	0
B10	9324.44	0.628537	99999.1	0	0
neutron	939.565	10.0793	99999.1	0	0
B11	10252.5	1.20554	99999.1	0	0
neutron	939.565	3.03081	99999.1	0	0
B11	10252.5	0.97227	99999.1	0	0
neutron	939.565	0.83028	99999.1	0	0
B11	10252.5	0.740375	99999.1	0	0
neutron	939.565	8.81145	99999.1	0	0
neutron	939.565	1.26142	99999.1	0	0
neutron	939.565	1.22269	99999.1	0	0
Be8	7454.85	1.94113	99999.1	0	0
neutron	939.565	19.1527	99999.1	0	0
alpha	3727.38	4.83662	99999.1	0	0
alpha	3727.38	6.72682	99999.1	0	0
neutron	939.565	4.46767	99999.1	0	0
B11	10252.5	1.06984	99999.1	0	0
neutron	939.565	0.469803	99999.1	0	0
B11	10252.5	0.546449	99999.1	0	0
neutron	939.565	5.8581	99999.1	0	0
neutron	939.565	0.630499	99999.1	0	0
neutron	939.565	0.193691	99999.1	0	0
Be8	7454.85	0.390645	99999.1	0	0
neutron	939.565	9.64058	99999.1	0	0
Be10	9325.5	1.6068	99999.1	0	0
neutron	939.565	6.58263	99999.1	0	0
B11	10252.5	0.529089	99999.1	0	0
neutron	939.565	24.748	99999.1	0	0
neutron	939.565	0.433839	99999.1	0	0
B10	9324.44	1.68413	99999.1	0	0
B12	11188.7	0.363489	99999.1	0	0
neutron	939.565	16.8989	99999.2	0	0
neutron	939.565	3.68291	99999.2	0	0
Be9	8392.75	1.307	99999.2	0	0
neutron	939.565	6.18922	99999.1	0	0
alpha	3727.38	3.85546	99999.1	0	0
neutron	939.565	33.0529	99999.1	0	0
Be8	7454.85	2.19798	99999.1	0	0
neutron	939.565	0.801955	99999.1	0	0
B11	10252.5	0.130382	99999.1	0	0
neutron	939.565	3.57783	99999.1	0	0
neutron	939.565	1.19402	99999.1	0	0
neutron	939.565	0.334016	99999.1	0	0
Be8	7454.85	0.788972	99999.1	0	0
neutron	939.565	13.0319	99999	0	0
neutron	939.565	1.24916	99999	0	0
Be9	8392.75	0.954478	99999	0	0
neutron	939.565	12.6304	99999.1	0	0
neutron	939.565	7.08529	99999.1	0	0
neutron	939.565	1.3809	99999.1	0	0
alpha	3727.38	1.6013	99999.1	0	0
alpha	3727.38	4.08068	99999.1	0	0
neutron	939.565	8.73651	99999.1	0	0
neutron	939.565	6.74924	99999.1	0	0
neutron	939.565	2.85285	99999.1	0	0
alpha	3727.38	0.390752	99999.1	0	0
alpha	3727.38	9.81215	99999.1	0	0
neutron	939.565	35.0017	99999.1	0	0
neutron	939.565	4.3818	99999.1	0	0
neutron	939.565	0.404372	99999.1	0	0
Be8	7454.85	3.06638	99999.1	0	0
neutron	939.565	5.87759	99999.1	0	0
neutron	939.565	4.65112	99999.1	0	0
alpha	3727.38	0.936313	99999.1	0	0
alpha	3727.38	4.99578	99999.1	0	0
neutron	939.565	32.9962	99999.1	0	0
neutron	939.565	3.35963	99999.1	0	0
Be9	8392.75	2.12132	99999.1	0	0
neutron	939.565	4.99052	99999.1	0	0
neutron	939.565	2.70461	99999.1	0	0
Be8	7454.85	1.9471	99999.1	0	0
neutron	939.565	13.5474	99999.1	0	0
B11	10252.5	0.437181	99999.1	0	0
neutron	939.565	0.173462	99999.1	0	0
B11	10252.5	0.359647	99999.1	0	0
neutron	939.565	7.08848	99999.1	0	0
B11	10252.5	0.305419	99999.1	0	0
neutron	939.565	0.746537	99999.1	0	0
Be8	7454.85	2.00494	99999.1	0	0
neutron	939.565	1.63552	99999.1	0	0
Be9	8392.75	1.34082	99999.1	0	0
neutron	939.565	2.55246	99999.1	0	0
B11	10252.5	0.330124	99999.1	0	0
neutron	939.565	18.1405	99999.1	0	0
Li7	6533.83	0.904822	99999.1	0	0
neutron	939.565	10.2263	99999.2	0	0
neutron	939.565	0.709875	99999.2	0	0
B10	9324.44	0.642022	99999.2	0	0
neutron	939.565	11.242	99999.1	0	0
neutron	939.565	6.19082	99999.1	0	0
neutron	939.565	4.4618	99999.1	0	0
Be8	7454.85	8.20168	99999.1	0	0
neutron	939.565	22.5555	99999.1	0	0
neutron	939.565	0.322078	99999.1	0	0
Be9	8392.75	5.80835	99999.1	0	0
neutron	939.565	1.90418	99999.1	0	0
B11	10252.5	0.137521	99999.1	0	0
neutron	939.565	39.3531	99999.1	0	0
neutron	939.565	0.875022	99999.1	0	0
Be9	8392.75	5.07948	99999.1	0	0
neutron	939.565	34.258	99999	0	0
alpha	3727.38	3.71958	99999	0	0
alpha	3727.38	1.18643	99999	0	0
neutron	939.565	7.30189	99999.1	0	0
Be10	9325.5	0.822422	99999.1	0	0
neutron	939.565	11.3795	99999.1	0	0
neutron	939.565	8.06774	99999.1	0	0
neutron	939.565	1.56489	99999.1	0	0
Be8	7454.85	0.240059	99999.1	0	0
neutron	939.565	8.90903	99999.1	0	0
alpha	3727.38	4.31215	99999.1	0	0
alpha	3727.38	3.97759	99999.1	0	0
neutron	939.565	3.75655	99999.1	0	0
neutron	939.565	3.22152	99999.1	0	0
B10	9324.44	1.09407	99999.1	0	0
neutron	939.565	12.397	99999.1	0	0
neutron	939.565	2.19203	99999.1	0	0
neutron	939.565	1.09851	99999.1	0	0
Be8	7454.85	1.75018	99999.1	0	0
neutron	939.565	0.259347	99999.1	0	0
B11	10252.5	0.260797	99999.1	0	0
neutron	939.565	11.3491	99999.1	0	0
B11	10252.5	2.2047	99999.1	0	0
neutron	939.565	10.7401	99999.1	0	0
B11	10252.5	1.28929	99999.1	0	0
neutron	939.565	19.4863	99999.1	0	0
neutron	939.565	11.7758	99999.1	0	0
B10	9324.44	1.724	99999.1	0	0
neutron	939.565	7.69382	99999.1	0	0
B11	10252.5	0.196962	99999.1	0	0
neutron	939.565	2.60504	99999.1	0	0
Be8	7454.85	1.48592	99999.1	0	0
neutron	939.565	5.09579	99999.1	0	0
B11	10252.5	0.290883	99999.1	0	0
neutron	939.565	6.962	99999.2	0	0
neutron	939.565	0.375309	99999.2	0	0
Be8	7454.85	1.37776	99999.2	0	0
neutron	939.565	4.98466	99999.1	0	0
neutron	939.565	3.36925	99999.1	0	0
Be8	7454.85	0.414486	99999.1	0	0
neutron	939.565	6.66357	99999.1	0	0
alpha	3727.38	6.5203	99999.1	0	0
alpha	3727.38	0.882529	99999.1	0	0
neutron	939.565	18.8031	99999.1	0	0
neutron	939.565	2.57099	99999.1	0	0
neutron	939.565	1.9169	99999.1	0	0
Be8	7454.85	3.62762	99999.1	0	0
neutron	939.565	3.26762	99999.1	0	0
alpha	3727.38	9.29219	99999.1	0	0
alpha	3727.38	1.55988	99999.1	0	0
neutron	939.565	9.25544	99999.1	0	0
Be8	7454.85	3.61203	99999.1	0	0
neutron	939.565	9.46129	99999.1	0	0
neutron	939.565	3.92333	99999.1	0	0
B10	9324.44	0.652722	99999.1	0	0
neutron	939.565	8.3381	99999.1	0	0
neutron	939.565	0.816751	99999.1	0	0
Be9	8392.75	1.71272	99999.1	0	0
neutron	939.565	19.7143	99999.1	0	0
neutron	939.565	0.985411	99999.1	0	0
neutron	939.565	0.0809495	99999.1	0	0
Be8	7454.85	0.819149	99999.1	0	0
neutron	939.565	16.8919	99999.1	0	0
neutron	939.565	2.40361	99999.1	0	0
alpha	3727.38	8.385	99999.1	0	0
alpha	3727.38	2.66029	99999.1	0	0
neutron	939.565	3.62399	99999.1	0	0
neutron	939.565	2.27481	99999.1	0	0
neutron	939.565	0.762375	99999.1	0	0
Be8	7454.85	1.80717	99999.1	0	0
neutron	939.565	1.83864	99999.1	0	0
neutron	939.565	1.18351	99999.1	0	0
Be9	8392.75	0.413768	99999.1	0	0
neutron	939.565	3.46357	99999.1	0	0
B11	10252.5	0.709043	99999.1	0	0
neutron	939.565	0.707317	99999.1	0	0
B11	10252.5	0.565594	99999.1	0	0
neutron	939.565	20.5237	99999.1	0	0
alpha	3727.38	4.0716	99999.1	0	0
Li7	6533.83	0.471115	99999.1	0	0
neutron	939.565	14.1755	99999	0	0
neutron	939.565	1.19858	99999	0	0
B10	9324.44	1.64652	99999	0	0
neutron	939.565	2.05599	99999	0	0
neutron	939.565	1.05275	99999	0	0
Be9	8392.75	0.306633	99999	0	0
neutron	939.565	12.6057	99999.1	0	0
neutron	939.565	6.47884	99999.1	0	0
neutron	939.565	6.10265	99999.1	0	0
Be8	7454.85	2.26399	99999.1	0	0
B12	11188.7	0.338458	99999.1	0	0
B12	11188.7	0.357276	99999.1	0	0
B12	11188.7	0.358242	99999	0	0
neutron	939.565	16.0854	99999.1	0	0
neutron	939.565	2.81078	99999.1	0	0
neutron	939.565	1.84459	99999.1	0	0
Be8	7454.85	1.17395	99999.1	0	0
neutron	939.565	6.67104	99999.1	0	0
B11	10252.5	0.529802	99999.1	0	0
neutron	939.565	18.9091	99999.1	0	0
alpha	3727.38	1.86899	99999.1	0	0
alpha	3727.38	5.74388	99999.1	0	0
neutron	939.565	7.70742	99999.1	0	0
neutron	939.565	4.85485	99999.1	0	0
neutron	939.565	0.864581	99999.1	0	0
Be8	7454.85	1.03591	99999.1	0	0
neutron	939.565	6.91262	99999.1	0	0
neutron	939.565	6.89412	99999.1	0	0
alpha	3727.38	1.32135	99999.1	0	0
alpha	3727.38	12.8841	99999.1	0	0
neutron	939.565	3.05688	99999.1	0	0
B11	10252.5	0.230693	99999.1	0	0
neutron	939.565	16.2005	99999.1	0	0
neutron	939.565	4.06022	99999.1	0	0
neutron	939.565	1.82692	99999.1	0	0
Be8	7454.85	4.8617	99999.1	0	0
neutron	939.565	10.7898	99999.1	0	0
neutron	939.565	4.87787	99999.1	0	0
neutron	939.565	4.6568	99999.1	0	0
alpha	3727.38	3.89895	99999.1	0	0
alpha	3727.38	1.82499	99999.1	0	0
neutron	939.565	1.6413	99999.1	0	0
B11	10252.5	0.400175	99999.1	0	0
neutron	939.565	16.7782	99999.1	0	0
neutron	939.565	5.17949	99999.1	0	0
B10	9324.44	1.50696	99999.1	0	0
neutron	939.565	0.83513	99999.1	0	0
B11	10252.5	0.49218	99999.1	0	0
neutron	939.565	32.524	99999.2	0	0
alpha	3727.38	6.40207	99999.2	0	0
alpha	3727.38	6.69392	99999.2	0	0
neutron	939.565	4.10967	99999.1	0	0
neutron	939.565	0.309857	99999.1	0	0
Be9	8392.75	1.13067	99999.1	0	0
neutron	939.565	2.7041	99999.1	0	0
neutron	939.565	0.476059	99999.1	0	0
Be8	7454.85	0.662081	99999.1	0	0
neutron	939.565	18.9527	99999	0	0
neutron	939.565	7.8721	99999	0	0
neutron	939.565	0.463249	99999	0	0
alpha	3727.38	4.80926	99999	0	0
alpha	3727.38	3.18517	99999	0	0
neutron	939.565	6.63886	99999	0	0
B11	10252.5	0.423087	99999	0	0
neutron	939.565	2.96498	99999.1	0	0
B11	10252.5	0.516333	99999.1	0	0
neutron	939.565	20.7325	99999.1	0	0
neutron	939.565	4.06259	99999.1	0	0
alpha	3727.38	2.33271	99999.1	0	0
alpha	3727.38	1.90298	99999.1	0	0
B12	11188.7	0.363287	99999.1	0	0
neutron	939.565	3.01321	99999.1	0	0
neutron	939.565	1.99736	99999.1	0	0
neutron	939.565	1.9124	99999.1	0	0
Be8	7454.85	1.50834	99999.1	0	0
neutron	939.565	4.42864	99999.1	0	0
B11	10252.5	0.546381	99999.1	0	0
neutron	939.565	37.8113	99999.1	0	0
neutron	939.565	7.95675	99999.1	0	0
B10	9324.44	5.47597	99999.1	0	0
neutron	939.565	14.009	99999.1	0	0
B11	10252.5	1.64866	99999.1	0	0
neutron	939.565	26.0297	99999.1	0	0
neutron	939.565	5.66381	99999.1	0	0
Be8	7454.85	2.66087	99999.1	0	0
neutron	939.565	22.1912	99999.1	0	0
alpha	3727.38	8.99208	99999.1	0	0
Li7	6533.83	4.94006	99999.1	0	0
B12	11188.7	0.334256	99999.1	0	0
neutron	939.565	1.03002	99999.1	0	0
neutron	939.565	0.650231	99999.1	0	0
Be9	8392.75	1.10424	99999.1	0	0
neutron	939.565	13.0606	99999.1	0	0
B11	10252.5	0.804245	99999.1	0	0
neutron	939.565	18.1901	99999.1	0	0
neutron	939.565	4.43932	99999.1	0	0
neutron	939.565	3.11236	99999.1	0	0
Be8	7454.85	1.13406	99999.1	0	0
neutron	939.565	3.04471	99999.1	0	0
neutron	939.565	2.36093	99999.1	0	0
neutron	939.565	2.05513	99999.1	0	0
alpha	3727.38	5.05085	99999.1	0	0
alpha	3727.38	4.08283	99999.1	0	0
neutron	939.565	5.39906	99999.1	0	0
neutron	939.565	1.2629	99999.1	0	0
neutron	939.565	0.838862	99999.1	0	0
Be8	7454.85	0.617724	99999.1	0	0
neutron	939.565	3.63492	99999.1	0	0
neutron	939.565	0.312661	99999.1	0	0
B10	9324.44	0.79055	99999.1	0	0
neutron	939.565	6.73435	99999.1	0	0
alpha	3727.38	5.87835	99999.1	0	0
alpha	3727.38	4.63794	99999.1	0	0
neutron	939.565	18.0185	99999.1	0	0
neutron	939.565	10.0416	99999.1	0	0
neutron	939.565	3.28954	99999.1	0	0
Be8	7454.85	4.7287	99999.1	0	0
alpha	3727.38	4.19803	99999.1	0	0
He6	5605.53	0.697579	99999.1	0	0
neutron	939.565	12.8448	99999.1	0	0
neutron	939.565	0.462919	99999.1	0	0
Be9	8392.75	0.70557	99999.1	0	0
neutron	939.565	4.89925	99999.1	0	0
neutron	939.565	4.77896	99999.1	0	0
Be8	7454.85	7.26196	99999.1	0	0
neutron	939.565	24.9431	99999.1	0	0
neutron	939.565	7.72464	99999.1	0	0
Be8	7454.85	2.94167	99999.1	0	0
neutron	939.565	12.6267	99999.1	0	0
neutron	939.565	9.80513	99999.1	0	0
Be8	7454.85	2.27407	99999.1	0	0
neutron	939.565	1.1239	99999.1	0	0
neutron	939.565	0.208745	99999.1	0	0
Be8	7454.85	1.65984	99999.1	0	0
neutron	939.565	4.99242	99999.1	0	0
B11	10252.5	0.353833	99999.1	0	0
neutron	939.565	23.8916	99999.1	0	0
neutron	939.565	7.68283	99999.1	0	0
neutron	939.565	1.28011	99999.1	0	0
Be8	7454.85	2.5312	99999.1	0	0
neutron	939.565	39.7551	99999.1	0	0
neutron	939.565	2.58444	99999.1	0	0
neutron	939.565	0.447074	99999.1	0	0
Be8	7454.85	6.0174	99999.1	0	0
neutron	939.565	6.17398	99999.1	0	0
B11	10252.5	0.872251	99999.1	0	0
neutron	939.565	25.0617	99999.1	0	0
neutron	939.565	12.5291	99999.1	0	0
Be9	8392.75	3.42412	99999.1	0	0
neutron	939.565	5.24282	99999.1	0	0
neutron	939.565	4.429	99999.1	0	0
B10	9324.44	1.64262	99999.1	0	0
neutron	939.565	2.08189	99999.1	0	0
B11	10252.5	0.16731	99999.1	0	0
neutron	939.565	19.8062	99999.1	0	0
neutron	939.565	1.7281	99999.1	0	0
neutron	939.565	0.907547	99999.1	0	0
Be8	7454.85	4.09749	99999.1	0	0
B12	11188.7	0.339041	99999.1	0	0
neutron	939.565	4.48638	99999.1	0	0
neutron	939.565	0.669135	99999.1	0	0
B10	9324.44	1.34386	99999.1	0	0
neutron	939.565	6.40068	99999.1	0	0
B11	10252.5	0.895938	99999.1	0	0
neutron	939.565	27.2859	99999.2	0	0
neutron	939.565	3.17249	99999.2	0	0
B10	9324.44	1.89169	99999.2	0	0
neutron	939.565	11.269	99999.1	0	0
neutron	939.565	6.74787	99999.1	0	0
B10	9324.44	1.82341	99999.1	0	0
neutron	939.565	8.0486	99999.1	0	0
Be8	7454.85	1.16632	99999.1	0	0
neutron	939.565	12.4017	99999.1	0	0
neutron	939.565	10.2921	99999.1	0	0
neutron	939.565	4.19594	99999.1	0	0
alpha	3727.38	2.84164	99999.1	0	0
Li5	4667.62	0.594963	99999.1	0	0
neutron	939.565	15.795	99999.1	0	0
B11	10252.5	2.35987	99999.1	0	0
neutron	939.565	3.79429	99999.1	0	0
Be8	7454.85	2.37403	99999.1	0	0
neutron	939.565	3.89259	99999.1	0	0
Be8	7454.85	2.84759	99999.1	0	0
neutron	939.565	1.7683	99999.1	0	0
B11	10252.5	0.47803	99999.1	0	0
neutron	939.565	8.85873	99999.1	0	0
neutron	939.565	5.93964	99999.1	0	0
neutron	939.565	5.01318	99999.1	0	0
Be8	7454.85	1.40309	99999.1	0	0
neutron	939.565	17.2381	99999.1	0	0
neutron	939.565	6.71677	99999.1	0	0
alpha	3727.38	3.03053	99999.1	0	0
alpha	3727.38	2.18268	99999.1	0	0
neutron	939.565	12.1135	99999.1	0	0
Be10	9325.5	8.11973	99999.1	0	0
neutron	939.565	5.9156	99999.1	0	0
alpha	3727.38	5.58212	99999.1	0	0
alpha	3727.38	1.39608	99999.1	0	0
neutron	939.565	2.16319	99999.1	0	0
alpha	3727.38	2.77419	99999.1	0	0
Li7	6533.83	2.71987	99999.1	0	0
neutron	939.565	27.0213	99999.1	0	0
neutron	939.565	1.84792	99999.1	0	0
B10	9324.44	1.55875	99999.1	0	0
neutron	939.565	5.68225	99999.1	0	0
neutron	939.565	2.31718	99999.1	0	0
Be9	8392.75	1.07276	99999.1	0	0
neutron	939.565	2.92762	99999.1	0	0
neutron	939.565	2.11668	99999.1	0	0
B10	9324.44	0.571141	99999.1	0	0
neutron	939.565	7.31966	99999.1	0	0
alpha	3727.38	8.77763	99999.1	0	0
alpha	3727.38	3.48491	99999.1	0	0
neutron	939.565	18.4546	99999.1	0	0
neutron	939.565	15.2045	99999.1	0	0
Be8	7454.85	0.93409	99999.1	0	0
neutron	939.565	17.8976	99999.1	0	0
neutron	939.565	8.49726	99999.1	0	0
neutron	939.565	7.27437	99999.1	0	0
alpha	3727.38	3.91854	99999.1	0	0
alpha	3727.38	7.27438	99999.1	0	0
neutron	939.565	9.69316	99999	0	0
B11	10252.5	1.39399	99999	0	0
neutron	939.565	5.77846	99999.1	0	0
neutron	939.565	0.763031	99999.1	0	0
Be9	8392.75	1.52249	99999.1	0	0
neutron	939.565	6.21592	99999.1	0	0
neutron	939.565	4.40821	99999.1	0	0
neutron	939.565	0.594849	99999.1	0	0
Be8	7454.85	2.08689	99999.1	0	0
neutron	939.565	27.579	99999.1	0	0
neutron	939.565	2.47398	99999.1	0	0
Be8	7454.85	2.91712	99999.1	0	0
