neutron	939.565	7.24587	99939.8	0	0
neutron	939.565	6.61549	99939.8	0	0
Be8	7454.85	3.53244	99939.8	0	0
neutron	939.565	7.03657	99942.3	0	0
Be10	9325.5	2.96555	99942.3	0	0
neutron	939.565	3.74123	99942.8	0	0
B11	10252.5	0.255715	99942.8	0	0
neutron	939.565	1.07878	99941	0	0
neutron	939.565	0.404462	99941	0	0
Be9	8392.75	0.138206	99941	0	0
neutron	939.565	12.808	99942.3	0	0
neutron	939.565	4.96979	99942.3	0	0
neutron	939.565	3.82637	99942.3	0	0
Be8	7454.85	2.60833	99942.3	0	0
neutron	939.565	2.2525	99944.9	0	0
neutron	939.565	0.891971	99944.9	0	0
B10	9324.44	0.762142	99944.9	0	0
neutron	939.565	2.51526	99940.4	0	0
B11	10252.5	0.401201	99940.4	0	0
neutron	939.565	2.77764	99944.2	0	0
neutron	939.565	2.3702	99944.2	0	0
Be9	8392.75	1.95013	99944.2	0	0
neutron	939.565	16.2003	99943.3	0	0
neutron	939.565	3.12279	99943.3	0	0
neutron	939.565	1.5405	99943.3	0	0
alpha	3727.38	2.50801	99943.3	0	0
alpha	3727.38	3.8024	99943.3	0	0
neutron	939.565	3.78806	99942.1	0	0
neutron	939.565	0.784829	99942.1	0	0
B10	9324.44	0.590971	99942.1	0	0
neutron	939.565	2.79911	99944.4	0	0
B11	10252.5	0.942082	99944.4	0	0
neutron	939.565	6.04137	99942.8	0	0
neutron	939.565	5.27478	99942.8	0	0
neutron	939.565	5.22725	99942.8	0	0
Be8	7454.85	0.691743	99942.8	0	0
neutron	939.565	4.8756	99940.5	0	0
alpha	3727.38	8.16442	99940.5	0	0
neutron	939.565	1.35247	99942.7	0	0
B11	10252.5	0.560492	99942.7	0	0
neutron	939.565	6.62496	99941.5	0	0
neutron	939.565	1.48245	99941.5	0	0
B10	9324.44	0.300473	99941.5	0	0
neutron	939.565	19.2951	99944.8	0	0
neutron	939.565	16.5872	99944.8	0	0
B10	9324.44	1.04395	99944.8	0	0
neutron	939.565	15.7262	99940.2	0	0
neutron	939.565	8.01454	99940.2	0	0
neutron	939.565	5.11523	99940.2	0	0
Be8	7454.85	1.05449	99940.2	0	0
neutron	939.565	0.21347	99942.6	0	0
B11	10252.5	0.246604	99942.6	0	0
neutron	939.565	6.36185	99940.9	0	0
B11	10252.5	0.937116	99940.9	0	0
neutron	939.565	11.2861	99941	0	0
neutron	939.565	6.13366	99941	0	0
neutron	939.565	0.879126	99941	0	0
Be7	6534.18	1.41699	99941	0	0
neutron	939.565	9.93651	99943.9	0	0
neutron	939.565	3.84144	99943.9	0	0
neutron	939.565	1.32475	99943.9	0	0
B9	8393.31	0.9143	99943.9	0	0
neutron	939.565	4.63975	99941.6	0	0
B11	10252.5	1.25619	99941.6	0	0
neutron	939.565	31.7342	99939.5	0	0
neutron	939.565	1.50431	99939.5	0	0
Be9	8392.75	8.00319	99939.5	0	0
neutron	939.565	7.222	99940.2	0	0
neutron	939.565	1.84594	99940.2	0	0
Be8	7454.85	2.56738	99940.2	0	0
neutron	939.565	10.5887	99941.5	0	0
B11	10252.5	0.709715	99941.5	0	0
neutron	939.565	11.2163	99940.1	0	0
B11	10252.5	1.27989	99940.1	0	0
neutron	939.565	4.64347	99944.8	0	0
B11	10252.5	0.884344	99944.8	0	0
neutron	939.565	14.9462	99944.6	0	0
neutron	939.565	12.2063	99944.6	0	0
neutron	939.565	5.47284	99944.6	0	0
Be8	7454.85	0.86554	99944.6	0	0
neutron	939.565	2.73623	99940.1	0	0
neutron	939.565	0.817831	99940.1	0	0
B10	9324.44	0.17428	99940.1	0	0
neutron	939.565	10.9751	99941	0	0
B11	10252.5	0.604292	99941	0	0
neutron	939.565	3.64832	99939.5	0	0
neutron	939.565	3.51091	99939.5	0	0
B10	9324.44	0.826638	99939.5	0	0
neutron	939.565	6.84289	99948	0	0
neutron	939.565	1.46974	99948	0	0
neutron	939.565	1.28148	99948	0	0
Be8	7454.85	0.0146413	99948	0	0
neutron	939.565	8.37663	99944.4	0	0
neutron	939.565	1.80654	99944.4	0	0
neutron	939.565	0.784382	99944.4	0	0
Be8	7454.85	4.44622	99944.4	0	0
neutron	939.565	8.25005	99943.4	0	0
neutron	939.565	2.56057	99943.4	0	0
neutron	939.565	1.90742	99943.4	0	0
Be8	7454.85	1.13961	99943.4	0	0
neutron	939.565	0.904896	99939.6	0	0
Be8	7454.85	1.15703	99939.6	0	0
neutron	939.565	1.91722	99941.7	0	0
alpha	3727.38	4.28307	99941.7	0	0
alpha	3727.38	0.423894	99941.7	0	0
neutron	939.565	11.966	99942.2	0	0
neutron	939.565	7.45458	99942.2	0	0
Be8	7454.85	1.93017	99942.2	0	0
neutron	939.565	14.7016	99940.5	0	0
neutron	939.565	13.6842	99940.5	0	0
neutron	939.565	3.00295	99940.5	0	0
Be8	7454.85	4.79978	99940.5	0	0
neutron	939.565	7.17423	99942.2	0	0
B11	10252.5	0.922274	99942.2	0	0
neutron	939.565	1.22932	99943.1	0	0
Be9	8392.75	3.01477	99943.1	0	0
neutron	939.565	1.10614	99941.7	0	0
Li9	8406.87	4.68168	99941.7	0	0
neutron	939.565	6.23468	99939.4	0	0
Be10	9325.5	3.04787	99939.4	0	0
neutron	939.565	12.6402	99942.8	0	0
neutron	939.565	1.72578	99942.8	0	0
neutron	939.565	0.227273	99942.8	0	0
Be8	7454.85	1.57337	99942.8	0	0
neutron	939.565	1.18333	99944.6	0	0
neutron	939.565	1.14153	99944.6	0	0
alpha	3727.38	1.41597	99944.6	0	0
alpha	3727.38	7.46582	99944.6	0	0
neutron	939.565	4.88788	99943.4	0	0
neutron	939.565	3.52985	99943.4	0	0
neutron	939.565	0.763077	99943.4	0	0
Be8	7454.85	0.279151	99943.4	0	0
neutron	939.565	9.27838	99941.7	0	0
neutron	939.565	5.11824	99941.7	0	0
B10	9324.44	0.369243	99941.7	0	0
neutron	939.565	1.26582	99941.1	0	0
B11	10252.5	0.137889	99941.1	0	0
neutron	939.565	3.22507	99940.1	0	0
alpha	3727.38	1.91882	99940.1	0	0
alpha	3727.38	6.16879	99940.1	0	0
neutron	939.565	31.0321	99942.6	0	0
neutron	939.565	2.58086	99942.6	0	0
alpha	3727.38	6.99156	99942.6	0	0
alpha	3727.38	9.91627	99942.6	0	0
neutron	939.565	1.31739	99943.7	0	0
B11	10252.5	0.619544	99943.7	0	0
neutron	939.565	3.92127	99942.3	0	0
neutron	939.565	0.492633	99942.3	0	0
Be8	7454.85	2.10543	99942.3	0	0
neutron	939.565	2.91124	99944.9	0	0
neutron	939.565	1.64851	99944.9	0	0
B10	9324.44	1.03081	99944.9	0	0
neutron	939.565	0.467375	99942.2	0	0
B11	10252.5	0.300814	99942.2	0	0
neutron	939.565	10.2229	99940.8	0	0
neutron	939.565	6.22575	99940.8	0	0
neutron	939.565	2.53953	99940.8	0	0
alpha	3727.38	2.84222	99940.8	0	0
alpha	3727.38	2.62217	99940.8	0	0
neutron	939.565	13.346	99942.1	0	0
Be10	9325.5	2.06056	99942.1	0	0
neutron	939.565	13.4894	99944.9	0	0
neutron	939.565	2.16661	99944.9	0	0
neutron	939.565	1.45967	99944.9	0	0
Be8	7454.85	0.564335	99944.9	0	0
neutron	939.565	8.8497	99942.1	0	0
neutron	939.565	3.88498	99942.1	0	0
Be8	7454.85	1.98142	99942.1	0	0
B12	11188.7	0.371692	99944.6	0	0
neutron	939.565	30.9708	99941.3	0	0
neutron	939.565	0.858977	99941.3	0	0
B11	10252.5	2.14329	99941.3	0	0
neutron	939.565	0.494081	99942.7	0	0
B11	10252.5	0.483334	99942.7	0	0
neutron	939.565	3.65962	99941.8	0	0
Be8	7454.85	0.764735	99941.8	0	0
neutron	939.565	7.52283	99940.9	0	0
alpha	3727.38	8.44763	99940.9	0	0
alpha	3727.38	3.8473	99940.9	0	0
neutron	939.565	1.03873	99940.1	0	0
alpha	3727.38	2.91726	99940.1	0	0
alpha	3727.38	6.02623	99940.1	0	0
neutron	939.565	9.00973	99943.5	0	0
neutron	939.565	0.192621	99943.5	0	0
neutron	939.565	0.101168	99943.5	0	0
Be8	7454.85	2.19021	99943.5	0	0
neutron	939.565	3.92727	99942.8	0	0
neutron	939.565	2.4487	99942.8	0	0
neutron	939.565	1.10111	99942.8	0	0
Be8	7454.85	2.1868	99942.8	0	0
neutron	939.565	14.7887	99941.6	0	0
neutron	939.565	1.62021	99941.6	0	0
neutron	939.565	1.03711	99941.6	0	0
Be8	7454.85	2.30301	99941.6	0	0
neutron	939.565	3.00206	99941.2	0	0
Be8	7454.85	1.6658	99941.2	0	0
neutron	939.565	12.9271	99943.6	0	0
neutron	939.565	1.79698	99943.6	0	0
Be9	8392.75	1.13223	99943.6	0	0
neutron	939.565	13.11	99940.7	0	0
neutron	939.565	4.16886	99940.7	0	0
neutron	939.565	1.28343	99940.7	0	0
alpha	3727.38	4.46084	99940.7	0	0
alpha	3727.38	1.84	99940.7	0	0
neutron	939.565	31.0588	99941.1	0	0
neutron	939.565	1.37086	99941.1	0	0
Be8	7454.85	6.4393	99941.1	0	0
neutron	939.565	21.406	99938	0	0
alpha	3727.38	4.79295	99938	0	0
Li7	6533.83	0.30252	99938	0	0
Be10	9325.5	0.805719	99939.7	0	0
neutron	939.565	19.3159	99943.8	0	0
neutron	939.565	1.29546	99943.8	0	0
Be9	8392.75	1.74143	99943.8	0	0
neutron	939.565	2.28545	99940.6	0	0
Be8	7454.85	0.122973	99940.6	0	0
neutron	939.565	1.28702	99941.6	0	0
neutron	939.565	0.42115	99941.6	0	0
Be9	8392.75	2.21866	99941.6	0	0
neutron	939.565	6.53343	99943.2	0	0
alpha	3727.38	5.28337	99943.2	0	0
alpha	3727.38	1.43386	99943.2	0	0
neutron	939.565	14.1825	99944.1	0	0
Be10	9325.5	1.91507	99944.1	0	0
neutron	939.565	45.894	99939.1	0	0
neutron	939.565	9.3812	99939.1	0	0
Be8	7454.85	2.50715	99939.1	0	0
neutron	939.565	13.6884	99942.7	0	0
B11	10252.5	1.3476	99942.7	0	0
neutron	939.565	2.78827	99939.7	0	0
alpha	3727.38	9.35503	99939.7	0	0
alpha	3727.38	2.59505	99939.7	0	0
B12	11188.7	0.332613	99948.9	0	0
neutron	939.565	5.99566	99942.2	0	0
B11	10252.5	0.0524188	99942.2	0	0
neutron	939.565	13.5552	99939.9	0	0
neutron	939.565	1.92848	99939.9	0	0
Be8	7454.85	0.476072	99939.9	0	0
neutron	939.565	6.77466	99943.4	0	0
Be9	8392.75	0.711814	99943.4	0	0
neutron	939.565	7.06155	99941.2	0	0
neutron	939.565	2.84602	99941.2	0	0
neutron	939.565	1.8161	99941.2	0	0
alpha	3727.38	4.1881	99941.2	0	0
alpha	3727.38	12.0204	99941.2	0	0
neutron	939.565	8.30619	99941.8	0	0
B11	10252.5	1.04233	99941.8	0	0
B12	11188.7	0.364187	99944.6	0	0
neutron	939.565	3.37913	99941.8	0	0
neutron	939.565	1.01286	99941.8	0	0
Be9	8392.75	1.89045	99941.8	0	0
neutron	939.565	3.20818	99942.4	0	0
alpha	3727.38	5.14512	99942.4	0	0
Li7	6533.83	3.5313	99942.4	0	0
neutron	939.565	10.7467	99942.9	0	0
neutron	939.565	2.94827	99942.9	0	0
neutron	939.565	2.62795	99942.9	0	0
Be8	7454.85	2.41437	99942.9	0	0
neutron	939.565	10.6566	99941.7	0	0
neutron	939.565	5.35702	99941.7	0	0
neutron	939.565	5.34341	99941.7	0	0
Be8	7454.85	3.67895	99941.7	0	0
neutron	939.565	21.1894	99940.4	0	0
alpha	3727.38	6.81548	99940.4	0	0
alpha	3727.38	2.0279	99940.4	0	0
neutron	939.565	4.25195	99943.1	0	0
B11	10252.5	0.354113	99943.1	0	0
neutron	939.565	0.400832	99944.1	0	0
Be9	8392.75	2.45944	99944.1	0	0
neutron	939.565	31.7831	99938.9	0	0
neutron	939.565	7.65775	99938.9	0	0
neutron	939.565	4.31197	99938.9	0	0
Be8	7454.85	4.29759	99938.9	0	0
neutron	939.565	1.82838	99944.8	0	0
alpha	3727.38	1.27588	99944.8	0	0
neutron	939.565	2.27418	99938.2	0	0
B11	10252.5	0.181223	99938.2	0	0
neutron	939.565	1.21873	99939.9	0	0
B11	10252.5	0.667885	99939.9	0	0
neutron	939.565	50.4431	99939.7	0	0
neutron	939.565	1.87811	99939.7	0	0
Be9	8392.75	5.29241	99939.7	0	0
neutron	939.565	26.5346	99939.3	0	0
neutron	939.565	20.4678	99939.3	0	0
neutron	939.565	1.72212	99939.3	0	0
alpha	3727.38	3.42073	99939.3	0	0
alpha	3727.38	3.37736	99939.3	0	0
neutron	939.565	4.99832	99938.6	0	0
alpha	3727.38	8.25941	99938.6	0	0
alpha	3727.38	8.85243	99938.6	0	0
Be10	9325.5	0.911335	99942.3	0	0
neutron	939.565	21.461	99941.8	0	0
neutron	939.565	16.9597	99941.8	0	0
B10	9324.44	3.47543	99941.8	0	0
B12	11188.7	0.34604	99940.3	0	0
neutron	939.565	3.10271	99938.6	0	0
Be8	7454.85	0.812673	99938.6	0	0
alpha	3727.38	5.87659	99941.1	0	0
Li8	7471.37	1.28953	99941.1	0	0
neutron	939.565	2.48483	99942.6	0	0
B11	10252.5	0.915944	99942.6	0	0
neutron	939.565	10.5037	99940.2	0	0
neutron	939.565	0.910996	99940.2	0	0
B10	9324.44	2.43098	99940.2	0	0
B12	11188.7	0.364073	99945.1	0	0
neutron	939.565	3.87616	99941.4	0	0
B11	10252.5	0.583041	99941.4	0	0
neutron	939.565	13.6259	99940.6	0	0
neutron	939.565	3.06649	99940.6	0	0
neutron	939.565	0.546282	99940.6	0	0
Be8	7454.85	0.466473	99940.6	0	0
neutron	939.565	4.92375	99945.8	0	0
neutron	939.565	0.897951	99945.8	0	0
Be8	7454.85	3.131	99945.8	0	0
neutron	939.565	19.1295	99941.4	0	0
neutron	939.565	10.558	99941.4	0	0
B10	9324.44	3.75898	99941.4	0	0
neutron	939.565	29.7044	99941.2	0	0
neutron	939.565	2.89402	99941.2	0	0
neutron	939.565	1.2965	99941.2	0	0
alpha	3727.38	3.79636	99941.2	0	0
alpha	3727.38	7.05124	99941.2	0	0
neutron	939.565	7.00506	99942.9	0	0
Be8	7454.85	0.533783	99942.9	0	0
neutron	939.565	9.06001	99940.2	0	0
Be10	9325.5	1.01864	99940.2	0	0
neutron	939.565	23.2367	99941.3	0	0
B11	10252.5	1.22611	99941.3	0	0
neutron	939.565	25.3057	99942.2	0	0
neutron	939.565	8.2184	99942.2	0	0
neutron	939.565	1.99718	99942.2	0	0
alpha	3727.38	11.3688	99942.2	0	0
alpha	3727.38	0.771228	99942.2	0	0
neutron	939.565	14.5816	99939.4	0	0
alpha	3727.38	7.41771	99939.4	0	0
alpha	3727.38	0.563634	99939.4	0	0
neutron	939.565	13.0989	99940.8	0	0
neutron	939.565	6.20811	99940.8	0	0
alpha	3727.38	2.88558	99940.8	0	0
alpha	3727.38	6.55399	99940.8	0	0
neutron	939.565	8.70883	99945.8	0	0
neutron	939.565	3.9985	99945.8	0	0
neutron	939.565	0.499141	99945.8	0	0
Be8	7454.85	4.82579	99945.8	0	0
neutron	939.565	3.90322	99941.3	0	0
B11	10252.5	1.01167	99941.3	0	0
neutron	939.565	3.64444	99940.7	0	0
B11	10252.5	0.208322	99940.7	0	0
neutron	939.565	4.30611	99941.5	0	0
Be10	9325.5	1.83649	99941.5	0	0
neutron	939.565	4.05991	99945.6	0	0
B11	10252.5	0.328821	99945.6	0	0
B12	11188.7	0.351793	99940.5	0	0
neutron	939.565	10.5875	99941.9	0	0
neutron	939.565	3.78512	99941.9	0	0
Be9	8392.75	1.31147	99941.9	0	0
neutron	939.565	5.59989	99940.9	0	0
B11	10252.5	1.44875	99940.9	0	0
neutron	939.565	30.2258	99940.8	0	0
alpha	3727.38	7.15098	99940.8	0	0
alpha	3727.38	1.04353	99940.8	0	0
neutron	939.565	3.7967	99940.8	0	0
neutron	939.565	0.922837	99940.8	0	0
neutron	939.565	0.344697	99940.8	0	0
alpha	3727.38	3.94492	99940.8	0	0
alpha	3727.38	5.21676	99940.8	0	0
neutron	939.565	7.62363	99941.4	0	0
neutron	939.565	1.89195	99941.4	0	0
neutron	939.565	1.57537	99941.4	0	0
alpha	3727.38	5.84553	99941.4	0	0
alpha	3727.38	5.60619	99941.4	0	0
neutron	939.565	8.56395	99940.6	0	0
neutron	939.565	1.17862	99940.6	0	0
B10	9324.44	0.312237	99940.6	0	0
neutron	939.565	2.88941	99943	0	0
alpha	3727.38	9.83188	99943	0	0
alpha	3727.38	3.51593	99943	0	0
neutron	939.565	19.8304	99945.6	0	0
neutron	939.565	14.1738	99945.6	0	0
neutron	939.565	0.579202	99945.6	0	0
Be8	7454.85	1.05244	99945.6	0	0
neutron	939.565	6.80289	99943.3	0	0
Be10	9325.5	2.00195	99943.3	0	0
neutron	939.565	13.2662	99942.8	0	0
B11	10252.5	1.23334	99942.8	0	0
neutron	939.565	6.11622	99945.1	0	0
neutron	939.565	1.40002	99945.1	0	0
B10	9324.44	0.244414	99945.1	0	0
neutron	939.565	6.50078	99940.8	0	0
neutron	939.565	3.34821	99940.8	0	0
Be8	7454.85	1.18748	99940.8	0	0
neutron	939.565	22.6173	99940.9	0	0
B11	10252.5	1.34751	99940.9	0	0
neutron	939.565	29.5476	99942	0	0
Be10	9325.5	4.4743	99942	0	0
neutron	939.565	11.0957	99941.1	0	0
neutron	939.565	5.65255	99941.1	0	0
Be9	8392.75	4.22689	99941.1	0	0
neutron	939.565	13.634	99942.1	0	0
Be10	9325.5	1.00225	99942.1	0	0
neutron	939.565	6.9491	99940.7	0	0
neutron	939.565	3.4359	99940.7	0	0
neutron	939.565	0.288263	99940.7	0	0
Be8	7454.85	2.31466	99940.7	0	0
neutron	939.565	1.63321	99943	0	0
B11	10252.5	0.190588	99943	0	0
neutron	939.565	0.919215	99944.6	0	0
B11	10252.5	0.758308	99944.6	0	0
neutron	939.565	6.68295	99942.9	0	0
B11	10252.5	0.253976	99942.9	0	0
neutron	939.565	3.89912	99942	0	0
Be10	9325.5	2.21212	99942	0	0
neutron	939.565	14.8552	99943.6	0	0
neutron	939.565	5.84047	99943.6	0	0
neutron	939.565	0.100032	99943.6	0	0
Be8	7454.85	0.91927	99943.6	0	0
neutron	939.565	6.81846	99943.7	0	0
neutron	939.565	4.34586	99943.7	0	0
Be9	8392.75	0.357076	99943.7	0	0
neutron	939.565	0.827369	99944.3	0	0
B11	10252.5	0.410908	99944.3	0	0
neutron	939.565	10.5782	99944	0	0
B11	10252.5	0.567594	99944	0	0
neutron	939.565	21.0423	99941.9	0	0
neutron	939.565	17.8899	99941.9	0	0
neutron	939.565	3.87258	99941.9	0	0
Be8	7454.85	1.59461	99941.9	0	0
neutron	939.565	4.19231	99940.6	0	0
B11	10252.5	1.2911	99940.6	0	0
neutron	939.565	6.4522	99941.5	0	0
alpha	3727.38	13.4174	99941.5	0	0
alpha	3727.38	5.62231	99941.5	0	0
neutron	939.565	22.4105	99939.3	0	0
alpha	3727.38	14.6548	99939.3	0	0
alpha	3727.38	7.40376	99939.3	0	0
neutron	939.565	15.1648	99940.3	0	0
neutron	939.565	0.258149	99940.3	0	0
Be9	8392.75	3.92307	99940.3	0	0
neutron	939.565	21.1022	99942.9	0	0
neutron	939.565	11.9263	99942.9	0	0
Be8	7454.85	3.48884	99942.9	0	0
neutron	939.565	34.5038	99941.4	0	0
B11	10252.5	2.85151	99941.4	0	0
neutron	939.565	5.638	99942	0	0
neutron	939.565	2.97357	99942	0	0
alpha	3727.38	2.72367	99942	0	0
alpha	3727.38	3.69614	99942	0	0
neutron	939.565	14.7667	99941.3	0	0
B12	11188.7	1.32781	99941.3	0	0
Be10	9325.5	2.06882	99938	0	0
neutron	939.565	43.0094	99940.2	0	0
neutron	939.565	0.471251	99940.2	0	0
alpha	3727.38	2.62505	99940.2	0	0
alpha	3727.38	13.4166	99940.2	0	0
neutron	939.565	5.60384	99940.5	0	0
Be10	9325.5	1.73543	99940.5	0	0
neutron	939.565	7.15626	99940.5	0	0
neutron	939.565	4.94698	99940.5	0	0
Be9	8392.75	0.74158	99940.5	0	0
neutron	939.565	5.8454	99943.6	0	0
neutron	939.565	2.47733	99943.6	0	0
B10	9324.44	0.543679	99943.6	0	0
neutron	939.565	10.2444	99945.1	0	0
neutron	939.565	0.506131	99945.1	0	0
B11	10252.5	0.433565	99945.1	0	0
neutron	939.565	12.3092	99942.2	0	0
B11	10252.5	1.62399	99942.2	0	0
neutron	939.565	2.93778	99943.3	0	0
B11	10252.5	0.178117	99943.3	0	0
neutron	939.565	12.3041	99939.9	0	0
Be10	9325.5	2.21997	99939.9	0	0
neutron	939.565	10.3848	99940.5	0	0
B11	10252.5	0.356352	99940.5	0	0
neutron	939.565	7.6844	99940.2	0	0
Be10	9325.5	1.27891	99940.2	0	0
neutron	939.565	1.00059	99940.9	0	0
B11	10252.5	0.6282	99940.9	0	0
neutron	939.565	4.90268	99942.7	0	0
neutron	939.565	2.93332	99942.7	0	0
Be8	7454.85	1.03009	99942.7	0	0
neutron	939.565	7.41979	99942.6	0	0
alpha	3727.38	2.62556	99942.6	0	0
Li7	6533.83	1.75311	99942.6	0	0
neutron	939.565	4.43608	99941.5	0	0
neutron	939.565	3.0719	99941.5	0	0
neutron	939.565	0.967735	99941.5	0	0
Be8	7454.85	1.00948	99941.5	0	0
neutron	939.565	2.18715	99941.1	0	0
Be10	9325.5	1.15605	99941.1	0	0
neutron	939.565	6.97003	99941.3	0	0
neutron	939.565	1.92771	99941.3	0	0
B10	9324.44	1.39307	99941.3	0	0
neutron	939.565	21.577	99942.3	0	0
alpha	3727.38	13.7952	99942.3	0	0
Li7	6533.83	5.08832	99942.3	0	0
neutron	939.565	20.6427	99940.1	0	0
neutron	939.565	1.24214	99940.1	0	0
neutron	939.565	1.09744	99940.1	0	0
Be8	7454.85	2.01301	99940.1	0	0
neutron	939.565	13.4567	99940.7	0	0
Be9	8392.75	10.4654	99940.7	0	0
B12	11188.7	0.343518	99941.2	0	0
neutron	939.565	15.1079	99944.8	0	0
neutron	939.565	0.827486	99944.8	0	0
B10	9324.44	0.925727	99944.8	0	0
neutron	939.565	5.63394	99940.9	0	0
neutron	939.565	4.62801	99940.9	0	0
Be8	7454.85	2.17353	99940.9	0	0
neutron	939.565	36.4403	99941.5	0	0
Be8	7454.85	2.35141	99941.5	0	0
neutron	939.565	13.2314	99941.2	0	0
neutron	939.565	3.21453	99941.2	0	0
neutron	939.565	2.8132	99941.2	0	0
alpha	3727.38	6.02653	99941.2	0	0
alpha	3727.38	4.20813	99941.2	0	0
neutron	939.565	6.5747	99939.7	0	0
neutron	939.565	0.575528	99939.7	0	0
Be8	7454.85	0.370189	99939.7	0	0
neutron	939.565	12.0501	99940.2	0	0
neutron	939.565	10.1475	99940.2	0	0
alpha	3727.38	2.80747	99940.2	0	0
alpha	3727.38	6.25441	99940.2	0	0
neutron	939.565	6.36981	99943.9	0	0
alpha	3727.38	7.89302	99943.9	0	0
alpha	3727.38	5.04621	99943.9	0	0
neutron	939.565	25.1301	99941.1	0	0
Be8	7454.85	1.28814	99941.1	0	0
neutron	939.565	12.8178	99944.4	0	0
neutron	939.565	7.06087	99944.4	0	0
Be8	7454.85	1.83997	99944.4	0	0
neutron	939.565	18.0405	99942	0	0
neutron	939.565	2.77207	99942	0	0
neutron	939.565	2.1466	99942	0	0
alpha	3727.38	11.7594	99942	0	0
alpha	3727.38	12.5836	99942	0	0
neutron	939.565	1.59743	99941.7	0	0
B11	10252.5	0.69629	99941.7	0	0
neutron	939.565	4.95056	99941.6	0	0
B11	10252.5	0.683344	99941.6	0	0
neutron	939.565	2.31141	99942.6	0	0
B11	10252.5	0.271538	99942.6	0	0
neutron	939.565	3.18927	99943.1	0	0
Be10	9325.5	0.303319	99943.1	0	0
neutron	939.565	12.8273	99941.2	0	0
neutron	939.565	10.6731	99941.2	0	0
alpha	3727.38	4.60031	99941.2	0	0
Li6	5601.52	4.40867	99941.2	0	0
neutron	939.565	6.96209	99940.9	0	0
neutron	939.565	0.1322	99940.9	0	0
Be9	8392.75	0.185712	99940.9	0	0
neutron	939.565	7.43766	99945.2	0	0
neutron	939.565	4.69311	99945.2	0	0
alpha	3727.38	9.8856	99945.2	0	0
alpha	3727.38	1.24172	99945.2	0	0
neutron	939.565	14.9551	99941.7	0	0
neutron	939.565	4.01247	99941.7	0	0
neutron	939.565	3.49039	99941.7	0	0
alpha	3727.38	9.90428	99941.7	0	0
alpha	3727.38	2.46332	99941.7	0	0
neutron	939.565	1.76992	99941.1	0	0
B11	10252.5	0.326787	99941.1	0	0
neutron	939.565	4.0905	99943.3	0	0
B11	10252.5	0.386956	99943.3	0	0
neutron	939.565	1.53575	99941.1	0	0
alpha	3727.38	3.92277	99941.1	0	0
Li7	6533.83	1.61117	99941.1	0	0
neutron	939.565	6.00071	99939.5	0	0
neutron	939.565	4.56097	99939.5	0	0
neutron	939.565	3.07343	99939.5	0	0
Be8	7454.85	0.801995	99939.5	0	0
neutron	939.565	14.507	99942	0	0
neutron	939.565	5.12931	99942	0	0
neutron	939.565	4.05452	99942	0	0
alpha	3727.38	0.905921	99942	0	0
alpha	3727.38	6.27037	99942	0	0
neutron	939.565	7.54922	99944.1	0	0
Be8	7454.85	1.95965	99944.1	0	0
neutron	939.565	14.0465	99940.5	0	0
alpha	3727.38	8.20427	99940.5	0	0
alpha	3727.38	2.24321	99940.5	0	0
neutron	939.565	5.51326	99940.5	0	0
B11	10252.5	0.0710248	99940.5	0	0
neutron	939.565	4.46354	99943.8	0	0
B11	10252.5	0.752844	99943.8	0	0
neutron	939.565	20.9209	99943.2	0	0
neutron	939.565	4.34367	99943.2	0	0
neutron	939.565	4.01793	99943.2	0	0
Be8	7454.85	2.80506	99943.2	0	0
neutron	939.565	1.32169	99942.6	0	0
Be10	9325.5	0.346856	99942.6	0	0
neutron	939.565	8.60687	99943.2	0	0
Be10	9325.5	1.17033	99943.2	0	0
neutron	939.565	20.8094	99941.1	0	0
alpha	3727.38	12.1984	99941.1	0	0
alpha	3727.38	10.1186	99941.1	0	0
neutron	939.565	5.7341	99944.6	0	0
neutron	939.565	2.41887	99944.6	0	0
neutron	939.565	0.599042	99944.6	0	0
Be8	7454.85	0.371992	99944.6	0	0
neutron	939.565	4.17037	99942	0	0
neutron	939.565	2.93857	99942	0	0
B10	9324.44	0.0872229	99942	0	0
neutron	939.565	17.0736	99942.5	0	0
neutron	939.565	5.10433	99942.5	0	0
neutron	939.565	2.09565	99942.5	0	0
Be8	7454.85	8.24559	99942.5	0	0
neutron	939.565	18.1432	99940.8	0	0
alpha	3727.38	15.923	99940.8	0	0
alpha	3727.38	12.204	99940.8	0	0
neutron	939.565	1.16444	99943	0	0
Be10	9325.5	0.605849	99943	0	0
neutron	939.565	2.75047	99940.8	0	0
B11	10252.5	0.984659	99940.8	0	0
neutron	939.565	0.777031	99940.8	0	0
B11	10252.5	0.123929	99940.8	0	0
neutron	939.565	2.08089	99944	0	0
B11	10252.5	0.572694	99944	0	0
neutron	939.565	13.0934	99945.7	0	0
neutron	939.565	4.42349	99945.7	0	0
neutron	939.565	1.48655	99945.7	0	0
Be8	7454.85	1.39284	99945.7	0	0
neutron	939.565	6.21162	99942.7	0	0
Be10	9325.5	1.22373	99942.7	0	0
neutron	939.565	0.606619	99940.8	0	0
B11	10252.5	0.22694	99940.8	0	0
neutron	939.565	2.58987	99940.6	0	0
B11	10252.5	0.32272	99940.6	0	0
neutron	939.565	10.3904	99941.9	0	0
neutron	939.565	8.74121	99941.9	0	0
neutron	939.565	0.391242	99941.9	0	0
Be8	7454.85	0.169087	99941.9	0	0
neutron	939.565	0.366355	99943.1	0	0
B11	10252.5	0.567458	99943.1	0	0
neutron	939.565	0.0467598	99945	0	0
B11	10252.5	0.432401	99945	0	0
neutron	939.565	7.71567	99943.7	0	0
neutron	939.565	2.30318	99943.7	0	0
Be8	7454.85	2.43713	99943.7	0	0
neutron	939.565	10.7043	99941.7	0	0
neutron	939.565	1.91648	99941.7	0	0
neutron	939.565	0.579356	99941.7	0	0
Be8	7454.85	1.68201	99941.7	0	0
neutron	939.565	7.11011	99943.8	0	0
Be10	9325.5	0.94684	99943.8	0	0
neutron	939.565	4.99133	99943.1	0	0
Be9	8392.75	2.21033	99943.1	0	0
neutron	939.565	16.5022	99940	0	0
alpha	3727.38	4.32995	99940	0	0
alpha	3727.38	5.86493	99940	0	0
neutron	939.565	2.90293	99939.3	0	0
Be8	7454.85	4.17475	99939.3	0	0
neutron	939.565	1.36573	99941	0	0
B11	10252.5	0.478019	99941	0	0
neutron	939.565	3.71849	99943	0	0
Li9	8406.87	1.45945	99943	0	0
neutron	939.565	21.3126	99943	0	0
neutron	939.565	0.323676	99943	0	0
Be9	8392.75	2.63027	99943	0	0
neutron	939.565	17.9191	99941.4	0	0
neutron	939.565	4.64284	99941.4	0	0
neutron	939.565	2.595	99941.4	0	0
alpha	3727.38	2.57601	99941.4	0	0
alpha	3727.38	3.36319	99941.4	0	0
neutron	939.565	29.4639	99940.5	0	0
neutron	939.565	17.2423	99940.5	0	0
B11	10252.5	0.563507	99940.5	0	0
neutron	939.565	1.7027	99941.7	0	0
B11	10252.5	0.553858	99941.7	0	0
neutron	939.565	6.22429	99939.6	0	0
alpha	3727.38	4.59838	99939.6	0	0
alpha	3727.38	14.3812	99939.6	0	0
neutron	939.565	0.913617	99941.8	0	0
B11	10252.5	0.260627	99941.8	0	0
B12	11188.7	0.366065	99940.3	0	0
neutron	939.565	13.55	99944.2	0	0
neutron	939.565	12.9195	99944.2	0	0
B10	9324.44	1.55718	99944.2	0	0
neutron	939.565	9.05834	99945.9	0	0
neutron	939.565	1.14524	99945.9	0	0
Be9	8392.75	1.02847	99945.9	0	0
neutron	939.565	0.415072	99939.6	0	0
B11	10252.5	0.343523	99939.6	0	0
neutron	939.565	31.0802	99941.1	0	0
neutron	939.565	0.281133	99941.1	0	0
B10	9324.44	2.02746	99941.1	0	0
neutron	939.565	17.1256	99941.7	0	0
neutron	939.565	6.3691	99941.7	0	0
alpha	3727.38	4.565	99941.7	0	0
alpha	3727.38	3.41933	99941.7	0	0
Be10	9325.5	2.83906	99943.2	0	0
neutron	939.565	17.3294	99940.3	0	0
neutron	939.565	2.19502	99940.3	0	0
B10	9324.44	0.571856	99940.3	0	0
neutron	939.565	4.39094	99943.1	0	0
neutron	939.565	4.12979	99943.1	0	0
neutron	939.565	2.30643	99943.1	0	0
alpha	3727.38	2.41601	99943.1	0	0
alpha	3727.38	4.10282	99943.1	0	0
neutron	939.565	35.678	99941	0	0
neutron	939.565	4.92046	99941	0	0
B10	9324.44	2.3538	99941	0	0
neutron	939.565	14.2289	99940.9	0	0
Be10	9325.5	3.27201	99940.9	0	0
neutron	939.565	10.6371	99943.7	0	0
neutron	939.565	0.604622	99943.7	0	0
Be8	7454.85	2.48179	99943.7	0	0
neutron	939.565	1.47671	99938.9	0	0
B11	10252.5	0.402457	99938.9	0	0
neutron	939.565	13.5855	99941.4	0	0
neutron	939.565	7.62889	99941.4	0	0
neutron	939.565	2.90726	99941.4	0	0
alpha	3727.38	10.7902	99941.4	0	0
alpha	3727.38	3.8879	99941.4	0	0
neutron	939.565	1.0171	99940	0	0
B12	11188.7	0.343994	99940	0	0
neutron	939.565	3.589	99944.8	0	0
B11	10252.5	1.24431	99944.8	0	0
neutron	939.565	11.4677	99943.1	0	0
neutron	939.565	4.15638	99943.1	0	0
He3	2808.39	13.075	99943.1	0	0
alpha	3727.38	0.22309	99943.1	0	0
neutron	939.565	28.356	99945	0	0
neutron	939.565	4.82928	99945	0	0
alpha	3727.38	4.34512	99945	0	0
alpha	3727.38	4.71308	99945	0	0
neutron	939.565	16.5401	99939.9	0	0
neutron	939.565	1.37028	99939.9	0	0
neutron	939.565	0.175547	99939.9	0	0
alpha	3727.38	2.61258	99939.9	0	0
alpha	3727.38	5.16914	99939.9	0	0
B12	11188.7	0.331273	99939.1	0	0
B12	11188.7	0.331352	99942.5	0	0
neutron	939.565	2.56922	99940.4	0	0
B11	10252.5	0.510609	99940.4	0	0
neutron	939.565	4.90662	99945.1	0	0
neutron	939.565	1.46129	99945.1	0	0
Be8	7454.85	1.86034	99945.1	0	0
neutron	939.565	1.21589	99941.6	0	0
alpha	3727.38	1.76683	99941.6	0	0
Li7	6533.83	2.89912	99941.6	0	0
neutron	939.565	8.47669	99943.9	0	0
neutron	939.565	3.08928	99943.9	0	0
Be9	8392.75	0.360076	99943.9	0	0
neutron	939.565	11.0923	99942.2	0	0
B11	10252.5	0.608019	99942.2	0	0
neutron	939.565	11.7507	99941.6	0	0
neutron	939.565	4.73519	99941.6	0	0
B10	9324.44	2.73157	99941.6	0	0
neutron	939.565	2.44871	99942.7	0	0
Be10	9325.5	0.778902	99942.7	0	0
neutron	939.565	31.1354	99941.4	0	0
neutron	939.565	2.50147	99941.4	0	0
neutron	939.565	2.49115	99941.4	0	0
alpha	3727.38	1.44188	99941.4	0	0
alpha	3727.38	5.36991	99941.4	0	0
neutron	939.565	1.73832	99943.3	0	0
Be10	9325.5	1.02315	99943.3	0	0
neutron	939.565	11.3749	99940.3	0	0
alpha	3727.38	9.08821	99940.3	0	0
alpha	3727.38	5.7581	99940.3	0	0
neutron	939.565	8.49274	99941.8	0	0
alpha	3727.38	2.5265	99941.8	0	0
alpha	3727.38	5.25777	99941.8	0	0
neutron	939.565	11.0546	99943	0	0
neutron	939.565	6.01492	99943	0	0
neutron	939.565	1.69621	99943	0	0
alpha	3727.38	20.1152	99943	0	0
alpha	3727.38	1.62594	99943	0	0
neutron	939.565	0.0697205	99942.9	0	0
B11	10252.5	0.356164	99942.9	0	0
neutron	939.565	6.24106	99941.4	0	0
neutron	939.565	1.90792	99941.4	0	0
Be8	7454.85	1.95203	99941.4	0	0
neutron	939.565	8.11804	99939.9	0	0
Be9	8392.75	0.969581	99939.9	0	0
neutron	939.565	2.83389	99943	0	0
Be10	9325.5	1.24838	99943	0	0
neutron	939.565	1.10812	99940.8	0	0
B11	10252.5	0.469661	99940.8	0	0
neutron	939.565	21.4346	99941.9	0	0
neutron	939.565	5.90189	99941.9	0	0
neutron	939.565	1.36126	99941.9	0	0
alpha	3727.38	5.18058	99941.9	0	0
alpha	3727.38	5.31546	99941.9	0	0
neutron	939.565	6.0156	99941.8	0	0
Be8	7454.85	0.704839	99941.8	0	0
neutron	939.565	0.889665	99941.8	0	0
neutron	939.565	0.343174	99941.8	0	0
Be8	7454.85	5.30102	99941.8	0	0
neutron	939.565	6.32568	99942.4	0	0
alpha	3727.38	4.52944	99942.4	0	0
alpha	3727.38	3.01856	99942.4	0	0
neutron	939.565	14.3171	99941.3	0	0
neutron	939.565	9.89097	99941.3	0	0
Be8	7454.85	3.09033	99941.3	0	0
B12	11188.7	0.352589	99940.7	0	0
neutron	939.565	13.4568	99941.5	0	0
Be10	9325.5	3.47368	99941.5	0	0
neutron	939.565	8.8619	99939.4	0	0
neutron	939.565	0.751545	99939.4	0	0
B10	9324.44	0.746659	99939.4	0	0
neutron	939.565	5.36857	99939.8	0	0
neutron	939.565	4.12452	99939.8	0	0
neutron	939.565	0.555665	99939.8	0	0
Be8	7454.85	0.851836	99939.8	0	0
neutron	939.565	11.9071	99940.5	0	0
neutron	939.565	2.03227	99940.5	0	0
neutron	939.565	0.685315	99940.5	0	0
Be8	7454.85	0.292927	99940.5	0	0
neutron	939.565	6.21695	99941.2	0	0
neutron	939.565	3.7657	99941.2	0	0
neutron	939.565	2.76737	99941.2	0	0
Be8	7454.85	0.72124	99941.2	0	0
neutron	939.565	22.6256	99943.3	0	0
neutron	939.565	11.4006	99943.3	0	0
neutron	939.565	5.90948	99943.3	0	0
Be8	7454.85	0.198595	99943.3	0	0
Li9	8406.87	0.114631	99938.6	0	0
neutron	939.565	4.36574	99944.3	0	0
neutron	939.565	0.919098	99944.3	0	0
neutron	939.565	0.774582	99944.3	0	0
Be8	7454.85	1.52057	99944.3	0	0
neutron	939.565	17.1773	99945	0	0
neutron	939.565	7.71271	99945	0	0
neutron	939.565	1.69907	99945	0	0
alpha	3727.38	7.66312	99945	0	0
alpha	3727.38	5.98303	99945	0	0
Be9	8392.75	0.0911338	99942.4	0	0
neutron	939.565	1.78417	99940.6	0	0
Be10	9325.5	0.678374	99940.6	0	0
neutron	939.565	3.30587	99940.1	0	0
neutron	939.565	0.724405	99940.1	0	0
neutron	939.565	0.340585	99940.1	0	0
Be8	7454.85	0.35494	99940.1	0	0
neutron	939.565	16.7617	99940.2	0	0
neutron	939.565	2.09663	99940.2	0	0
neutron	939.565	1.21315	99940.2	0	0
Be8	7454.85	3.19756	99940.2	0	0
neutron	939.565	6.93749	99942.1	0	0
neutron	939.565	5.37047	99942.1	0	0
alpha	3727.38	3.19324	99942.1	0	0
alpha	3727.38	2.77031	99942.1	0	0
neutron	939.565	1.80594	99940.7	0	0
neutron	939.565	0.606075	99940.7	0	0
neutron	939.565	0.362506	99940.7	0	0
Be8	7454.85	0.847541	99940.7	0	0
neutron	939.565	13.4637	99939.9	0	0
neutron	939.565	5.83751	99939.9	0	0
Be8	7454.85	1.16322	99939.9	0	0
neutron	939.565	11.0864	99944.8	0	0
neutron	939.565	2.93928	99944.8	0	0
Be9	8392.75	2.04277	99944.8	0	0
neutron	939.565	0.591644	99940.1	0	0
B11	10252.5	0.165052	99940.1	0	0
neutron	939.565	10.1406	99943.4	0	0
Be10	9325.5	0.303594	99943.4	0	0
C12	11174.9	0.363427	99951.5	22.6229	22.1662
neutron	939.565	16.8525	99942.3	0	0
Be10	9325.5	1.50869	99942.3	0	0
neutron	939.565	0.520259	99942.9	0	0
B11	10252.5	0.379103	99942.9	0	0
neutron	939.565	7.48945	99943.5	0	0
alpha	3727.38	0.213333	99943.5	0	0
alpha	3727.38	6.38135	99943.5	0	0
neutron	939.565	3.9935	99940.3	0	0
Be10	9325.5	1.43822	99940.3	0	0
neutron	939.565	27.5541	99937.5	0	0
neutron	939.565	3.84621	99937.5	0	0
neutron	939.565	0.755776	99937.5	0	0
alpha	3727.38	3.97859	99937.5	0	0
alpha	3727.38	5.75754	99937.5	0	0
neutron	939.565	5.56474	99941	0	0
neutron	939.565	2.21651	99941	0	0
B10	9324.44	0.866634	99941	0	0
neutron	939.565	3.40793	99939.2	0	0
neutron	939.565	1.45627	99939.2	0	0
B10	9324.44	0.801679	99939.2	0	0
neutron	939.565	17.6135	99944.6	0	0
neutron	939.565	2.89996	99944.6	0	0
neutron	939.565	0.800191	99944.6	0	0
Be8	7454.85	2.67282	99944.6	0	0
neutron	939.565	3.59697	99940.6	0	0
alpha	3727.38	7.17982	99940.6	0	0
alpha	3727.38	2.50021	99940.6	0	0
neutron	939.565	9.26835	99943.5	0	0
neutron	939.565	2.47216	99943.5	0	0
B10	9324.44	1.79188	99943.5	0	0
neutron	939.565	8.42368	99940.4	0	0
Be10	9325.5	0.15471	99940.4	0	0
neutron	939.565	4.21745	99944	0	0
neutron	939.565	1.41422	99944	0	0
neutron	939.565	0.412277	99944	0	0
Be8	7454.85	0.402087	99944	0	0
neutron	939.565	26.9848	99942.2	0	0
alpha	3727.38	3.43554	99942.2	0	0
alpha	3727.38	12.9328	99942.2	0	0
neutron	939.565	7.31001	99939.4	0	0
neutron	939.565	1.45578	99939.4	0	0
Be9	8392.75	5.24843	99939.4	0	0
neutron	939.565	2.8785	99944.3	0	0
Be8	7454.85	1.31878	99944.3	0	0
neutron	939.565	5.34777	99941.7	0	0
neutron	939.565	2.90009	99941.7	0	0
neutron	939.565	2.10834	99941.7	0	0
alpha	3727.38	5.83783	99941.7	0	0
alpha	3727.38	1.65899	99941.7	0	0
neutron	939.565	20.6047	99940.5	0	0
neutron	939.565	10.4801	99940.5	0	0
alpha	3727.38	16.6274	99940.5	0	0
alpha	3727.38	5.80826	99940.5	0	0
neutron	939.565	5.25375	99943.8	0	0
B11	10252.5	1.36208	99943.8	0	0
Be10	9325.5	5.85068	99942.2	0	0
neutron	939.565	1.0391	99944.6	0	0
B11	10252.5	0.351725	99944.6	0	0
neutron	939.565	3.51505	99943.8	0	0
neutron	939.565	2.95885	99943.8	0	0
neutron	939.565	2.87434	99943.8	0	0
alpha	3727.38	1.02317	99943.8	0	0
alpha	3727.38	5.09252	99943.8	0	0
neutron	939.565	14.2315	99944.9	0	0
neutron	939.565	0.977784	99944.9	0	0
Be9	8392.75	3.80896	99944.9	0	0
neutron	939.565	6.15328	99943	0	0
neutron	939.565	5.61283	99943	0	0
neutron	939.565	3.80737	99943	0	0
Be8	7454.85	1.84855	99943	0	0
neutron	939.565	33.7473	99941.8	0	0
neutron	939.565	3.30371	99941.8	0	0
Be8	7454.85	3.78452	99941.8	0	0
neutron	939.565	9.95557	99941.7	0	0
Be10	9325.5	2.34033	99941.7	0	0
neutron	939.565	11.8527	99942.3	0	0
neutron	939.565	3.49997	99942.3	0	0
neutron	939.565	0.424023	99942.3	0	0
alpha	3727.38	4.10444	99942.3	0	0
alpha	3727.38	1.03564	99942.3	0	0
neutron	939.565	3.67012	99943.7	0	0
neutron	939.565	0.266135	99943.7	0	0
neutron	939.565	0.0642461	99943.7	0	0
Be8	7454.85	1.305	99943.7	0	0
neutron	939.565	4.73393	99943.3	0	0
B11	10252.5	0.286482	99943.3	0	0
neutron	939.565	7.5069	99939.5	0	0
alpha	3727.38	6.81823	99939.5	0	0
alpha	3727.38	5.85678	99939.5	0	0
neutron	939.565	3.37513	99943.5	0	0
Be8	7454.85	2.849	99943.5	0	0
neutron	939.565	6.80748	99944.9	0	0
neutron	939.565	3.77419	99944.9	0	0
Be8	7454.85	1.43769	99944.9	0	0
neutron	939.565	4.33873	99943.4	0	0
B11	10252.5	0.151642	99943.4	0	0
neutron	939.565	16.6781	99942.7	0	0
neutron	939.565	13.5028	99942.7	0	0
Be8	7454.85	4.72698	99942.7	0	0
neutron	939.565	8.37014	99941.6	0	0
neutron	939.565	3.65863	99941.6	0	0
Be8	7454.85	11.0386	99941.6	0	0
neutron	939.565	3.50686	99941.6	0	0
B11	10252.5	0.770014	99941.6	0	0
neutron	939.565	3.60625	99940	0	0
neutron	939.565	0.510738	99940	0	0
alpha	3727.38	7.03987	99940	0	0
alpha	3727.38	4.71485	99940	0	0
B12	11188.7	0.368326	99941.5	0	0
neutron	939.565	1.36465	99941.9	0	0
B11	10252.5	0.363908	99941.9	0	0
neutron	939.565	0.165091	99943	0	0
B11	10252.5	0.187882	99943	0	0
neutron	939.565	18.6572	99941.6	0	0
neutron	939.565	1.27671	99941.6	0	0
neutron	939.565	1.03857	99941.6	0	0
Be8	7454.85	3.45349	99941.6	0	0
neutron	939.565	6.80957	99939.3	0	0
B11	10252.5	0.411949	99939.3	0	0
neutron	939.565	15.7877	99938.4	0	0
neutron	939.565	7.27048	99938.4	0	0
Be9	8392.75	1.23902	99938.4	0	0
neutron	939.565	21.9295	99944	0	0
B11	10252.5	2.19364	99944	0	0
neutron	939.565	3.12681	99939.9	0	0
alpha	3727.38	5.28877	99939.9	0	0
alpha	3727.38	3.83179	99939.9	0	0
neutron	939.565	6.13907	99942.1	0	0
neutron	939.565	3.93728	99942.1	0	0
neutron	939.565	2.81901	99942.1	0	0
Be8	7454.85	0.262127	99942.1	0	0
neutron	939.565	2.51317	99942.2	0	0
neutron	939.565	1.72609	99942.2	0	0
neutron	939.565	0.727584	99942.2	0	0
Be8	7454.85	1.72569	99942.2	0	0
neutron	939.565	1.78135	99942.6	0	0
B11	10252.5	0.263525	99942.6	0	0
neutron	939.565	2.85404	99940.3	0	0
alpha	3727.38	4.51837	99940.3	0	0
Li7	6533.83	0.490626	99940.3	0	0
neutron	939.565	1.6403	99941.7	0	0
Be10	9325.5	2.80433	99941.7	0	0
neutron	939.565	10.8383	99943.2	0	0
neutron	939.565	1.44405	99943.2	0	0
neutron	939.565	0.792419	99943.2	0	0
alpha	3727.38	6.0902	99943.2	0	0
alpha	3727.38	3.34461	99943.2	0	0
neutron	939.565	1.2471	99939.3	0	0
B11	10252.5	0.329321	99939.3	0	0
neutron	939.565	0.2241	99939.6	0	0
B11	10252.5	0.323726	99939.6	0	0
neutron	939.565	6.43996	99941.9	0	0
neutron	939.565	2.55813	99941.9	0	0
neutron	939.565	0.457728	99941.9	0	0
Be8	7454.85	4.01597	99941.9	0	0
neutron	939.565	21.2074	99939.7	0	0
neutron	939.565	5.61218	99939.7	0	0
Be8	7454.85	5.56597	99939.7	0	0
neutron	939.565	8.90879	99941.6	0	0
alpha	3727.38	2.35956	99941.6	0	0
alpha	3727.38	12.3572	99941.6	0	0
neutron	939.565	16.1278	99941	0	0
neutron	939.565	14.3632	99941	0	0
neutron	939.565	7.33781	99941	0	0
Be8	7454.85	0.762985	99941	0	0
neutron	939.565	34.6195	99944.2	0	0
neutron	939.565	0.185874	99944.2	0	0
Be8	7454.85	6.5458	99944.2	0	0
neutron	939.565	9.04603	99943.4	0	0
Be10	9325.5	1.53126	99943.4	0	0
neutron	939.565	1.68919	99943.5	0	0
neutron	939.565	1.35591	99943.5	0	0
Be9	8392.75	0.322572	99943.5	0	0
neutron	939.565	13.3279	99941.9	0	0
neutron	939.565	4.3967	99941.9	0	0
neutron	939.565	2.63362	99941.9	0	0
alpha	3727.38	7.41411	99941.9	0	0
alpha	3727.38	2.68958	99941.9	0	0
neutron	939.565	11.1802	99943.2	0	0
neutron	939.565	5.69006	99943.2	0	0
neutron	939.565	1.79021	99943.2	0	0
Be8	7454.85	3.74234	99943.2	0	0
neutron	939.565	34.1965	99943	0	0
neutron	939.565	1.03584	99943	0	0
B10	9324.44	4.12238	99943	0	0
neutron	939.565	3.54806	99940.9	0	0
Be8	7454.85	2.77522	99940.9	0	0
neutron	939.565	5.84995	99940.5	0	0
Be10	9325.5	0.10084	99940.5	0	0
Be10	9325.5	3.36968	99944.1	0	0
neutron	939.565	3.13629	99945	0	0
B11	10252.5	0.40389	99945	0	0
neutron	939.565	7.19129	99938.9	0	0
neutron	939.565	2.82885	99938.9	0	0
Be9	8392.75	0.169503	99938.9	0	0
neutron	939.565	10.2752	99941.8	0	0
neutron	939.565	5.23594	99941.8	0	0
neutron	939.565	3.30496	99941.8	0	0
alpha	3727.38	2.23123	99941.8	0	0
alpha	3727.38	11.9291	99941.8	0	0
neutron	939.565	5.62263	99940.4	0	0
neutron	939.565	2.907	99940.4	0	0
neutron	939.565	0.447165	99940.4	0	0
Be8	7454.85	0.878085	99940.4	0	0
neutron	939.565	11.6071	99942.4	0	0
neutron	939.565	1.33079	99942.4	0	0
Be9	8392.75	1.68423	99942.4	0	0
Be10	9325.5	0.418227	99940.2	0	0
neutron	939.565	5.59769	99942.9	0	0
neutron	939.565	0.165689	99942.9	0	0
B10	9324.44	0.911194	99942.9	0	0
neutron	939.565	13.7166	99941	0	0
alpha	3727.38	4.70897	99941	0	0
alpha	3727.38	7.38515	99941	0	0
neutron	939.565	11.0579	99940.3	0	0
neutron	939.565	4.26564	99940.3	0	0
B10	9324.44	0.298076	99940.3	0	0
neutron	939.565	24.2968	99942.9	0	0
neutron	939.565	5.86281	99942.9	0	0
B10	9324.44	3.96924	99942.9	0	0
neutron	939.565	13.5727	99941.7	0	0
neutron	939.565	4.74652	99941.7	0	0
Be8	7454.85	3.28134	99941.7	0	0
neutron	939.565	0.370256	99942.1	0	0
B11	10252.5	0.581066	99942.1	0	0
neutron	939.565	2.82193	99939.4	0	0
Li9	8406.87	0.69146	99939.4	0	0
neutron	939.565	10.9331	99942.8	0	0
neutron	939.565	0.11511	99942.8	0	0
B10	9324.44	1.0869	99942.8	0	0
neutron	939.565	10.6866	99945.9	0	0
alpha	3727.38	4.83846	99945.9	0	0
alpha	3727.38	11.7313	99945.9	0	0
neutron	939.565	10.2141	99940.7	0	0
neutron	939.565	0.536607	99940.7	0	0
B10	9324.44	0.609113	99940.7	0	0
neutron	939.565	26.526	99941.4	0	0
neutron	939.565	3.95441	99941.4	0	0
neutron	939.565	0.372188	99941.4	0	0
Be8	7454.85	1.99195	99941.4	0	0
Be10	9325.5	7.16297	99942.8	0	0
neutron	939.565	6.14279	99943.9	0	0
Be9	8392.75	1.52953	99943.9	0	0
neutron	939.565	3.3531	99939.2	0	0
neutron	939.565	1.29015	99939.2	0	0
Be8	7454.85	0.359413	99939.2	0	0
neutron	939.565	15.0851	99944.3	0	0
neutron	939.565	11.1058	99944.3	0	0
neutron	939.565	7.5317	99944.3	0	0
alpha	3727.38	1.27032	99944.3	0	0
alpha	3727.38	7.15327	99944.3	0	0
C12	11174.9	0.380328	99994.5	65.6943	64.8766
neutron	939.565	11.6865	99944.3	0	0
neutron	939.565	1.61248	99944.3	0	0
Be8	7454.85	4.31073	99944.3	0	0
neutron	939.565	5.91802	99941.8	0	0
Be8	7454.85	1.94852	99941.8	0	0
B12	11188.7	0.364537	99940.2	0	0
neutron	939.565	0.679794	99939.3	0	0
Be10	9325.5	1.09624	99939.3	0	0
neutron	939.565	5.08028	99942.5	0	0
neutron	939.565	3.08876	99942.5	0	0
alpha	3727.38	3.41326	99942.5	0	0
Li6	5601.52	0.548846	99942.5	0	0
neutron	939.565	13.2335	99944.9	0	0
neutron	939.565	6.43013	99944.9	0	0
alpha	3727.38	7.57693	99944.9	0	0
alpha	3727.38	0.237421	99944.9	0	0
neutron	939.565	5.70735	99943.1	0	0
B11	10252.5	0.998962	99943.1	0	0
neutron	939.565	6.93398	99942.6	0	0
alpha	3727.38	7.37622	99942.6	0	0
Li7	6533.83	4.95267	99942.6	0	0
neutron	939.565	15.2963	99940.4	0	0
neutron	939.565	5.6897	99940.4	0	0
B10	9324.44	1.16264	99940.4	0	0
neutron	939.565	1.73954	99943	0	0
B11	10252.5	0.290971	99943	0	0
neutron	939.565	2.37197	99942.5	0	0
neutron	939.565	2.18446	99942.5	0	0
neutron	939.565	0.783108	99942.5	0	0
Be8	7454.85	7.03186	99942.5	0	0
neutron	939.565	6.91669	99940.1	0	0
neutron	939.565	3.03735	99940.1	0	0
neutron	939.565	0.648197	99940.1	0	0
Be8	7454.85	1.95259	99940.1	0	0
neutron	939.565	4.73113	99941.1	0	0
alpha	3727.38	3.23829	99941.1	0	0
Li7	6533.83	1.9735	99941.1	0	0
neutron	939.565	1.53179	99943.4	0	0
B11	10252.5	0.624311	99943.4	0	0
neutron	939.565	8.86274	99939	0	0
neutron	939.565	8.01355	99939	0	0
Be9	8392.75	0.62702	99939	0	0
B12	11188.7	0.332674	99939.7	0	0
neutron	939.565	7.39854	99941.6	0	0
neutron	939.565	2.82969	99941.6	0	0
neutron	939.565	2.41865	99941.6	0	0
Be8	7454.85	3.13321	99941.6	0	0
B12	11188.7	0.364892	99941.8	0	0
neutron	939.565	10.1533	99940.6	0	0
neutron	939.565	7.91554	99940.6	0	0
neutron	939.565	7.34692	99940.6	0	0
alpha	3727.38	6.09874	99940.6	0	0
alpha	3727.38	1.18025	99940.6	0	0
neutron	939.565	27.8075	99940.9	0	0
alpha	3727.38	5.66239	99940.9	0	0
alpha	3727.38	6.52975	99940.9	0	0
neutron	939.565	1.44575	99941.3	0	0
B11	10252.5	0.443184	99941.3	0	0
neutron	939.565	1.19207	99941.6	0	0
B11	10252.5	0.292755	99941.6	0	0
neutron	939.565	1.71992	99939.2	0	0
B11	10252.5	0.119945	99939.2	0	0
neutron	939.565	1.45491	99943.7	0	0
B11	10252.5	0.15556	99943.7	0	0
neutron	939.565	12.1561	99943.8	0	0
neutron	939.565	12.0923	99943.8	0	0
alpha	3727.38	3.20269	99943.8	0	0
alpha	3727.38	9.82641	99943.8	0	0
neutron	939.565	1.82195	99940	0	0
B11	10252.5	0.818287	99940	0	0
neutron	939.565	12.4905	99944.1	0	0
neutron	939.565	3.23597	99944.1	0	0
Be8	7454.85	1.15584	99944.1	0	0
B12	11188.7	0.355911	99946.2	0	0
neutron	939.565	11.6876	99940.4	0	0
neutron	939.565	1.53036	99940.4	0	0
B10	9324.44	2.77273	99940.4	0	0
neutron	939.565	2.78051	99940	0	0
B11	10252.5	0.215606	99940	0	0
B12	11188.7	0.358386	99942.5	0	0
neutron	939.565	7.10452	99941.2	0	0
neutron	939.565	1.93957	99941.2	0	0
Be8	7454.85	0.977621	99941.2	0	0
Be10	9325.5	3.75978	99938.5	0	0
neutron	939.565	35.5139	99943.1	0	0
neutron	939.565	4.19982	99943.1	0	0
B10	9324.44	2.50572	99943.1	0	0
neutron	939.565	5.82693	99942.7	0	0
Be10	9325.5	0.327256	99942.7	0	0
neutron	939.565	9.13444	99942.2	0	0
alpha	3727.38	3.25124	99942.2	0	0
alpha	3727.38	12.8727	99942.2	0	0
neutron	939.565	9.76508	99939.7	0	0
neutron	939.565	5.15358	99939.7	0	0
neutron	939.565	2.60132	99939.7	0	0
alpha	3727.38	5.75429	99939.7	0	0
alpha	3727.38	6.56085	99939.7	0	0
neutron	939.565	1.46754	99941.7	0	0
neutron	939.565	0.700572	99941.7	0	0
B10	9324.44	0.202002	99941.7	0	0
neutron	939.565	44.1812	99942.2	0	0
neutron	939.565	5.08075	99942.2	0	0
Be9	8392.75	1.65146	99942.2	0	0
neutron	939.565	1.42281	99942.9	0	0
B11	10252.5	0.661977	99942.9	0	0
neutron	939.565	11.5667	99941.8	0	0
neutron	939.565	9.44358	99941.8	0	0
B10	9324.44	2.89471	99941.8	0	0
neutron	939.565	9.32772	99939	0	0
neutron	939.565	7.09039	99939	0	0
Be9	8392.75	0.248739	99939	0	0
neutron	939.565	10.7407	99940.4	0	0
B11	10252.5	0.965574	99940.4	0	0
B12	11188.7	0.362455	99939.9	0	0
neutron	939.565	2.34349	99945	0	0
alpha	3727.38	4.92351	99945	0	0
alpha	3727.38	9.05375	99945	0	0
neutron	939.565	0.176552	99943.8	0	0
B11	10252.5	0.238595	99943.8	0	0
neutron	939.565	12.0799	99941.7	0	0
Be10	9325.5	1.85661	99941.7	0	0
neutron	939.565	3.88523	99940.8	0	0
neutron	939.565	3.47617	99940.8	0	0
alpha	3727.38	2.97671	99940.8	0	0
alpha	3727.38	2.56056	99940.8	0	0
neutron	939.565	2.1563	99938.6	0	0
neutron	939.565	1.47265	99938.6	0	0
B10	9324.44	0.335246	99938.6	0	0
neutron	939.565	5.1735	99940.9	0	0
neutron	939.565	0.687335	99940.9	0	0
B10	9324.44	0.600506	99940.9	0	0
neutron	939.565	10.4982	99938.9	0	0
neutron	939.565	2.45722	99938.9	0	0
Li7	6533.83	2.23032	99938.9	0	0
neutron	939.565	29.1291	99940.2	0	0
neutron	939.565	13.1857	99940.2	0	0
alpha	3727.38	1.17377	99940.2	0	0
alpha	3727.38	10.0533	99940.2	0	0
neutron	939.565	14.191	99938.8	0	0
Be10	9325.5	1.52372	99938.8	0	0
neutron	939.565	11.4107	99945	0	0
B11	10252.5	0.71317	99945	0	0
neutron	939.565	3.52922	99940.1	0	0
neutron	939.565	3.00076	99940.1	0	0
Be8	7454.85	2.28444	99940.1	0	0
neutron	939.565	7.22063	99942.7	0	0
neutron	939.565	5.67018	99942.7	0	0
Be8	7454.85	1.02103	99942.7	0	0
neutron	939.565	7.53828	99944.3	0	0
neutron	939.565	0.367195	99944.3	0	0
Be8	7454.85	3.63122	99944.3	0	0
C12	11174.9	0.573622	99997.3	67.214	66.3876
B12	11188.7	0.365204	99945.7	0	0
neutron	939.565	11.4282	99941.9	0	0
neutron	939.565	7.76253	99941.9	0	0
neutron	939.565	0.60167	99941.9	0	0
Be8	7454.85	0.711367	99941.9	0	0
neutron	939.565	4.03271	99943.5	0	0
neutron	939.565	0.575306	99943.5	0	0
B10	9324.44	0.596412	99943.5	0	0
neutron	939.565	10.279	99939.9	0	0
B11	10252.5	1.54726	99939.9	0	0
neutron	939.565	8.53487	99943.4	0	0
neutron	939.565	2.15189	99943.4	0	0
alpha	3727.38	8.62266	99943.4	0	0
alpha	3727.38	2.07449	99943.4	0	0
neutron	939.565	4.84607	99943.5	0	0
B11	10252.5	0.510929	99943.5	0	0
neutron	939.565	11.425	99939.5	0	0
neutron	939.565	0.371834	99939.5	0	0
Be9	8392.75	2.60413	99939.5	0	0
neutron	939.565	12.2641	99942.4	0	0
neutron	939.565	7.28474	99942.4	0	0
Be9	8392.75	2.55942	99942.4	0	0
neutron	939.565	5.4829	99939.1	0	0
Be8	7454.85	0.723233	99939.1	0	0
neutron	939.565	22.8634	99944.7	0	0
neutron	939.565	2.35367	99944.7	0	0
Be9	8392.75	3.14164	99944.7	0	0
neutron	939.565	1.40143	99944.9	0	0
B11	10252.5	0.632544	99944.9	0	0
neutron	939.565	9.90865	99944.4	0	0
neutron	939.565	1.09522	99944.4	0	0
Be8	7454.85	0.334207	99944.4	0	0
neutron	939.565	24.2758	99942.6	0	0
neutron	939.565	14.7255	99942.6	0	0
alpha	3727.38	3.18342	99942.6	0	0
alpha	3727.38	3.71539	99942.6	0	0
neutron	939.565	14.9578	99942.5	0	0
Be10	9325.5	1.97128	99942.5	0	0
neutron	939.565	3.42852	99940.9	0	0
neutron	939.565	3.26728	99940.9	0	0
neutron	939.565	1.88277	99940.9	0	0
Be8	7454.85	0.186225	99940.9	0	0
neutron	939.565	2.4257	99941.5	0	0
neutron	939.565	1.70623	99941.5	0	0
Be9	8392.75	0.909564	99941.5	0	0
neutron	939.565	0.609933	99941.5	0	0
B11	10252.5	0.611027	99941.5	0	0
neutron	939.565	4.81619	99942.5	0	0
neutron	939.565	0.999034	99942.5	0	0
neutron	939.565	0.197337	99942.5	0	0
Be8	7454.85	0.215761	99942.5	0	0
neutron	939.565	2.21816	99940	0	0
alpha	3727.38	7.46396	99940	0	0
He6	5605.53	2.17187	99940	0	0
neutron	939.565	9.03211	99941.6	0	0
neutron	939.565	2.78634	99941.6	0	0
alpha	3727.38	9.4666	99941.6	0	0
alpha	3727.38	1.23493	99941.6	0	0
neutron	939.565	4.04691	99943.3	0	0
alpha	3727.38	4.70595	99943.3	0	0
alpha	3727.38	2.26921	99943.3	0	0
neutron	939.565	3.18867	99940.4	0	0
neutron	939.565	0.844702	99940.4	0	0
B10	9324.44	0.20714	99940.4	0	0
neutron	939.565	50.0923	99941.4	0	0
alpha	3727.38	0.298903	99941.4	0	0
alpha	3727.38	12.1486	99941.4	0	0
neutron	939.565	9.27912	99941.4	0	0
neutron	939.565	7.54437	99941.4	0	0
B10	9324.44	1.84565	99941.4	0	0
neutron	939.565	11.4228	99941.7	0	0
neutron	939.565	2.68829	99941.7	0	0
Be8	7454.85	2.14987	99941.7	0	0
neutron	939.565	2.39363	99943	0	0
B11	10252.5	0.0610298	99943	0	0
neutron	939.565	0.61203	99940.9	0	0
Be9	8392.75	0.379772	99940.9	0	0
neutron	939.565	6.38963	99939.6	0	0
neutron	939.565	3.71269	99939.6	0	0
neutron	939.565	2.57644	99939.6	0	0
alpha	3727.38	1.71333	99939.6	0	0
alpha	3727.38	4.45422	99939.6	0	0
neutron	939.565	11.3522	99939.9	0	0
neutron	939.565	0.570168	99939.9	0	0
B10	9324.44	1.0898	99939.9	0	0
neutron	939.565	7.21767	99944.2	0	0
neutron	939.565	0.572424	99944.2	0	0
B10	9324.44	0.971968	99944.2	0	0
neutron	939.565	2.22275	99939.3	0	0
neutron	939.565	1.14853	99939.3	0	0
B10	9324.44	0.0372642	99939.3	0	0
neutron	939.565	1.2936	99941.4	0	0
B11	10252.5	0.518386	99941.4	0	0
neutron	939.565	13.2959	99941	0	0
Be10	9325.5	5.36897	99941	0	0
neutron	939.565	8.986	99941.4	0	0
Be10	9325.5	2.29382	99941.4	0	0
neutron	939.565	7.48241	99942.9	0	0
neutron	939.565	1.02717	99942.9	0	0
alpha	3727.38	5.26278	99942.9	0	0
Li6	5601.52	0.929969	99942.9	0	0
neutron	939.565	0.569648	99944.7	0	0
B11	10252.5	0.650508	99944.7	0	0
neutron	939.565	10.2738	99942.4	0	0
neutron	939.565	9.33831	99942.4	0	0
neutron	939.565	2.54554	99942.4	0	0
alpha	3727.38	3.57553	99942.4	0	0
alpha	3727.38	3.16002	99942.4	0	0
neutron	939.565	18.0349	99941.4	0	0
neutron	939.565	7.05214	99941.4	0	0
neutron	939.565	1.90646	99941.4	0	0
Be8	7454.85	1.45269	99941.4	0	0
neutron	939.565	3.26695	99942.5	0	0
B11	10252.5	1.23693	99942.5	0	0
neutron	939.565	15.786	99943.1	0	0
neutron	939.565	3.50147	99943.1	0	0
Be8	7454.85	4.8753	99943.1	0	0
neutron	939.565	19.5491	99943.3	0	0
Be8	7454.85	0.971591	99943.3	0	0
neutron	939.565	11.2359	99943.1	0	0
B11	10252.5	1.05514	99943.1	0	0
neutron	939.565	13.1278	99941.4	0	0
neutron	939.565	5.94424	99941.4	0	0
neutron	939.565	1.66008	99941.4	0	0
alpha	3727.38	4.01157	99941.4	0	0
alpha	3727.38	4.06613	99941.4	0	0
neutron	939.565	13.2173	99943.6	0	0
Be10	9325.5	1.2885	99943.6	0	0
neutron	939.565	8.25411	99940.5	0	0
B11	10252.5	1.47017	99940.5	0	0
neutron	939.565	9.28649	99939.1	0	0
neutron	939.565	0.617676	99939.1	0	0
alpha	3727.38	5.39495	99939.1	0	0
alpha	3727.38	5.82738	99939.1	0	0
neutron	939.565	0.579982	99943.1	0	0
B11	10252.5	0.323598	99943.1	0	0
neutron	939.565	2.68004	99939.1	0	0
B11	10252.5	0.0591083	99939.1	0	0
Be10	9325.5	2.65735	99944.6	0	0
neutron	939.565	6.64824	99940.4	0	0
neutron	939.565	3.47782	99940.4	0	0
neutron	939.565	3.28671	99940.4	0	0
Be8	7454.85	0.751137	99940.4	0	0
C12	11174.9	0.341197	99970.7	44.331	43.9007
neutron	939.565	6.18043	99937.4	0	0
neutron	939.565	2.27554	99937.4	0	0
neutron	939.565	0.48514	99937.4	0	0
alpha	3727.38	3.75503	99937.4	0	0
alpha	3727.38	7.70976	99937.4	0	0
neutron	939.565	24.0811	99942.3	0	0
alpha	3727.38	22.2434	99942.3	0	0
alpha	3727.38	6.03282	99942.3	0	0
neutron	939.565	17.8726	99941.5	0	0
alpha	3727.38	25.908	99941.5	0	0
alpha	3727.38	12.8114	99941.5	0	0
neutron	939.565	2.14269	99939.6	0	0
B11	10252.5	0.64883	99939.6	0	0
B12	11188.7	0.360188	99940.7	0	0
neutron	939.565	1.3364	99941.5	0	0
neutron	939.565	0.910542	99941.5	0	0
Be9	8392.75	1.0413	99941.5	0	0
neutron	939.565	0.0973421	99945	0	0
B11	10252.5	0.465894	99945	0	0
neutron	939.565	12.1127	99940.5	0	0
neutron	939.565	8.36381	99940.5	0	0
neutron	939.565	4.25857	99940.5	0	0
Be8	7454.85	1.5287	99940.5	0	0
neutron	939.565	20.982	99943.4	0	0
neutron	939.565	6.18369	99943.4	0	0
Be9	8392.75	3.53066	99943.4	0	0
neutron	939.565	18.1658	99941.6	0	0
Be10	9325.5	0.288329	99941.6	0	0
neutron	939.565	16.3481	99942.8	0	0
Be10	9325.5	1.33048	99942.8	0	0
neutron	939.565	10.3269	99939	0	0
alpha	3727.38	3.5776	99939	0	0
Li7	6533.83	1.71252	99939	0	0
neutron	939.565	1.78324	99941	0	0
B11	10252.5	0.33834	99941	0	0
neutron	939.565	4.08804	99943.6	0	0
neutron	939.565	0.0862094	99943.6	0	0
alpha	3727.38	2.52819	99943.6	0	0
He5	4667.68	4.21566	99943.6	0	0
neutron	939.565	21.0778	99942.1	0	0
neutron	939.565	16.2271	99942.1	0	0
alpha	3727.38	0.552387	99942.1	0	0
Li6	5601.52	11.7479	99942.1	0	0
neutron	939.565	3.78622	99942.3	0	0
neutron	939.565	3.31408	99942.3	0	0
Be8	7454.85	4.21755	99942.3	0	0
neutron	939.565	2.4355	99943.2	0	0
B11	10252.5	0.0247745	99943.2	0	0
neutron	939.565	8.38396	99938.6	0	0
B11	10252.5	0.507859	99938.6	0	0
neutron	939.565	24.8022	99941.4	0	0
neutron	939.565	20.8688	99941.4	0	0
neutron	939.565	4.65901	99941.4	0	0
Be8	7454.85	2.51815	99941.4	0	0
neutron	939.565	7.60236	99941.3	0	0
neutron	939.565	4.23434	99941.3	0	0
neutron	939.565	1.98071	99941.3	0	0
Be8	7454.85	3.11284	99941.3	0	0
neutron	939.565	9.2946	99938.9	0	0
neutron	939.565	5.82529	99938.9	0	0
neutron	939.565	2.32002	99938.9	0	0
alpha	3727.38	4.35374	99938.9	0	0
alpha	3727.38	9.4548	99938.9	0	0
neutron	939.565	4.82792	99940.6	0	0
neutron	939.565	2.73156	99940.6	0	0
alpha	3727.38	2.43624	99940.6	0	0
alpha	3727.38	8.55269	99940.6	0	0
neutron	939.565	19.0653	99941.8	0	0
neutron	939.565	5.56211	99941.8	0	0
neutron	939.565	2.82238	99941.8	0	0
alpha	3727.38	5.8666	99941.8	0	0
alpha	3727.38	2.48426	99941.8	0	0
neutron	939.565	20.2615	99942	0	0
neutron	939.565	13.7039	99942	0	0
Be8	7454.85	4.1449	99942	0	0
neutron	939.565	8.78745	99942.5	0	0
neutron	939.565	2.41691	99942.5	0	0
alpha	3727.38	3.05026	99942.5	0	0
alpha	3727.38	3.58173	99942.5	0	0
alpha	3727.38	5.01202	99943	0	0
He6	5605.53	4.97047	99943	0	0
neutron	939.565	0.771241	99938.1	0	0
B11	10252.5	0.293963	99938.1	0	0
neutron	939.565	10.3515	99943.6	0	0
alpha	3727.38	2.02099	99943.6	0	0
alpha	3727.38	6.96348	99943.6	0	0
neutron	939.565	15.8779	99940.1	0	0
neutron	939.565	5.69842	99940.1	0	0
Be9	8392.75	1.78967	99940.1	0	0
neutron	939.565	1.452	99941.1	0	0
neutron	939.565	0.665564	99941.1	0	0
Be9	8392.75	0.131666	99941.1	0	0
neutron	939.565	2.66006	99941.6	0	0
neutron	939.565	4.83974	99943.7	0	0
Be8	7454.85	0.544499	99943.7	0	0
neutron	939.565	3.64762	99940.5	0	0
neutron	939.565	2.49667	99940.5	0	0
Be9	8392.75	0.392196	99940.5	0	0
neutron	939.565	7.04031	99941.5	0	0
B11	10252.5	0.368275	99941.5	0	0
neutron	939.565	4.681	99941.7	0	0
neutron	939.565	1.55167	99941.7	0	0
Be8	7454.85	2.83545	99941.7	0	0
neutron	939.565	10.9137	99939.8	0	0
alpha	3727.38	5.54106	99939.8	0	0
alpha	3727.38	7.52989	99939.8	0	0
neutron	939.565	6.17825	99944.4	0	0
neutron	939.565	5.88276	99944.4	0	0
B10	9324.44	1.17837	99944.4	0	0
B12	11188.7	0.353533	99945.3	0	0
neutron	939.565	7.52754	99942.8	0	0
alpha	3727.38	9.28561	99942.8	0	0
alpha	3727.38	6.16452	99942.8	0	0
neutron	939.565	5.9838	99940.4	0	0
neutron	939.565	4.86994	99940.4	0	0
alpha	3727.38	3.92828	99940.4	0	0
alpha	3727.38	4.17629	99940.4	0	0
neutron	939.565	21.1288	99943	0	0
neutron	939.565	6.56596	99943	0	0
neutron	939.565	1.34833	99943	0	0
Be8	7454.85	2.75738	99943	0	0
neutron	939.565	4.78178	99941	0	0
B11	10252.5	1.38182	99941	0	0
neutron	939.565	8.23165	99940.7	0	0
neutron	939.565	1.39455	99940.7	0	0
Be8	7454.85	0.059968	99940.7	0	0
neutron	939.565	7.03369	99940.7	0	0
neutron	939.565	5.45682	99940.7	0	0
Be8	7454.85	0.107197	99940.7	0	0
neutron	939.565	9.94623	99943.5	0	0
B11	10252.5	0.461371	99943.5	0	0
B12	11188.7	0.368219	99941.8	0	0
neutron	939.565	6.22637	99942.8	0	0
alpha	3727.38	3.01556	99942.8	0	0
alpha	3727.38	4.62463	99942.8	0	0
neutron	939.565	0.339505	99942.8	0	0
B11	10252.5	0.555505	99942.8	0	0
neutron	939.565	3.34927	99939.9	0	0
neutron	939.565	0.0430185	99939.9	0	0
B10	9324.44	0.641523	99939.9	0	0
neutron	939.565	5.42725	99940.4	0	0
neutron	939.565	2.68024	99940.4	0	0
B10	9324.44	0.910483	99940.4	0	0
neutron	939.565	2.373	99939.8	0	0
Be10	9325.5	0.656283	99939.8	0	0
neutron	939.565	6.86255	99943.5	0	0
neutron	939.565	3.06861	99943.5	0	0
neutron	939.565	2.42259	99943.5	0	0
alpha	3727.38	4.76496	99943.5	0	0
alpha	3727.38	7.27832	99943.5	0	0
neutron	939.565	24.4568	99941.9	0	0
neutron	939.565	8.59446	99941.9	0	0
neutron	939.565	7.95484	99941.9	0	0
Be8	7454.85	3.46861	99941.9	0	0
neutron	939.565	23.3483	99944.5	0	0
neutron	939.565	5.38558	99944.5	0	0
B10	9324.44	3.06146	99944.5	0	0
neutron	939.565	5.86109	99945	0	0
neutron	939.565	1.68021	99945	0	0
Be8	7454.85	2.51272	99945	0	0
neutron	939.565	21.0092	99943	0	0
neutron	939.565	3.35819	99943	0	0
neutron	939.565	0.798808	99943	0	0
Be8	7454.85	3.51544	99943	0	0
neutron	939.565	13.4592	99942.7	0	0
neutron	939.565	3.48168	99942.7	0	0
B10	9324.44	2.40781	99942.7	0	0
neutron	939.565	2.6858	99942.3	0	0
neutron	939.565	2.17648	99942.3	0	0
neutron	939.565	0.241858	99942.3	0	0
Be8	7454.85	0.508026	99942.3	0	0
neutron	939.565	12.3194	99941.3	0	0
neutron	939.565	4.29673	99941.3	0	0
neutron	939.565	4.27559	99941.3	0	0
Be8	7454.85	0.955817	99941.3	0	0
neutron	939.565	8.32045	99944	0	0
neutron	939.565	7.03863	99944	0	0
neutron	939.565	3.57252	99944	0	0
alpha	3727.38	3.64103	99944	0	0
alpha	3727.38	7.7781	99944	0	0
neutron	939.565	0.147241	99943.3	0	0
B11	10252.5	0.327933	99943.3	0	0
neutron	939.565	4.85047	99939.1	0	0
neutron	939.565	2.15682	99939.1	0	0
Be8	7454.85	0.470282	99939.1	0	0
neutron	939.565	10.3883	99941.1	0	0
neutron	939.565	7.05645	99941.1	0	0
B10	9324.44	1.11479	99941.1	0	0
neutron	939.565	1.94592	99942.1	0	0
neutron	939.565	1.31603	99942.1	0	0
alpha	3727.38	9.90319	99942.1	0	0
neutron	939.565	2.80933	99942.5	0	0
neutron	939.565	0.612172	99942.5	0	0
alpha	3727.38	2.53586	99942.5	0	0
alpha	3727.38	5.09831	99942.5	0	0
neutron	939.565	5.76329	99941.9	0	0
neutron	939.565	0.112519	99941.9	0	0
Be9	8392.75	0.0510268	99941.9	0	0
neutron	939.565	2.57814	99943.2	0	0
neutron	939.565	0.731117	99943.2	0	0
Be8	7454.85	1.13669	99943.2	0	0
B12	11188.7	0.336956	99942.4	0	0
neutron	939.565	19.7374	99942.7	0	0
neutron	939.565	5.85208	99942.7	0	0
Be8	7454.85	5.08398	99942.7	0	0
neutron	939.565	2.62731	99942.7	0	0
B11	10252.5	0.32739	99942.7	0	0
neutron	939.565	5.06195	99941.2	0	0
neutron	939.565	3.94421	99941.2	0	0
Be9	8392.75	0.924881	99941.2	0	0
neutron	939.565	5.40815	99941.9	0	0
neutron	939.565	4.29868	99941.9	0	0
neutron	939.565	4.12511	99941.9	0	0
alpha	3727.38	1.95535	99941.9	0	0
alpha	3727.38	4.67509	99941.9	0	0
neutron	939.565	6.65343	99943.4	0	0
B11	10252.5	0.210037	99943.4	0	0
neutron	939.565	3.24064	99942.4	0	0
Be9	8392.75	5.31481	99942.4	0	0
neutron	939.565	7.25167	99941	0	0
neutron	939.565	3.40543	99941	0	0
neutron	939.565	1.9413	99941	0	0
Be8	7454.85	1.89045	99941	0	0
neutron	939.565	28.2041	99941.6	0	0
neutron	939.565	8.32563	99941.6	0	0
neutron	939.565	1.37774	99941.6	0	0
Be8	7454.85	8.17917	99941.6	0	0
neutron	939.565	26.7697	99941.4	0	0
neutron	939.565	0.936851	99941.4	0	0
neutron	939.565	0.0449725	99941.4	0	0
alpha	3727.38	1.72522	99941.4	0	0
alpha	3727.38	4.16716	99941.4	0	0
neutron	939.565	3.38004	99943.6	0	0
neutron	939.565	2.84529	99943.6	0	0
Be8	7454.85	0.705748	99943.6	0	0
neutron	939.565	1.0314	99940.7	0	0
B11	10252.5	0.573463	99940.7	0	0
neutron	939.565	6.42401	99943.2	0	0
B11	10252.5	0.704023	99943.2	0	0
alpha	3727.38	1.3319	99941.1	0	0
neutron	939.565	13.5299	99943.1	0	0
neutron	939.565	0.426793	99943.1	0	0
neutron	939.565	0.235093	99943.1	0	0
Be8	7454.85	2.31688	99943.1	0	0
neutron	939.565	40.1942	99942.7	0	0
neutron	939.565	2.25878	99942.7	0	0
Be8	7454.85	2.69592	99942.7	0	0
neutron	939.565	20.9793	99944	0	0
neutron	939.565	10.9956	99944	0	0
neutron	939.565	5.47761	99944	0	0
alpha	3727.38	6.64711	99944	0	0
alpha	3727.38	6.36371	99944	0	0
neutron	939.565	19.9227	99943.9	0	0
neutron	939.565	13.6932	99943.9	0	0
neutron	939.565	8.02534	99943.9	0	0
Be8	7454.85	0.26858	99943.9	0	0
neutron	939.565	29.2784	99940.2	0	0
neutron	939.565	11.0216	99940.2	0	0
neutron	939.565	0.672508	99940.2	0	0
Be8	7454.85	2.14155	99940.2	0	0
neutron	939.565	9.42652	99942.5	0	0
neutron	939.565	5.54878	99942.5	0	0
neutron	939.565	4.87814	99942.5	0	0
alpha	3727.38	1.55914	99942.5	0	0
alpha	3727.38	10.5989	99942.5	0	0
neutron	939.565	31.4101	99940.2	0	0
neutron	939.565	0.459029	99940.2	0	0
Be9	8392.75	3.22376	99940.2	0	0
neutron	939.565	5.83346	99941.9	0	0
neutron	939.565	5.30649	99941.9	0	0
neutron	939.565	4.40964	99941.9	0	0
alpha	3727.38	1.61689	99941.9	0	0
alpha	3727.38	4.16876	99941.9	0	0
neutron	939.565	14.2212	99943.7	0	0
neutron	939.565	4.90627	99943.7	0	0
neutron	939.565	1.91906	99943.7	0	0
alpha	3727.38	12.8133	99943.7	0	0
alpha	3727.38	3.22182	99943.7	0	0
neutron	939.565	8.11835	99941.7	0	0
neutron	939.565	0.589771	99941.7	0	0
neutron	939.565	0.469489	99941.7	0	0
Be8	7454.85	1.79904	99941.7	0	0
neutron	939.565	0.268482	99942.6	0	0
B11	10252.5	0.323366	99942.6	0	0
neutron	939.565	0.238603	99939.1	0	0
Be9	8392.75	0.219233	99939.1	0	0
neutron	939.565	6.77643	99941.5	0	0
neutron	939.565	2.27862	99941.5	0	0
B10	9324.44	2.03997	99941.5	0	0
neutron	939.565	19.2479	99939.5	0	0
neutron	939.565	7.42021	99939.5	0	0
neutron	939.565	6.01567	99939.5	0	0
alpha	3727.38	9.21808	99939.5	0	0
alpha	3727.38	6.51246	99939.5	0	0
neutron	939.565	12.9087	99944.6	0	0
neutron	939.565	4.18795	99944.6	0	0
B10	9324.44	0.486618	99944.6	0	0
neutron	939.565	16.026	99943.6	0	0
alpha	3727.38	13.1317	99943.6	0	0
alpha	3727.38	9.87902	99943.6	0	0
neutron	939.565	1.64744	99942.6	0	0
neutron	939.565	1.11659	99942.6	0	0
Be9	8392.75	1.33553	99942.6	0	0
neutron	939.565	29.521	99938.9	0	0
Be8	7454.85	1.64853	99938.9	0	0
neutron	939.565	0.812723	99943.5	0	0
B11	10252.5	0.440855	99943.5	0	0
neutron	939.565	4.61235	99941.5	0	0
B11	10252.5	0.789084	99941.5	0	0
neutron	939.565	0.843742	99940.2	0	0
B11	10252.5	0.357703	99940.2	0	0
neutron	939.565	9.42216	99941.5	0	0
neutron	939.565	2.84986	99941.5	0	0
neutron	939.565	1.42797	99941.5	0	0
alpha	3727.38	4.34548	99941.5	0	0
alpha	3727.38	5.85165	99941.5	0	0
neutron	939.565	6.41772	99941.1	0	0
neutron	939.565	3.8274	99941.1	0	0
B10	9324.44	0.605366	99941.1	0	0
neutron	939.565	16.9958	99942.8	0	0
neutron	939.565	10.9674	99942.8	0	0
neutron	939.565	0.826265	99942.8	0	0
Be8	7454.85	3.19957	99942.8	0	0
B12	11188.7	0.365144	99942.5	0	0
neutron	939.565	5.90143	99940.2	0	0
neutron	939.565	0.041205	99940.2	0	0
B10	9324.44	0.294179	99940.2	0	0
neutron	939.565	1.90056	99942.4	0	0
neutron	939.565	1.31711	99942.4	0	0
alpha	3727.38	3.12668	99942.4	0	0
alpha	3727.38	4.2403	99942.4	0	0
neutron	939.565	4.78566	99940.4	0	0
neutron	939.565	3.42383	99940.4	0	0
alpha	3727.38	4.52617	99940.4	0	0
alpha	3727.38	1.45404	99940.4	0	0
neutron	939.565	37.6493	99941.7	0	0
alpha	3727.38	8.48975	99941.7	0	0
alpha	3727.38	3.97395	99941.7	0	0
neutron	939.565	0.222114	99942.2	0	0
B11	10252.5	0.226056	99942.2	0	0
neutron	939.565	0.683748	99941.2	0	0
B11	10252.5	0.407587	99941.2	0	0
neutron	939.565	1.5435	99944.1	0	0
neutron	939.565	1.14818	99944.1	0	0
B10	9324.44	0.354362	99944.1	0	0
neutron	939.565	19.7888	99944	0	0
neutron	939.565	0.494153	99944	0	0
neutron	939.565	0.41967	99944	0	0
Be8	7454.85	3.9959	99944	0	0
neutron	939.565	22.1135	99940	0	0
neutron	939.565	18.5699	99940	0	0
neutron	939.565	0.226248	99940	0	0
alpha	3727.38	8.69586	99940	0	0
alpha	3727.38	2.90567	99940	0	0
neutron	939.565	1.61817	99942.9	0	0
Be8	7454.85	2.31625	99942.9	0	0
neutron	939.565	10.2841	99940.5	0	0
neutron	939.565	3.64583	99940.5	0	0
neutron	939.565	0.948358	99940.5	0	0
Be8	7454.85	0.652416	99940.5	0	0
neutron	939.565	21.4498	99940.5	0	0
alpha	3727.38	12.2395	99940.5	0	0
alpha	3727.38	6.55602	99940.5	0	0
neutron	939.565	7.29364	99941.8	0	0
neutron	939.565	6.28419	99941.8	0	0
B10	9324.44	0.459081	99941.8	0	0
neutron	939.565	4.27774	99942.9	0	0
Be8	7454.85	2.04728	99942.9	0	0
neutron	939.565	2.26267	99940.9	0	0
B11	10252.5	0.536048	99940.9	0	0
Be10	9325.5	0.0772962	99939.8	0	0
neutron	939.565	11.2318	99940.1	0	0
alpha	3727.38	2.66273	99940.1	0	0
alpha	3727.38	6.40841	99940.1	0	0
neutron	939.565	1.16284	99939.9	0	0
B11	10252.5	0.403291	99939.9	0	0
neutron	939.565	4.61171	99940.8	0	0
Be8	7454.85	1.26745	99940.8	0	0
neutron	939.565	4.40295	99942.4	0	0
Be9	8392.75	1.77589	99942.4	0	0
neutron	939.565	8.33751	99941.9	0	0
B11	10252.5	0.326916	99941.9	0	0
neutron	939.565	3.46884	99942.1	0	0
B11	10252.5	0.061913	99942.1	0	0
neutron	939.565	3.83775	99942.6	0	0
neutron	939.565	3.69329	99942.6	0	0
B10	9324.44	0.131288	99942.6	0	0
neutron	939.565	38.8202	99942.7	0	0
alpha	3727.38	5.11479	99942.7	0	0
alpha	3727.38	6.39198	99942.7	0	0
neutron	939.565	23.6847	99941.9	0	0
Be10	9325.5	1.35349	99941.9	0	0
B12	11188.7	0.35219	99940.5	0	0
neutron	939.565	24.4424	99942.1	0	0
neutron	939.565	22.5185	99942.1	0	0
alpha	3727.38	5.53742	99942.1	0	0
alpha	3727.38	0.846198	99942.1	0	0
neutron	939.565	9.33857	99945.4	0	0
neutron	939.565	0.664681	99945.4	0	0
alpha	3727.38	0.744738	99945.4	0	0
neutron	939.565	21.8623	99942.4	0	0
neutron	939.565	2.96555	99942.4	0	0
alpha	3727.38	7.75951	99942.4	0	0
alpha	3727.38	2.65262	99942.4	0	0
neutron	939.565	4.78166	99942.5	0	0
neutron	939.565	2.11721	99942.5	0	0
Be9	8392.75	1.58301	99942.5	0	0
neutron	939.565	7.28176	99942	0	0
Be8	7454.85	1.00411	99942	0	0
neutron	939.565	2.86185	99941.7	0	0
Be10	9325.5	0.306778	99941.7	0	0
neutron	939.565	11.1084	99940.9	0	0
Be10	9325.5	1.64381	99940.9	0	0
neutron	939.565	21.1373	99944.4	0	0
neutron	939.565	6.92061	99944.4	0	0
neutron	939.565	3.80543	99944.4	0	0
alpha	3727.38	0.630359	99944.4	0	0
alpha	3727.38	18.0981	99944.4	0	0
neutron	939.565	7.87164	99943.8	0	0
neutron	939.565	6.95869	99943.8	0	0
alpha	3727.38	1.28213	99943.8	0	0
alpha	3727.38	2.95621	99943.8	0	0
neutron	939.565	11.2934	99945.7	0	0
neutron	939.565	3.10078	99945.7	0	0
neutron	939.565	1.12989	99945.7	0	0
alpha	3727.38	10.0425	99945.7	0	0
alpha	3727.38	1.65734	99945.7	0	0
neutron	939.565	6.41379	99940.2	0	0
neutron	939.565	5.11446	99940.2	0	0
neutron	939.565	1.0384	99940.2	0	0
alpha	3727.38	3.97845	99940.2	0	0
alpha	3727.38	1.77042	99940.2	0	0
neutron	939.565	5.88402	99939.8	0	0
neutron	939.565	2.58413	99939.8	0	0
alpha	3727.38	8.04483	99939.8	0	0
alpha	3727.38	3.06069	99939.8	0	0
neutron	939.565	30.2604	99943.3	0	0
neutron	939.565	1.94243	99943.3	0	0
Be9	8392.75	2.56232	99943.3	0	0
neutron	939.565	0.270774	99943	0	0
B11	10252.5	0.317869	99943	0	0
neutron	939.565	0.165843	99943.6	0	0
B11	10252.5	0.401018	99943.6	0	0
neutron	939.565	3.16788	99938.9	0	0
neutron	939.565	1.05988	99938.9	0	0
Be8	7454.85	0.788584	99938.9	0	0
neutron	939.565	2.19279	99942.1	0	0
Be10	9325.5	0.41858	99942.1	0	0
neutron	939.565	1.40556	99941	0	0
Be10	9325.5	0.972338	99941	0	0
neutron	939.565	1.93453	99943.1	0	0
neutron	939.565	1.38279	99943.1	0	0
He3	2808.39	7.94042	99943.1	0	0
alpha	3727.38	3.4487	99943.1	0	0
neutron	939.565	0.794526	99940.5	0	0
B11	10252.5	0.465155	99940.5	0	0
neutron	939.565	7.34068	99942.7	0	0
neutron	939.565	2.87182	99942.7	0	0
neutron	939.565	1.19225	99942.7	0	0
neutron	939.565	0.692493	99942.7	0	0
Be8	7454.85	3.34643	99942.7	0	0
neutron	939.565	0.665755	99942.9	0	0
B11	10252.5	0.196337	99942.9	0	0
neutron	939.565	3.9087	99940.3	0	0
alpha	3727.38	17.3393	99940.3	0	0
alpha	3727.38	3.527	99940.3	0	0
neutron	939.565	9.4668	99942	0	0
neutron	939.565	0.0115621	99942	0	0
B10	9324.44	0.752741	99942	0	0
neutron	939.565	35.7329	99940.6	0	0
neutron	939.565	0.499325	99940.6	0	0
Be9	8392.75	2.13852	99940.6	0	0
neutron	939.565	1.31162	99944.6	0	0
B11	10252.5	0.49917	99944.6	0	0
neutron	939.565	13.7736	99941.4	0	0
neutron	939.565	2.34198	99941.4	0	0
B10	9324.44	1.74955	99941.4	0	0
neutron	939.565	2.42158	99941.5	0	0
B11	10252.5	0.476578	99941.5	0	0
neutron	939.565	9.14026	99941.3	0	0
neutron	939.565	8.7443	99941.3	0	0
B10	9324.44	0.245223	99941.3	0	0
neutron	939.565	7.52508	99940.5	0	0
neutron	939.565	6.0095	99940.5	0	0
Be9	8392.75	2.50808	99940.5	0	0
B12	11188.7	0.361667	99943	0	0
neutron	939.565	14.5795	99940.8	0	0
alpha	3727.38	5.589	99940.8	0	0
He6	5605.53	4.62105	99940.8	0	0
neutron	939.565	6.76959	99945.6	0	0
neutron	939.565	1.7396	99945.6	0	0
neutron	939.565	1.12805	99945.6	0	0
Be8	7454.85	3.0769	99945.6	0	0
neutron	939.565	2.39893	99943.2	0	0
B11	10252.5	0.0947148	99943.2	0	0
neutron	939.565	11.7673	99941.4	0	0
alpha	3727.38	2.30689	99941.4	0	0
alpha	3727.38	10.1288	99941.4	0	0
neutron	939.565	0.633216	99943.8	0	0
B11	10252.5	0.472142	99943.8	0	0
neutron	939.565	23.0331	99942.6	0	0
neutron	939.565	2.63665	99942.6	0	0
neutron	939.565	1.60213	99942.6	0	0
Be8	7454.85	2.62104	99942.6	0	0
neutron	939.565	4.58759	99943.1	0	0
B11	10252.5	0.72104	99943.1	0	0
neutron	939.565	16.2411	99942.3	0	0
neutron	939.565	2.88563	99942.3	0	0
Be8	7454.85	1.09617	99942.3	0	0
neutron	939.565	0.107312	99942.3	0	0
B11	10252.5	0.388757	99942.3	0	0
neutron	939.565	31.777	99941.8	0	0
neutron	939.565	5.52547	99941.8	0	0
B10	9324.44	2.88285	99941.8	0	0
neutron	939.565	4.31994	99940.8	0	0
Be8	7454.85	1.66458	99940.8	0	0
neutron	939.565	4.46143	99940.9	0	0
neutron	939.565	1.17991	99940.9	0	0
Be9	8392.75	0.4839	99940.9	0	0
neutron	939.565	9.99489	99942	0	0
neutron	939.565	9.36927	99942	0	0
Be8	7454.85	1.63058	99942	0	0
neutron	939.565	18.43	99941.1	0	0
neutron	939.565	2.707	99941.1	0	0
neutron	939.565	1.03576	99941.1	0	0
Be8	7454.85	1.66239	99941.1	0	0
neutron	939.565	15.6881	99943.2	0	0
neutron	939.565	11.6654	99943.2	0	0
neutron	939.565	1.33013	99943.2	0	0
Be8	7454.85	3.0447	99943.2	0	0
neutron	939.565	0.172099	99942.8	0	0
B11	10252.5	0.469044	99942.8	0	0
neutron	939.565	30.1675	99942.4	0	0
neutron	939.565	7.06152	99942.4	0	0
neutron	939.565	0.11706	99942.4	0	0
Be8	7454.85	2.0612	99942.4	0	0
neutron	939.565	1.92405	99942	0	0
B11	10252.5	0.51373	99942	0	0
neutron	939.565	7.20226	99941.4	0	0
neutron	939.565	4.26037	99941.4	0	0
B10	9324.44	1.78909	99941.4	0	0
neutron	939.565	11.5298	99938.1	0	0
Be10	9325.5	2.4174	99938.1	0	0
B12	11188.7	0.34302	99941	0	0
neutron	939.565	4.21999	99942.5	0	0
B11	10252.5	0.147344	99942.5	0	0
neutron	939.565	13.0839	99944.7	0	0
alpha	3727.38	2.96983	99944.7	0	0
alpha	3727.38	3.64429	99944.7	0	0
neutron	939.565	31.6967	99943.4	0	0
neutron	939.565	4.57252	99943.4	0	0
neutron	939.565	0.972797	99943.4	0	0
Be8	7454.85	5.43073	99943.4	0	0
neutron	939.565	8.46777	99941	0	0
neutron	939.565	2.42265	99941	0	0
neutron	939.565	0.340144	99941	0	0
Be8	7454.85	1.89632	99941	0	0
neutron	939.565	3.28999	99941.5	0	0
neutron	939.565	2.49947	99941.5	0	0
neutron	939.565	0.220552	99941.5	0	0
alpha	3727.38	1.064	99941.5	0	0
alpha	3727.38	5.8081	99941.5	0	0
neutron	939.565	4.26314	99940	0	0
alpha	3727.38	7.6273	99940	0	0
Li7	6533.83	4.11979	99940	0	0
neutron	939.565	14.1335	99941.3	0	0
neutron	939.565	2.48452	99941.3	0	0
alpha	3727.38	6.14484	99941.3	0	0
alpha	3727.38	2.94131	99941.3	0	0
neutron	939.565	2.82706	99943	0	0
neutron	939.565	0.822647	99943	0	0
B10	9324.44	0.300669	99943	0	0
neutron	939.565	8.02668	99940.7	0	0
B11	10252.5	0.528561	99940.7	0	0
neutron	939.565	4.18935	99941.7	0	0
neutron	939.565	0.760738	99941.7	0	0
B10	9324.44	0.796293	99941.7	0	0
neutron	939.565	4.49627	99945.6	0	0
B11	10252.5	0.526364	99945.6	0	0
neutron	939.565	4.01394	99939.9	0	0
Be10	9325.5	0.607328	99939.9	0	0
neutron	939.565	2.59752	99939.9	0	0
Be10	9325.5	0.412797	99939.9	0	0
neutron	939.565	19.3588	99940.6	0	0
neutron	939.565	1.59844	99940.6	0	0
B10	9324.44	1.28984	99940.6	0	0
neutron	939.565	12.2996	99940.4	0	0
alpha	3727.38	11.7287	99940.4	0	0
alpha	3727.38	2.55352	99940.4	0	0
neutron	939.565	7.99419	99940.8	0	0
neutron	939.565	7.57185	99940.8	0	0
Be8	7454.85	1.64152	99940.8	0	0
B12	11188.7	0.371026	99940.5	0	0
neutron	939.565	3.40733	99942.4	0	0
neutron	939.565	1.10424	99942.4	0	0
Be9	8392.75	2.03019	99942.4	0	0
neutron	939.565	9.10387	99942.6	0	0
neutron	939.565	3.45725	99942.6	0	0
B10	9324.44	1.11067	99942.6	0	0
neutron	939.565	31.7495	99944.8	0	0
neutron	939.565	1.9777	99944.8	0	0
Be8	7454.85	6.44695	99944.8	0	0
B12	11188.7	0.363391	99944.5	0	0
neutron	939.565	6.2351	99939.6	0	0
neutron	939.565	2.49357	99939.6	0	0
neutron	939.565	0.425402	99939.6	0	0
Be8	7454.85	1.0747	99939.6	0	0
neutron	939.565	4.55587	99941.2	0	0
B11	10252.5	0.288963	99941.2	0	0
neutron	939.565	10.5953	99941.7	0	0
Be10	9325.5	1.00212	99941.7	0	0
neutron	939.565	15.1081	99941.9	0	0
neutron	939.565	0.412668	99941.9	0	0
Be9	8392.75	1.87846	99941.9	0	0
neutron	939.565	9.98596	99941.2	0	0
neutron	939.565	7.71327	99941.2	0	0
neutron	939.565	1.09122	99941.2	0	0
alpha	3727.38	3.47119	99941.2	0	0
alpha	3727.38	6.47931	99941.2	0	0
C12	11174.9	0.78471	99965.4	39.9284	39.1291
neutron	939.565	3.8139	99943.3	0	0
B11	10252.5	0.844253	99943.3	0	0
neutron	939.565	9.44685	99940.5	0	0
neutron	939.565	8.27423	99940.5	0	0
neutron	939.565	4.82369	99940.5	0	0
Be8	7454.85	2.43584	99940.5	0	0
neutron	939.565	12.1376	99940.2	0	0
neutron	939.565	7.69004	99940.2	0	0
neutron	939.565	3.79149	99940.2	0	0
alpha	3727.38	4.11825	99940.2	0	0
alpha	3727.38	2.06835	99940.2	0	0
neutron	939.565	1.19542	99940.7	0	0
Be10	9325.5	1.50948	99940.7	0	0
neutron	939.565	5.89962	99941	0	0
neutron	939.565	5.0377	99941	0	0
alpha	3727.38	0.416537	99941	0	0
neutron	939.565	4.1412	99942.9	0	0
neutron	939.565	1.67919	99942.9	0	0
neutron	939.565	1.56006	99942.9	0	0
alpha	3727.38	2.30637	99942.9	0	0
alpha	3727.38	5.91308	99942.9	0	0
neutron	939.565	5.00391	99940.6	0	0
B12	11188.7	0.984056	99940.6	0	0
neutron	939.565	8.26884	99939.2	0	0
B11	10252.5	1.35791	99939.2	0	0
neutron	939.565	2.46741	99944.3	0	0
neutron	939.565	2.02558	99944.3	0	0
B10	9324.44	0.547812	99944.3	0	0
neutron	939.565	12.3003	99940.6	0	0
neutron	939.565	2.888	99940.6	0	0
neutron	939.565	1.57593	99940.6	0	0
alpha	3727.38	3.03998	99940.6	0	0
alpha	3727.38	1.76106	99940.6	0	0
neutron	939.565	7.57847	99942.2	0	0
neutron	939.565	6.91054	99942.2	0	0
neutron	939.565	4.76708	99942.2	0	0
Be8	7454.85	1.08907	99942.2	0	0
neutron	939.565	15.2549	99941.3	0	0
neutron	939.565	0.136803	99941.3	0	0
Be8	7454.85	1.44676	99941.3	0	0
neutron	939.565	5.22912	99938.1	0	0
alpha	3727.38	5.31439	99938.1	0	0
alpha	3727.38	13.2271	99938.1	0	0
neutron	939.565	38.3539	99942.8	0	0
neutron	939.565	4.65518	99942.8	0	0
neutron	939.565	2.27996	99942.8	0	0
Be8	7454.85	0.595347	99942.8	0	0
neutron	939.565	24.9433	99939.7	0	0
neutron	939.565	5.52503	99939.7	0	0
neutron	939.565	3.96205	99939.7	0	0
alpha	3727.38	1.52826	99939.7	0	0
alpha	3727.38	5.06678	99939.7	0	0
neutron	939.565	33.223	99941.3	0	0
neutron	939.565	3.99191	99941.3	0	0
neutron	939.565	3.33604	99941.3	0	0
Be8	7454.85	1.75543	99941.3	0	0
neutron	939.565	10.78	99942.8	0	0
alpha	3727.38	3.54086	99942.8	0	0
alpha	3727.38	8.02933	99942.8	0	0
neutron	939.565	2.96305	99939.7	0	0
Be10	9325.5	1.50586	99939.7	0	0
neutron	939.565	0.661376	99942.3	0	0
B11	10252.5	0.40586	99942.3	0	0
neutron	939.565	34.4817	99941.4	0	0
neutron	939.565	8.55368	99941.4	0	0
Be8	7454.85	8.52695	99941.4	0	0
neutron	939.565	15.6317	99940.4	0	0
neutron	939.565	2.19776	99940.4	0	0
Be9	8392.75	1.40026	99940.4	0	0
neutron	939.565	6.79322	99942.6	0	0
neutron	939.565	5.94143	99942.6	0	0
alpha	3727.38	9.33605	99942.6	0	0
alpha	3727.38	1.84984	99942.6	0	0
neutron	939.565	8.74538	99942.9	0	0
alpha	3727.38	4.31715	99942.9	0	0
alpha	3727.38	3.79718	99942.9	0	0
C12	11174.9	0.537401	99977.8	51.0127	50.4038
neutron	939.565	4.40925	99941.8	0	0
neutron	939.565	1.44433	99941.8	0	0
neutron	939.565	0.683794	99941.8	0	0
Be8	7454.85	0.993359	99941.8	0	0
neutron	939.565	16.2612	99941.2	0	0
neutron	939.565	10.5176	99941.2	0	0
neutron	939.565	2.85852	99941.2	0	0
alpha	3727.38	1.24926	99941.2	0	0
alpha	3727.38	6.98683	99941.2	0	0
neutron	939.565	5.58232	99937.1	0	0
B11	10252.5	1.16796	99937.1	0	0
Be10	9325.5	2.03703	99944	0	0
B12	11188.7	0.352846	99944.3	0	0
neutron	939.565	1.09962	99939.4	0	0
B11	10252.5	0.739381	99939.4	0	0
neutron	939.565	11.6439	99939.2	0	0
Be8	7454.85	2.18777	99939.2	0	0
neutron	939.565	5.60427	99941.6	0	0
neutron	939.565	2.44155	99941.6	0	0
Be8	7454.85	0.414654	99941.6	0	0
neutron	939.565	0.793671	99940.7	0	0
B11	10252.5	0.280577	99940.7	0	0
neutron	939.565	37.3173	99940.5	0	0
neutron	939.565	2.92994	99940.5	0	0
alpha	3727.38	4.3931	99940.5	0	0
alpha	3727.38	2.49439	99940.5	0	0
neutron	939.565	6.57688	99941.9	0	0
B11	10252.5	0.496983	99941.9	0	0
neutron	939.565	2.39779	99938.4	0	0
alpha	3727.38	2.27942	99938.4	0	0
alpha	3727.38	3.99818	99938.4	0	0
neutron	939.565	5.61422	99940.9	0	0
neutron	939.565	0.0843924	99940.9	0	0
B10	9324.44	0.316842	99940.9	0	0
neutron	939.565	9.51383	99942.7	0	0
B11	10252.5	1.69184	99942.7	0	0
neutron	939.565	18.3072	99940	0	0
neutron	939.565	9.15645	99940	0	0
alpha	3727.38	2.47588	99940	0	0
alpha	3727.38	6.92966	99940	0	0
neutron	939.565	3.93791	99943.9	0	0
B11	10252.5	1.0963	99943.9	0	0
neutron	939.565	3.50133	99940.2	0	0
He3	2808.39	32.9389	99940.2	0	0
Li8	7471.37	7.92082	99940.2	0	0
neutron	939.565	18.484	99941.4	0	0
neutron	939.565	4.24539	99941.4	0	0
Be8	7454.85	3.08287	99941.4	0	0
neutron	939.565	12.607	99939.8	0	0
neutron	939.565	12.3218	99939.8	0	0
neutron	939.565	11.588	99939.8	0	0
Be8	7454.85	3.08837	99939.8	0	0
neutron	939.565	6.29775	99938.2	0	0
B11	10252.5	0.343006	99938.2	0	0
neutron	939.565	2.74431	99937.6	0	0
Be10	9325.5	0.698695	99937.6	0	0
neutron	939.565	7.39034	99938.7	0	0
B11	10252.5	1.21263	99938.7	0	0
neutron	939.565	18.7302	99940.9	0	0
neutron	939.565	16.5479	99940.9	0	0
neutron	939.565	0.667359	99940.9	0	0
alpha	3727.38	4.74726	99940.9	0	0
alpha	3727.38	8.92376	99940.9	0	0
neutron	939.565	0.336272	99946.6	0	0
B11	10252.5	0.221576	99946.6	0	0
neutron	939.565	4.07533	99942.5	0	0
neutron	939.565	0.0740925	99942.5	0	0
Be9	8392.75	1.79075	99942.5	0	0
neutron	939.565	1.19984	99942.4	0	0
B11	10252.5	0.539715	99942.4	0	0
neutron	939.565	6.62024	99940.4	0	0
neutron	939.565	6.45721	99940.4	0	0
neutron	939.565	3.18353	99940.4	0	0
alpha	3727.38	4.3859	99940.4	0	0
alpha	3727.38	5.51902	99940.4	0	0
neutron	939.565	10.3511	99944.1	0	0
Be10	9325.5	1.07067	99944.1	0	0
neutron	939.565	9.52864	99946.1	0	0
neutron	939.565	1.45432	99946.1	0	0
neutron	939.565	0.709882	99946.1	0	0
Be8	7454.85	2.9495	99946.1	0	0
B12	11188.7	0.366517	99940.7	0	0
neutron	939.565	3.10849	99939.8	0	0
B11	10252.5	0.125705	99939.8	0	0
neutron	939.565	1.27211	99941.5	0	0
Be10	9325.5	2.77957	99941.5	0	0
neutron	939.565	2.29082	99942.7	0	0
neutron	939.565	1.66071	99942.7	0	0
Be8	7454.85	1.87978	99942.7	0	0
neutron	939.565	4.73466	99942.2	0	0
B11	10252.5	0.374114	99942.2	0	0
neutron	939.565	5.39116	99943.5	0	0
neutron	939.565	4.43082	99943.5	0	0
alpha	3727.38	4.71399	99943.5	0	0
alpha	3727.38	1.6127	99943.5	0	0
neutron	939.565	4.08664	99940.8	0	0
neutron	939.565	2.83914	99940.8	0	0
B10	9324.44	0.362271	99940.8	0	0
neutron	939.565	1.87603	99943	0	0
Be9	8392.75	3.69144	99943	0	0
neutron	939.565	2.74714	99941.5	0	0
neutron	939.565	2.14514	99941.5	0	0
alpha	3727.38	1.35147	99941.5	0	0
alpha	3727.38	3.69874	99941.5	0	0
B12	11188.7	0.36521	99943.3	0	0
neutron	939.565	0.90434	99942.5	0	0
B11	10252.5	0.319629	99942.5	0	0
neutron	939.565	5.69637	99942	0	0
alpha	3727.38	6.42018	99942	0	0
Li7	6533.83	3.36692	99942	0	0
neutron	939.565	3.87609	99943.3	0	0
B11	10252.5	0.599271	99943.3	0	0
neutron	939.565	5.19327	99940.8	0	0
neutron	939.565	4.94813	99940.8	0	0
neutron	939.565	0.701864	99940.8	0	0
Be8	7454.85	1.26111	99940.8	0	0
neutron	939.565	1.59586	99943.2	0	0
neutron	939.565	0.562789	99943.2	0	0
alpha	3727.38	2.27243	99943.2	0	0
alpha	3727.38	4.08335	99943.2	0	0
neutron	939.565	4.70248	99943.3	0	0
neutron	939.565	4.32038	99943.3	0	0
Be8	7454.85	0.663378	99943.3	0	0
neutron	939.565	5.55852	99938.9	0	0
neutron	939.565	3.30956	99938.9	0	0
Be8	7454.85	2.81168	99938.9	0	0
neutron	939.565	10.8202	99943.3	0	0
neutron	939.565	1.54923	99943.3	0	0
B10	9324.44	0.253631	99943.3	0	0
neutron	939.565	5.68177	99938.5	0	0
neutron	939.565	5.3376	99938.5	0	0
Be8	7454.85	3.68682	99938.5	0	0
neutron	939.565	40.9143	99941.3	0	0
neutron	939.565	6.51048	99941.3	0	0
neutron	939.565	3.22768	99941.3	0	0
Be8	7454.85	7.98917	99941.3	0	0
neutron	939.565	7.42634	99941.6	0	0
neutron	939.565	5.86669	99941.6	0	0
Be8	7454.85	0.414815	99941.6	0	0
B12	11188.7	0.361744	99940.6	0	0
neutron	939.565	1.3755	99944.7	0	0
B11	10252.5	0.146916	99944.7	0	0
neutron	939.565	6.04395	99943.8	0	0
neutron	939.565	0.485498	99943.8	0	0
alpha	3727.38	9.75403	99943.8	0	0
alpha	3727.38	6.56547	99943.8	0	0
B12	11188.7	0.332101	99941.2	0	0
neutron	939.565	29.9483	99940.5	0	0
alpha	3727.38	9.18722	99940.5	0	0
alpha	3727.38	8.16782	99940.5	0	0
neutron	939.565	1.72932	99942	0	0
B11	10252.5	0.395842	99942	0	0
neutron	939.565	5.78136	99942.7	0	0
neutron	939.565	2.74758	99942.7	0	0
B10	9324.44	2.48614	99942.7	0	0
neutron	939.565	7.01935	99941.3	0	0
neutron	939.565	1.21185	99941.3	0	0
Be9	8392.75	0.449516	99941.3	0	0
neutron	939.565	4.01219	99938.7	0	0
B11	10252.5	0.0611268	99938.7	0	0
neutron	939.565	13.5292	99940.9	0	0
alpha	3727.38	5.5172	99940.9	0	0
alpha	3727.38	8.53714	99940.9	0	0
neutron	939.565	12.104	99939.6	0	0
neutron	939.565	4.33693	99939.6	0	0
Be8	7454.85	2.21539	99939.6	0	0
neutron	939.565	3.19607	99940.9	0	0
alpha	3727.38	3.06577	99940.9	0	0
Li7	6533.83	1.68381	99940.9	0	0
neutron	939.565	13.2482	99941.3	0	0
B11	10252.5	0.740821	99941.3	0	0
neutron	939.565	5.56745	99940.7	0	0
neutron	939.565	0.775574	99940.7	0	0
Be8	7454.85	8.67166	99940.7	0	0
neutron	939.565	3.76738	99938.9	0	0
neutron	939.565	2.04276	99938.9	0	0
B11	10252.5	0.26245	99938.9	0	0
B12	11188.7	0.352236	99942.6	0	0
neutron	939.565	6.58727	99943	0	0
alpha	3727.38	2.04688	99943	0	0
alpha	3727.38	6.58367	99943	0	0
neutron	939.565	9.19446	99941.4	0	0
neutron	939.565	1.65049	99941.4	0	0
neutron	939.565	0.332721	99941.4	0	0
Be8	7454.85	0.22854	99941.4	0	0
neutron	939.565	10.7581	99940.7	0	0
neutron	939.565	2.5595	99940.7	0	0
neutron	939.565	0.658135	99940.7	0	0
alpha	3727.38	7.57205	99940.7	0	0
alpha	3727.38	1.17734	99940.7	0	0
neutron	939.565	2.28674	99941	0	0
B11	10252.5	0.370747	99941	0	0
neutron	939.565	10.7839	99939.6	0	0
B11	10252.5	0.32981	99939.6	0	0
neutron	939.565	12.7419	99944.8	0	0
B11	10252.5	1.83087	99944.8	0	0
neutron	939.565	8.73721	99940	0	0
neutron	939.565	5.51968	99940	0	0
alpha	3727.38	1.47825	99940	0	0
alpha	3727.38	6.90669	99940	0	0
neutron	939.565	4.36232	99940.1	0	0
B11	10252.5	0.264813	99940.1	0	0
neutron	939.565	9.89781	99939.3	0	0
Be9	8392.75	0.559007	99939.3	0	0
Be10	9325.5	0.791918	99942.4	0	0
neutron	939.565	4.34027	99941.5	0	0
B11	10252.5	1.05137	99941.5	0	0
B12	11188.7	0.36058	99943.8	0	0
neutron	939.565	1.0129	99939.4	0	0
B11	10252.5	0.455885	99939.4	0	0
B12	11188.7	0.32284	99948.2	0	0
neutron	939.565	8.07423	99941	0	0
Be10	9325.5	1.07709	99941	0	0
neutron	939.565	19.5246	99939.4	0	0
Be10	9325.5	2.17956	99939.4	0	0
neutron	939.565	15.5878	99943	0	0
neutron	939.565	4.90919	99943	0	0
neutron	939.565	1.31331	99943	0	0
alpha	3727.38	3.04344	99943	0	0
alpha	3727.38	9.12354	99943	0	0
