neutron	939.565	5.90127	97294.2	0	0
B11	10252.5	1.34488	97294.2	0	0
neutron	939.565	30.1083	97131.7	0	0
neutron	939.565	7.93496	97131.7	0	0
neutron	939.565	1.235	97131.7	0	0
alpha	3727.38	3.64711	97131.7	0	0
alpha	3727.38	3.16668	97131.7	0	0
neutron	939.565	10.7768	97239.4	0	0
B11	10252.5	1.2489	97239.4	0	0
neutron	939.565	1.81663	97138.8	0	0
Be8	7454.85	1.55612	97138.8	0	0
C12	11174.9	1.75916	97211.8	41.2154	39.0993
C12	11174.9	0.637097	99200.4	1188.2	1187.55
C12	11174.9	0.374969	99832.8	1641.48	1640.98
neutron	939.565	2.65998	97344	0	0
Be10	9325.5	0.465294	97344	0	0
neutron	939.565	18.2321	97371.7	0	0
neutron	939.565	16.3724	97371.7	0	0
neutron	939.565	2.65839	97371.7	0	0
Be8	7454.85	1.20676	97371.7	0	0
C12	11174.9	0.467586	99687.2	1561.46	1560.36
C12	11174.9	0.430537	98892.3	1077.73	1076.86
neutron	939.565	3.07541	97069.4	0	0
neutron	939.565	2.12841	97069.4	0	0
Be8	7454.85	3.09688	97069.4	0	0
neutron	939.565	18.4983	97459.7	0	0
Be10	9325.5	0.730365	97459.7	0	0
neutron	939.565	5.5365	97306.4	0	0
B11	10252.5	0.444745	97306.4	0	0
neutron	939.565	20.9901	97160.4	0	0
B11	10252.5	3.00291	97160.4	0	0
neutron	939.565	1.94581	97150.3	0	0
B11	10252.5	0.363265	97150.3	0	0
C12	11174.9	0.380524	99179.5	1277.43	1276.93
neutron	939.565	1.65671	97216.6	0	0
Be10	9325.5	0.407886	97216.6	0	0
C12	11174.9	0.464323	98616.9	938.562	937.562
neutron	939.565	0.621802	97193.8	0	0
B11	10252.5	0.386362	97193.8	0	0
neutron	939.565	15.5993	97391.1	0	0
neutron	939.565	4.31636	97391.1	0	0
neutron	939.565	3.4679	97391.1	0	0
alpha	3727.38	6.69615	97391.1	0	0
alpha	3727.38	5.3151	97391.1	0	0
C12	11174.9	0.538065	97190.1	36.4534	35.7012
neutron	939.565	2.52583	97448.1	0	0
alpha	3727.38	1.90984	97448.1	0	0
alpha	3727.38	8.60407	97448.1	0	0
C12	11174.9	0.755831	97899	417.442	416.448
C12	11174.9	0.424214	97340.7	57.5386	57.053
neutron	939.565	15.0857	97348.8	0	0
neutron	939.565	7.37765	97348.8	0	0
neutron	939.565	2.85691	97348.8	0	0
alpha	3727.38	2.12139	97348.8	0	0
alpha	3727.38	6.41114	97348.8	0	0
C12	11174.9	1.14876	97760.5	345.069	343.793
C12	11174.9	2.33557	99286.2	1326.34	1323.69
C12	11174.9	0.345339	97776	472.12	471.474
C12	11174.9	0.455975	98129.3	515.956	514.866
C12	11174.9	0.392898	98251.7	691.191	690.034
C12	11174.9	0.520452	97578	300.52	299.438
C12	11174.9	0.333079	98833.9	1004.66	1004.29
neutron	939.565	4.92727	97202.1	0	0
neutron	939.565	1.92973	97202.1	0	0
B10	9324.44	1.4454	97202.1	0	0
neutron	939.565	7.20666	97163.1	0	0
neutron	939.565	5.55598	97163.1	0	0
alpha	3727.38	2.71932	97163.1	0	0
alpha	3727.38	1.03067	97163.1	0	0
neutron	939.565	8.9015	97083.5	0	0
neutron	939.565	8.69037	97083.5	0	0
alpha	3727.38	8.99818	97083.5	0	0
alpha	3727.38	2.77651	97083.5	0	0
C12	11174.9	0.351587	97428.4	145.23	144.53
neutron	939.565	27.7037	97171.4	0	0
neutron	939.565	7.7997	97171.4	0	0
neutron	939.565	0.951828	97171.4	0	0
Be8	7454.85	0.890963	97171.4	0	0
C12	11174.9	0.332761	98561	859.668	858.636
C12	11174.9	1.02826	99613.6	1495.46	1494.21
neutron	939.565	12.7843	97340.3	0	0
neutron	939.565	8.67769	97340.3	0	0
neutron	939.565	5.73812	97340.3	0	0
alpha	3727.38	6.86278	97340.3	0	0
alpha	3727.38	6.70249	97340.3	0	0
C12	11174.9	1.43545	97507.4	156.772	155.306
neutron	939.565	11.3438	97099.3	0	0
neutron	939.565	1.90171	97099.3	0	0
B10	9324.44	1.60696	97099.3	0	0
C12	11174.9	0.491927	97966.9	439.869	438.94
neutron	939.565	4.90876	97332.4	0	0
Be8	7454.85	3.13323	97332.4	0	0
neutron	939.565	18.2061	97210.7	0	0
neutron	939.565	8.73609	97210.7	0	0
alpha	3727.38	3.75946	97210.7	0	0
alpha	3727.38	1.96177	97210.7	0	0
neutron	939.565	1.85439	97145.5	0	0
alpha	3727.38	6.81305	97145.5	0	0
alpha	3727.38	3.79564	97145.5	0	0
neutron	939.565	12.5596	97208.5	0	0
neutron	939.565	4.08594	97208.5	0	0
alpha	3727.38	5.91425	97208.5	0	0
alpha	3727.38	4.96714	97208.5	0	0
neutron	939.565	0.265783	97331.5	0	0
B11	10252.5	0.369406	97331.5	0	0
C12	11174.9	0.410526	99380	1421.63	1421
B12	11188.7	0.363052	97453.9	0	0
neutron	939.565	6.95558	97409.3	0	0
neutron	939.565	5.30538	97409.3	0	0
alpha	3727.38	8.8719	97409.3	0	0
alpha	3727.38	10.917	97409.3	0	0
neutron	939.565	11.2789	97310.8	0	0
B11	10252.5	0.338011	97310.8	0	0
neutron	939.565	2.94367	97233.8	0	0
B11	10252.5	0.779851	97233.8	0	0
C12	11174.9	0.751719	98639.8	903.675	902.854
neutron	939.565	14.9286	97387.2	0	0
neutron	939.565	8.89571	97387.2	0	0
neutron	939.565	2.12496	97387.2	0	0
Be8	7454.85	1.6186	97387.2	0	0
C12	11174.9	0.816721	99372	1402.24	1401.15
neutron	939.565	7.8192	97172.1	0	0
neutron	939.565	5.48742	97172.1	0	0
neutron	939.565	1.49566	97172.1	0	0
alpha	3727.38	3.5403	97172.1	0	0
neutron	939.565	1.17574	97311.2	0	0
B11	10252.5	0.638678	97311.2	0	0
C12	11174.9	0.454282	99432	1440.6	1439.1
neutron	939.565	19.3011	97221.6	0	0
neutron	939.565	1.49784	97221.6	0	0
neutron	939.565	1.16318	97221.6	0	0
alpha	3727.38	4.29181	97221.6	0	0
alpha	3727.38	2.08926	97221.6	0	0
C12	11174.9	0.530572	97830.1	378.106	377.533
neutron	939.565	5.23072	97214	0	0
alpha	3727.38	6.10231	97214	0	0
alpha	3727.38	5.69079	97214	0	0
neutron	939.565	13.4932	97214.4	0	0
Be8	7454.85	0.837253	97214.4	0	0
neutron	939.565	5.148	97270.9	0	0
neutron	939.565	4.79945	97270.9	0	0
neutron	939.565	1.53961	97270.9	0	0
Li6	5601.52	3.09851	97270.9	0	0
C12	11174.9	0.464296	99116.1	1233.54	1232.43
neutron	939.565	19.6719	97321.5	0	0
neutron	939.565	1.07831	97321.5	0	0
neutron	939.565	0.134911	97321.5	0	0
alpha	3727.38	2.76496	97321.5	0	0
alpha	3727.38	4.92187	97321.5	0	0
Be10	9325.5	4.71529	97069.7	0	0
C12	11174.9	0.601264	97543.9	222.612	221.165
B12	11188.7	0.366928	97176.4	0	0
neutron	939.565	6.94758	97317.9	0	0
B11	10252.5	1.30879	97317.9	0	0
C12	11174.9	0.418516	98445.7	753.583	753.121
neutron	939.565	15.8027	97331.1	0	0
neutron	939.565	8.37892	97331.1	0	0
Be8	7454.85	1.73092	97331.1	0	0
neutron	939.565	14.4366	97244.1	0	0
neutron	939.565	0.314673	97244.1	0	0
Be9	8392.75	1.79927	97244.1	0	0
C12	11174.9	0.671662	97211.7	45.055	43.4585
C12	11174.9	0.671598	98342.5	745.957	744.833
neutron	939.565	2.62901	97149.2	0	0
B11	10252.5	0.345478	97149.2	0	0
neutron	939.565	1.48643	97295.2	0	0
B11	10252.5	0.839322	97295.2	0	0
neutron	939.565	2.66827	97117.2	0	0
B11	10252.5	0.37544	97117.2	0	0
B12	11188.7	0.351519	97423.8	0	0
neutron	939.565	1.60116	97369.9	0	0
B11	10252.5	0.0692277	97369.9	0	0
B12	11188.7	0.356312	97254.3	0	0
neutron	939.565	25.9481	97333	0	0
neutron	939.565	1.93174	97333	0	0
neutron	939.565	0.883993	97333	0	0
alpha	3727.38	4.21047	97333	0	0
alpha	3727.38	4.80649	97333	0	0
neutron	939.565	5.4545	97285.6	0	0
Be8	7454.85	0.985466	97285.6	0	0
neutron	939.565	3.56853	97156.2	0	0
alpha	3727.38	10.6352	97156.2	0	0
alpha	3727.38	0.657739	97156.2	0	0
C12	11174.9	1.05048	99631.7	1569.47	1568.32
C12	11174.9	0.609153	99309	1377.41	1374.87
neutron	939.565	3.93953	97238.8	0	0
B11	10252.5	0.662762	97238.8	0	0
neutron	939.565	1.20784	97222.2	0	0
B11	10252.5	0.247539	97222.2	0	0
C12	11174.9	0.780928	97882.1	370.286	368.933
C12	11174.9	2.51782	99689	1615.97	1612.38
neutron	939.565	9.74302	97151.2	0	0
B11	10252.5	1.30706	97151.2	0	0
B12	11188.7	0.323104	97240.4	0	0
neutron	939.565	3.39567	97141.1	0	0
neutron	939.565	2.88507	97141.1	0	0
Be8	7454.85	0.71799	97141.1	0	0
C12	11174.9	0.731727	97185	126.089	124.295
alpha	3727.38	3.41005	98022.6	599.626	391.213
alpha	3727.38	4.25415	98022.6	599.626	391.213
alpha	3727.38	10.5675	98022.6	599.626	391.213
neutron	939.565	6.59082	97184.4	0	0
neutron	939.565	1.37576	97184.4	0	0
neutron	939.565	0.689611	97184.4	0	0
Be8	7454.85	1.66859	97184.4	0	0
neutron	939.565	1.70727	97307.2	0	0
alpha	3727.38	10.6296	97307.2	0	0
alpha	3727.38	5.25193	97307.2	0	0
C12	11174.9	0.413118	98520.9	741.366	740.897
neutron	939.565	5.85112	97402	0	0
B11	10252.5	0.362991	97402	0	0
alpha	3727.38	3.83174	98448	739.869	534.775
He3	2808.39	1.89195	98448	739.869	534.775
alpha	3727.38	8.91586	98448	739.869	534.775
neutron	939.565	7.3205	97338.2	0	0
neutron	939.565	6.17571	97338.2	0	0
alpha	3727.38	2.87363	97338.2	0	0
alpha	3727.38	10.4854	97338.2	0	0
neutron	939.565	5.6898	97212.3	0	0
alpha	3727.38	2.10228	97212.3	0	0
alpha	3727.38	4.28194	97212.3	0	0
B12	11188.7	0.333727	97264.7	0	0
B12	11188.7	0.361722	97454.2	0	0
neutron	939.565	2.20706	97255	0	0
Be8	7454.85	1.82855	97255	0	0
neutron	939.565	10.1998	97195.3	0	0
neutron	939.565	9.65328	97195.3	0	0
neutron	939.565	9.29883	97195.3	0	0
alpha	3727.38	5.59819	97195.3	0	0
alpha	3727.38	1.40359	97195.3	0	0
C12	11174.9	0.507916	97469.6	242.157	240.867
neutron	939.565	3.82177	97174.6	0	0
B11	10252.5	0.568878	97174.6	0	0
C12	11174.9	0.545092	97756.2	363.754	362.628
neutron	939.565	3.6759	97242.7	0	0
B11	10252.5	0.628023	97242.7	0	0
C12	11174.9	0.397832	98699.8	990.59	990.078
neutron	939.565	3.32729	97308.4	0	0
B11	10252.5	1.04659	97308.4	0	0
neutron	939.565	9.09797	97061.3	0	0
neutron	939.565	4.84572	97061.3	0	0
Be9	8392.75	2.69373	97061.3	0	0
C12	11174.9	0.436867	98569.7	835.954	835.422
C12	11174.9	0.641289	99394.3	1393.77	1392.62
neutron	939.565	9.32118	97257.5	0	0
neutron	939.565	3.31784	97257.5	0	0
neutron	939.565	2.34971	97257.5	0	0
Be8	7454.85	2.30935	97257.5	0	0
neutron	939.565	27.0529	97266.1	0	0
alpha	3727.38	3.33176	97266.1	0	0
alpha	3727.38	16.2614	97266.1	0	0
neutron	939.565	0.954016	97191.2	0	0
B11	10252.5	0.324507	97191.2	0	0
C12	11174.9	1.0314	98208.6	646.809	645.611
neutron	939.565	11.8999	97301.9	0	0
neutron	939.565	1.06916	97301.9	0	0
Be8	7454.85	3.47657	97301.9	0	0
Li9	8406.87	4.75634	97211.5	0	0
neutron	939.565	4.21923	98478.4	786.969	438.306
alpha	3727.38	3.73066	98478.4	786.969	438.306
Li7	6533.83	8.32434	98478.4	786.969	438.306
neutron	939.565	1.40582	97838.9	0	0
Be9	8392.75	2.63762	97838.9	0	0
neutron	939.565	4.16297	97264	0	0
neutron	939.565	2.66463	97264	0	0
alpha	3727.38	4.55861	97264	0	0
alpha	3727.38	5.09199	97264	0	0
neutron	939.565	1.15436	97262.5	0	0
neutron	939.565	1.15103	97262.5	0	0
Be9	8392.75	0.237617	97262.5	0	0
Be10	9325.5	0.899997	97181.2	0	0
neutron	939.565	0.196287	97295.1	0	0
B11	10252.5	0.244363	97295.1	0	0
C12	11174.9	0.342884	98881.9	1048.24	1047.86
neutron	939.565	4.68408	97405.7	0	0
neutron	939.565	2.66423	97405.7	0	0
alpha	3727.38	3.52852	97405.7	0	0
alpha	3727.38	2.77272	97405.7	0	0
neutron	939.565	0.121404	97150.2	0	0
Be9	8392.75	0.500433	97150.2	0	0
neutron	939.565	15.8743	97152.3	0	0
neutron	939.565	3.68152	97152.3	0	0
neutron	939.565	0.300646	97152.3	0	0
alpha	3727.38	3.70608	97152.3	0	0
alpha	3727.38	2.6605	97152.3	0	0
Be10	9325.5	0.729952	97176.9	0	0
C12	11174.9	0.656394	99806.1	1654.02	1652.64
neutron	939.565	5.49943	97271.1	0	0
B11	10252.5	0.362025	97271.1	0	0
C12	11174.9	0.363234	98018.7	536.144	535.348
C12	11174.9	0.535579	97482.5	219.797	219.061
neutron	939.565	13.7544	97296.3	0	0
neutron	939.565	4.35157	97296.3	0	0
neutron	939.565	4.25048	97296.3	0	0
alpha	3727.38	4.46106	97296.3	0	0
alpha	3727.38	1.94812	97296.3	0	0
neutron	939.565	10.7993	97210.3	0	0
neutron	939.565	10.2547	97210.3	0	0
B10	9324.44	0.425095	97210.3	0	0
C12	11174.9	0.715538	97253.7	103.062	101.317
neutron	939.565	3.71136	97243.9	0	0
B11	10252.5	0.0485724	97243.9	0	0
C12	11174.9	1.01773	99431.1	1441.13	1440.02
neutron	939.565	4.66563	97244.4	0	0
neutron	939.565	4.39196	97244.4	0	0
neutron	939.565	2.31421	97244.4	0	0
alpha	3727.38	5.17873	97244.4	0	0
alpha	3727.38	3.506	97244.4	0	0
neutron	939.565	10.0803	97114.5	0	0
B11	10252.5	0.728534	97114.5	0	0
C12	11174.9	0.455713	98879.9	1083.7	1083.15
neutron	939.565	4.03853	97320.7	0	0
alpha	3727.38	3.23743	97320.7	0	0
alpha	3727.38	5.25761	97320.7	0	0
B12	11188.7	0.36185	97470.5	0	0
C12	11174.9	1.81947	99981.7	1778.06	1776.2
neutron	939.565	12.8312	97342.2	0	0
neutron	939.565	0.392921	97342.2	0	0
Be9	8392.75	0.414093	97342.2	0	0
C12	11174.9	0.88599	97598.3	238.561	237.581
neutron	939.565	9.26575	97420.3	0	0
B11	10252.5	1.23293	97420.3	0	0
neutron	939.565	8.83694	97186.9	0	0
neutron	939.565	5.11731	97186.9	0	0
B10	9324.44	2.73578	97186.9	0	0
C12	11174.9	0.520285	98134	590.97	590.301
neutron	939.565	14.1174	97336.2	0	0
neutron	939.565	4.0189	97336.2	0	0
Be9	8392.75	3.73923	97336.2	0	0
neutron	939.565	10.4852	97145.6	0	0
B11	10252.5	0.416921	97145.6	0	0
neutron	939.565	14.1264	97254.7	0	0
B11	10252.5	0.478805	97254.7	0	0
C12	11174.9	1.43876	99442.9	1474.79	1473
neutron	939.565	2.27163	97264.2	0	0
B11	10252.5	0.520974	97264.2	0	0
neutron	939.565	2.98592	97158.2	0	0
neutron	939.565	1.24373	97158.2	0	0
B10	9324.44	0.71308	97158.2	0	0
neutron	939.565	16.6153	97386.2	0	0
neutron	939.565	0.528174	97386.2	0	0
B10	9324.44	0.842346	97386.2	0	0
neutron	939.565	4.83884	97195.6	0	0
B11	10252.5	0.151985	97195.6	0	0
neutron	939.565	28.2002	97210.9	0	0
neutron	939.565	7.40141	97210.9	0	0
neutron	939.565	1.41694	97210.9	0	0
Be8	7454.85	0.71333	97210.9	0	0
neutron	939.565	7.72064	97215.6	0	0
Be10	9325.5	0.294346	97215.6	0	0
C12	11174.9	0.561552	99388.8	1375.85	1375.23
neutron	939.565	16.4881	97216	0	0
neutron	939.565	2.30798	97216	0	0
alpha	3727.38	4.83287	97216	0	0
alpha	3727.38	0.680933	97216	0	0
neutron	939.565	18.4282	97346.1	0	0
neutron	939.565	17.7473	97346.1	0	0
B10	9324.44	4.01211	97346.1	0	0
neutron	939.565	6.08232	97404.5	0	0
alpha	3727.38	4.9429	97404.5	0	0
Li7	6533.83	1.41113	97404.5	0	0
neutron	939.565	4.21098	97191.1	0	0
B11	10252.5	0.636807	97191.1	0	0
neutron	939.565	1.67851	97481	0	0
B11	10252.5	0.598084	97481	0	0
B12	11188.7	0.356275	97143.1	0	0
C12	11174.9	1.21679	97638.9	234.14	232.173
C12	11174.9	0.403653	99463.5	1431.84	1431.33
neutron	939.565	3.23933	97323.3	0	0
B11	10252.5	0.563029	97323.3	0	0
neutron	939.565	1.79537	97204.5	0	0
Be8	7454.85	1.25905	97204.5	0	0
neutron	939.565	18.7204	97364.1	0	0
neutron	939.565	9.0565	97364.1	0	0
neutron	939.565	2.73993	97364.1	0	0
alpha	3727.38	2.70048	97364.1	0	0
alpha	3727.38	5.83609	97364.1	0	0
C12	11174.9	0.385791	98812.7	1048.54	1047.94
C12	11174.9	2.45474	98102.4	641.91	638.876
neutron	939.565	3.33174	97276.4	0	0
neutron	939.565	0.867448	97276.4	0	0
Be9	8392.75	0.987814	97276.4	0	0
C12	11174.9	0.387251	98322.2	740.102	739.701
neutron	939.565	9.6341	97252	0	0
neutron	939.565	5.27712	97252	0	0
alpha	3727.38	0.696777	97252	0	0
alpha	3727.38	5.87264	97252	0	0
neutron	939.565	5.38512	97254.1	0	0
B11	10252.5	0.682123	97254.1	0	0
neutron	939.565	11.0624	97285.3	0	0
alpha	3727.38	0.714939	97285.3	0	0
alpha	3727.38	5.06972	97285.3	0	0
B12	11188.7	0.340556	97227.4	0	0
C12	11174.9	0.407775	98795.4	868.78	867.906
B12	11188.7	0.366337	97465.6	0	0
C12	11174.9	0.382994	98748.6	824.646	824.209
neutron	939.565	4.6971	97188.9	0	0
Be8	7454.85	1.75095	97188.9	0	0
C12	11174.9	0.346957	99524.5	1367.88	1367.53
B12	11188.7	0.356342	97405.5	0	0
C12	11174.9	0.419343	99221.2	1295.38	1294.54
C12	11174.9	0.70064	97869.3	482.696	481.919
C12	11174.9	0.378388	99059.4	1217.39	1216.96
neutron	939.565	0.388645	97063	0	0
neutron	939.565	0.0795458	97063	0	0
B10	9324.44	0.36316	97063	0	0
C12	11174.9	0.659516	97364.7	149.753	148.247
neutron	939.565	7.065	97268.7	0	0
Li7	6533.83	1.21356	97268.7	0	0
neutron	939.565	8.61249	97261.1	0	0
neutron	939.565	6.02862	97261.1	0	0
neutron	939.565	0.962831	97261.1	0	0
Be8	7454.85	0.332518	97261.1	0	0
neutron	939.565	4.55143	97382.3	0	0
neutron	939.565	4.00363	97382.3	0	0
neutron	939.565	2.97946	97382.3	0	0
alpha	3727.38	7.87761	97382.3	0	0
alpha	3727.38	1.58244	97382.3	0	0
neutron	939.565	11.5084	97313.1	0	0
B12	11188.7	0.45352	97313.1	0	0
neutron	939.565	3.4084	97130.2	0	0
neutron	939.565	1.38848	97130.2	0	0
neutron	939.565	0.253364	97130.2	0	0
Be8	7454.85	0.753067	97130.2	0	0
neutron	939.565	8.78585	97142	0	0
neutron	939.565	3.70728	97142	0	0
B10	9324.44	0.627398	97142	0	0
neutron	939.565	1.03292	97184.9	0	0
alpha	3727.38	5.70132	97184.9	0	0
alpha	3727.38	4.49666	97184.9	0	0
neutron	939.565	14.9955	97259.4	0	0
Be10	9325.5	2.90979	97259.4	0	0
neutron	939.565	23.8391	97396.9	0	0
neutron	939.565	0.959208	97396.9	0	0
Be8	7454.85	0.332125	97396.9	0	0
C12	11174.9	0.410929	99769	1632.25	1630.95
neutron	939.565	4.9268	97305.8	0	0
neutron	939.565	4.43346	97305.8	0	0
B10	9324.44	0.683568	97305.8	0	0
neutron	939.565	2.16071	97286.6	0	0
B11	10252.5	0.0174017	97286.6	0	0
neutron	939.565	8.34346	97154	0	0
B11	10252.5	1.11268	97154	0	0
neutron	939.565	2.96941	97216.2	0	0
neutron	939.565	0.756996	97216.2	0	0
alpha	3727.38	1.473	97216.2	0	0
alpha	3727.38	5.13603	97216.2	0	0
C12	11174.9	1.37024	97690.1	254.605	253.163
neutron	939.565	8.93726	97225.1	0	0
alpha	3727.38	1.88482	97225.1	0	0
alpha	3727.38	3.41399	97225.1	0	0
neutron	939.565	10.5677	97142.9	0	0
Be10	9325.5	0.920165	97142.9	0	0
neutron	939.565	2.43069	97331.9	0	0
B11	10252.5	0.494821	97331.9	0	0
neutron	939.565	2.35969	97147.8	0	0
B11	10252.5	0.160914	97147.8	0	0
neutron	939.565	0.601844	97212.7	0	0
B11	10252.5	0.556475	97212.7	0	0
neutron	939.565	13.4706	97218	0	0
neutron	939.565	5.74014	97218	0	0
B10	9324.44	0.851135	97218	0	0
neutron	939.565	11.0533	97404.7	0	0
alpha	3727.38	3.17884	97404.7	0	0
Li7	6533.83	1.2669	97404.7	0	0
neutron	939.565	0.187585	97160.3	0	0
B11	10252.5	0.422981	97160.3	0	0
C12	11174.9	0.371195	99283.8	1345.98	1345.54
C12	11174.9	0.872895	98960.5	1180.78	1179.85
neutron	939.565	9.96703	97132.9	0	0
neutron	939.565	7.88905	97132.9	0	0
alpha	3727.38	2.25494	97132.9	0	0
alpha	3727.38	5.79197	97132.9	0	0
neutron	939.565	5.7148	97201.9	0	0
Be10	9325.5	1.01147	97201.9	0	0
neutron	939.565	3.28853	97178.2	0	0
B11	10252.5	0.297702	97178.2	0	0
neutron	939.565	2.40926	97255	0	0
neutron	939.565	1.23977	97255	0	0
B10	9324.44	1.05215	97255	0	0
neutron	939.565	3.55696	97139.5	0	0
neutron	939.565	0.788043	97139.5	0	0
Be9	8392.75	0.623111	97139.5	0	0
neutron	939.565	3.44199	97422.9	0	0
B11	10252.5	0.16986	97422.9	0	0
neutron	939.565	3.86948	97202.6	0	0
B11	10252.5	1.06634	97202.6	0	0
neutron	939.565	15.4228	97205.5	0	0
neutron	939.565	5.35601	97205.5	0	0
alpha	3727.38	1.91706	97205.5	0	0
alpha	3727.38	5.49755	97205.5	0	0
neutron	939.565	4.05041	97286.9	0	0
neutron	939.565	0.442542	97286.9	0	0
B10	9324.44	0.29263	97286.9	0	0
C12	11174.9	0.405513	98471	736.533	735.92
C12	11174.9	2.307	97450.4	221.787	219.477
C12	11174.9	0.746749	99227	1303.57	1302.44
C12	11174.9	0.391939	97162.3	51.123	50.2483
C12	11174.9	0.48375	98397.3	742.927	742.403
neutron	939.565	9.83876	97265.2	0	0
neutron	939.565	4.12343	97265.2	0	0
neutron	939.565	0.490249	97265.2	0	0
Be8	7454.85	0.976545	97265.2	0	0
C12	11174.9	0.509351	97766	308.719	308.137
C12	11174.9	0.390289	97222.5	10.8175	10.2795
C12	11174.9	0.607319	98045	558.247	557.349
neutron	939.565	6.96171	97282	0	0
neutron	939.565	5.90784	97282	0	0
neutron	939.565	4.59247	97282	0	0
Be8	7454.85	1.63129	97282	0	0
C12	11174.9	1.58447	99169.8	1267.49	1265.81
neutron	939.565	21.0137	97270	0	0
neutron	939.565	7.17671	97270	0	0
neutron	939.565	6.50655	97270	0	0
alpha	3727.38	5.34826	97270	0	0
alpha	3727.38	13.543	97270	0	0
neutron	939.565	6.26313	97233.2	0	0
neutron	939.565	5.61028	97233.2	0	0
neutron	939.565	0.84406	97233.2	0	0
Be8	7454.85	1.75433	97233.2	0	0
C12	11174.9	0.515524	98785.8	961.77	960.218
neutron	939.565	5.11977	97186.5	0	0
neutron	939.565	2.47091	97186.5	0	0
neutron	939.565	0.3764	97186.5	0	0
Be8	7454.85	0.952045	97186.5	0	0
C12	11174.9	1.25493	99152.7	1263.96	1262.68
neutron	939.565	0.80668	97384.4	0	0
B11	10252.5	0.337602	97384.4	0	0
neutron	939.565	12.0284	97160.2	0	0
neutron	939.565	3.43568	97160.2	0	0
neutron	939.565	2.21498	97160.2	0	0
alpha	3727.38	10.6545	97160.2	0	0
alpha	3727.38	4.43838	97160.2	0	0
neutron	939.565	2.53707	97346.8	0	0
B11	10252.5	0.957829	97346.8	0	0
C12	11174.9	1.68975	99485.1	1411.25	1409.27
neutron	939.565	31.1303	97238.7	0	0
neutron	939.565	3.08669	97238.7	0	0
neutron	939.565	1.76464	97238.7	0	0
alpha	3727.38	4.46475	97238.7	0	0
alpha	3727.38	15.7017	97238.7	0	0
neutron	939.565	13.8423	97152.2	0	0
neutron	939.565	2.20449	97152.2	0	0
Be9	8392.75	2.21674	97152.2	0	0
C12	11174.9	8.84411	99809.7	1658.31	1649.07
C12	11174.9	0.602541	98575.5	871.798	870.42
C12	11174.9	1.23178	98877.3	1093.99	1092.43
neutron	939.565	0.179341	97250.6	0	0
B11	10252.5	0.250145	97250.6	0	0
neutron	939.565	15.6316	97268.2	0	0
neutron	939.565	10.7066	97268.2	0	0
neutron	939.565	0.301722	97268.2	0	0
Be8	7454.85	8.33754	97268.2	0	0
neutron	939.565	0.466648	97311.9	0	0
B11	10252.5	0.364421	97311.9	0	0
C12	11174.9	1.87315	99881.1	1726.86	1724.39
C12	11174.9	0.593979	98706	980.466	979.424
C12	11174.9	2.45035	99886.2	1726	1723.27
neutron	939.565	6.39377	97124.6	0	0
neutron	939.565	2.01604	97124.6	0	0
neutron	939.565	0.361675	97124.6	0	0
Be8	7454.85	5.09716	97124.6	0	0
C12	11174.9	0.494302	97236.1	72.9948	71.8228
C12	11174.9	2.14377	98862.6	923.897	921.246
neutron	939.565	0.0375706	97493.6	0	0
Be9	8392.75	1.0912	97493.6	0	0
neutron	939.565	1.59117	97410.6	0	0
Be10	9325.5	0.567262	97410.6	0	0
C12	11174.9	0.422392	99866.8	1715.38	1714.74
neutron	939.565	2.90661	97276.6	0	0
B11	10252.5	0.0107611	97276.6	0	0
neutron	939.565	2.6459	97153.6	0	0
alpha	3727.38	1.7074	97153.6	0	0
Li7	6533.83	3.13023	97153.6	0	0
neutron	939.565	5.80691	97331.9	0	0
Be8	7454.85	6.34466	97331.9	0	0
B12	11188.7	0.341851	97327.2	0	0
B12	11188.7	0.350465	97385.9	0	0
neutron	939.565	3.75021	97172.3	0	0
B11	10252.5	1.16932	97172.3	0	0
neutron	939.565	8.88477	97083	0	0
neutron	939.565	2.09937	97083	0	0
Be8	7454.85	1.9594	97083	0	0
C12	11174.9	0.511502	97418.1	139.415	138.801
neutron	939.565	0.372594	97140.3	0	0
B11	10252.5	0.609557	97140.3	0	0
C12	11174.9	0.932981	98548.4	867.62	866.2
neutron	939.565	4.7112	97157.8	0	0
neutron	939.565	1.90934	97157.8	0	0
alpha	3727.38	1.3787	97157.8	0	0
alpha	3727.38	7.88436	97157.8	0	0
C12	11174.9	0.769453	98111.4	524.874	523.945
neutron	939.565	5.25661	97102.9	0	0
neutron	939.565	2.37126	97102.9	0	0
alpha	3727.38	5.531	97102.9	0	0
He5	4667.68	0.540637	97102.9	0	0
C12	11174.9	0.439717	99246.7	1249.84	1249.29
neutron	939.565	22.3118	97295.7	0	0
neutron	939.565	5.12155	97295.7	0	0
B10	9324.44	2.50494	97295.7	0	0
C12	11174.9	2.30508	98157.8	668.871	665.941
neutron	939.565	1.62289	97259.4	0	0
neutron	939.565	1.36854	97259.4	0	0
B10	9324.44	0.0271914	97259.4	0	0
C12	11174.9	0.408615	97447.4	146.156	145.578
neutron	939.565	10.7697	97310.1	0	0
B11	10252.5	1.04286	97310.1	0	0
neutron	939.565	6.13645	97198.7	0	0
neutron	939.565	5.6318	97198.7	0	0
neutron	939.565	4.44596	97198.7	0	0
alpha	3727.38	1.78896	97198.7	0	0
alpha	3727.38	3.57472	97198.7	0	0
neutron	939.565	2.68758	97136.4	0	0
neutron	939.565	0.708893	97136.4	0	0
Be8	7454.85	1.20974	97136.4	0	0
neutron	939.565	2.10144	97264.9	0	0
B11	10252.5	0.0781966	97264.9	0	0
neutron	939.565	4.86566	97196.4	0	0
neutron	939.565	1.79648	97196.4	0	0
neutron	939.565	1.35164	97196.4	0	0
alpha	3727.38	2.14723	97196.4	0	0
alpha	3727.38	4.71127	97196.4	0	0
neutron	939.565	6.12673	97120	0	0
neutron	939.565	1.0591	97120	0	0
alpha	3727.38	6.23699	97120	0	0
alpha	3727.38	7.75144	97120	0	0
neutron	939.565	0.0694596	97406.8	0	0
B11	10252.5	0.407328	97406.8	0	0
C12	11174.9	0.768678	98333.7	790.36	788.342
C12	11174.9	0.415348	99710.4	1615.07	1614.61
neutron	939.565	17.3221	97199.2	0	0
alpha	3727.38	4.36139	97199.2	0	0
Li7	6533.83	0.829874	97199.2	0	0
neutron	939.565	29.4615	97191.3	0	0
Be10	9325.5	4.22255	97191.3	0	0
neutron	939.565	23.8998	97200.2	0	0
neutron	939.565	5.01759	97200.2	0	0
Be8	7454.85	3.03422	97200.2	0	0
C12	11174.9	0.545268	98590.3	946.632	945.708
neutron	939.565	0.730637	97205.9	0	0
B11	10252.5	0.246051	97205.9	0	0
neutron	939.565	1.96978	97219.7	0	0
B11	10252.5	0.656101	97219.7	0	0
neutron	939.565	10.7727	97169.1	0	0
neutron	939.565	1.41574	97169.1	0	0
neutron	939.565	1.11326	97169.1	0	0
alpha	3727.38	7.18355	97169.1	0	0
alpha	3727.38	3.5693	97169.1	0	0
C12	11174.9	0.944536	99759.2	1594.36	1593.1
neutron	939.565	11.6507	97345.9	0	0
neutron	939.565	6.64669	97345.9	0	0
B10	9324.44	3.73135	97345.9	0	0
C12	11174.9	0.518778	98869	1101.25	1100.69
C12	11174.9	0.663495	97382.9	117.128	116.015
neutron	939.565	9.04626	97107.4	0	0
neutron	939.565	3.04346	97107.4	0	0
neutron	939.565	2.14389	97107.4	0	0
alpha	3727.38	5.43497	97107.4	0	0
alpha	3727.38	1.43636	97107.4	0	0
neutron	939.565	13.8937	97438.1	0	0
neutron	939.565	6.65269	97438.1	0	0
neutron	939.565	3.2112	97438.1	0	0
Be8	7454.85	3.51575	97438.1	0	0
neutron	939.565	6.02432	97503.3	0	0
neutron	939.565	1.47599	97503.3	0	0
alpha	3727.38	1.26486	97503.3	0	0
alpha	3727.38	5.2498	97503.3	0	0
C12	11174.9	0.394284	99633.2	1411.42	1409.98
neutron	939.565	2.15144	97206.6	0	0
B11	10252.5	0.108087	97206.6	0	0
neutron	939.565	4.47263	97483.7	0	0
neutron	939.565	0.891439	97483.7	0	0
B10	9324.44	0.07365	97483.7	0	0
C12	11174.9	1.83831	98915	1090.07	1087.34
neutron	939.565	7.32882	97248	0	0
neutron	939.565	3.91578	97248	0	0
alpha	3727.38	7.7007	97248	0	0
alpha	3727.38	1.0896	97248	0	0
neutron	939.565	13.7373	97330.1	0	0
Be9	8392.75	3.10573	97330.1	0	0
neutron	939.565	3.29205	97324.5	0	0
Be10	9325.5	0.139992	97324.5	0	0
neutron	939.565	7.05973	97330.2	0	0
alpha	3727.38	4.61794	97330.2	0	0
alpha	3727.38	6.87757	97330.2	0	0
C12	11174.9	0.559949	98555.2	903.756	902.07
neutron	939.565	3.41273	97087.8	0	0
Be10	9325.5	0.178889	97087.8	0	0
neutron	939.565	4.6242	97199.2	0	0
B11	10252.5	0.577681	97199.2	0	0
C12	11174.9	0.638041	97949.1	470.287	469.206
C12	11174.9	0.796015	99372.6	1402.83	1401.93
neutron	939.565	34.2052	97274.3	0	0
neutron	939.565	5.38261	97274.3	0	0
neutron	939.565	2.59974	97274.3	0	0
alpha	3727.38	2.78896	97274.3	0	0
alpha	3727.38	4.01922	97274.3	0	0
C12	11174.9	0.644695	99786.7	1660.43	1659.58
C12	11174.9	0.348623	97349.7	92.2609	91.7426
neutron	939.565	14.6257	97267.2	0	0
neutron	939.565	11.7645	97267.2	0	0
alpha	3727.38	2.55971	97267.2	0	0
alpha	3727.38	6.74622	97267.2	0	0
C12	11174.9	0.424348	97170.3	54.6026	54.0075
C12	11174.9	0.370658	97635.8	247.334	246.877
neutron	939.565	125.65	99256.9	1335.58	1068.42
neutron	939.565	4.68749	99256.9	1335.58	1068.42
alpha	3727.38	3.16866	99256.9	1335.58	1068.42
alpha	3727.38	12.747	99256.9	1335.58	1068.42
neutron	939.565	5.86284	97129.2	0	0
Be10	9325.5	0.344823	97129.2	0	0
neutron	939.565	26.6438	97291.3	0	0
neutron	939.565	6.82521	97291.3	0	0
alpha	3727.38	2.24046	97291.3	0	0
alpha	3727.38	8.30165	97291.3	0	0
neutron	939.565	38.797	97191.4	0	0
neutron	939.565	8.48278	97191.4	0	0
alpha	3727.38	3.17287	97191.4	0	0
alpha	3727.38	4.07296	97191.4	0	0
neutron	939.565	2.51603	97316	0	0
B11	10252.5	0.222574	97316	0	0
C12	11174.9	0.534789	97266	53.6029	52.7721
C12	11174.9	0.388901	97791.5	368.262	366.693
neutron	939.565	0.806587	97419.5	0	0
B11	10252.5	0.151572	97419.5	0	0
neutron	939.565	4.20851	97322.5	0	0
neutron	939.565	0.211966	97322.5	0	0
B10	9324.44	0.199487	97322.5	0	0
C12	11174.9	0.711047	98855.5	1056.99	1056.15
neutron	939.565	4.91429	97392.1	0	0
neutron	939.565	3.68914	97392.1	0	0
alpha	3727.38	3.07103	97392.1	0	0
alpha	3727.38	4.90932	97392.1	0	0
C12	11174.9	0.377822	98613.2	910.321	908.641
neutron	939.565	39.419	97360.3	0	0
neutron	939.565	11.5751	97360.3	0	0
B11	10252.5	1.02704	97360.3	0	0
neutron	939.565	1.20006	97273.4	0	0
Be10	9325.5	0.279204	97273.4	0	0
C12	11174.9	1.41885	99263.9	1364.74	1362.13
neutron	939.565	22.4104	97117.2	0	0
B12	11188.7	3.02277	97117.2	0	0
neutron	939.565	10.809	97317.3	0	0
neutron	939.565	6.98731	97317.3	0	0
neutron	939.565	3.47071	97317.3	0	0
alpha	3727.38	20.5503	97317.3	0	0
alpha	3727.38	2.56348	97317.3	0	0
neutron	939.565	2.66583	97208.6	0	0
B11	10252.5	0.294611	97208.6	0	0
neutron	939.565	0.37466	97258.9	0	0
B11	10252.5	0.478138	97258.9	0	0
Be10	9325.5	0.206661	97338.5	0	0
neutron	939.565	0.526634	97077.1	0	0
B11	10252.5	0.220383	97077.1	0	0
neutron	939.565	6.82891	97216.9	0	0
Be10	9325.5	0.532247	97216.9	0	0
neutron	939.565	17.135	97156.4	0	0
neutron	939.565	14.5381	97156.4	0	0
neutron	939.565	1.25558	97156.4	0	0
Be8	7454.85	0.640093	97156.4	0	0
neutron	939.565	3.83905	97273.4	0	0
B11	10252.5	1.20564	97273.4	0	0
C12	11174.9	0.450657	98326.5	753.112	749.705
C12	11174.9	0.509488	97479.4	209.014	207.945
neutron	939.565	1.72968	97222.2	0	0
neutron	939.565	0.0231694	97222.2	0	0
B10	9324.44	0.691307	97222.2	0	0
neutron	939.565	2.24913	97255.8	0	0
neutron	939.565	1.99901	97255.8	0	0
B10	9324.44	0.223803	97255.8	0	0
neutron	939.565	0.719658	97239.3	0	0
B11	10252.5	0.663865	97239.3	0	0
neutron	939.565	2.98484	97122.6	0	0
neutron	939.565	0.546174	97122.6	0	0
neutron	939.565	0.0353622	97122.6	0	0
Be8	7454.85	1.23446	97122.6	0	0
C12	11174.9	0.405409	97155.3	11.4819	10.4505
B12	11188.7	0.352081	97157.7	0	0
C12	11174.9	0.973021	99895.3	1703.71	1702.51
neutron	939.565	3.43561	97157.6	0	0
alpha	3727.38	2.38338	97157.6	0	0
alpha	3727.38	4.45586	97157.6	0	0
C12	11174.9	0.343665	99452.3	1462.69	1462.32
C12	11174.9	0.584397	99855	1711.94	1711.25
B12	11188.7	0.370327	97201.3	0	0
neutron	939.565	11.1738	97130	0	0
neutron	939.565	3.87552	97130	0	0
neutron	939.565	1.20364	97130	0	0
alpha	3727.38	6.71647	97130	0	0
alpha	3727.38	3.0171	97130	0	0
C12	11174.9	0.892872	98250.1	629.045	628.099
neutron	939.565	0.411409	97236.7	0	0
Be10	9325.5	0.775315	97236.7	0	0
neutron	939.565	27.6091	97308.4	0	0
alpha	3727.38	6.03581	97308.4	0	0
Li7	6533.83	0.588736	97308.4	0	0
neutron	939.565	24.2328	97243.5	0	0
neutron	939.565	4.71653	97243.5	0	0
alpha	3727.38	6.83543	97243.5	0	0
alpha	3727.38	2.21999	97243.5	0	0
neutron	939.565	6.31184	97207.6	0	0
B11	10252.5	0.662614	97207.6	0	0
neutron	939.565	12.578	97296.4	0	0
neutron	939.565	1.11464	97296.4	0	0
neutron	939.565	0.26585	97296.4	0	0
alpha	3727.38	6.9604	97296.4	0	0
alpha	3727.38	6.34118	97296.4	0	0
C12	11174.9	0.830593	99227.9	1307.3	1306.22
C12	11174.9	0.719014	99316.8	1349.75	1348.69
neutron	939.565	6.43094	97292.4	0	0
neutron	939.565	1.68627	97292.4	0	0
neutron	939.565	0.722075	97292.4	0	0
Be8	7454.85	1.81995	97292.4	0	0
neutron	939.565	0.235295	97199.1	0	0
B11	10252.5	0.225575	97199.1	0	0
neutron	939.565	6.04052	97271.2	0	0
neutron	939.565	5.19492	97271.2	0	0
neutron	939.565	4.14741	97271.2	0	0
Be8	7454.85	1.43018	97271.2	0	0
neutron	939.565	14.8763	97145.5	0	0
neutron	939.565	0.181962	97145.5	0	0
B10	9324.44	2.64102	97145.5	0	0
neutron	939.565	10.5177	97156.5	0	0
neutron	939.565	4.90236	97156.5	0	0
Be9	8392.75	1.20967	97156.5	0	0
C12	11174.9	0.473421	99673.8	1586.83	1586.31
C12	11174.9	0.645534	98076.9	572.139	571.28
C12	11174.9	0.371882	98894	1050.43	1049.96
C12	11174.9	0.673416	98429.2	778.072	777.269
neutron	939.565	10.6254	97335.8	0	0
neutron	939.565	1.27871	97335.8	0	0
alpha	3727.38	7.19273	97335.8	0	0
neutron	939.565	5.83954	97425	0	0
neutron	939.565	3.78715	97425	0	0
B10	9324.44	0.49503	97425	0	0
neutron	939.565	2.13154	97355.5	0	0
B11	10252.5	0.737003	97355.5	0	0
C12	11174.9	0.333066	99039.1	1063.54	1062.45
C12	11174.9	0.347172	98263	560.079	559.687
neutron	939.565	8.52963	97272.2	0	0
neutron	939.565	0.931595	97272.2	0	0
B10	9324.44	0.956715	97272.2	0	0
C12	11174.9	0.808625	97545.7	318.346	316.621
neutron	939.565	11.297	97211	0	0
neutron	939.565	2.39588	97211	0	0
neutron	939.565	0.748316	97211	0	0
Be8	7454.85	0.984544	97211	0	0
neutron	939.565	4.90094	97181.8	0	0
alpha	3727.38	9.88182	97181.8	0	0
alpha	3727.38	21.0519	97181.8	0	0
C12	11174.9	0.356531	99385.4	1424.12	1423.03
neutron	939.565	5.04329	97142.1	0	0
B11	10252.5	0.168674	97142.1	0	0
neutron	939.565	7.0332	97200.2	0	0
B11	10252.5	0.165403	97200.2	0	0
C12	11174.9	0.39533	98300.4	734.252	733.462
neutron	939.565	8.87296	97146.7	0	0
neutron	939.565	1.65124	97146.7	0	0
neutron	939.565	0.869132	97146.7	0	0
Be8	7454.85	1.49834	97146.7	0	0
C12	11174.9	0.760174	98569.8	823.512	822.463
neutron	939.565	14.2684	97289.6	0	0
neutron	939.565	1.05052	97289.6	0	0
B10	9324.44	1.20768	97289.6	0	0
neutron	939.565	10.4491	97460	0	0
alpha	3727.38	3.09435	97460	0	0
alpha	3727.38	8.71906	97460	0	0
neutron	939.565	4.74208	97377.7	0	0
neutron	939.565	2.27566	97377.7	0	0
neutron	939.565	1.88844	97377.7	0	0
alpha	3727.38	1.71105	97377.7	0	0
alpha	3727.38	6.03622	97377.7	0	0
neutron	939.565	1.98517	97250.5	0	0
neutron	939.565	1.95595	97250.5	0	0
neutron	939.565	0.026883	97250.5	0	0
Be8	7454.85	0.761471	97250.5	0	0
C12	11174.9	0.713039	98876	1037.93	1036.04
C11	10254	0.62338	99832.5	1610.39	1339.1
neutron	939.565	6.93339	97201.6	0	0
neutron	939.565	1.47408	97201.6	0	0
B10	9324.44	0.0658845	97201.6	0	0
neutron	939.565	10.1861	97141.5	0	0
alpha	3727.38	4.29295	97141.5	0	0
alpha	3727.38	5.81832	97141.5	0	0
neutron	939.565	5.55784	97200.8	0	0
B11	10252.5	1.27547	97200.8	0	0
neutron	939.565	1.53241	97171.8	0	0
Be9	8392.75	0.445962	97171.8	0	0
C12	11174.9	0.348423	98260	623.214	622.808
C12	11174.9	1.10604	98163.4	470.789	469.464
neutron	939.565	18.0663	97301.3	0	0
neutron	939.565	11.4745	97301.3	0	0
neutron	939.565	1.87984	97301.3	0	0
Be8	7454.85	7.93686	97301.3	0	0
neutron	939.565	2.63172	97104.5	0	0
neutron	939.565	0.276016	97104.5	0	0
Be8	7454.85	4.66456	97104.5	0	0
neutron	939.565	16.7968	97379.9	0	0
neutron	939.565	1.70777	97379.9	0	0
Be9	8392.75	3.79157	97379.9	0	0
neutron	939.565	2.86583	97250.7	0	0
B11	10252.5	1.11209	97250.7	0	0
neutron	939.565	10.8953	97088.1	0	0
neutron	939.565	2.99426	97088.1	0	0
Be8	7454.85	1.81682	97088.1	0	0
C12	11174.9	0.498069	97343.1	195.687	193.87
neutron	939.565	5.22511	97290.6	0	0
Be8	7454.85	3.28157	97290.6	0	0
C12	11174.9	0.337554	97515.9	262.48	262.111
C12	11174.9	0.335218	98575.8	865.99	864.861
neutron	939.565	5.23696	97206.1	0	0
Be10	9325.5	1.66279	97206.1	0	0
neutron	939.565	1.99419	97485.6	0	0
B11	10252.5	0.346836	97485.6	0	0
C12	11174.9	0.926102	99428.5	1422.16	1420.97
neutron	939.565	1.71337	97358.4	0	0
alpha	3727.38	3.49556	97358.4	0	0
alpha	3727.38	8.03882	97358.4	0	0
B12	11188.7	0.356612	97150.4	0	0
neutron	939.565	4.48653	97204.6	0	0
alpha	3727.38	3.22298	97204.6	0	0
Li7	6533.83	4.89904	97204.6	0	0
neutron	939.565	8.34893	97256.3	0	0
Be10	9325.5	1.67735	97256.3	0	0
neutron	939.565	15.4753	97105.9	0	0
neutron	939.565	1.12888	97105.9	0	0
neutron	939.565	1.00763	97105.9	0	0
Be8	7454.85	1.91618	97105.9	0	0
neutron	939.565	7.83699	97276.5	0	0
neutron	939.565	0.326872	97276.5	0	0
Be9	8392.75	2.87783	97276.5	0	0
neutron	939.565	4.53568	97348.1	0	0
alpha	3727.38	2.37643	97348.1	0	0
alpha	3727.38	7.33823	97348.1	0	0
neutron	939.565	21.6415	97435	0	0
neutron	939.565	2.56561	97435	0	0
neutron	939.565	1.78207	97435	0	0
alpha	3727.38	5.62365	97435	0	0
alpha	3727.38	4.2227	97435	0	0
neutron	939.565	50.8223	97112.3	0	0
neutron	939.565	0.570789	97112.3	0	0
B10	9324.44	5.85978	97112.3	0	0
neutron	939.565	2.67541	97083.7	0	0
B11	10252.5	1.14088	97083.7	0	0
neutron	939.565	6.85793	97319.9	0	0
neutron	939.565	3.53875	97319.9	0	0
neutron	939.565	2.29207	97319.9	0	0
alpha	3727.38	9.72316	97319.9	0	0
alpha	3727.38	1.61149	97319.9	0	0
neutron	939.565	4.74795	97259.7	0	0
neutron	939.565	1.8	97259.7	0	0
neutron	939.565	1.45786	97259.7	0	0
alpha	3727.38	1.94125	97259.7	0	0
alpha	3727.38	3.02212	97259.7	0	0
neutron	939.565	5.34598	97048.3	0	0
neutron	939.565	1.01476	97048.3	0	0
neutron	939.565	0.307573	97048.3	0	0
Be8	7454.85	1.70281	97048.3	0	0
neutron	939.565	7.77311	97308.8	0	0
B11	10252.5	0.979739	97308.8	0	0
neutron	939.565	1.58785	97299.2	0	0
neutron	939.565	0.414999	97299.2	0	0
B10	9324.44	0.595081	97299.2	0	0
neutron	939.565	1.82305	97196	0	0
B11	10252.5	0.466981	97196	0	0
C12	11174.9	0.630687	98633.9	866.835	865.954
neutron	939.565	20.5973	97247.5	0	0
alpha	3727.38	2.83486	97247.5	0	0
alpha	3727.38	5.35562	97247.5	0	0
neutron	939.565	24.9238	97134.1	0	0
neutron	939.565	0.336773	97134.1	0	0
Be9	8392.75	1.32115	97134.1	0	0
neutron	939.565	9.83731	97151.7	0	0
neutron	939.565	4.23356	97151.7	0	0
neutron	939.565	2.20027	97151.7	0	0
alpha	3727.38	3.69787	97151.7	0	0
alpha	3727.38	1.99365	97151.7	0	0
neutron	939.565	1.88399	97253.1	0	0
Be10	9325.5	1.16735	97253.1	0	0
neutron	939.565	5.30367	97304.1	0	0
neutron	939.565	3.06093	97304.1	0	0
neutron	939.565	0.837382	97304.1	0	0
alpha	3727.38	8.29134	97304.1	0	0
alpha	3727.38	1.51576	97304.1	0	0
C12	11174.9	0.335711	99255.6	1175.11	1174.74
C12	11174.9	0.788695	97780.1	403.941	401.014
C12	11174.9	0.360999	99171.9	1275.99	1275.25
neutron	939.565	3.0573	97230.5	0	0
Be8	7454.85	0.292852	97230.5	0	0
neutron	939.565	2.11061	97318.1	0	0
neutron	939.565	0.663846	97318.1	0	0
Be8	7454.85	5.83757	97318.1	0	0
C12	11174.9	0.494529	98219	646.45	645.889
neutron	939.565	11.0899	97222.6	0	0
B11	10252.5	1.60094	97222.6	0	0
C12	11174.9	0.705761	99897.3	1726.68	1724.84
C12	11174.9	0.340637	97264.5	84.447	83.9142
neutron	939.565	1.91383	97448.9	0	0
neutron	939.565	0.486676	97448.9	0	0
Be9	8392.75	3.72327	97448.9	0	0
neutron	939.565	2.05064	97318.7	0	0
neutron	939.565	0.475338	97318.7	0	0
B10	9324.44	0.0818406	97318.7	0	0
C12	11174.9	1.18819	97588.7	258.807	257.432
neutron	939.565	9.39264	97237.3	0	0
alpha	3727.38	5.59368	97237.3	0	0
alpha	3727.38	2.54857	97237.3	0	0
neutron	939.565	19.2426	97110.9	0	0
neutron	939.565	0.563989	97110.9	0	0
B10	9324.44	0.821858	97110.9	0	0
neutron	939.565	6.03063	97198.9	0	0
neutron	939.565	4.94249	97198.9	0	0
neutron	939.565	1.26995	97198.9	0	0
alpha	3727.38	5.82888	97198.9	0	0
alpha	3727.38	0.113024	97198.9	0	0
neutron	939.565	0.9951	97285.7	0	0
B11	10252.5	0.449177	97285.7	0	0
neutron	939.565	12.8097	97156.8	0	0
neutron	939.565	11.4197	97156.8	0	0
neutron	939.565	0.636925	97156.8	0	0
alpha	3727.38	2.71846	97156.8	0	0
alpha	3727.38	5.49522	97156.8	0	0
C12	11174.9	0.516946	97524.4	22.8741	21.7542
neutron	939.565	5.69361	97363.5	0	0
B11	10252.5	1.3655	97363.5	0	0
neutron	939.565	0.282298	97175.5	0	0
B11	10252.5	0.221644	97175.5	0	0
C12	11174.9	0.488365	99419.9	1440.99	1440.23
neutron	939.565	16.6411	97411.7	0	0
neutron	939.565	2.60307	97411.7	0	0
neutron	939.565	2.59277	97411.7	0	0
alpha	3727.38	7.4138	97411.7	0	0
alpha	3727.38	13.0575	97411.7	0	0
neutron	939.565	12.8954	97200.5	0	0
Be10	9325.5	2.43129	97200.5	0	0
C12	11174.9	0.531079	97409.1	163.01	161.969
neutron	939.565	11.0456	97224.2	0	0
neutron	939.565	6.56104	97224.2	0	0
alpha	3727.38	4.2875	97224.2	0	0
alpha	3727.38	1.21465	97224.2	0	0
neutron	939.565	18.6894	97372.4	0	0
neutron	939.565	7.13552	97372.4	0	0
neutron	939.565	5.48176	97372.4	0	0
alpha	3727.38	2.68516	97372.4	0	0
alpha	3727.38	5.34929	97372.4	0	0
neutron	939.565	14.3175	97153.5	0	0
neutron	939.565	9.66442	97153.5	0	0
neutron	939.565	8.68095	97153.5	0	0
alpha	3727.38	4.13438	97153.5	0	0
alpha	3727.38	5.10185	97153.5	0	0
neutron	939.565	12.8863	97181.2	0	0
neutron	939.565	3.85174	97181.2	0	0
B10	9324.44	1.46605	97181.2	0	0
C12	11174.9	0.359529	99054.8	1226.59	1225.72
neutron	939.565	22.8592	97132.4	0	0
B11	10252.5	1.44142	97132.4	0	0
C12	11174.9	0.517332	98892.5	1134.65	1133.75
neutron	939.565	6.44224	97157	0	0
neutron	939.565	1.28903	97157	0	0
B10	9324.44	0.914263	97157	0	0
neutron	939.565	10.0644	97160.6	0	0
neutron	939.565	7.61436	97160.6	0	0
alpha	3727.38	7.66817	97160.6	0	0
alpha	3727.38	9.07433	97160.6	0	0
neutron	939.565	16.7603	97229.7	0	0
neutron	939.565	5.5386	97229.7	0	0
B11	10252.5	0.672521	97229.7	0	0
B12	11188.7	0.362231	97193.7	0	0
neutron	939.565	9.39763	97242.5	0	0
neutron	939.565	3.26901	97242.5	0	0
neutron	939.565	0.421951	97242.5	0	0
Be8	7454.85	2.73173	97242.5	0	0
C12	11174.9	0.67067	97850.6	466.468	465.538
neutron	939.565	48.4633	97160	0	0
neutron	939.565	3.14921	97160	0	0
Be9	8392.75	4.04897	97160	0	0
B12	11188.7	0.35231	97379.6	0	0
neutron	939.565	13.1644	97354.7	0	0
neutron	939.565	11.0645	97354.7	0	0
neutron	939.565	6.44269	97354.7	0	0
alpha	3727.38	12.7127	97354.7	0	0
alpha	3727.38	4.08847	97354.7	0	0
C12	11174.9	0.583239	98017.1	555.747	555.054
C12	11174.9	0.906188	97724	396.731	395.497
C12	11174.9	0.810489	99883.3	1709.82	1708.92
neutron	939.565	36.2103	97358	0	0
Be10	9325.5	4.36546	97358	0	0
neutron	939.565	13.4347	97227.7	0	0
B11	10252.5	1.62305	97227.7	0	0
neutron	939.565	5.5046	97181.8	0	0
alpha	3727.38	8.10417	97181.8	0	0
alpha	3727.38	1.65368	97181.8	0	0
neutron	939.565	4.76356	97352.2	0	0
neutron	939.565	1.65691	97352.2	0	0
neutron	939.565	0.769037	97352.2	0	0
Be8	7454.85	0.726186	97352.2	0	0
C12	11174.9	0.610045	97767.8	299.91	299.074
C12	11174.9	0.999533	97325.9	79.1921	77.5236
neutron	939.565	3.72251	97295.3	0	0
neutron	939.565	2.10752	97295.3	0	0
neutron	939.565	1.30803	97295.3	0	0
alpha	3727.38	1.26002	97295.3	0	0
alpha	3727.38	4.06677	97295.3	0	0
neutron	939.565	7.6016	97192.3	0	0
neutron	939.565	0.605891	97192.3	0	0
B10	9324.44	0.649575	97192.3	0	0
neutron	939.565	3.04138	97122.9	0	0
neutron	939.565	2.72546	97122.9	0	0
alpha	3727.38	7.58276	97122.9	0	0
alpha	3727.38	2.82125	97122.9	0	0
neutron	939.565	16.078	97254.4	0	0
alpha	3727.38	7.22224	97254.4	0	0
Li7	6533.83	9.70852	97254.4	0	0
neutron	939.565	23.4483	97449.2	0	0
neutron	939.565	17.1695	97449.2	0	0
neutron	939.565	2.38303	97449.2	0	0
Be8	7454.85	2.81034	97449.2	0	0
neutron	939.565	9.96834	97355.1	0	0
neutron	939.565	4.31804	97355.1	0	0
alpha	3727.38	3.02251	97355.1	0	0
Li6	5601.52	5.94344	97355.1	0	0
neutron	939.565	4.05856	97346.1	0	0
neutron	939.565	0.358269	97346.1	0	0
B10	9324.44	0.842112	97346.1	0	0
neutron	939.565	10.4469	97204.1	0	0
neutron	939.565	7.72429	97204.1	0	0
B10	9324.44	1.09754	97204.1	0	0
neutron	939.565	5.70713	97189	0	0
Be9	8392.75	0.716171	97189	0	0
C12	11174.9	0.742233	99497.2	1493.96	1492.69
neutron	939.565	10.8655	97226.8	0	0
neutron	939.565	1.85712	97226.8	0	0
neutron	939.565	0.718842	97226.8	0	0
Be8	7454.85	2.73695	97226.8	0	0
neutron	939.565	3.85449	97174.9	0	0
neutron	939.565	2.08431	97174.9	0	0
B10	9324.44	0.727576	97174.9	0	0
neutron	939.565	28.382	97123.1	0	0
neutron	939.565	3.95594	97123.1	0	0
alpha	3727.38	3.29961	97123.1	0	0
alpha	3727.38	3.48986	97123.1	0	0
C12	11174.9	1.74861	99932.2	1749.78	1747.96
C12	11174.9	0.76964	99322	1358.56	1357.24
neutron	939.565	5.2692	97328.3	0	0
B11	10252.5	0.154806	97328.3	0	0
C12	11174.9	0.425233	99472.9	1486.87	1485.99
neutron	939.565	3.59017	97191.4	0	0
B11	10252.5	0.0662233	97191.4	0	0
neutron	939.565	1.8422	97495.2	0	0
B11	10252.5	0.898745	97495.2	0	0
C12	11174.9	0.74382	99646.9	1561.47	1560.71
neutron	939.565	37.7016	97196.1	0	0
neutron	939.565	8.59183	97196.1	0	0
neutron	939.565	6.54728	97196.1	0	0
Be8	7454.85	1.06865	97196.1	0	0
neutron	939.565	6.33182	97329.6	0	0
Be8	7454.85	0.174734	97329.6	0	0
C12	11174.9	0.412537	97743.5	375.028	374.443
neutron	939.565	3.59939	97245.2	0	0
neutron	939.565	2.8109	97245.2	0	0
Be9	8392.75	4.4126	97245.2	0	0
neutron	939.565	12.9683	97153.8	0	0
neutron	939.565	3.06234	97153.8	0	0
Be8	7454.85	2.14998	97153.8	0	0
C12	11174.9	0.726511	99283	1309.98	1309.11
neutron	939.565	6.16717	96956.1	0	0
alpha	3727.38	2.18211	96956.1	0	0
alpha	3727.38	3.78094	96956.1	0	0
neutron	939.565	34.4795	97346.9	0	0
neutron	939.565	10.0007	97346.9	0	0
Be8	7454.85	8.03015	97346.9	0	0
neutron	939.565	3.834	97194.4	0	0
neutron	939.565	0.775873	97194.4	0	0
Be8	7454.85	0.449172	97194.4	0	0
C12	11174.9	0.359518	97464.5	194.449	193.908
B12	11188.7	0.357407	97337.5	0	0
C12	11174.9	0.4971	97704.5	269.59	268.38
neutron	939.565	1.85527	97173.8	0	0
B11	10252.5	0.25674	97173.8	0	0
C12	11174.9	0.421891	98131.4	542.017	540.806
C12	11174.9	0.332169	97835.5	491.9	490.977
C12	11174.9	1.30428	99245.1	1323.16	1320.27
neutron	939.565	19.8223	97306.8	0	0
neutron	939.565	12.3882	97306.8	0	0
B10	9324.44	2.38732	97306.8	0	0
neutron	939.565	19.7637	97225.6	0	0
neutron	939.565	6.35034	97225.6	0	0
neutron	939.565	2.05069	97225.6	0	0
alpha	3727.38	3.41111	97225.6	0	0
alpha	3727.38	3.30047	97225.6	0	0
C12	11174.9	0.519917	97576.3	262.712	261.914
neutron	939.565	16.9861	97242.1	0	0
Be8	7454.85	11.9427	97242.1	0	0
neutron	939.565	7.60594	97107.6	0	0
neutron	939.565	2.96953	97107.6	0	0
neutron	939.565	0.887491	97107.6	0	0
Be8	7454.85	3.88343	97107.6	0	0
neutron	939.565	2.48777	97212.2	0	0
B11	10252.5	0.0448272	97212.2	0	0
neutron	939.565	8.7073	97191.7	0	0
B11	10252.5	1.11675	97191.7	0	0
neutron	939.565	2.81064	97335.7	0	0
neutron	939.565	1.24412	97335.7	0	0
Be9	8392.75	0.676467	97335.7	0	0
C12	11174.9	0.352369	99908.9	1738.28	1737.78
C12	11174.9	0.840845	99731.9	1610.75	1609.65
C12	11174.9	0.379444	98466.4	840.456	839.723
C12	11174.9	0.916888	97270.6	96.0813	94.8803
neutron	939.565	42.4461	97241.2	0	0
neutron	939.565	2.27382	97241.2	0	0
Be9	8392.75	3.96323	97241.2	0	0
C13	12109.5	0.346617	98518	752.765	752.055
neutron	939.565	1.87838	97209.7	0	0
Be10	9325.5	0.341782	97209.7	0	0
neutron	939.565	6.35685	97207.6	0	0
Be10	9325.5	7.50166	97207.6	0	0
C12	11174.9	0.444522	98640.8	896.552	894.895
neutron	939.565	2.79281	97242.2	0	0
Be9	8392.75	6.65543	97242.2	0	0
neutron	939.565	6.90422	97193	0	0
B11	10252.5	0.270628	97193	0	0
neutron	939.565	21.8879	97107	0	0
neutron	939.565	7.92414	97107	0	0
B10	9324.44	3.84687	97107	0	0
neutron	939.565	7.05245	97170.3	0	0
neutron	939.565	6.83196	97170.3	0	0
Be8	7454.85	0.964264	97170.3	0	0
neutron	939.565	10.4722	97122.8	0	0
neutron	939.565	5.21045	97122.8	0	0
neutron	939.565	0.288434	97122.8	0	0
alpha	3727.38	2.47117	97122.8	0	0
alpha	3727.38	9.03764	97122.8	0	0
neutron	939.565	14.432	97372.8	0	0
neutron	939.565	1.78538	97372.8	0	0
B10	9324.44	1.33012	97372.8	0	0
C12	11174.9	0.429601	99661.3	1544.4	1543.65
C12	11174.9	0.436558	99083.6	1154.44	1153.6
C12	11174.9	1.09978	98417.2	829.614	828.236
neutron	939.565	21.3487	97250.2	0	0
neutron	939.565	1.17665	97250.2	0	0
neutron	939.565	0.972574	97250.2	0	0
Be8	7454.85	2.45188	97250.2	0	0
neutron	939.565	37.53	97246.6	0	0
neutron	939.565	17.6368	97246.6	0	0
Be9	8392.75	5.05793	97246.6	0	0
neutron	939.565	9.5552	97159.2	0	0
neutron	939.565	5.87935	97159.2	0	0
neutron	939.565	4.06637	97159.2	0	0
neutron	939.565	1.6422	97159.2	0	0
He3	2808.39	3.33074	97159.2	0	0
alpha	3727.38	3.2148	97159.2	0	0
C12	11174.9	0.342365	97310.3	158.145	157.65
C12	11174.9	0.407498	98119.5	653.1	652.35
C12	11174.9	0.598981	98441.8	813.45	811.922
neutron	939.565	1.22382	97182.2	0	0
B11	10252.5	0.759842	97182.2	0	0
C12	11174.9	0.438782	98831.2	1062.21	1060.29
C12	11174.9	0.973295	97908.1	360.555	359.424
neutron	939.565	40.5177	97133.2	0	0
alpha	3727.38	12.0903	97133.2	0	0
Li7	6533.83	1.19801	97133.2	0	0
neutron	939.565	26.4593	97241.8	0	0
neutron	939.565	5.89642	97241.8	0	0
B10	9324.44	1.62142	97241.8	0	0
neutron	939.565	14.4901	97213.3	0	0
neutron	939.565	0.843494	97213.3	0	0
B10	9324.44	2.16891	97213.3	0	0
neutron	939.565	18.7653	97314.4	0	0
alpha	3727.38	3.45781	97314.4	0	0
alpha	3727.38	3.31546	97314.4	0	0
neutron	939.565	13.964	97264.9	0	0
neutron	939.565	9.06966	97264.9	0	0
alpha	3727.38	10.4643	97264.9	0	0
alpha	3727.38	10.3387	97264.9	0	0
Be10	9325.5	0.174647	97504.1	0	0
neutron	939.565	8.97759	97167.6	0	0
neutron	939.565	2.65676	97167.6	0	0
neutron	939.565	2.05158	97167.6	0	0
Be8	7454.85	2.83445	97167.6	0	0
neutron	939.565	7.59418	97194.6	0	0
B11	10252.5	1.70384	97194.6	0	0
neutron	939.565	12.5735	97241.5	0	0
B11	10252.5	2.0196	97241.5	0	0
neutron	939.565	10.919	97181.1	0	0
alpha	3727.38	1.18298	97181.1	0	0
alpha	3727.38	18.8511	97181.1	0	0
neutron	939.565	1.46857	97198.5	0	0
neutron	939.565	0.976807	97198.5	0	0
B10	9324.44	0.154638	97198.5	0	0
C12	11174.9	3.09195	99724.4	1629.28	1626.13
neutron	939.565	19.4532	97082.2	0	0
neutron	939.565	0.449281	97082.2	0	0
B10	9324.44	0.899631	97082.2	0	0
neutron	939.565	27.7718	97162.9	0	0
alpha	3727.38	3.33318	97162.9	0	0
alpha	3727.38	2.62884	97162.9	0	0
neutron	939.565	13.4967	97066.4	0	0
alpha	3727.38	2.90722	97066.4	0	0
alpha	3727.38	14.5258	97066.4	0	0
neutron	939.565	31.4297	97166.9	0	0
neutron	939.565	21.0601	97166.9	0	0
Be8	7454.85	4.76616	97166.9	0	0
neutron	939.565	7.4846	97350.4	0	0
neutron	939.565	0.131714	97350.4	0	0
B10	9324.44	1.73002	97350.4	0	0
neutron	939.565	13.9142	97184.6	0	0
Be10	9325.5	4.30463	97184.6	0	0
C12	11174.9	0.42198	99170.4	1171.09	1170.32
neutron	939.565	2.49571	97188.6	0	0
alpha	3727.38	7.508	97188.6	0	0
Li7	6533.83	2.54465	97188.6	0	0
neutron	939.565	4.7372	97211.3	0	0
Be10	9325.5	0.8501	97211.3	0	0
neutron	939.565	2.94572	97382.4	0	0
B11	10252.5	1.12717	97382.4	0	0
C12	11174.9	3.06627	98720.8	768.055	764.691
C12	11174.9	0.374421	97390.2	161.641	161.045
neutron	939.565	5.26189	97162.2	0	0
B11	10252.5	1.33145	97162.2	0	0
C12	11174.9	0.492691	99529.5	1501.81	1501.25
neutron	939.565	4.50063	97485.2	0	0
B11	10252.5	1.35431	97485.2	0	0
C12	11174.9	0.50376	99209.3	1276.29	1275.77
neutron	939.565	2.69694	97216.4	0	0
neutron	939.565	0.582376	97216.4	0	0
B10	9324.44	0.987501	97216.4	0	0
neutron	939.565	11.4682	97307.1	0	0
neutron	939.565	1.771	97307.1	0	0
B10	9324.44	1.05728	97307.1	0	0
C12	11174.9	1.42441	99910.4	1732.25	1730.11
C12	11174.9	1.49872	97551	218.921	217.016
C12	11174.9	0.710315	98252.2	634.873	634.015
C12	11174.9	0.648018	98243.6	693.345	691.582
neutron	939.565	16.738	97160.6	0	0
neutron	939.565	1.27899	97160.6	0	0
B10	9324.44	0.380144	97160.6	0	0
C12	11174.9	0.416742	99353.2	1379.44	1378.42
neutron	939.565	3.02162	97159.5	0	0
neutron	939.565	1.09993	97159.5	0	0
neutron	939.565	0.66156	97159.5	0	0
alpha	3727.38	3.95526	97159.5	0	0
alpha	3727.38	2.35838	97159.5	0	0
neutron	939.565	11.1786	97101.8	0	0
alpha	3727.38	8.01039	97101.8	0	0
alpha	3727.38	1.09987	97101.8	0	0
C12	11174.9	4.62371	97648.4	321.193	315.67
C12	11174.9	0.51714	99315	1331.63	1330.83
C12	11174.9	0.652892	98296.5	718.253	717.43
C12	11174.9	0.391624	97532.6	288.481	288.055
neutron	939.565	18.4798	97273.4	0	0
neutron	939.565	10.7821	97273.4	0	0
neutron	939.565	3.47176	97273.4	0	0
Be8	7454.85	3.65578	97273.4	0	0
C12	11174.9	0.41537	99724.8	1631.13	1630.44
C12	11174.9	1.10013	98409.8	771.934	770.453
neutron	939.565	1.44453	97218.7	0	0
alpha	3727.38	3.21154	97218.7	0	0
Li7	6533.83	3.81995	97218.7	0	0
B12	11188.7	0.353149	97171.3	0	0
neutron	939.565	33.5204	97327.2	0	0
Be10	9325.5	6.17568	97327.2	0	0
neutron	939.565	25.7934	97224.6	0	0
neutron	939.565	13.3864	97224.6	0	0
Be8	7454.85	1.76923	97224.6	0	0
neutron	939.565	8.51143	97283	0	0
neutron	939.565	2.42534	97283	0	0
B10	9324.44	1.6688	97283	0	0
neutron	939.565	2.44104	97188.3	0	0
alpha	3727.38	2.51201	97188.3	0	0
alpha	3727.38	2.61975	97188.3	0	0
neutron	939.565	3.36505	97268.1	0	0
Be10	9325.5	0.513473	97268.1	0	0
C12	11174.9	0.341413	98516.9	885.635	885.187
neutron	939.565	11.2493	97358.8	0	0
neutron	939.565	2.53289	97358.8	0	0
neutron	939.565	2.51741	97358.8	0	0
Be8	7454.85	7.60397	97358.8	0	0
neutron	939.565	1.16222	97154.4	0	0
neutron	939.565	0.967003	97154.4	0	0
Be8	7454.85	1.18095	97154.4	0	0
neutron	939.565	14.9654	97301.2	0	0
B11	10252.5	0.898841	97301.2	0	0
C12	11174.9	0.381488	99544.6	1485.26	1484.06
neutron	939.565	0.570279	97274.5	0	0
neutron	939.565	0.453488	97274.5	0	0
Be8	7454.85	3.83253	97274.5	0	0
neutron	939.565	7.20232	97220.4	0	0
neutron	939.565	1.84507	97220.4	0	0
neutron	939.565	0.37538	97220.4	0	0
Be8	7454.85	2.46846	97220.4	0	0
C12	11174.9	0.370945	98800.6	941.646	940.255
neutron	939.565	7.00216	97203.8	0	0
neutron	939.565	2.72571	97203.8	0	0
B10	9324.44	0.714589	97203.8	0	0
C12	11174.9	0.941169	99892.1	1726.38	1725.39
neutron	939.565	4.19917	97192.3	0	0
Be10	9325.5	0.243787	97192.3	0	0
C12	11174.9	0.7533	99341.4	1343.99	1343.13
C12	11174.9	2.65909	99160.2	1192.84	1189.36
C12	11174.9	0.400103	97393.6	139.28	138.441
neutron	939.565	7.01756	97215.6	0	0
neutron	939.565	4.52079	97215.6	0	0
neutron	939.565	0.923924	97215.6	0	0
Be8	7454.85	0.593081	97215.6	0	0
neutron	939.565	0.782469	97079.3	0	0
B11	10252.5	0.331263	97079.3	0	0
C12	11174.9	0.854683	98343.9	691.725	690.687
C12	11174.9	0.555768	98054.8	527.35	526.766
neutron	939.565	4.01227	97316.1	0	0
B11	10252.5	1.03147	97316.1	0	0
C12	11174.9	0.536045	99615.5	1527.73	1527.12
neutron	939.565	21.6842	97229.3	0	0
neutron	939.565	2.13116	97229.3	0	0
neutron	939.565	1.22274	97229.3	0	0
Be8	7454.85	0.646774	97229.3	0	0
neutron	939.565	22.4565	97218.6	0	0
neutron	939.565	18.4551	97218.6	0	0
B10	9324.44	2.38678	97218.6	0	0
C12	11174.9	0.920862	98446	647.587	646.012
neutron	939.565	7.22495	97370.7	0	0
neutron	939.565	3.27128	97370.7	0	0
Be8	7454.85	5.94765	97370.7	0	0
neutron	939.565	14.5844	97123.3	0	0
alpha	3727.38	7.89803	97123.3	0	0
He6	5605.53	2.9091	97123.3	0	0
neutron	939.565	19.1364	97338	0	0
neutron	939.565	1.69512	97338	0	0
alpha	3727.38	15.139	97338	0	0
alpha	3727.38	14.2164	97338	0	0
neutron	939.565	6.16555	97246.6	0	0
neutron	939.565	1.32964	97246.6	0	0
neutron	939.565	0.800239	97246.6	0	0
Be8	7454.85	0.466701	97246.6	0	0
neutron	939.565	17.0779	97230.6	0	0
Be8	7454.85	1.12377	97230.6	0	0
C12	11174.9	0.349494	97780.2	329.247	328.815
neutron	939.565	0.4254	97387.7	0	0
B11	10252.5	0.400674	97387.7	0	0
C12	11174.9	0.496317	97199.9	35.4859	34.828
neutron	939.565	5.79896	97195.9	0	0
B11	10252.5	0.690705	97195.9	0	0
neutron	939.565	12.6955	97189	0	0
neutron	939.565	4.02639	97189	0	0
neutron	939.565	1.61094	97189	0	0
alpha	3727.38	1.17912	97189	0	0
alpha	3727.38	6.01145	97189	0	0
C12	11174.9	0.341994	98954	1171.73	1171.21
C12	11174.9	0.793289	97285.3	73.4501	72.55
neutron	939.565	0.701759	97158.8	0	0
B11	10252.5	0.525833	97158.8	0	0
neutron	939.565	8.86633	97228.4	0	0
alpha	3727.38	3.46683	97228.4	0	0
alpha	3727.38	4.29793	97228.4	0	0
C12	11174.9	0.537506	97579.4	334.328	333.691
neutron	939.565	5.33753	97130	0	0
neutron	939.565	4.75701	97130	0	0
alpha	3727.38	5.87875	97130	0	0
alpha	3727.38	0.553279	97130	0	0
neutron	939.565	1.78236	97266.1	0	0
neutron	939.565	0.899536	97266.1	0	0
Be8	7454.85	2.23435	97266.1	0	0
neutron	939.565	10.417	97381.3	0	0
Be8	7454.85	6.72485	97381.3	0	0
neutron	939.565	10.647	97428	0	0
neutron	939.565	9.58262	97428	0	0
B10	9324.44	2.99091	97428	0	0
C12	11174.9	0.490512	97202.7	35.6159	34.4523
neutron	939.565	8.54136	97339.7	0	0
B11	10252.5	1.69865	97339.7	0	0
C12	11174.9	0.492841	98683.9	919.958	919.216
C12	11174.9	0.665111	98650	924.207	923.43
neutron	939.565	3.33221	97173.6	0	0
neutron	939.565	3.30529	97173.6	0	0
neutron	939.565	1.00181	97173.6	0	0
alpha	3727.38	1.38343	97173.6	0	0
alpha	3727.38	5.01723	97173.6	0	0
neutron	939.565	94.7014	99719.4	1612.52	1408.75
neutron	939.565	66.818	99719.4	1612.52	1408.75
Be8	7454.85	0.567502	99719.4	1612.52	1408.75
neutron	939.565	8.95203	97173.8	0	0
alpha	3727.38	4.7412	97173.8	0	0
alpha	3727.38	3.51767	97173.8	0	0
neutron	939.565	0.231575	97254.7	0	0
B11	10252.5	0.236498	97254.7	0	0
neutron	939.565	53.6019	97244.8	0	0
neutron	939.565	1.8436	97244.8	0	0
B10	9324.44	5.2805	97244.8	0	0
neutron	939.565	9.4961	97171.3	0	0
neutron	939.565	0.216277	97171.3	0	0
B10	9324.44	0.948101	97171.3	0	0
neutron	939.565	12.4006	97293.4	0	0
alpha	3727.38	2.0961	97293.4	0	0
alpha	3727.38	3.27898	97293.4	0	0
C12	11174.9	2.56109	97958.1	497.337	493.938
neutron	939.565	14.2605	97331	0	0
neutron	939.565	11.31	97331	0	0
neutron	939.565	3.83469	97331	0	0
alpha	3727.38	10.3373	97331	0	0
alpha	3727.38	6.67933	97331	0	0
C12	11174.9	0.427552	97281.1	57.2315	56.4225
neutron	939.565	6.67193	97253.9	0	0
neutron	939.565	4.03394	97253.9	0	0
neutron	939.565	2.13952	97253.9	0	0
alpha	3727.38	5.2717	97253.9	0	0
alpha	3727.38	2.18997	97253.9	0	0
neutron	939.565	1.70495	97252.1	0	0
B11	10252.5	0.560221	97252.1	0	0
neutron	939.565	2.06524	97198.6	0	0
Be10	9325.5	1.08202	97198.6	0	0
neutron	939.565	4.54019	97098.3	0	0
alpha	3727.38	3.09483	97098.3	0	0
Li7	6533.83	1.03673	97098.3	0	0
C12	11174.9	0.708358	98758.3	1018.75	1018.01
neutron	939.565	3.77521	97120.6	0	0
Be8	7454.85	1.68061	97120.6	0	0
neutron	939.565	5.73404	97244.5	0	0
neutron	939.565	0.390313	97244.5	0	0
B10	9324.44	0.456871	97244.5	0	0
C12	11174.9	0.530852	98697.7	917.309	916.4
neutron	939.565	24.146	97211.6	0	0
alpha	3727.38	4.86974	97211.6	0	0
He6	5605.53	3.20442	97211.6	0	0
C12	11174.9	0.4338	98838.8	1082.37	1081.2
C12	11174.9	0.444493	99503	1460.76	1460.04
C12	11174.9	0.33675	97770.6	385.052	384.572
C12	11174.9	0.338529	97827.9	370.607	369.252
neutron	939.565	0.818596	97162.9	0	0
Be10	9325.5	0.334408	97162.9	0	0
neutron	939.565	10.5332	97112.5	0	0
neutron	939.565	2.92309	97112.5	0	0
B10	9324.44	1.28627	97112.5	0	0
neutron	939.565	8.80254	97255.3	0	0
Be10	9325.5	1.17648	97255.3	0	0
neutron	939.565	0.285071	97207.6	0	0
Li9	8406.87	3.66309	97207.6	0	0
neutron	939.565	2.91196	97132.6	0	0
B11	10252.5	0.597269	97132.6	0	0
neutron	939.565	2.55747	97255.4	0	0
neutron	939.565	2.35305	97255.4	0	0
Be8	7454.85	0.179953	97255.4	0	0
neutron	939.565	19.2314	97489.9	0	0
neutron	939.565	4.82363	97489.9	0	0
neutron	939.565	2.63365	97489.9	0	0
Be8	7454.85	0.711963	97489.9	0	0
neutron	939.565	6.30385	97263	0	0
Be10	9325.5	1.0333	97263	0	0
neutron	939.565	23.3858	97199.9	0	0
neutron	939.565	7.14257	97199.9	0	0
neutron	939.565	2.4248	97199.9	0	0
Be7	6534.18	4.27142	97199.9	0	0
neutron	939.565	16.7074	97269	0	0
neutron	939.565	5.9309	97269	0	0
neutron	939.565	1.68182	97269	0	0
alpha	3727.38	11.2602	97269	0	0
alpha	3727.38	4.66294	97269	0	0
neutron	939.565	30.1471	97229.7	0	0
neutron	939.565	8.00592	97229.7	0	0
B10	9324.44	1.92793	97229.7	0	0
C12	11174.9	0.396851	99624.2	1532.79	1532.23
neutron	939.565	2.05394	97269.1	0	0
Be9	8392.75	0.939089	97269.1	0	0
neutron	939.565	21.0537	97220.8	0	0
neutron	939.565	0.566797	97220.8	0	0
neutron	939.565	0.216862	97220.8	0	0
Be8	7454.85	4.51766	97220.8	0	0
neutron	939.565	9.69694	97182.4	0	0
neutron	939.565	5.74273	97182.4	0	0
neutron	939.565	1.19187	97182.4	0	0
Be8	7454.85	0.192763	97182.4	0	0
C12	11174.9	0.717899	97278.5	60.929	59.6325
neutron	939.565	23.2049	97329.8	0	0
neutron	939.565	16.4597	97329.8	0	0
alpha	3727.38	0.265588	97329.8	0	0
alpha	3727.38	9.42356	97329.8	0	0
neutron	939.565	3.39629	97281.5	0	0
neutron	939.565	2.47369	97281.5	0	0
alpha	3727.38	4.91992	97281.5	0	0
alpha	3727.38	2.21286	97281.5	0	0
C12	11174.9	1.59029	99230.5	1278.09	1276.02
neutron	939.565	1.78719	97264.9	0	0
B11	10252.5	0.552217	97264.9	0	0
C12	11174.9	0.53914	97660	215.086	213.707
C12	11174.9	0.345036	97672.2	416.456	415.853
neutron	939.565	21.4124	97220.9	0	0
neutron	939.565	7.55694	97220.9	0	0
alpha	3727.38	7.76763	97220.9	0	0
alpha	3727.38	5.63647	97220.9	0	0
C12	11174.9	1.27466	97555.9	248.478	246.534
neutron	939.565	5.75126	97300.9	0	0
neutron	939.565	4.9283	97300.9	0	0
B10	9324.44	1.31541	97300.9	0	0
neutron	939.565	15.772	97192.5	0	0
neutron	939.565	0.21864	97192.5	0	0
Be9	8392.75	2.05959	97192.5	0	0
C12	11174.9	0.689926	99848.2	1702.15	1701.41
C12	11174.9	0.812884	97745	420.958	419.189
neutron	939.565	11.6849	97175.5	0	0
neutron	939.565	4.12949	97175.5	0	0
alpha	3727.38	0.407942	97175.5	0	0
alpha	3727.38	11.8197	97175.5	0	0
C12	11174.9	1.41034	99673.5	1609.31	1606.5
neutron	939.565	11.3574	97279.6	0	0
neutron	939.565	6.79475	97279.6	0	0
neutron	939.565	1.2827	97279.6	0	0
alpha	3727.38	1.09157	97279.6	0	0
alpha	3727.38	5.36554	97279.6	0	0
neutron	939.565	9.17858	97195.9	0	0
neutron	939.565	0.159322	97195.9	0	0
B10	9324.44	1.39107	97195.9	0	0
neutron	939.565	36.6685	97165.3	0	0
neutron	939.565	2.60966	97165.3	0	0
Be9	8392.75	1.93344	97165.3	0	0
neutron	939.565	6.56135	97293	0	0
neutron	939.565	0.433884	97293	0	0
Be9	8392.75	0.999939	97293	0	0
neutron	939.565	1.42733	97271.6	0	0
neutron	939.565	0.813703	97271.6	0	0
B10	9324.44	0.313726	97271.6	0	0
neutron	939.565	27.1348	97269.8	0	0
neutron	939.565	5.93699	97269.8	0	0
neutron	939.565	2.43678	97269.8	0	0
Be8	7454.85	0.786033	97269.8	0	0
neutron	939.565	12.1658	97156.1	0	0
neutron	939.565	10.3277	97156.1	0	0
neutron	939.565	10.1899	97156.1	0	0
alpha	3727.38	5.55247	97156.1	0	0
alpha	3727.38	10.2692	97156.1	0	0
neutron	939.565	1.85184	97214.8	0	0
neutron	939.565	1.24386	97214.8	0	0
B10	9324.44	1.28954	97214.8	0	0
C12	11174.9	0.649229	98607.4	885.364	884.704
neutron	939.565	3.87278	97247.5	0	0
B11	10252.5	0.445745	97247.5	0	0
neutron	939.565	2.35677	97194.2	0	0
B11	10252.5	0.779862	97194.2	0	0
neutron	939.565	0.755443	97177.3	0	0
Be9	8392.75	1.60666	97177.3	0	0
neutron	939.565	9.80865	97253.2	0	0
alpha	3727.38	3.61707	97253.2	0	0
alpha	3727.38	4.41733	97253.2	0	0
C12	11174.9	0.475488	97928.2	457.127	456.136
neutron	939.565	1.52619	97389.6	0	0
neutron	939.565	0.437204	97389.6	0	0
Be8	7454.85	4.39052	97389.6	0	0
C12	11174.9	0.441236	98583.9	797.338	796.642
neutron	939.565	0.771356	97081.2	0	0
B11	10252.5	0.629947	97081.2	0	0
neutron	939.565	15.1133	97204	0	0
alpha	3727.38	10.5412	97204	0	0
alpha	3727.38	4.50057	97204	0	0
neutron	939.565	14.9558	97156.2	0	0
neutron	939.565	6.3703	97156.2	0	0
B10	9324.44	4.57099	97156.2	0	0
neutron	939.565	28.9155	97258.6	0	0
Be10	9325.5	1.03323	97258.6	0	0
C12	11174.9	2.69214	99929.4	1751.45	1746.42
neutron	939.565	3.02987	97222.3	0	0
Be10	9325.5	0.458991	97222.3	0	0
C12	11174.9	0.807474	98737.5	960.379	959.549
C12	11174.9	2.46877	99205.7	1328.83	1326.25
neutron	939.565	11.8357	97314.3	0	0
neutron	939.565	7.5082	97314.3	0	0
B10	9324.44	2.33286	97314.3	0	0
C12	11174.9	1.33785	97315.6	101.935	100.576
neutron	939.565	24.9493	97372.1	0	0
neutron	939.565	12.8368	97372.1	0	0
Be8	7454.85	6.13299	97372.1	0	0
C12	11174.9	9.66376	98385.3	680.73	670.815
neutron	939.565	10.5296	97281.7	0	0
alpha	3727.38	1.41429	97281.7	0	0
alpha	3727.38	3.91839	97281.7	0	0
neutron	939.565	7.40399	97238.3	0	0
neutron	939.565	3.54775	97238.3	0	0
neutron	939.565	2.63088	97238.3	0	0
alpha	3727.38	4.01211	97238.3	0	0
alpha	3727.38	3.39907	97238.3	0	0
C12	11174.9	0.544567	97909.1	456.248	455.532
neutron	939.565	9.57697	97203.3	0	0
neutron	939.565	3.89352	97203.3	0	0
alpha	3727.38	1.55038	97203.3	0	0
alpha	3727.38	7.86472	97203.3	0	0
neutron	939.565	10.3616	97219.5	0	0
neutron	939.565	5.40053	97219.5	0	0
neutron	939.565	1.02111	97219.5	0	0
Be8	7454.85	0.158683	97219.5	0	0
neutron	939.565	15.3078	97176.2	0	0
alpha	3727.38	5.24851	97176.2	0	0
alpha	3727.38	6.48939	97176.2	0	0
neutron	939.565	2.30006	97224.1	0	0
neutron	939.565	1.71667	97224.1	0	0
neutron	939.565	1.51134	97224.1	0	0
Be8	7454.85	2.04331	97224.1	0	0
C12	11174.9	0.566597	99338.9	1324.1	1323.4
C12	11174.9	0.563662	97872.1	412.049	410.951
C12	11174.9	0.465647	97454.3	143.336	142.457
neutron	939.565	1.82684	97132.6	0	0
neutron	939.565	0.562285	97132.6	0	0
Be8	7454.85	0.941623	97132.6	0	0
neutron	939.565	9.47496	97343.8	0	0
neutron	939.565	2.40435	97343.8	0	0
B10	9324.44	1.23288	97343.8	0	0
neutron	939.565	4.06125	97472.9	0	0
Be10	9325.5	0.917786	97472.9	0	0
C12	11174.9	1.13954	97437.3	142.457	141.125
neutron	939.565	5.32856	97183.2	0	0
B11	10252.5	0.332748	97183.2	0	0
C12	11174.9	0.44087	99407.8	1427.06	1426.4
neutron	939.565	1.11888	97289.7	0	0
neutron	939.565	0.788174	97289.7	0	0
Be8	7454.85	4.47089	97289.7	0	0
neutron	939.565	4.67836	97204.7	0	0
Li6	5601.52	2.01001	97204.7	0	0
C12	11174.9	0.884463	99746.6	1630.19	1629.11
neutron	939.565	9.57142	97159	0	0
neutron	939.565	7.73748	97159	0	0
B10	9324.44	3.58587	97159	0	0
neutron	939.565	6.93363	97243.5	0	0
neutron	939.565	2.29064	97243.5	0	0
neutron	939.565	1.12957	97243.5	0	0
Be8	7454.85	2.20581	97243.5	0	0
neutron	939.565	9.47733	97207.2	0	0
Be10	9325.5	1.78842	97207.2	0	0
neutron	939.565	6.58318	97148.5	0	0
neutron	939.565	5.95018	97148.5	0	0
neutron	939.565	2.47254	97148.5	0	0
alpha	3727.38	5.14956	97148.5	0	0
alpha	3727.38	5.7142	97148.5	0	0
neutron	939.565	7.0727	97170.5	0	0
neutron	939.565	1.75208	97170.5	0	0
Be9	8392.75	3.81977	97170.5	0	0
neutron	939.565	21.713	97255.2	0	0
neutron	939.565	0.952975	97255.2	0	0
neutron	939.565	0.889801	97255.2	0	0
Be8	7454.85	4.79707	97255.2	0	0
neutron	939.565	0.278312	97111.1	0	0
B11	10252.5	0.464366	97111.1	0	0
neutron	939.565	2.64539	97107.8	0	0
neutron	939.565	0.916486	97107.8	0	0
B10	9324.44	0.30456	97107.8	0	0
C12	11174.9	0.382519	98352	625.784	625.355
C12	11174.9	1.2277	97281.1	135.717	134.468
neutron	939.565	1.81831	97176.9	0	0
neutron	939.565	0.965861	97176.9	0	0
neutron	939.565	0.775759	97176.9	0	0
Be8	7454.85	3.40502	97176.9	0	0
neutron	939.565	8.90278	97621.7	0	0
neutron	939.565	2.02849	97621.7	0	0
neutron	939.565	0.22516	97621.7	0	0
Be8	7454.85	2.44044	97621.7	0	0
C12	11174.9	0.434735	98381.3	726.328	725.68
neutron	939.565	20.6515	97118.6	0	0
neutron	939.565	8.77757	97118.6	0	0
neutron	939.565	1.27985	97118.6	0	0
Be8	7454.85	4.3117	97118.6	0	0
C12	11174.9	0.383352	98267.4	677.373	675.87
C12	11174.9	2.39649	97710.4	338.056	335.473
neutron	939.565	10.4641	97254.8	0	0
neutron	939.565	7.57959	97254.8	0	0
neutron	939.565	3.21825	97254.8	0	0
alpha	3727.38	3.65835	97254.8	0	0
alpha	3727.38	5.21394	97254.8	0	0
neutron	939.565	9.09606	97326.9	0	0
neutron	939.565	3.72358	97326.9	0	0
neutron	939.565	2.83349	97326.9	0	0
Be8	7454.85	3.17959	97326.9	0	0
neutron	939.565	5.08597	97225	0	0
neutron	939.565	5.00368	97225	0	0
neutron	939.565	2.60241	97225	0	0
Be8	7454.85	0.429985	97225	0	0
C12	11174.9	0.422473	98845.7	1038.02	1037.47
neutron	939.565	2.71051	97174.6	0	0
neutron	939.565	1.30957	97174.6	0	0
Be9	8392.75	1.08083	97174.6	0	0
neutron	939.565	4.8123	97384.8	0	0
neutron	939.565	2.6895	97384.8	0	0
B10	9324.44	0.0879868	97384.8	0	0
alpha	3727.38	2.42508	97301.9	0	0
neutron	939.565	20.0222	97311.2	0	0
Be10	9325.5	2.01712	97311.2	0	0
neutron	939.565	21.0276	97217.4	0	0
neutron	939.565	5.5222	97217.4	0	0
neutron	939.565	1.37824	97217.4	0	0
Be8	7454.85	3.25726	97217.4	0	0
C12	11174.9	0.378523	97528.9	195.271	194.556
C13	12109.5	0.391323	97209.6	66.1139	65.6642
C12	11174.9	0.461805	99378.4	1408.84	1407.99
neutron	939.565	5.11662	97380.1	0	0
Be8	7454.85	0.679725	97380.1	0	0
neutron	939.565	10.7744	97230.9	0	0
neutron	939.565	1.09173	97230.9	0	0
neutron	939.565	0.861025	97230.9	0	0
Be8	7454.85	1.76392	97230.9	0	0
neutron	939.565	8.84453	97209.9	0	0
neutron	939.565	1.71329	97209.9	0	0
B10	9324.44	1.00472	97209.9	0	0
neutron	939.565	3.07914	97113.3	0	0
neutron	939.565	2.92532	97113.3	0	0
neutron	939.565	0.683904	97113.3	0	0
Be8	7454.85	1.42776	97113.3	0	0
neutron	939.565	4.79175	97256.4	0	0
alpha	3727.38	9.55219	97256.4	0	0
alpha	3727.38	0.120126	97256.4	0	0
neutron	939.565	10.5064	97319.1	0	0
neutron	939.565	5.94808	97319.1	0	0
neutron	939.565	1.27777	97319.1	0	0
alpha	3727.38	0.947254	97319.1	0	0
alpha	3727.38	4.0546	97319.1	0	0
neutron	939.565	0.527016	97301.5	0	0
B11	10252.5	0.452904	97301.5	0	0
neutron	939.565	1.13638	97130	0	0
B11	10252.5	0.609488	97130	0	0
neutron	939.565	39.048	97253.7	0	0
neutron	939.565	7.25302	97253.7	0	0
Be8	7454.85	0.519857	97253.7	0	0
C12	11174.9	0.557874	98576.2	888.125	886.857
neutron	939.565	32.4383	97153.1	0	0
alpha	3727.38	7.80669	97153.1	0	0
alpha	3727.38	3.98636	97153.1	0	0
C12	11174.9	0.447482	97717.6	273.281	272.267
neutron	939.565	25.1725	97084.6	0	0
neutron	939.565	22.8175	97084.6	0	0
neutron	939.565	1.23444	97084.6	0	0
alpha	3727.38	5.65451	97084.6	0	0
alpha	3727.38	2.00408	97084.6	0	0
C12	11174.9	1.31983	97450.4	41.5257	39.8591
neutron	939.565	13.0281	97103.7	0	0
neutron	939.565	4.44998	97103.7	0	0
neutron	939.565	0.379452	97103.7	0	0
Be8	7454.85	0.469561	97103.7	0	0
C12	11174.9	1.90117	97272.5	151.631	149.459
neutron	939.565	1.4777	97185.4	0	0
Be10	9325.5	0.786595	97185.4	0	0
neutron	939.565	2.19436	97407.4	0	0
neutron	939.565	0.194871	97407.4	0	0
Be8	7454.85	0.42093	97407.4	0	0
neutron	939.565	0.512692	97188.2	0	0
Be10	9325.5	1.06801	97188.2	0	0
neutron	939.565	1.5997	97231.7	0	0
Be8	7454.85	1.23246	97231.7	0	0
neutron	939.565	6.49377	97321.3	0	0
alpha	3727.38	2.70604	97321.3	0	0
alpha	3727.38	4.4207	97321.3	0	0
neutron	939.565	2.25856	97123.2	0	0
B11	10252.5	0.0173705	97123.2	0	0
C12	11174.9	0.342145	99750.2	1640.93	1640.42
neutron	939.565	41.8075	97459.8	0	0
neutron	939.565	1.70009	97459.8	0	0
Be9	8392.75	0.860018	97459.8	0	0
C12	11174.9	0.557708	98955.1	1126.65	1125.83
C12	11174.9	0.341857	97924.5	426.138	425.66
neutron	939.565	8.08097	97168	0	0
neutron	939.565	0.254326	97168	0	0
alpha	3727.38	1.83793	97168	0	0
alpha	3727.38	3.10767	97168	0	0
neutron	939.565	2.32221	97533.1	0	0
neutron	939.565	1.47788	97533.1	0	0
Be8	7454.85	2.84909	97533.1	0	0
C12	11174.9	0.456193	97510.5	245.119	243.713
neutron	939.565	9.63963	97198.3	0	0
neutron	939.565	3.05816	97198.3	0	0
Be9	8392.75	0.355315	97198.3	0	0
C12	11174.9	1.24153	99028.9	1167.51	1166.1
C12	11174.9	0.426969	97148.7	88.2574	87.6391
neutron	939.565	29.4449	98786	1029.26	732.222
neutron	939.565	1.77458	98786	1029.26	732.222
B10	9324.44	2.10295	98786	1029.26	732.222
neutron	939.565	5.87933	97085.8	0	0
B11	10252.5	0.34341	97085.8	0	0
neutron	939.565	8.99174	97148.7	0	0
neutron	939.565	8.44132	97148.7	0	0
alpha	3727.38	3.92067	97148.7	0	0
alpha	3727.38	4.02555	97148.7	0	0
neutron	939.565	7.56858	97187.3	0	0
neutron	939.565	5.9583	97187.3	0	0
neutron	939.565	2.10795	97187.3	0	0
Be8	7454.85	2.08203	97187.3	0	0
C12	11174.9	0.333878	97505	223.217	222.81
C12	11174.9	0.75729	97304.4	128.135	127.376
neutron	939.565	11.4672	97313	0	0
neutron	939.565	8.68178	97313	0	0
B10	9324.44	4.51791	97313	0	0
neutron	939.565	5.57589	97178.7	0	0
neutron	939.565	3.34086	97178.7	0	0
neutron	939.565	2.02571	97178.7	0	0
alpha	3727.38	1.78293	97178.7	0	0
alpha	3727.38	4.75916	97178.7	0	0
neutron	939.565	10.9759	97295.2	0	0
B11	10252.5	2.19701	97295.2	0	0
neutron	939.565	5.63415	97227.9	0	0
neutron	939.565	3.25029	97227.9	0	0
neutron	939.565	1.44913	97227.9	0	0
alpha	3727.38	1.48906	97227.9	0	0
alpha	3727.38	2.91276	97227.9	0	0
neutron	939.565	5.83752	97073.8	0	0
neutron	939.565	2.34063	97073.8	0	0
B10	9324.44	1.43922	97073.8	0	0
neutron	939.565	3.1374	97151.7	0	0
neutron	939.565	1.2585	97151.7	0	0
neutron	939.565	1.09178	97151.7	0	0
alpha	3727.38	6.34153	97151.7	0	0
alpha	3727.38	1.15655	97151.7	0	0
neutron	939.565	3.549	97230.5	0	0
Be10	9325.5	0.267303	97230.5	0	0
neutron	939.565	8.99723	97139.6	0	0
neutron	939.565	0.881421	97139.6	0	0
alpha	3727.38	4.27919	97139.6	0	0
alpha	3727.38	1.21782	97139.6	0	0
neutron	939.565	3.9281	99409.2	1411.35	1142.33
neutron	939.565	0.573555	99409.2	1411.35	1142.33
alpha	3727.38	4.51185	99409.2	1411.35	1142.33
alpha	3727.38	2.95332	99409.2	1411.35	1142.33
C12	11174.9	0.381146	98015	492.28	491.868
C12	11174.9	0.48844	98801.6	1046.81	1046.04
neutron	939.565	9.24286	97149.8	0	0
neutron	939.565	4.05577	97149.8	0	0
Be8	7454.85	1.16689	97149.8	0	0
neutron	939.565	8.87328	97353.5	0	0
B11	10252.5	1.35878	97353.5	0	0
neutron	939.565	0.539809	97252.9	0	0
B11	10252.5	0.25017	97252.9	0	0
neutron	939.565	3.56551	97209.7	0	0
neutron	939.565	0.0589409	97209.7	0	0
B10	9324.44	0.0817224	97209.7	0	0
neutron	939.565	5.84814	97159.9	0	0
Be10	9325.5	1.4668	97159.9	0	0
C12	11174.9	1.13509	99187.9	1264.87	1263.5
neutron	939.565	8.0726	97307.2	0	0
neutron	939.565	5.98845	97307.2	0	0
Be9	8392.75	3.90365	97307.2	0	0
neutron	939.565	18.8278	97200.9	0	0
neutron	939.565	2.66209	97200.9	0	0
neutron	939.565	0.269944	97200.9	0	0
Be8	7454.85	6.5008	97200.9	0	0
neutron	939.565	2.92123	97165.7	0	0
alpha	3727.38	2.96839	97165.7	0	0
alpha	3727.38	10.2851	97165.7	0	0
neutron	939.565	2.29461	97289.5	0	0
B11	10252.5	0.280186	97289.5	0	0
neutron	939.565	0.305465	97464.5	0	0
B11	10252.5	0.521785	97464.5	0	0
neutron	939.565	0.710448	97136.7	0	0
B11	10252.5	0.687005	97136.7	0	0
C12	11174.9	0.394112	97584.4	279.149	278.434
C12	11174.9	0.369122	98380.7	791.441	791.059
neutron	939.565	5.57682	97326.7	0	0
B11	10252.5	0.377115	97326.7	0	0
neutron	939.565	14.1891	97177.7	0	0
neutron	939.565	5.68896	97177.7	0	0
neutron	939.565	3.9173	97177.7	0	0
alpha	3727.38	0.823724	97177.7	0	0
alpha	3727.38	5.89976	97177.7	0	0
neutron	939.565	3.56153	97190.2	0	0
B11	10252.5	0.76117	97190.2	0	0
neutron	939.565	3.81308	97195.5	0	0
B11	10252.5	1.33789	97195.5	0	0
C12	11174.9	0.516659	97758.3	411.522	410.376
neutron	939.565	10.0652	97272.7	0	0
neutron	939.565	10.0429	97272.7	0	0
alpha	3727.38	11.764	97272.7	0	0
Li6	5601.52	4.63449	97272.7	0	0
neutron	939.565	8.61103	97237.1	0	0
neutron	939.565	6.60002	97237.1	0	0
neutron	939.565	5.57573	97237.1	0	0
alpha	3727.38	9.6498	97237.1	0	0
alpha	3727.38	10.6671	97237.1	0	0
C12	11174.9	1.94211	98264.6	671.353	668.279
B12	11188.7	0.356077	97202.3	0	0
neutron	939.565	3.33501	97127.7	0	0
neutron	939.565	1.68429	97127.7	0	0
Be8	7454.85	0.375123	97127.7	0	0
neutron	939.565	16.5154	97396.3	0	0
neutron	939.565	0.683912	97396.3	0	0
alpha	3727.38	6.4339	97396.3	0	0
alpha	3727.38	7.11694	97396.3	0	0
neutron	939.565	9.46005	97325.3	0	0
neutron	939.565	6.31786	97325.3	0	0
neutron	939.565	3.00997	97325.3	0	0
Be8	7454.85	0.857952	97325.3	0	0
neutron	939.565	17.2327	97275.3	0	0
neutron	939.565	14.6456	97275.3	0	0
neutron	939.565	2.11597	97275.3	0	0
Be8	7454.85	2.21979	97275.3	0	0
neutron	939.565	5.77406	97251.3	0	0
neutron	939.565	0.861596	97251.3	0	0
neutron	939.565	0.837221	97251.3	0	0
Be8	7454.85	1.87559	97251.3	0	0
C12	11174.9	0.833403	99009.7	1177.78	1176.62
neutron	939.565	26.7795	97081.1	0	0
neutron	939.565	2.4762	97081.1	0	0
alpha	3727.38	1.6427	97081.1	0	0
alpha	3727.38	4.6997	97081.1	0	0
C12	11174.9	0.361016	98567.3	893.592	892.971
C12	11174.9	1.10023	97177.6	91.2779	89.6975
neutron	939.565	2.31994	97299.1	0	0
neutron	939.565	1.20731	97299.1	0	0
alpha	3727.38	6.3345	97299.1	0	0
alpha	3727.38	6.94971	97299.1	0	0
C12	11174.9	0.552125	99445.3	1428.81	1428.1
C13	12109.5	1.75176	97725.6	448.355	446.488
neutron	939.565	9.04914	97192.2	0	0
neutron	939.565	5.11738	97192.2	0	0
neutron	939.565	0.435798	97192.2	0	0
Be8	7454.85	1.39564	97192.2	0	0
neutron	939.565	39.0553	97230.7	0	0
neutron	939.565	4.18645	97230.7	0	0
neutron	939.565	1.01206	97230.7	0	0
alpha	3727.38	1.30004	97230.7	0	0
alpha	3727.38	5.55166	97230.7	0	0
neutron	939.565	2.15831	97120.8	0	0
neutron	939.565	0.83807	97120.8	0	0
Be8	7454.85	3.1764	97120.8	0	0
C12	11174.9	2.23481	98804.6	951.981	948.81
C12	11174.9	0.479478	98575	803.693	802.707
neutron	939.565	5.60355	97302.5	0	0
neutron	939.565	0.641343	97302.5	0	0
Be9	8392.75	5.2479	97302.5	0	0
C12	11174.9	0.800095	98380.5	778.341	775.8
neutron	939.565	0.178505	97431.9	0	0
B11	10252.5	0.458956	97431.9	0	0
C12	11174.9	0.77197	97831.6	485.649	484.452
C12	11174.9	0.356391	98380.5	620.567	619.837
C12	11174.9	0.343752	98649.6	873.265	872.768
neutron	939.565	3.45049	97100.4	0	0
neutron	939.565	0.456389	97100.4	0	0
alpha	3727.38	3.07615	97100.4	0	0
alpha	3727.38	7.58135	97100.4	0	0
neutron	939.565	21.2397	97247.6	0	0
neutron	939.565	1.75502	97247.6	0	0
neutron	939.565	0.425163	97247.6	0	0
Be8	7454.85	5.35244	97247.6	0	0
C12	11174.9	0.534531	99441.3	1450.17	1449.27
C12	11174.9	1.24333	97548.6	169.063	167.329
C12	11174.9	0.605893	97866.5	357.909	357.208
neutron	939.565	5.01251	97239.5	0	0
B11	10252.5	1.14813	97239.5	0	0
neutron	939.565	17.2282	97204.3	0	0
neutron	939.565	7.8886	97204.3	0	0
neutron	939.565	4.46224	97204.3	0	0
Be8	7454.85	3.08676	97204.3	0	0
neutron	939.565	0.590785	97357.3	0	0
B11	10252.5	0.48692	97357.3	0	0
C12	11174.9	0.439406	99023.1	1186.55	1184.99
neutron	939.565	3.68275	97272.8	0	0
Li7	6533.83	3.4346	97272.8	0	0
C12	11174.9	0.620304	98253.5	713.72	712.794
C12	11174.9	1.18245	99409.7	1432.19	1430.29
C12	11174.9	0.46224	98757.6	884.223	883.447
neutron	939.565	1.64817	97228.3	0	0
neutron	939.565	1.07859	97228.3	0	0
Be8	7454.85	1.09059	97228.3	0	0
C12	11174.9	6.41579	98298.3	702.356	695.709
neutron	939.565	8.04513	97370.1	0	0
neutron	939.565	3.14414	97370.1	0	0
B10	9324.44	0.849825	97370.1	0	0
C12	11174.9	0.374897	97566.1	175.401	174.19
C12	11174.9	0.777611	98983.4	1090.78	1089.1
neutron	939.565	3.61994	97207.5	0	0
B11	10252.5	0.819396	97207.5	0	0
neutron	939.565	1.36515	97287.8	0	0
B11	10252.5	0.264016	97287.8	0	0
neutron	939.565	0.267395	97078.5	0	0
alpha	3727.38	6.66274	97078.5	0	0
alpha	3727.38	1.62417	97078.5	0	0
neutron	939.565	7.44772	97190.7	0	0
neutron	939.565	0.768695	97190.7	0	0
Be8	7454.85	1.45933	97190.7	0	0
neutron	939.565	22.2421	97291.1	0	0
neutron	939.565	4.03388	97291.1	0	0
alpha	3727.38	8.17909	97291.1	0	0
alpha	3727.38	3.19382	97291.1	0	0
neutron	939.565	16.8617	97364.7	0	0
neutron	939.565	12.8656	97364.7	0	0
B10	9324.44	1.35581	97364.7	0	0
C12	11174.9	0.79906	99443.8	1435.5	1434.57
C12	11174.9	1.34137	99976.2	1779.46	1775.49
C12	11174.9	0.452874	99368.8	1387.19	1386.72
neutron	939.565	2.23618	97142.3	0	0
neutron	939.565	0.703998	97142.3	0	0
B11	10252.5	0.27264	97142.3	0	0
neutron	939.565	2.52988	97277	0	0
Be10	9325.5	0.128752	97277	0	0
neutron	939.565	6.36683	97343.4	0	0
B11	10252.5	1.23051	97343.4	0	0
neutron	939.565	0.0829076	97291.6	0	0
B11	10252.5	0.303808	97291.6	0	0
C12	11174.9	1.09431	99902.3	1730.54	1729.38
neutron	939.565	11.6815	97135.7	0	0
Be9	8392.75	1.59264	97135.7	0	0
neutron	939.565	5.5776	97183.9	0	0
neutron	939.565	1.49007	97183.9	0	0
B10	9324.44	1.44189	97183.9	0	0
neutron	939.565	8.90328	97239.6	0	0
neutron	939.565	1.42097	97239.6	0	0
B10	9324.44	0.599075	97239.6	0	0
neutron	939.565	6.35309	97316.6	0	0
neutron	939.565	6.20869	97316.6	0	0
Be8	7454.85	4.21941	97316.6	0	0
C12	11174.9	1.31468	98763.4	930.484	927.479
neutron	939.565	7.02694	97340.6	0	0
alpha	3727.38	3.41163	97340.6	0	0
alpha	3727.38	3.25624	97340.6	0	0
C12	11174.9	0.438415	98863.5	1067.07	1065.35
neutron	939.565	3.82069	97128.9	0	0
neutron	939.565	2.00951	97128.9	0	0
Li7	6533.83	3.77243	97128.9	0	0
neutron	939.565	9.61117	97194.8	0	0
neutron	939.565	9.01301	97194.8	0	0
neutron	939.565	0.900522	97194.8	0	0
Be8	7454.85	3.6656	97194.8	0	0
C12	11174.9	0.539205	99018.3	1091.79	1090.83
alpha	3727.38	2.47768	97160.7	0	0
Li8	7471.37	2.71818	97160.7	0	0
neutron	939.565	15.6967	97240.7	0	0
alpha	3727.38	5.3206	97240.7	0	0
alpha	3727.38	9.94099	97240.7	0	0
C12	11174.9	0.379136	99481.8	1440.07	1438.8
neutron	939.565	0.870968	97199.3	0	0
B11	10252.5	0.505912	97199.3	0	0
neutron	939.565	5.46976	97211.8	0	0
B11	10252.5	0.176474	97211.8	0	0
neutron	939.565	3.66178	97317.5	0	0
neutron	939.565	2.89685	97317.5	0	0
alpha	3727.38	0.534474	97317.5	0	0
alpha	3727.38	7.48208	97317.5	0	0
neutron	939.565	9.07245	97209.6	0	0
neutron	939.565	0.527915	97209.6	0	0
neutron	939.565	0.0618887	97209.6	0	0
alpha	3727.38	7.4589	97209.6	0	0
alpha	3727.38	0.0262022	97209.6	0	0
neutron	939.565	18.6843	97159.2	0	0
Be8	7454.85	2.86204	97159.2	0	0
neutron	939.565	2.56208	97174	0	0
alpha	3727.38	5.23074	97174	0	0
alpha	3727.38	0.961774	97174	0	0
neutron	939.565	19.3961	97109.1	0	0
neutron	939.565	3.32954	97109.1	0	0
Be9	8392.75	0.923941	97109.1	0	0
neutron	939.565	23.3036	97365.7	0	0
neutron	939.565	6.33359	97365.7	0	0
alpha	3727.38	5.59946	97365.7	0	0
alpha	3727.38	6.24553	97365.7	0	0
neutron	939.565	23.3256	97155.7	0	0
neutron	939.565	2.93461	97155.7	0	0
alpha	3727.38	7.26428	97155.7	0	0
alpha	3727.38	7.21988	97155.7	0	0
B12	11188.7	0.356438	97227.6	0	0
neutron	939.565	20.3463	97294.3	0	0
neutron	939.565	9.50698	97294.3	0	0
neutron	939.565	0.898935	97294.3	0	0
alpha	3727.38	1.96804	97294.3	0	0
alpha	3727.38	5.17358	97294.3	0	0
neutron	939.565	22.6342	97306.1	0	0
alpha	3727.38	12.2865	97306.1	0	0
alpha	3727.38	3.66723	97306.1	0	0
C12	11174.9	1.21317	97845.8	430.828	428.204
neutron	939.565	1.43858	97189.7	0	0
Be10	9325.5	0.282583	97189.7	0	0
C12	11174.9	0.397246	97460.7	231.636	230.931
neutron	939.565	0.838096	97303.8	0	0
B11	10252.5	0.529402	97303.8	0	0
C12	11174.9	0.343917	98289.4	740.284	739.242
neutron	939.565	3.45323	97143.2	0	0
Li9	8406.87	1.44791	97143.2	0	0
C12	11174.9	0.510841	99146.2	1193.01	1192.33
neutron	939.565	1.30944	97216.9	0	0
B11	10252.5	0.418074	97216.9	0	0
C12	11174.9	0.466889	99593.8	1517.71	1517.24
C12	11174.9	0.628407	98806.1	922.53	921.652
C12	11174.9	1.16723	99584.2	1527.44	1526.2
neutron	939.565	10.3825	97416.6	0	0
Be10	9325.5	0.771819	97416.6	0	0
neutron	939.565	7.20889	97360.6	0	0
neutron	939.565	1.7044	97360.6	0	0
B10	9324.44	0.466619	97360.6	0	0
C12	11174.9	0.346818	97272.8	122.153	121.73
neutron	939.565	12.1283	97213.6	0	0
neutron	939.565	1.06985	97213.6	0	0
neutron	939.565	0.675484	97213.6	0	0
Be8	7454.85	6.57186	97213.6	0	0
C12	11174.9	0.367472	97551.1	139.126	137.337
neutron	939.565	9.26105	97184.9	0	0
neutron	939.565	7.39674	97184.9	0	0
neutron	939.565	0.42347	97184.9	0	0
Be8	7454.85	0.931578	97184.9	0	0
neutron	939.565	8.11104	97222.5	0	0
neutron	939.565	5.74574	97222.5	0	0
Be8	7454.85	2.48375	97222.5	0	0
C12	11174.9	0.523211	97709.1	270.877	270.103
neutron	939.565	1.28928	97372.7	0	0
B11	10252.5	0.282923	97372.7	0	0
C12	11174.9	0.356411	97918.3	378.431	377.695
C12	11174.9	0.37595	98935.9	1078.76	1078.25
neutron	939.565	4.00016	97318.9	0	0
B11	10252.5	0.626533	97318.9	0	0
neutron	939.565	2.30351	97274.2	0	0
Be10	9325.5	0.218327	97274.2	0	0
C12	11174.9	0.433713	97123.6	54.8139	53.3013
C12	11174.9	0.516861	99404.3	1372.42	1371.75
neutron	939.565	1.17812	97278.4	0	0
neutron	939.565	0.968721	97278.4	0	0
B10	9324.44	0.761884	97278.4	0	0
neutron	939.565	5.92063	97194.7	0	0
neutron	939.565	5.5247	97194.7	0	0
neutron	939.565	1.652	97194.7	0	0
Be8	7454.85	11.1896	97194.7	0	0
neutron	939.565	1.64977	97153.9	0	0
alpha	3727.38	9.17985	97153.9	0	0
alpha	3727.38	4.73987	97153.9	0	0
C12	11174.9	0.364437	98934.8	1049.25	1048.4
neutron	939.565	1.31728	97193	0	0
B11	10252.5	0.624253	97193	0	0
C12	11174.9	1.31816	98482.3	849.388	847.908
neutron	939.565	13.3729	97403	0	0
neutron	939.565	2.77261	97403	0	0
Be9	8392.75	1.47356	97403	0	0
neutron	939.565	4.68153	97244.6	0	0
B11	10252.5	1.02294	97244.6	0	0
neutron	939.565	17.9229	97225.6	0	0
neutron	939.565	8.1031	97225.6	0	0
alpha	3727.38	5.47006	97225.6	0	0
alpha	3727.38	1.10264	97225.6	0	0
neutron	939.565	27.5614	97721.3	0	0
neutron	939.565	6.45365	97721.3	0	0
Be9	8392.75	0.356763	97721.3	0	0
neutron	939.565	148.226	99887.8	1717.98	1271.51
B11	10252.5	0.337336	99887.8	1717.98	1271.51
neutron	939.565	7.45844	97826.3	0	0
neutron	939.565	7.19195	97826.3	0	0
alpha	3727.38	5.43089	97826.3	0	0
alpha	3727.38	0.895147	97826.3	0	0
C12	11174.9	0.351903	99016.3	1037.07	1036.47
C12	11174.9	1.03111	98167.1	515.847	514.807
neutron	939.565	6.07893	97299.1	0	0
neutron	939.565	1.05127	97299.1	0	0
Be8	7454.85	1.02071	97299.1	0	0
neutron	939.565	6.2341	97112.7	0	0
B11	10252.5	0.478868	97112.7	0	0
neutron	939.565	7.80794	97430.2	0	0
neutron	939.565	7.73769	97430.2	0	0
Be8	7454.85	1.59149	97430.2	0	0
neutron	939.565	8.54668	97224.7	0	0
neutron	939.565	0.94415	97224.7	0	0
Be9	8392.75	0.0984001	97224.7	0	0
neutron	939.565	1.97643	97187.2	0	0
neutron	939.565	0.498682	97187.2	0	0
neutron	939.565	0.236672	97187.2	0	0
Be8	7454.85	3.15772	97187.2	0	0
C12	11174.9	0.437901	97222.7	73.8173	73.3338
C12	11174.9	1.37109	99587.7	1479.62	1477.79
neutron	939.565	14.5201	97252.1	0	0
Be10	9325.5	0.275619	97252.1	0	0
neutron	939.565	5.28529	97247.3	0	0
alpha	3727.38	3.04179	97247.3	0	0
alpha	3727.38	7.86592	97247.3	0	0
neutron	939.565	4.58337	97171.4	0	0
neutron	939.565	2.8291	97171.4	0	0
neutron	939.565	1.60889	97171.4	0	0
Be8	7454.85	4.56386	97171.4	0	0
B12	11188.7	0.351672	97190.7	0	0
neutron	939.565	6.66322	97298.9	0	0
neutron	939.565	0.815747	97298.9	0	0
alpha	3727.38	5.49987	97298.9	0	0
alpha	3727.38	1.88923	97298.9	0	0
C12	11174.9	0.547645	99812.7	1673.66	1672.44
C12	11174.9	0.394026	98242.6	695.282	694.06
C12	11174.9	0.439329	98414.4	793.901	793.404
neutron	939.565	20.1573	97216.5	0	0
neutron	939.565	0.559157	97216.5	0	0
Be8	7454.85	4.25175	97216.5	0	0
C12	11174.9	3.53742	98448.5	685.19	681.066
neutron	939.565	5.14995	97142.7	0	0
B11	10252.5	0.949036	97142.7	0	0
neutron	939.565	5.2143	97167.1	0	0
neutron	939.565	1.65673	97167.1	0	0
alpha	3727.38	1.34467	97167.1	0	0
alpha	3727.38	3.68131	97167.1	0	0
C12	11174.9	0.352006	98045.4	487.288	486.458
neutron	939.565	27.1357	97346.7	0	0
neutron	939.565	16.1157	97346.7	0	0
Be9	8392.75	4.54505	97346.7	0	0
neutron	939.565	19.9805	97178.8	0	0
neutron	939.565	6.38915	97178.8	0	0
neutron	939.565	1.73056	97178.8	0	0
Be8	7454.85	2.34031	97178.8	0	0
neutron	939.565	2.06616	97205	0	0
alpha	3727.38	3.27601	97205	0	0
alpha	3727.38	8.16245	97205	0	0
neutron	939.565	5.98412	97428.9	0	0
alpha	3727.38	4.93289	97428.9	0	0
Li7	6533.83	3.29985	97428.9	0	0
neutron	939.565	15.6619	97254.3	0	0
Be8	7454.85	4.15793	97254.3	0	0
neutron	939.565	10.4145	97220	0	0
neutron	939.565	1.28683	97220	0	0
B10	9324.44	1.8961	97220	0	0
neutron	939.565	11.9386	97149.2	0	0
neutron	939.565	5.59333	97149.2	0	0
neutron	939.565	2.08107	97149.2	0	0
alpha	3727.38	6.26485	97149.2	0	0
alpha	3727.38	2.90716	97149.2	0	0
neutron	939.565	1.73754	97230.3	0	0
neutron	939.565	1.69432	97230.3	0	0
alpha	3727.38	1.23659	97230.3	0	0
alpha	3727.38	5.1501	97230.3	0	0
neutron	939.565	1.76513	97192.4	0	0
neutron	939.565	0.793623	97192.4	0	0
alpha	3727.38	8.20278	97192.4	0	0
alpha	3727.38	8.62604	97192.4	0	0
neutron	939.565	4.46083	97131.1	0	0
neutron	939.565	1.68106	97131.1	0	0
Be8	7454.85	1.6914	97131.1	0	0
neutron	939.565	9.81552	97160	0	0
Be10	9325.5	0.303375	97160	0	0
C12	11174.9	0.494494	98811.1	1067.14	1066.51
neutron	939.565	22.3569	97192.7	0	0
neutron	939.565	11.4881	97192.7	0	0
neutron	939.565	0.254734	97192.7	0	0
Be8	7454.85	5.90772	97192.7	0	0
C12	11174.9	0.344742	97320.5	160.695	160.1
C12	11174.9	0.711695	99035	1180.47	1179.66
neutron	939.565	9.00917	97242.9	0	0
neutron	939.565	3.81968	97242.9	0	0
neutron	939.565	3.08626	97242.9	0	0
Be8	7454.85	4.06792	97242.9	0	0
C12	11174.9	0.341952	99900.6	1731.78	1730.64
C12	11174.9	0.722779	98696.9	831.177	830.248
C12	11174.9	0.806065	98399.3	783.106	782.25
neutron	939.565	5.33755	98219.8	649.105	432.788
B11	10252.5	5.35649	98219.8	649.105	432.788
C12	11174.9	0.660605	99916.4	1728.27	1727.55
C12	11174.9	0.857117	99496.2	1493.99	1492.49
neutron	939.565	6.3057	97192.3	0	0
B11	10252.5	0.899933	97192.3	0	0
neutron	939.565	5.2293	97283.3	0	0
neutron	939.565	1.07233	97283.3	0	0
alpha	3727.38	2.51516	97283.3	0	0
Li6	5601.52	2.24262	97283.3	0	0
neutron	939.565	13.4755	97213.4	0	0
neutron	939.565	5.79415	97213.4	0	0
neutron	939.565	0.193508	97213.4	0	0
Be8	7454.85	2.7998	97213.4	0	0
neutron	939.565	1.94488	97010.4	0	0
alpha	3727.38	7.63894	97010.4	0	0
alpha	3727.38	3.81822	97010.4	0	0
neutron	939.565	4.30256	97266.3	0	0
B11	10252.5	1.31927	97266.3	0	0
C12	11174.9	0.542714	99575.9	1544.69	1543.66
neutron	939.565	26.5821	97145.8	0	0
neutron	939.565	5.91521	97145.8	0	0
neutron	939.565	1.34977	97145.8	0	0
alpha	3727.38	4.1522	97145.8	0	0
alpha	3727.38	2.7585	97145.8	0	0
neutron	939.565	1.44182	97131.8	0	0
B11	10252.5	0.191774	97131.8	0	0
neutron	939.565	1.34564	97145.5	0	0
B11	10252.5	0.172463	97145.5	0	0
C12	11174.9	0.37681	99173.3	1192.84	1192.14
neutron	939.565	0.405392	97382.1	0	0
Be8	7454.85	1.41465	97382.1	0	0
neutron	939.565	13.9885	97152.8	0	0
alpha	3727.38	9.00024	97152.8	0	0
alpha	3727.38	2.47844	97152.8	0	0
C12	11174.9	0.803924	98441.3	822.607	821.797
neutron	939.565	10.0048	97216.4	0	0
neutron	939.565	8.06483	97216.4	0	0
alpha	3727.38	7.69045	97216.4	0	0
alpha	3727.38	0.13447	97216.4	0	0
neutron	939.565	7.20642	97137.7	0	0
neutron	939.565	4.30403	97137.7	0	0
B10	9324.44	0.296277	97137.7	0	0
neutron	939.565	1.9513	97314.4	0	0
neutron	939.565	1.73391	97314.4	0	0
Li8	7471.37	0.946286	97314.4	0	0
neutron	939.565	11.136	97326.9	0	0
alpha	3727.38	2.53418	97326.9	0	0
alpha	3727.38	7.08548	97326.9	0	0
neutron	939.565	12.3135	97157.5	0	0
alpha	3727.38	4.30584	97157.5	0	0
Li7	6533.83	5.21637	97157.5	0	0
B13	12123.4	0.334065	97216.8	0	0
C12	11174.9	0.615757	98428.9	766.587	765.934
C12	11174.9	1.07081	99566.9	1533.45	1531.79
neutron	939.565	14.0442	97424.4	0	0
neutron	939.565	2.98708	97424.4	0	0
neutron	939.565	0.433518	97424.4	0	0
Be8	7454.85	4.85079	97424.4	0	0
neutron	939.565	1.99755	97360	0	0
alpha	3727.38	4.4617	97360	0	0
He6	5605.53	0.734752	97360	0	0
neutron	939.565	14.1814	97299.3	0	0
neutron	939.565	1.78278	97299.3	0	0
neutron	939.565	0.507177	97299.3	0	0
Be8	7454.85	7.65102	97299.3	0	0
neutron	939.565	9.498	97276.5	0	0
B11	10252.5	0.761854	97276.5	0	0
neutron	939.565	12.0642	97094.4	0	0
neutron	939.565	5.59754	97094.4	0	0
neutron	939.565	1.94199	97094.4	0	0
Be8	7454.85	3.05893	97094.4	0	0
neutron	939.565	4.66475	97152.9	0	0
B11	10252.5	1.02347	97152.9	0	0
neutron	939.565	8.71394	97391.6	0	0
neutron	939.565	0.782835	97391.6	0	0
alpha	3727.38	3.14883	97391.6	0	0
neutron	939.565	3.37621	97399.3	0	0
neutron	939.565	0.878458	97399.3	0	0
Be8	7454.85	5.13072	97399.3	0	0
neutron	939.565	6.61254	97115.4	0	0
neutron	939.565	5.34081	97115.4	0	0
neutron	939.565	4.63066	97115.4	0	0
Be8	7454.85	0.732063	97115.4	0	0
C12	11174.9	0.934404	99355.9	1359.2	1357.94
C12	11174.9	0.520889	97913.9	449.819	448.846
C12	11174.9	0.410917	99252	1323.76	1323.25
neutron	939.565	5.91877	97402.1	0	0
neutron	939.565	0.892653	97402.1	0	0
B10	9324.44	0.267575	97402.1	0	0
C12	11174.9	0.85123	97872.6	399.736	398.806
C12	11174.9	0.701284	98611.6	931.017	929.927
C12	11174.9	0.653049	99014.1	1161.97	1160.62
neutron	939.565	5.65983	97245.3	0	0
Li6	5601.52	2.34348	97245.3	0	0
C12	11174.9	0.420024	99834.7	1643.36	1641.96
neutron	939.565	1.45797	97338.2	0	0
B11	10252.5	0.588147	97338.2	0	0
neutron	939.565	2.32164	97275.9	0	0
B11	10252.5	0.165788	97275.9	0	0
neutron	939.565	28.5108	97319.3	0	0
neutron	939.565	21.0266	97319.3	0	0
Be9	8392.75	3.12031	97319.3	0	0
neutron	939.565	12.7787	97149.9	0	0
neutron	939.565	7.47174	97149.9	0	0
Be9	8392.75	1.98919	97149.9	0	0
neutron	939.565	17.2115	97194.9	0	0
alpha	3727.38	9.39835	97194.9	0	0
Li7	6533.83	7.93517	97194.9	0	0
C12	11174.9	0.640156	99732.5	1625.82	1623.74
neutron	939.565	8.16169	97286.9	0	0
alpha	3727.38	8.42363	97286.9	0	0
Li7	6533.83	3.36778	97286.9	0	0
neutron	939.565	14.2946	97304.8	0	0
neutron	939.565	3.83592	97304.8	0	0
neutron	939.565	2.73421	97304.8	0	0
alpha	3727.38	5.41381	97304.8	0	0
alpha	3727.38	3.95136	97304.8	0	0
neutron	939.565	22.8875	97309.2	0	0
alpha	3727.38	7.21348	97309.2	0	0
alpha	3727.38	4.58581	97309.2	0	0
neutron	939.565	38.4361	97114.6	0	0
B11	10252.5	3.58039	97114.6	0	0
neutron	939.565	0.933108	97126.2	0	0
Be10	9325.5	0.291998	97126.2	0	0
C12	11174.9	0.335445	99470.1	1351.69	1351
C12	11174.9	0.368457	99073	1147.57	1147.08
neutron	939.565	3.19085	97263.2	0	0
B11	10252.5	0.604901	97263.2	0	0
neutron	939.565	19.4953	97281.3	0	0
neutron	939.565	10.4087	97281.3	0	0
alpha	3727.38	7.1838	97281.3	0	0
alpha	3727.38	5.90745	97281.3	0	0
C12	11174.9	1.71406	97480.4	169.012	166.94
neutron	939.565	8.99542	97364	0	0
neutron	939.565	6.73134	97364	0	0
alpha	3727.38	11.4781	97364	0	0
alpha	3727.38	0.590236	97364	0	0
neutron	939.565	4.37873	97338.4	0	0
alpha	3727.38	5.76411	97338.4	0	0
Li7	6533.83	6.63417	97338.4	0	0
neutron	939.565	10.2371	97202	0	0
Be10	9325.5	2.61603	97202	0	0
neutron	939.565	3.24006	97211.3	0	0
neutron	939.565	1.10776	97211.3	0	0
Be9	8392.75	0.21569	97211.3	0	0
C12	11174.9	0.380601	98302.8	747.58	745.634
neutron	939.565	6.80269	97142.9	0	0
neutron	939.565	3.14106	97142.9	0	0
B10	9324.44	0.0622457	97142.9	0	0
neutron	939.565	1.93331	97210.2	0	0
B11	10252.5	0.154706	97210.2	0	0
neutron	939.565	17.1852	97293.3	0	0
neutron	939.565	9.01519	97293.3	0	0
Be9	8392.75	2.39585	97293.3	0	0
neutron	939.565	26.6545	97248.4	0	0
neutron	939.565	1.21554	97248.4	0	0
neutron	939.565	0.222732	97248.4	0	0
Be8	7454.85	2.77207	97248.4	0	0
neutron	939.565	5.0265	97277.1	0	0
B11	10252.5	0.925267	97277.1	0	0
neutron	939.565	3.21441	97258	0	0
B11	10252.5	0.617208	97258	0	0
neutron	939.565	13.4486	97118.2	0	0
neutron	939.565	9.50469	97118.2	0	0
neutron	939.565	4.23629	97118.2	0	0
alpha	3727.38	1.538	97118.2	0	0
alpha	3727.38	7.92179	97118.2	0	0
neutron	939.565	7.7301	97183.2	0	0
neutron	939.565	2.33693	97183.2	0	0
alpha	3727.38	9.53642	97183.2	0	0
alpha	3727.38	10.5341	97183.2	0	0
C12	11174.9	0.650356	97884.5	345.274	344.443
neutron	939.565	7.07857	97232	0	0
B11	10252.5	0.325371	97232	0	0
C12	11174.9	0.419947	99915.5	1698.9	1697.96
neutron	939.565	3.02112	97419.5	0	0
B11	10252.5	0.0931064	97419.5	0	0
neutron	939.565	4.59305	97136.8	0	0
neutron	939.565	3.59012	97136.8	0	0
B10	9324.44	1.02491	97136.8	0	0
neutron	939.565	29.3776	97057.4	0	0
alpha	3727.38	6.55527	97057.4	0	0
alpha	3727.38	8.07488	97057.4	0	0
neutron	939.565	25.1787	97285.1	0	0
neutron	939.565	19.8295	97285.1	0	0
alpha	3727.38	1.25774	97285.1	0	0
Li6	5601.52	9.727	97285.1	0	0
neutron	939.565	26.0743	97373.1	0	0
neutron	939.565	1.25149	97373.1	0	0
neutron	939.565	1.1	97373.1	0	0
Be8	7454.85	5.18715	97373.1	0	0
C12	11174.9	0.568816	97944.6	518.044	517.452
neutron	939.565	10.5316	97255.6	0	0
Be10	9325.5	2.19424	97255.6	0	0
C12	11174.9	0.982448	99828.4	1696.19	1693.99
neutron	939.565	5.5632	97304.6	0	0
neutron	939.565	0.996066	97304.6	0	0
Be9	8392.75	1.94302	97304.6	0	0
neutron	939.565	29.3412	97367.6	0	0
neutron	939.565	0.191104	97367.6	0	0
alpha	3727.38	5.49051	97367.6	0	0
alpha	3727.38	6.13441	97367.6	0	0
C12	11174.9	0.439487	98893.4	1046.53	1045.89
neutron	939.565	37.3466	97251.3	0	0
neutron	939.565	13.1496	97251.3	0	0
neutron	939.565	2.17224	97251.3	0	0
Be8	7454.85	1.08704	97251.3	0	0
C12	11174.9	0.925228	98400.1	738.061	736.979
C12	11174.9	1.25009	97516	245.871	244.506
C12	11174.9	0.477161	99811.3	1684.18	1683.68
neutron	939.565	16.4535	97241.3	0	0
neutron	939.565	3.16581	97241.3	0	0
alpha	3727.38	7.14665	97241.3	0	0
alpha	3727.38	4.58418	97241.3	0	0
C12	11174.9	0.391469	98141.8	620.8	620.409
C12	11174.9	0.491468	98088.9	395.83	395.229
C12	11174.9	0.460087	99555.4	1528.75	1528.09
neutron	939.565	9.40744	97265.2	0	0
neutron	939.565	1.38659	97265.2	0	0
Be8	7454.85	2.04008	97265.2	0	0
C12	11174.9	0.485486	98662.9	967.136	966.231
neutron	939.565	7.2489	97354.1	0	0
neutron	939.565	4.35651	97354.1	0	0
neutron	939.565	1.62631	97354.1	0	0
Be8	7454.85	0.788166	97354.1	0	0
neutron	939.565	0.700216	97417.9	0	0
B11	10252.5	0.189513	97417.9	0	0
neutron	939.565	3.15175	97183.4	0	0
B11	10252.5	0.359139	97183.4	0	0
neutron	939.565	7.01553	97201.4	0	0
neutron	939.565	4.92612	97201.4	0	0
neutron	939.565	3.29775	97201.4	0	0
alpha	3727.38	2.26079	97201.4	0	0
alpha	3727.38	3.3132	97201.4	0	0
neutron	939.565	4.41444	97248.4	0	0
neutron	939.565	4.20637	97248.4	0	0
Be8	7454.85	1.7465	97248.4	0	0
neutron	939.565	9.44497	97285.4	0	0
neutron	939.565	6.21169	97285.4	0	0
neutron	939.565	3.37086	97285.4	0	0
alpha	3727.38	10.1274	97285.4	0	0
alpha	3727.38	1.83789	97285.4	0	0
neutron	939.565	0.569431	97132.6	0	0
B11	10252.5	0.381487	97132.6	0	0
neutron	939.565	6.12487	97305.5	0	0
neutron	939.565	2.64572	97305.5	0	0
B10	9324.44	0.806048	97305.5	0	0
neutron	939.565	2.13634	97246.1	0	0
B11	10252.5	0.220948	97246.1	0	0
C12	11174.9	0.706224	98753.4	1011.03	1009.53
neutron	939.565	6.27917	97254.6	0	0
alpha	3727.38	19.9431	97254.6	0	0
alpha	3727.38	4.35536	97254.6	0	0
C12	11174.9	0.663195	99146.2	1235.83	1235.13
neutron	939.565	1.67756	97106	0	0
B11	10252.5	0.447822	97106	0	0
C12	11174.9	0.340494	99870.1	1710.79	1710.17
C12	11174.9	0.491076	98849.9	1066.63	1065.68
neutron	939.565	2.74718	97236.6	0	0
alpha	3727.38	4.91525	97236.6	0	0
Li7	6533.83	2.31461	97236.6	0	0
neutron	939.565	6.26974	97290.6	0	0
B11	10252.5	0.297141	97290.6	0	0
C12	11174.9	1.51102	99746.6	1630.95	1629.23
neutron	939.565	36.7575	97249.4	0	0
neutron	939.565	17.6409	97249.4	0	0
neutron	939.565	2.44283	97249.4	0	0
B9	8393.31	1.20846	97249.4	0	0
B12	11188.7	0.36451	97123.1	0	0
neutron	939.565	0.918244	97339.5	0	0
B11	10252.5	0.196793	97339.5	0	0
C12	11174.9	0.419025	99290.2	1331.47	1330.96
C12	11174.9	0.626908	99529.7	1470.3	1469.18
B12	11188.7	0.343284	97200.8	0	0
neutron	939.565	13.782	97331.1	0	0
neutron	939.565	5.84476	97331.1	0	0
alpha	3727.38	11.8247	97331.1	0	0
alpha	3727.38	9.03786	97331.1	0	0
C12	11174.9	0.345583	98938.8	1129.35	1128.94
neutron	939.565	27.5813	97189.5	0	0
neutron	939.565	0.538832	97189.5	0	0
Be9	8392.75	2.71655	97189.5	0	0
neutron	939.565	3.1526	97111.6	0	0
B11	10252.5	0.246304	97111.6	0	0
neutron	939.565	4.61552	97197.5	0	0
neutron	939.565	2.84521	97197.5	0	0
B10	9324.44	0.353569	97197.5	0	0
C12	11174.9	0.402375	99333.9	1348.67	1348.12
neutron	939.565	1.6761	97193	0	0
alpha	3727.38	2.37028	97193	0	0
He6	5605.53	3.95361	97193	0	0
C12	11174.9	0.574512	97934.3	467.207	465.729
neutron	939.565	27.2137	97182.2	0	0
alpha	3727.38	3.9851	97182.2	0	0
alpha	3727.38	4.90353	97182.2	0	0
