neutron	939.565	3.68149	99974.1	0	0
alpha	3727.38	1.32016	99974.1	0	0
alpha	3727.38	5.22367	99974.1	0	0
neutron	939.565	3.12969	99973.4	0	0
alpha	3727.38	7.52847	99973.4	0	0
alpha	3727.38	1.5175	99973.4	0	0
neutron	939.565	2.28667	99973.7	0	0
neutron	939.565	1.58789	99973.7	0	0
B10	9324.44	0.867697	99973.7	0	0
neutron	939.565	5.92808	99972.5	0	0
B11	10252.5	0.893184	99972.5	0	0
neutron	939.565	19.9187	99972.6	0	0
alpha	3727.38	15.1011	99972.6	0	0
alpha	3727.38	12.2074	99972.6	0	0
B12	11188.7	0.355584	99972.2	0	0
neutron	939.565	8.5881	99974.7	0	0
neutron	939.565	3.83124	99974.7	0	0
B10	9324.44	2.96147	99974.7	0	0
neutron	939.565	3.12939	99972.7	0	0
B11	10252.5	0.432921	99972.7	0	0
neutron	939.565	10.7537	99974.4	0	0
neutron	939.565	8.82018	99974.4	0	0
neutron	939.565	6.98377	99974.4	0	0
alpha	3727.38	8.63957	99974.4	0	0
alpha	3727.38	3.29538	99974.4	0	0
neutron	939.565	6.0904	99972.5	0	0
neutron	939.565	1.44609	99972.5	0	0
neutron	939.565	0.593475	99972.5	0	0
Be8	7454.85	1.48114	99972.5	0	0
neutron	939.565	10.8296	99973.3	0	0
neutron	939.565	0.511306	99973.3	0	0
Be8	7454.85	3.3488	99973.3	0	0
neutron	939.565	17.3847	99973.2	0	0
Be10	9325.5	3.86489	99973.2	0	0
neutron	939.565	13.137	99974.2	0	0
alpha	3727.38	4.37334	99974.2	0	0
Li7	6533.83	1.30934	99974.2	0	0
neutron	939.565	25.5718	99973	0	0
neutron	939.565	0.381464	99973	0	0
Be8	7454.85	4.85546	99973	0	0
neutron	939.565	4.81638	99972.8	0	0
neutron	939.565	1.78626	99972.8	0	0
Be9	8392.75	1.67073	99972.8	0	0
neutron	939.565	4.55689	99973.9	0	0
Be8	7454.85	2.45897	99973.9	0	0
neutron	939.565	7.97048	99971.7	0	0
neutron	939.565	1.0106	99971.7	0	0
B10	9324.44	0.601731	99971.7	0	0
neutron	939.565	4.46962	99973	0	0
neutron	939.565	0.415088	99973	0	0
Be9	8392.75	1.69727	99973	0	0
neutron	939.565	7.63879	99972.5	0	0
Be10	9325.5	0.870749	99972.5	0	0
neutron	939.565	2.53163	99973.3	0	0
neutron	939.565	0.543925	99973.3	0	0
B10	9324.44	0.863975	99973.3	0	0
neutron	939.565	3.08533	99972	0	0
alpha	3727.38	3.69535	99972	0	0
Li7	6533.83	1.75276	99972	0	0
neutron	939.565	3.9671	99972.3	0	0
neutron	939.565	2.6825	99972.3	0	0
Be9	8392.75	3.52486	99972.3	0	0
neutron	939.565	4.82389	99974.3	0	0
Be8	7454.85	2.39832	99974.3	0	0
neutron	939.565	12.8402	99974.8	0	0
neutron	939.565	1.56826	99974.8	0	0
B10	9324.44	1.32259	99974.8	0	0
neutron	939.565	7.57316	99971.8	0	0
neutron	939.565	3.5625	99971.8	0	0
neutron	939.565	0.624941	99971.8	0	0
Be8	7454.85	1.50247	99971.8	0	0
neutron	939.565	17.099	99972.8	0	0
B11	10252.5	1.04724	99972.8	0	0
neutron	939.565	3.52694	99973.1	0	0
neutron	939.565	1.10758	99973.1	0	0
alpha	3727.38	2.56804	99973.1	0	0
alpha	3727.38	3.80781	99973.1	0	0
neutron	939.565	1.57361	99973.3	0	0
neutron	939.565	0.598134	99973.3	0	0
neutron	939.565	0.266607	99973.3	0	0
Be8	7454.85	0.892062	99973.3	0	0
neutron	939.565	2.78002	99973.1	0	0
neutron	939.565	0.537803	99973.1	0	0
Be9	8392.75	0.263476	99973.1	0	0
neutron	939.565	33.3548	99972.5	0	0
neutron	939.565	7.89233	99972.5	0	0
neutron	939.565	0.960063	99972.5	0	0
Be8	7454.85	3.4542	99972.5	0	0
neutron	939.565	15.0561	99972.1	0	0
Be9	8392.75	2.35839	99972.1	0	0
neutron	939.565	16.4846	99974.4	0	0
Be8	7454.85	1.27612	99974.4	0	0
neutron	939.565	6.38161	99972.8	0	0
Be8	7454.85	1.81937	99972.8	0	0
neutron	939.565	7.66758	99973.2	0	0
neutron	939.565	2.23057	99973.2	0	0
He3	2808.39	9.75084	99973.2	0	0
alpha	3727.38	3.59332	99973.2	0	0
neutron	939.565	0.0705213	99974.1	0	0
B12	11188.7	0.258896	99974.1	0	0
neutron	939.565	2.81713	99972.7	0	0
Be10	9325.5	0.475887	99972.7	0	0
neutron	939.565	3.10984	99972.1	0	0
B11	10252.5	0.538258	99972.1	0	0
B12	11188.7	0.368863	99971.6	0	0
neutron	939.565	6.58186	99972.5	0	0
B11	10252.5	0.43658	99972.5	0	0
neutron	939.565	10.0784	99974	0	0
Be10	9325.5	0.569273	99974	0	0
neutron	939.565	1.39783	99972.6	0	0
neutron	939.565	0.853489	99972.6	0	0
B10	9324.44	0.286278	99972.6	0	0
neutron	939.565	4.61189	99972	0	0
neutron	939.565	0.25388	99972	0	0
B10	9324.44	0.684378	99972	0	0
neutron	939.565	6.31992	99973	0	0
neutron	939.565	4.35335	99973	0	0
neutron	939.565	3.31677	99973	0	0
Be8	7454.85	3.49219	99973	0	0
neutron	939.565	1.07076	99973.8	0	0
alpha	3727.38	2.92582	99973.8	0	0
Li7	6533.83	1.49195	99973.8	0	0
neutron	939.565	1.61706	99973.3	0	0
Be10	9325.5	0.329654	99973.3	0	0
neutron	939.565	1.34603	99973.5	0	0
B11	10252.5	0.476347	99973.5	0	0
neutron	939.565	4.26832	99973	0	0
neutron	939.565	0.623245	99973	0	0
Be8	7454.85	0.441775	99973	0	0
neutron	939.565	4.16644	99973.5	0	0
neutron	939.565	3.084	99973.5	0	0
Be8	7454.85	4.35711	99973.5	0	0
neutron	939.565	7.80339	99972.4	0	0
neutron	939.565	3.68315	99972.4	0	0
neutron	939.565	2.26651	99972.4	0	0
alpha	3727.38	2.92244	99972.4	0	0
alpha	3727.38	4.41941	99972.4	0	0
neutron	939.565	4.816	99971.7	0	0
B11	10252.5	0.718767	99971.7	0	0
neutron	939.565	21.0322	99972.9	0	0
neutron	939.565	9.44387	99972.9	0	0
neutron	939.565	4.15085	99972.9	0	0
Be8	7454.85	1.20199	99972.9	0	0
neutron	939.565	2.55495	99972.9	0	0
B11	10252.5	0.582229	99972.9	0	0
neutron	939.565	30.7284	99972.6	0	0
neutron	939.565	21.184	99972.6	0	0
Be8	7454.85	9.87475	99972.6	0	0
neutron	939.565	2.92228	99972.7	0	0
B11	10252.5	0.0566408	99972.7	0	0
neutron	939.565	7.62939	99973.5	0	0
neutron	939.565	5.22358	99973.5	0	0
neutron	939.565	0.0309636	99973.5	0	0
Be8	7454.85	0.511479	99973.5	0	0
neutron	939.565	0.300137	99972.7	0	0
Be9	8392.75	0.764656	99972.7	0	0
neutron	939.565	5.60596	99974.1	0	0
B11	10252.5	0.811468	99974.1	0	0
neutron	939.565	17.8822	99972.2	0	0
neutron	939.565	4.19949	99972.2	0	0
neutron	939.565	2.22456	99972.2	0	0
alpha	3727.38	2.80912	99972.2	0	0
alpha	3727.38	3.87108	99972.2	0	0
neutron	939.565	4.67499	99971.8	0	0
Be9	8392.75	2.69426	99971.8	0	0
neutron	939.565	8.23955	99973.9	0	0
neutron	939.565	7.65856	99973.9	0	0
alpha	3727.38	1.41928	99973.9	0	0
alpha	3727.38	5.53569	99973.9	0	0
neutron	939.565	12.1726	99973.7	0	0
alpha	3727.38	8.77133	99973.7	0	0
alpha	3727.38	2.42518	99973.7	0	0
neutron	939.565	4.82453	99973.2	0	0
neutron	939.565	1.70705	99973.2	0	0
alpha	3727.38	1.70984	99973.2	0	0
alpha	3727.38	5.27026	99973.2	0	0
neutron	939.565	1.86445	99972.4	0	0
B11	10252.5	0.429399	99972.4	0	0
neutron	939.565	14.6808	99973.1	0	0
alpha	3727.38	1.41192	99973.1	0	0
alpha	3727.38	7.10822	99973.1	0	0
B12	11188.7	0.35241	99971.5	0	0
alpha	3727.38	9.31972	99974.2	0	0
He6	5605.53	0.352269	99974.2	0	0
neutron	939.565	7.41081	99972.7	0	0
neutron	939.565	5.51372	99972.7	0	0
B10	9324.44	0.743351	99972.7	0	0
neutron	939.565	6.01941	99973.6	0	0
neutron	939.565	5.27491	99973.6	0	0
B10	9324.44	0.41666	99973.6	0	0
neutron	939.565	13.3585	99972.4	0	0
neutron	939.565	12.5703	99972.4	0	0
B10	9324.44	4.0924	99972.4	0	0
neutron	939.565	0.356133	99974.9	0	0
B11	10252.5	0.254771	99974.9	0	0
neutron	939.565	4.30528	99974.1	0	0
B11	10252.5	0.616777	99974.1	0	0
neutron	939.565	19.0906	99972.9	0	0
Be10	9325.5	1.50517	99972.9	0	0
neutron	939.565	2.61488	99972.3	0	0
B11	10252.5	0.403374	99972.3	0	0
neutron	939.565	9.54804	99973	0	0
Be10	9325.5	2.09247	99973	0	0
neutron	939.565	10.2285	99973.3	0	0
neutron	939.565	2.31749	99973.3	0	0
neutron	939.565	0.808666	99973.3	0	0
Be8	7454.85	5.49806	99973.3	0	0
neutron	939.565	15.4497	99971.5	0	0
alpha	3727.38	4.95288	99971.5	0	0
alpha	3727.38	1.93757	99971.5	0	0
C12	11174.9	0.479098	99992.6	34.2449	33.7471
neutron	939.565	38.9729	99972.5	0	0
neutron	939.565	2.18118	99972.5	0	0
neutron	939.565	0.692118	99972.5	0	0
alpha	3727.38	1.05852	99972.5	0	0
alpha	3727.38	7.68049	99972.5	0	0
neutron	939.565	14.5394	99972.3	0	0
B11	10252.5	1.71617	99972.3	0	0
neutron	939.565	2.09301	99974.7	0	0
Be9	8392.75	1.59754	99974.7	0	0
neutron	939.565	0.395549	99973.2	0	0
B11	10252.5	0.413395	99973.2	0	0
neutron	939.565	13.3166	99973.2	0	0
neutron	939.565	4.66179	99973.2	0	0
neutron	939.565	1.4343	99973.2	0	0
Be8	7454.85	0.417114	99973.2	0	0
neutron	939.565	1.95801	99972.4	0	0
B11	10252.5	0.319853	99972.4	0	0
neutron	939.565	41.1416	99975.2	0	0
neutron	939.565	1.24994	99975.2	0	0
neutron	939.565	1.14729	99975.2	0	0
Be8	7454.85	2.88523	99975.2	0	0
neutron	939.565	7.36456	99972.3	0	0
neutron	939.565	5.28249	99972.3	0	0
neutron	939.565	1.34806	99972.3	0	0
alpha	3727.38	4.69781	99972.3	0	0
alpha	3727.38	0.932243	99972.3	0	0
neutron	939.565	1.71839	99973.3	0	0
B11	10252.5	0.368163	99973.3	0	0
neutron	939.565	10.5687	99972.5	0	0
neutron	939.565	6.20734	99972.5	0	0
neutron	939.565	2.75503	99972.5	0	0
alpha	3727.38	3.45856	99972.5	0	0
alpha	3727.38	2.45009	99972.5	0	0
neutron	939.565	2.45135	99973.2	0	0
Be10	9325.5	0.855982	99973.2	0	0
neutron	939.565	6.65755	99972.5	0	0
B11	10252.5	1.46865	99972.5	0	0
neutron	939.565	5.0521	99972	0	0
neutron	939.565	1.2751	99972	0	0
B10	9324.44	0.453152	99972	0	0
neutron	939.565	12.6764	99972.3	0	0
neutron	939.565	2.94598	99972.3	0	0
alpha	3727.38	5.08052	99972.3	0	0
alpha	3727.38	1.36599	99972.3	0	0
neutron	939.565	0.155891	99971.6	0	0
Be9	8392.75	0.371329	99971.6	0	0
neutron	939.565	1.17343	99972.8	0	0
neutron	939.565	0.223615	99972.8	0	0
Be8	7454.85	2.36572	99972.8	0	0
neutron	939.565	9.84099	99975.8	0	0
neutron	939.565	6.62698	99975.8	0	0
Be8	7454.85	0.246679	99975.8	0	0
neutron	939.565	10.0644	99973.6	0	0
neutron	939.565	0.0906563	99973.6	0	0
B10	9324.44	0.639001	99973.6	0	0
neutron	939.565	5.16112	99972.4	0	0
neutron	939.565	3.29293	99972.4	0	0
neutron	939.565	0.630406	99972.4	0	0
Be8	7454.85	0.738566	99972.4	0	0
neutron	939.565	19.9331	99973	0	0
neutron	939.565	7.45611	99973	0	0
neutron	939.565	5.89111	99973	0	0
alpha	3727.38	11.2476	99973	0	0
alpha	3727.38	3.59933	99973	0	0
neutron	939.565	6.96385	99972.5	0	0
neutron	939.565	6.93284	99972.5	0	0
Be8	7454.85	3.11842	99972.5	0	0
neutron	939.565	1.37343	99973.3	0	0
Be10	9325.5	1.01084	99973.3	0	0
B12	11188.7	0.360523	99974	0	0
neutron	939.565	7.22888	99972.3	0	0
neutron	939.565	1.64173	99972.3	0	0
Be8	7454.85	1.48487	99972.3	0	0
neutron	939.565	1.29081	99974.1	0	0
B11	10252.5	0.0921417	99974.1	0	0
neutron	939.565	9.59521	99974.7	0	0
Be8	7454.85	0.0172995	99974.7	0	0
neutron	939.565	17.9603	99974.1	0	0
neutron	939.565	1.28503	99974.1	0	0
alpha	3727.38	2.43107	99974.1	0	0
alpha	3727.38	6.53796	99974.1	0	0
neutron	939.565	17.9337	99972	0	0
neutron	939.565	2.7794	99972	0	0
neutron	939.565	2.6384	99972	0	0
Be8	7454.85	1.28082	99972	0	0
neutron	939.565	8.67152	99972.3	0	0
neutron	939.565	2.32144	99972.3	0	0
Be8	7454.85	2.79724	99972.3	0	0
neutron	939.565	2.62558	99971.2	0	0
B11	10252.5	0.356138	99971.2	0	0
neutron	939.565	0.877984	99972.6	0	0
Be10	9325.5	2.97291	99972.6	0	0
neutron	939.565	2.80472	99972.6	0	0
neutron	939.565	0.428374	99972.6	0	0
B10	9324.44	0.331128	99972.6	0	0
neutron	939.565	3.81983	99973.8	0	0
Be8	7454.85	1.588	99973.8	0	0
neutron	939.565	22.2867	99975.4	0	0
alpha	3727.38	8.3995	99975.4	0	0
alpha	3727.38	0.451409	99975.4	0	0
neutron	939.565	4.79649	99972.4	0	0
Be8	7454.85	2.60051	99972.4	0	0
neutron	939.565	24.3915	99971.3	0	0
neutron	939.565	7.40312	99971.3	0	0
alpha	3727.38	6.65016	99971.3	0	0
alpha	3727.38	3.34385	99971.3	0	0
neutron	939.565	0.197661	99972.7	0	0
B11	10252.5	0.518448	99972.7	0	0
neutron	939.565	10.3047	99971.8	0	0
neutron	939.565	0.772979	99971.8	0	0
B10	9324.44	0.884083	99971.8	0	0
neutron	939.565	21.3928	99973	0	0
alpha	3727.38	1.75061	99973	0	0
Li7	6533.83	7.30161	99973	0	0
neutron	939.565	3.16909	99972.6	0	0
neutron	939.565	0.0266445	99972.6	0	0
B10	9324.44	0.35989	99972.6	0	0
neutron	939.565	17.5481	99972.6	0	0
Be10	9325.5	1.9591	99972.6	0	0
neutron	939.565	15.2144	99974.2	0	0
neutron	939.565	1.38204	99974.2	0	0
neutron	939.565	0.748125	99974.2	0	0
alpha	3727.38	4.57871	99974.2	0	0
alpha	3727.38	7.75664	99974.2	0	0
neutron	939.565	5.28935	99972.9	0	0
Be8	7454.85	1.94214	99972.9	0	0
neutron	939.565	12.1546	99971.7	0	0
B11	10252.5	0.413209	99971.7	0	0
neutron	939.565	9.05996	99972.9	0	0
neutron	939.565	0.105138	99972.9	0	0
Be8	7454.85	0.786001	99972.9	0	0
neutron	939.565	11.542	99973.4	0	0
alpha	3727.38	3.63015	99973.4	0	0
alpha	3727.38	5.69455	99973.4	0	0
neutron	939.565	3.03082	99972.5	0	0
B11	10252.5	0.492489	99972.5	0	0
neutron	939.565	10.1625	99973.4	0	0
B11	10252.5	1.06329	99973.4	0	0
neutron	939.565	20.357	99971.7	0	0
neutron	939.565	0.313569	99971.7	0	0
B10	9324.44	1.02079	99971.7	0	0
C12	11174.9	0.360945	99991.5	33.3244	32.3879
neutron	939.565	3.94026	99973.3	0	0
Be8	7454.85	1.32961	99973.3	0	0
neutron	939.565	11.72	99972.9	0	0
neutron	939.565	9.46488	99972.9	0	0
neutron	939.565	4.95674	99972.9	0	0
Be8	7454.85	5.48265	99972.9	0	0
neutron	939.565	5.81807	99972.6	0	0
neutron	939.565	3.15303	99972.6	0	0
B10	9324.44	1.53986	99972.6	0	0
neutron	939.565	24.0353	99973.7	0	0
neutron	939.565	0.255045	99973.7	0	0
Be9	8392.75	1.68087	99973.7	0	0
neutron	939.565	1.52467	99972.7	0	0
Li8	7471.37	2.31953	99972.7	0	0
neutron	939.565	0.744455	99972.5	0	0
B11	10252.5	0.256182	99972.5	0	0
neutron	939.565	1.3888	99973.3	0	0
alpha	3727.38	8.76033	99973.3	0	0
alpha	3727.38	3.15434	99973.3	0	0
neutron	939.565	7.91175	99972.9	0	0
Be8	7454.85	1.69927	99972.9	0	0
neutron	939.565	14.3476	99973.2	0	0
alpha	3727.38	5.07201	99973.2	0	0
Li7	6533.83	2.13584	99973.2	0	0
neutron	939.565	31.806	99973.2	0	0
neutron	939.565	0.288512	99973.2	0	0
B10	9324.44	2.35558	99973.2	0	0
neutron	939.565	0.347445	99973	0	0
B11	10252.5	0.428136	99973	0	0
neutron	939.565	36.003	99974.2	0	0
alpha	3727.38	4.83787	99974.2	0	0
alpha	3727.38	9.18461	99974.2	0	0
neutron	939.565	26.7236	99973.5	0	0
neutron	939.565	6.97285	99973.5	0	0
neutron	939.565	2.52749	99973.5	0	0
Be8	7454.85	2.43192	99973.5	0	0
neutron	939.565	14.1181	99971.9	0	0
neutron	939.565	7.81743	99971.9	0	0
neutron	939.565	6.24736	99971.9	0	0
Be8	7454.85	6.1531	99971.9	0	0
neutron	939.565	2.75718	99972.3	0	0
B11	10252.5	0.595975	99972.3	0	0
neutron	939.565	5.25457	99974	0	0
B11	10252.5	0.87025	99974	0	0
neutron	939.565	5.32222	99974.2	0	0
alpha	3727.38	4.91083	99974.2	0	0
alpha	3727.38	1.37527	99974.2	0	0
neutron	939.565	23.8977	99973.7	0	0
neutron	939.565	3.62588	99973.7	0	0
neutron	939.565	1.62205	99973.7	0	0
alpha	3727.38	1.48872	99973.7	0	0
alpha	3727.38	6.78251	99973.7	0	0
B12	11188.7	0.341502	99972	0	0
neutron	939.565	20.4643	99973.5	0	0
neutron	939.565	5.25347	99973.5	0	0
Be9	8392.75	1.90028	99973.5	0	0
neutron	939.565	0.641565	99973.3	0	0
Be8	7454.85	0.879732	99973.3	0	0
neutron	939.565	20.0433	99972.1	0	0
neutron	939.565	8.85655	99972.1	0	0
alpha	3727.38	7.94231	99972.1	0	0
alpha	3727.38	6.09551	99972.1	0	0
B12	11188.7	0.370229	99973.4	0	0
alpha	3727.38	4.83092	99973.7	0	0
He5	4667.68	3.89515	99973.7	0	0
neutron	939.565	12.2731	99974.2	0	0
neutron	939.565	3.01502	99974.2	0	0
alpha	3727.38	4.26767	99974.2	0	0
alpha	3727.38	4.15194	99974.2	0	0
neutron	939.565	21.8204	99972.5	0	0
neutron	939.565	0.458962	99972.5	0	0
B10	9324.44	2.51858	99972.5	0	0
neutron	939.565	0.723839	99973.2	0	0
B11	10252.5	0.270779	99973.2	0	0
neutron	939.565	6.01481	99973.7	0	0
B11	10252.5	0.273297	99973.7	0	0
neutron	939.565	4.98711	99973.1	0	0
alpha	3727.38	2.32612	99973.1	0	0
alpha	3727.38	2.91497	99973.1	0	0
neutron	939.565	13.8671	99973.4	0	0
neutron	939.565	3.84872	99973.4	0	0
alpha	3727.38	8.51554	99973.4	0	0
alpha	3727.38	2.79737	99973.4	0	0
neutron	939.565	8.36388	99975	0	0
neutron	939.565	6.05775	99975	0	0
neutron	939.565	5.34204	99975	0	0
alpha	3727.38	4.53743	99975	0	0
alpha	3727.38	1.6818	99975	0	0
neutron	939.565	4.27702	99973.1	0	0
Be10	9325.5	3.35342	99973.1	0	0
neutron	939.565	13.2191	99973.5	0	0
alpha	3727.38	3.89022	99973.5	0	0
alpha	3727.38	10.0555	99973.5	0	0
neutron	939.565	1.33855	99973	0	0
neutron	939.565	1.12718	99973	0	0
alpha	3727.38	2.51046	99973	0	0
alpha	3727.38	2.81671	99973	0	0
neutron	939.565	7.79887	99973.6	0	0
neutron	939.565	1.22904	99973.6	0	0
neutron	939.565	0.320773	99973.6	0	0
Be8	7454.85	0.486682	99973.6	0	0
neutron	939.565	3.17519	99972.4	0	0
neutron	939.565	1.5936	99972.4	0	0
alpha	3727.38	7.7816	99972.4	0	0
alpha	3727.38	3.40215	99972.4	0	0
neutron	939.565	14.8411	99972.8	0	0
neutron	939.565	13.2223	99972.8	0	0
neutron	939.565	1.22628	99972.8	0	0
alpha	3727.38	4.95621	99972.8	0	0
alpha	3727.38	5.06758	99972.8	0	0
neutron	939.565	4.92818	99972.1	0	0
B11	10252.5	1.25625	99972.1	0	0
neutron	939.565	0.936903	99973	0	0
Be8	7454.85	2.1843	99973	0	0
neutron	939.565	4.43671	99973.3	0	0
B11	10252.5	0.490282	99973.3	0	0
neutron	939.565	10.1282	99974.5	0	0
neutron	939.565	2.42677	99974.5	0	0
alpha	3727.38	2.27457	99974.5	0	0
alpha	3727.38	4.52197	99974.5	0	0
neutron	939.565	2.26741	99972.7	0	0
B11	10252.5	0.658342	99972.7	0	0
neutron	939.565	33.485	99973.2	0	0
neutron	939.565	7.54012	99973.2	0	0
neutron	939.565	0.0337934	99973.2	0	0
Be8	7454.85	1.17909	99973.2	0	0
neutron	939.565	3.70956	99972.7	0	0
neutron	939.565	0.707118	99972.7	0	0
Be9	8392.75	0.14788	99972.7	0	0
neutron	939.565	9.64233	99973.6	0	0
neutron	939.565	6.96461	99973.6	0	0
neutron	939.565	4.78291	99973.6	0	0
alpha	3727.38	3.21915	99973.6	0	0
alpha	3727.38	3.27561	99973.6	0	0
neutron	939.565	11.6154	99972.5	0	0
neutron	939.565	4.10586	99972.5	0	0
Be9	8392.75	2.02492	99972.5	0	0
neutron	939.565	11.4225	99971.6	0	0
neutron	939.565	0.197379	99971.6	0	0
Be9	8392.75	0.116986	99971.6	0	0
neutron	939.565	0.265861	99973.6	0	0
B11	10252.5	0.372657	99973.6	0	0
neutron	939.565	30.9391	99972.8	0	0
neutron	939.565	2.83395	99972.8	0	0
neutron	939.565	1.78487	99972.8	0	0
Be8	7454.85	3.15602	99972.8	0	0
neutron	939.565	14.2999	99973.8	0	0
neutron	939.565	3.17094	99973.8	0	0
Be8	7454.85	3.44794	99973.8	0	0
neutron	939.565	1.3408	99973.9	0	0
B11	10252.5	0.173387	99973.9	0	0
neutron	939.565	2.42997	99972.5	0	0
B11	10252.5	0.815375	99972.5	0	0
neutron	939.565	13.7995	99972.4	0	0
B11	10252.5	1.87956	99972.4	0	0
neutron	939.565	3.24121	99974.1	0	0
B11	10252.5	0.228218	99974.1	0	0
neutron	939.565	7.03067	99973	0	0
alpha	3727.38	15.6102	99973	0	0
Li7	6533.83	5.8848	99973	0	0
neutron	939.565	7.57588	99972.2	0	0
neutron	939.565	4.10122	99972.2	0	0
Be8	7454.85	5.38191	99972.2	0	0
neutron	939.565	11.58	99973	0	0
neutron	939.565	2.35032	99973	0	0
Be9	8392.75	2.39611	99973	0	0
neutron	939.565	16.4924	99973.3	0	0
neutron	939.565	4.66966	99973.3	0	0
B10	9324.44	1.62956	99973.3	0	0
neutron	939.565	18.3928	99973.9	0	0
Be9	8392.75	1.67089	99973.9	0	0
neutron	939.565	9.71005	99973.2	0	0
alpha	3727.38	8.15602	99973.2	0	0
alpha	3727.38	0.831272	99973.2	0	0
neutron	939.565	11.9437	99972.9	0	0
neutron	939.565	3.1028	99972.9	0	0
neutron	939.565	1.45723	99972.9	0	0
alpha	3727.38	5.65547	99972.9	0	0
alpha	3727.38	5.6595	99972.9	0	0
neutron	939.565	29.6937	99973.4	0	0
neutron	939.565	18.3389	99973.4	0	0
neutron	939.565	2.53221	99973.4	0	0
Be8	7454.85	2.71338	99973.4	0	0
neutron	939.565	0.0713133	99972.4	0	0
B11	10252.5	0.336501	99972.4	0	0
neutron	939.565	7.13071	99971.9	0	0
alpha	3727.38	9.07301	99971.9	0	0
Li7	6533.83	1.5129	99971.9	0	0
neutron	939.565	1.39425	99973	0	0
B11	10252.5	0.201983	99973	0	0
neutron	939.565	13.3951	99972.6	0	0
neutron	939.565	0.453207	99972.6	0	0
B10	9324.44	1.51993	99972.6	0	0
neutron	939.565	0.711976	99972.6	0	0
B11	10252.5	0.322954	99972.6	0	0
neutron	939.565	5.4268	99971.7	0	0
neutron	939.565	4.72603	99971.7	0	0
neutron	939.565	2.55141	99971.7	0	0
Be8	7454.85	1.82221	99971.7	0	0
neutron	939.565	1.1182	99974.1	0	0
B11	10252.5	0.527284	99974.1	0	0
neutron	939.565	16.1415	99973.9	0	0
neutron	939.565	0.544536	99973.9	0	0
Be9	8392.75	2.04893	99973.9	0	0
neutron	939.565	5.60975	99972.3	0	0
Be10	9325.5	3.98496	99972.3	0	0
neutron	939.565	2.00952	99977.3	0	0
alpha	3727.38	7.54643	99977.3	0	0
Li7	6533.83	5.66927	99977.3	0	0
neutron	939.565	0.161746	99973.3	0	0
B11	10252.5	0.346743	99973.3	0	0
neutron	939.565	6.759	99972.8	0	0
neutron	939.565	5.10033	99972.8	0	0
neutron	939.565	1.85836	99972.8	0	0
Be8	7454.85	1.83637	99972.8	0	0
neutron	939.565	18.6325	99971.9	0	0
neutron	939.565	6.89214	99971.9	0	0
alpha	3727.38	4.35239	99971.9	0	0
alpha	3727.38	5.67871	99971.9	0	0
neutron	939.565	9.22642	99971.8	0	0
neutron	939.565	6.83015	99971.8	0	0
Be8	7454.85	2.99568	99971.8	0	0
neutron	939.565	3.44458	99971.3	0	0
Be10	9325.5	1.89922	99971.3	0	0
neutron	939.565	1.99128	99973.6	0	0
neutron	939.565	0.821003	99973.6	0	0
neutron	939.565	0.630713	99973.6	0	0
Be8	7454.85	3.08546	99973.6	0	0
neutron	939.565	20.134	99972.9	0	0
neutron	939.565	17.8163	99972.9	0	0
Be10	9325.5	3.07465	99972.9	0	0
neutron	939.565	1.1566	99971.5	0	0
B11	10252.5	0.696668	99971.5	0	0
neutron	939.565	12.9431	99973.9	0	0
alpha	3727.38	5.59131	99973.9	0	0
alpha	3727.38	8.44972	99973.9	0	0
neutron	939.565	4.80752	99973.4	0	0
B11	10252.5	0.0985208	99973.4	0	0
neutron	939.565	7.15544	99972.4	0	0
neutron	939.565	0.91784	99972.4	0	0
B10	9324.44	1.06324	99972.4	0	0
neutron	939.565	2.85911	99973.6	0	0
alpha	3727.38	2.3364	99973.6	0	0
alpha	3727.38	10.0878	99973.6	0	0
neutron	939.565	0.0331111	99974.2	0	0
B11	10252.5	0.44315	99974.2	0	0
neutron	939.565	3.80371	99972.5	0	0
alpha	3727.38	14.8679	99972.5	0	0
Li7	6533.83	12.8621	99972.5	0	0
neutron	939.565	12.7664	99974.7	0	0
Be10	9325.5	1.20591	99974.7	0	0
neutron	939.565	8.21112	99972.8	0	0
neutron	939.565	2.34853	99972.8	0	0
B10	9324.44	1.3499	99972.8	0	0
neutron	939.565	9.75083	99973.7	0	0
neutron	939.565	0.864337	99973.7	0	0
B10	9324.44	1.51099	99973.7	0	0
neutron	939.565	0.719196	99973.4	0	0
B11	10252.5	0.672657	99973.4	0	0
neutron	939.565	10.027	99973	0	0
neutron	939.565	5.56201	99973	0	0
alpha	3727.38	8.03532	99973	0	0
alpha	3727.38	2.77073	99973	0	0
neutron	939.565	8.52953	99973.7	0	0
B11	10252.5	0.936089	99973.7	0	0
neutron	939.565	4.93332	99974	0	0
B11	10252.5	0.364796	99974	0	0
neutron	939.565	21.5335	99972.2	0	0
neutron	939.565	4.48811	99972.2	0	0
neutron	939.565	1.92091	99972.2	0	0
Be8	7454.85	0.271019	99972.2	0	0
neutron	939.565	8.92733	99973.9	0	0
Be10	9325.5	0.854868	99973.9	0	0
neutron	939.565	4.62208	99972.9	0	0
alpha	3727.38	2.16542	99972.9	0	0
He6	5605.53	2.51883	99972.9	0	0
neutron	939.565	1.00187	99971.9	0	0
Be8	7454.85	0.999363	99971.9	0	0
neutron	939.565	12.9474	99972.3	0	0
neutron	939.565	3.68137	99972.3	0	0
alpha	3727.38	13.5789	99972.3	0	0
alpha	3727.38	16.2484	99972.3	0	0
neutron	939.565	2.73302	99972	0	0
neutron	939.565	1.22771	99972	0	0
B10	9324.44	0.590422	99972	0	0
neutron	939.565	2.36306	99972.9	0	0
alpha	3727.38	4.40821	99972.9	0	0
Li7	6533.83	1.79339	99972.9	0	0
neutron	939.565	10.2633	99972.6	0	0
neutron	939.565	9.71858	99972.6	0	0
alpha	3727.38	4.28975	99972.6	0	0
alpha	3727.38	4.63195	99972.6	0	0
neutron	939.565	7.76346	99972.7	0	0
neutron	939.565	7.44117	99972.7	0	0
Be8	7454.85	3.26653	99972.7	0	0
neutron	939.565	6.71296	99974.3	0	0
Be8	7454.85	3.09251	99974.3	0	0
B12	11188.7	0.355559	99972.6	0	0
neutron	939.565	3.13597	99972.4	0	0
neutron	939.565	0.904438	99972.4	0	0
B10	9324.44	0.513877	99972.4	0	0
neutron	939.565	0.315434	99973.1	0	0
B11	10252.5	0.384691	99973.1	0	0
neutron	939.565	3.36868	99973.9	0	0
neutron	939.565	1.01725	99973.9	0	0
Be9	8392.75	4.38429	99973.9	0	0
neutron	939.565	0.549877	99974.1	0	0
alpha	3727.38	4.85457	99974.1	0	0
alpha	3727.38	1.16334	99974.1	0	0
neutron	939.565	24.0351	99972.2	0	0
neutron	939.565	5.62847	99972.2	0	0
Be8	7454.85	4.60763	99972.2	0	0
neutron	939.565	3.84294	99974.3	0	0
neutron	939.565	0.41813	99974.3	0	0
Be8	7454.85	0.0153752	99974.3	0	0
neutron	939.565	15.5406	99974	0	0
neutron	939.565	2.32956	99974	0	0
Be8	7454.85	3.16675	99974	0	0
neutron	939.565	12.8415	99973.6	0	0
Be10	9325.5	1.65808	99973.6	0	0
neutron	939.565	8.35898	99973	0	0
Be8	7454.85	0.291647	99973	0	0
neutron	939.565	1.29099	99973	0	0
B11	10252.5	0.727113	99973	0	0
Be10	9325.5	5.59706	99973.2	0	0
B12	11188.7	0.358072	99973.4	0	0
neutron	939.565	4.14805	99973.8	0	0
neutron	939.565	0.0514236	99973.8	0	0
B10	9324.44	0.108094	99973.8	0	0
neutron	939.565	20.2065	99973	0	0
alpha	3727.38	4.88995	99973	0	0
Li7	6533.83	3.32686	99973	0	0
neutron	939.565	7.54265	99975.3	0	0
neutron	939.565	3.55247	99975.3	0	0
alpha	3727.38	5.11186	99975.3	0	0
alpha	3727.38	3.18563	99975.3	0	0
neutron	939.565	14.0177	99972.7	0	0
alpha	3727.38	7.06641	99972.7	0	0
Li7	6533.83	1.56393	99972.7	0	0
neutron	939.565	1.90127	99972	0	0
neutron	939.565	0.0899115	99972	0	0
Be9	8392.75	1.81457	99972	0	0
neutron	939.565	15.9277	99972	0	0
neutron	939.565	10.1908	99972	0	0
neutron	939.565	1.32883	99972	0	0
alpha	3727.38	2.73682	99972	0	0
alpha	3727.38	5.7053	99972	0	0
neutron	939.565	9.28069	99972.2	0	0
neutron	939.565	5.58237	99972.2	0	0
neutron	939.565	4.97963	99972.2	0	0
alpha	3727.38	4.91354	99972.2	0	0
alpha	3727.38	6.66298	99972.2	0	0
neutron	939.565	13.057	99971.7	0	0
neutron	939.565	6.3895	99971.7	0	0
neutron	939.565	5.77324	99971.7	0	0
alpha	3727.38	3.61274	99971.7	0	0
alpha	3727.38	5.49263	99971.7	0	0
neutron	939.565	35.3607	99973.9	0	0
neutron	939.565	6.4593	99973.9	0	0
neutron	939.565	0.241621	99973.9	0	0
Be8	7454.85	0.307266	99973.9	0	0
neutron	939.565	4.6078	99974.1	0	0
Be9	8392.75	1.05944	99974.1	0	0
B12	11188.7	0.35002	99972.6	0	0
neutron	939.565	2.76784	99973.3	0	0
neutron	939.565	0.781538	99973.3	0	0
Be8	7454.85	4.08556	99973.3	0	0
neutron	939.565	29.8583	99971.8	0	0
B11	10252.5	2.35328	99971.8	0	0
neutron	939.565	1.23871	99972.8	0	0
B11	10252.5	0.253948	99972.8	0	0
neutron	939.565	3.96681	99971.8	0	0
alpha	3727.38	3.55497	99971.8	0	0
Li7	6533.83	2.48286	99971.8	0	0
neutron	939.565	23.7088	99973.9	0	0
neutron	939.565	2.82633	99973.9	0	0
neutron	939.565	2.71226	99973.9	0	0
Be8	7454.85	1.53949	99973.9	0	0
neutron	939.565	8.90622	99973.9	0	0
Be10	9325.5	1.44991	99973.9	0	0
neutron	939.565	8.66045	99973.3	0	0
neutron	939.565	4.37677	99973.3	0	0
B10	9324.44	1.41452	99973.3	0	0
neutron	939.565	2.90098	99972.6	0	0
B11	10252.5	0.393789	99972.6	0	0
neutron	939.565	10.39	99973.5	0	0
neutron	939.565	0.53105	99973.5	0	0
alpha	3727.38	2.5346	99973.5	0	0
alpha	3727.38	10.8069	99973.5	0	0
neutron	939.565	20.8027	99973.2	0	0
neutron	939.565	2.0853	99973.2	0	0
neutron	939.565	0.388044	99973.2	0	0
Be8	7454.85	0.902656	99973.2	0	0
neutron	939.565	10.6898	99973.7	0	0
alpha	3727.38	3.47774	99973.7	0	0
alpha	3727.38	5.30123	99973.7	0	0
neutron	939.565	19.3569	99975.7	0	0
neutron	939.565	3.43611	99975.7	0	0
neutron	939.565	0.69667	99975.7	0	0
alpha	3727.38	16.3034	99975.7	0	0
Li5	4667.62	1.63615	99975.7	0	0
neutron	939.565	1.88974	99974.3	0	0
neutron	939.565	1.8432	99974.3	0	0
neutron	939.565	1.38432	99974.3	0	0
Be8	7454.85	1.13348	99974.3	0	0
neutron	939.565	1.72244	99972.9	0	0
B11	10252.5	0.498576	99972.9	0	0
neutron	939.565	7.24731	99972.3	0	0
alpha	3727.38	1.21031	99972.3	0	0
alpha	3727.38	8.40758	99972.3	0	0
neutron	939.565	22.418	99971.3	0	0
neutron	939.565	9.43896	99971.3	0	0
Be8	7454.85	1.7483	99971.3	0	0
B12	11188.7	0.371309	99972.2	0	0
neutron	939.565	9.85237	99973.5	0	0
neutron	939.565	8.45594	99973.5	0	0
neutron	939.565	1.88308	99973.5	0	0
Be8	7454.85	2.57417	99973.5	0	0
neutron	939.565	12.9239	99972.7	0	0
neutron	939.565	4.16557	99972.7	0	0
neutron	939.565	1.72733	99972.7	0	0
Be8	7454.85	3.75282	99972.7	0	0
neutron	939.565	8.83041	99972.6	0	0
Be10	9325.5	1.54335	99972.6	0	0
neutron	939.565	10.7379	99973.4	0	0
neutron	939.565	2.19286	99973.4	0	0
B10	9324.44	0.114576	99973.4	0	0
neutron	939.565	4.28043	99974.8	0	0
Be8	7454.85	3.0845	99974.8	0	0
B12	11188.7	0.371338	99973.2	0	0
neutron	939.565	1.2809	99974.5	0	0
B11	10252.5	0.667582	99974.5	0	0
neutron	939.565	4.88482	99971.7	0	0
alpha	3727.38	3.82876	99971.7	0	0
alpha	3727.38	2.77362	99971.7	0	0
neutron	939.565	14.5965	99973	0	0
neutron	939.565	6.96589	99973	0	0
alpha	3727.38	12.6359	99973	0	0
alpha	3727.38	2.93784	99973	0	0
neutron	939.565	5.49018	99973.9	0	0
neutron	939.565	1.60095	99973.9	0	0
alpha	3727.38	2.86889	99973.9	0	0
alpha	3727.38	15.2326	99973.9	0	0
neutron	939.565	8.21081	99973.9	0	0
neutron	939.565	0.608522	99973.9	0	0
Li8	7471.37	2.90399	99973.9	0	0
neutron	939.565	25.2649	99972.7	0	0
neutron	939.565	18.1102	99972.7	0	0
alpha	3727.38	5.6343	99972.7	0	0
alpha	3727.38	4.28683	99972.7	0	0
neutron	939.565	27.0579	99973.6	0	0
alpha	3727.38	3.12341	99973.6	0	0
alpha	3727.38	4.25832	99973.6	0	0
neutron	939.565	3.00246	99972.4	0	0
He3	2808.39	26.8202	99972.4	0	0
Li8	7471.37	9.03264	99972.4	0	0
neutron	939.565	6.77824	99973.4	0	0
alpha	3727.38	6.01843	99973.4	0	0
alpha	3727.38	0.826344	99973.4	0	0
neutron	939.565	9.90144	99973.2	0	0
neutron	939.565	7.4995	99973.2	0	0
neutron	939.565	2.31828	99973.2	0	0
alpha	3727.38	5.25179	99973.2	0	0
alpha	3727.38	2.7421	99973.2	0	0
neutron	939.565	0.936415	99973.7	0	0
B11	10252.5	0.323179	99973.7	0	0
neutron	939.565	0.580744	99972.5	0	0
B11	10252.5	0.300293	99972.5	0	0
neutron	939.565	2.98475	99972.3	0	0
neutron	939.565	2.21466	99972.3	0	0
alpha	3727.38	3.30796	99972.3	0	0
alpha	3727.38	7.76337	99972.3	0	0
neutron	939.565	10.8299	99974.4	0	0
Be8	7454.85	1.28999	99974.4	0	0
neutron	939.565	12.2826	99973.4	0	0
neutron	939.565	9.93963	99973.4	0	0
B10	9324.44	2.25401	99973.4	0	0
neutron	939.565	0.274163	99972.9	0	0
B11	10252.5	0.340569	99972.9	0	0
neutron	939.565	13.8102	99972	0	0
neutron	939.565	4.50954	99972	0	0
neutron	939.565	0.616062	99972	0	0
Be8	7454.85	1.38056	99972	0	0
neutron	939.565	3.60347	99972.5	0	0
B11	10252.5	1.02351	99972.5	0	0
neutron	939.565	1.0876	99972.5	0	0
Be9	8392.75	5.14799	99972.5	0	0
neutron	939.565	8.41919	99973.8	0	0
neutron	939.565	3.45444	99973.8	0	0
B10	9324.44	0.687134	99973.8	0	0
neutron	939.565	9.43534	99972.8	0	0
alpha	3727.38	5.66552	99972.8	0	0
Li7	6533.83	3.20863	99972.8	0	0
neutron	939.565	21.8489	99973.2	0	0
alpha	3727.38	6.69622	99973.2	0	0
alpha	3727.38	13.9844	99973.2	0	0
neutron	939.565	1.04708	99972.6	0	0
alpha	3727.38	5.49012	99972.6	0	0
alpha	3727.38	1.04811	99972.6	0	0
neutron	939.565	4.15693	99972.5	0	0
B11	10252.5	1.11731	99972.5	0	0
neutron	939.565	0.397017	99973.6	0	0
B11	10252.5	0.498209	99973.6	0	0
neutron	939.565	0.182286	99973.8	0	0
B11	10252.5	0.486017	99973.8	0	0
neutron	939.565	7.31349	99973.4	0	0
neutron	939.565	1.4665	99973.4	0	0
Be8	7454.85	0.721768	99973.4	0	0
neutron	939.565	13.177	99973.4	0	0
neutron	939.565	5.74459	99973.4	0	0
neutron	939.565	4.32537	99973.4	0	0
He3	2808.39	3.57152	99973.4	0	0
alpha	3727.38	3.11047	99973.4	0	0
neutron	939.565	18.7044	99972.3	0	0
neutron	939.565	0.282187	99972.3	0	0
B10	9324.44	1.99992	99972.3	0	0
neutron	939.565	22.7459	99972.1	0	0
neutron	939.565	4.33899	99972.1	0	0
alpha	3727.38	12.7599	99972.1	0	0
alpha	3727.38	1.37452	99972.1	0	0
neutron	939.565	4.78184	99974	0	0
B11	10252.5	0.436387	99974	0	0
neutron	939.565	8.25952	99973.1	0	0
neutron	939.565	0.109186	99973.1	0	0
alpha	3727.38	7.25265	99973.1	0	0
alpha	3727.38	3.20884	99973.1	0	0
neutron	939.565	15.2264	99972.8	0	0
Be10	9325.5	1.6809	99972.8	0	0
neutron	939.565	1.43679	99972.7	0	0
Be10	9325.5	0.359166	99972.7	0	0
neutron	939.565	7.11265	99972.8	0	0
neutron	939.565	2.08625	99972.8	0	0
Be7	6534.18	3.70097	99972.8	0	0
neutron	939.565	13.2689	99974	0	0
neutron	939.565	6.45205	99974	0	0
alpha	3727.38	2.51843	99974	0	0
alpha	3727.38	9.15863	99974	0	0
neutron	939.565	10.4279	99973	0	0
neutron	939.565	3.18268	99973	0	0
alpha	3727.38	8.82623	99973	0	0
alpha	3727.38	2.32876	99973	0	0
neutron	939.565	6.42013	99973	0	0
Be8	7454.85	1.98207	99973	0	0
neutron	939.565	2.40215	99972.8	0	0
B11	10252.5	0.772353	99972.8	0	0
neutron	939.565	0.35582	99972.3	0	0
B11	10252.5	0.414959	99972.3	0	0
B12	11188.7	0.367181	99973.2	0	0
neutron	939.565	25.9624	99972.5	0	0
neutron	939.565	5.3616	99972.5	0	0
Be9	8392.75	1.48972	99972.5	0	0
neutron	939.565	18.3519	99974.8	0	0
neutron	939.565	8.46383	99974.8	0	0
neutron	939.565	4.32474	99974.8	0	0
alpha	3727.38	4.23672	99974.8	0	0
alpha	3727.38	6.76173	99974.8	0	0
neutron	939.565	5.41773	99971.6	0	0
neutron	939.565	4.18838	99971.6	0	0
alpha	3727.38	1.0666	99971.6	0	0
alpha	3727.38	8.50485	99971.6	0	0
neutron	939.565	1.90853	99973.4	0	0
neutron	939.565	1.22864	99973.4	0	0
alpha	3727.38	9.86903	99973.4	0	0
alpha	3727.38	1.50008	99973.4	0	0
neutron	939.565	12.3992	99974	0	0
neutron	939.565	5.95761	99974	0	0
neutron	939.565	3.90838	99974	0	0
Be8	7454.85	4.92189	99974	0	0
neutron	939.565	1.09379	99973.9	0	0
neutron	939.565	1.01612	99973.9	0	0
neutron	939.565	0.134437	99973.9	0	0
Be8	7454.85	0.291549	99973.9	0	0
neutron	939.565	21.75	99973.2	0	0
alpha	3727.38	3.06604	99973.2	0	0
alpha	3727.38	2.08716	99973.2	0	0
neutron	939.565	2.58194	99973.5	0	0
Be10	9325.5	2.06369	99973.5	0	0
neutron	939.565	1.50414	99972.6	0	0
alpha	3727.38	5.9395	99972.6	0	0
alpha	3727.38	0.683333	99972.6	0	0
neutron	939.565	35.6915	99973.4	0	0
neutron	939.565	2.6851	99973.4	0	0
Be8	7454.85	3.50615	99973.4	0	0
neutron	939.565	0.107993	99974.6	0	0
alpha	3727.38	2.56401	99974.6	0	0
alpha	3727.38	3.40601	99974.6	0	0
B12	11188.7	0.372331	99972	0	0
neutron	939.565	1.39635	99973.4	0	0
Li6	5601.52	0.819059	99973.4	0	0
neutron	939.565	7.02925	99971	0	0
neutron	939.565	5.90725	99971	0	0
neutron	939.565	0.895699	99971	0	0
B9	8393.31	0.916803	99971	0	0
neutron	939.565	28.7015	99973	0	0
alpha	3727.38	0.922735	99973	0	0
neutron	939.565	2.6735	99973.3	0	0
neutron	939.565	1.3445	99973.3	0	0
alpha	3727.38	3.57806	99973.3	0	0
alpha	3727.38	4.52057	99973.3	0	0
neutron	939.565	16.1183	99973.7	0	0
neutron	939.565	14.488	99973.7	0	0
neutron	939.565	3.59313	99973.7	0	0
alpha	3727.38	2.47612	99973.7	0	0
alpha	3727.38	3.03627	99973.7	0	0
neutron	939.565	6.17334	99971.5	0	0
neutron	939.565	2.3977	99971.5	0	0
Be8	7454.85	1.96702	99971.5	0	0
neutron	939.565	2.8437	99974.8	0	0
B11	10252.5	0.842399	99974.8	0	0
neutron	939.565	22.8111	99973.2	0	0
neutron	939.565	8.50622	99973.2	0	0
neutron	939.565	3.92933	99973.2	0	0
Be8	7454.85	2.25673	99973.2	0	0
neutron	939.565	2.12167	99973	0	0
alpha	3727.38	4.15166	99973	0	0
alpha	3727.38	1.52031	99973	0	0
neutron	939.565	14.0793	99972.8	0	0
Be10	9325.5	2.38792	99972.8	0	0
neutron	939.565	25.8179	99973	0	0
alpha	3727.38	9.48404	99973	0	0
Li7	6533.83	0.301091	99973	0	0
neutron	939.565	10.0782	99973	0	0
neutron	939.565	5.50841	99973	0	0
Be8	7454.85	2.62127	99973	0	0
neutron	939.565	7.92037	99972.1	0	0
neutron	939.565	4.60341	99972.1	0	0
neutron	939.565	0.613993	99972.1	0	0
alpha	3727.38	2.748	99972.1	0	0
alpha	3727.38	1.59796	99972.1	0	0
neutron	939.565	10.5846	99974.7	0	0
B11	10252.5	2.15281	99974.7	0	0
B12	11188.7	0.365758	99974.1	0	0
neutron	939.565	6.11578	99977	0	0
neutron	939.565	0.111119	99977	0	0
alpha	3727.38	9.22799	99977	0	0
alpha	3727.38	6.85333	99977	0	0
neutron	939.565	8.09524	99973.1	0	0
neutron	939.565	3.84702	99973.1	0	0
alpha	3727.38	2.44819	99973.1	0	0
alpha	3727.38	6.93707	99973.1	0	0
B12	11188.7	0.353613	99973.7	0	0
neutron	939.565	1.78057	99972	0	0
B11	10252.5	0.214572	99972	0	0
Be10	9325.5	0.971481	99973.8	0	0
neutron	939.565	18.7401	99972.3	0	0
neutron	939.565	8.37324	99972.3	0	0
alpha	3727.38	6.9755	99972.3	0	0
alpha	3727.38	8.54249	99972.3	0	0
neutron	939.565	30.9576	99973.2	0	0
neutron	939.565	6.45006	99973.2	0	0
alpha	3727.38	3.03257	99973.2	0	0
alpha	3727.38	8.77299	99973.2	0	0
neutron	939.565	8.05467	99972.8	0	0
Be10	9325.5	0.914988	99972.8	0	0
neutron	939.565	21.9208	99972.1	0	0
neutron	939.565	0.638405	99972.1	0	0
B10	9324.44	1.70529	99972.1	0	0
neutron	939.565	17.1744	99972.9	0	0
B11	10252.5	2.60966	99972.9	0	0
neutron	939.565	0.13517	99972.9	0	0
B11	10252.5	0.397353	99972.9	0	0
neutron	939.565	1.50906	99971.6	0	0
B11	10252.5	0.845969	99971.6	0	0
neutron	939.565	7.38326	99972.3	0	0
B11	10252.5	0.982404	99972.3	0	0
neutron	939.565	10.2798	99972.6	0	0
alpha	3727.38	2.94838	99972.6	0	0
alpha	3727.38	5.3666	99972.6	0	0
neutron	939.565	11.1889	99972.8	0	0
Be10	9325.5	2.46493	99972.8	0	0
neutron	939.565	7.32371	99972.8	0	0
neutron	939.565	4.35678	99972.8	0	0
Be9	8392.75	2.40086	99972.8	0	0
neutron	939.565	23.5488	99972.2	0	0
Be9	8392.75	1.77881	99972.2	0	0
neutron	939.565	11.0262	99971.8	0	0
neutron	939.565	7.66626	99971.8	0	0
neutron	939.565	2.61298	99971.8	0	0
Be8	7454.85	0.80783	99971.8	0	0
neutron	939.565	35.6127	99974.7	0	0
alpha	3727.38	3.08488	99974.7	0	0
alpha	3727.38	7.43249	99974.7	0	0
neutron	939.565	17.1349	99973.6	0	0
alpha	3727.38	16.3079	99973.6	0	0
alpha	3727.38	6.04158	99973.6	0	0
neutron	939.565	1.38863	99973	0	0
B11	10252.5	0.700585	99973	0	0
neutron	939.565	25.3707	99972.6	0	0
B11	10252.5	1.74947	99972.6	0	0
neutron	939.565	5.51549	99972.7	0	0
B11	10252.5	0.959037	99972.7	0	0
neutron	939.565	1.43664	99973.1	0	0
B11	10252.5	0.48786	99973.1	0	0
neutron	939.565	13.018	99974	0	0
neutron	939.565	5.9145	99974	0	0
Be8	7454.85	1.05448	99974	0	0
neutron	939.565	3.61274	99974.4	0	0
neutron	939.565	1.21489	99974.4	0	0
alpha	3727.38	1.83778	99974.4	0	0
alpha	3727.38	5.93105	99974.4	0	0
neutron	939.565	2.621	99972.6	0	0
Be9	8392.75	2.92693	99972.6	0	0
neutron	939.565	2.65386	99972.7	0	0
neutron	939.565	0.608752	99972.7	0	0
B10	9324.44	0.198676	99972.7	0	0
neutron	939.565	14.1384	99972.9	0	0
alpha	3727.38	3.0901	99972.9	0	0
alpha	3727.38	8.66436	99972.9	0	0
neutron	939.565	0.48449	99972.9	0	0
B11	10252.5	0.503587	99972.9	0	0
neutron	939.565	4.09043	99974.6	0	0
neutron	939.565	1.90356	99974.6	0	0
B10	9324.44	1.36072	99974.6	0	0
neutron	939.565	10.5889	99973.9	0	0
neutron	939.565	9.5882	99973.9	0	0
B10	9324.44	2.93328	99973.9	0	0
neutron	939.565	17.9048	99973.6	0	0
neutron	939.565	4.94896	99973.6	0	0
neutron	939.565	0.967508	99973.6	0	0
Be8	7454.85	0.811572	99973.6	0	0
neutron	939.565	5.28238	99973	0	0
alpha	3727.38	0.968825	99973	0	0
alpha	3727.38	5.97833	99973	0	0
neutron	939.565	4.49336	99971.6	0	0
neutron	939.565	3.35301	99971.6	0	0
B10	9324.44	0.0632939	99971.6	0	0
neutron	939.565	56.7942	99972.2	0	0
B12	11188.7	4.56936	99972.2	0	0
neutron	939.565	3.19887	99973	0	0
B11	10252.5	0.776997	99973	0	0
neutron	939.565	6.36402	99973.5	0	0
neutron	939.565	0.607597	99973.5	0	0
Be8	7454.85	2.65291	99973.5	0	0
neutron	939.565	1.92463	99973.4	0	0
neutron	939.565	0.171588	99973.4	0	0
B10	9324.44	0.304629	99973.4	0	0
neutron	939.565	2.18205	99973.7	0	0
alpha	3727.38	4.6738	99973.7	0	0
alpha	3727.38	4.43276	99973.7	0	0
neutron	939.565	13.2872	99972.2	0	0
neutron	939.565	0.173756	99972.2	0	0
Be9	8392.75	1.34723	99972.2	0	0
neutron	939.565	3.61126	99973.4	0	0
B11	10252.5	0.999895	99973.4	0	0
neutron	939.565	0.6367	99972.8	0	0
B11	10252.5	0.168503	99972.8	0	0
neutron	939.565	6.59357	99972.3	0	0
alpha	3727.38	6.03562	99972.3	0	0
alpha	3727.38	4.06695	99972.3	0	0
neutron	939.565	11.341	99972.8	0	0
neutron	939.565	9.29073	99972.8	0	0
alpha	3727.38	6.91668	99972.8	0	0
alpha	3727.38	2.27275	99972.8	0	0
neutron	939.565	37.036	99972.3	0	0
neutron	939.565	0.850637	99972.3	0	0
Be9	8392.75	1.5464	99972.3	0	0
neutron	939.565	16.9592	99973	0	0
neutron	939.565	16.0425	99973	0	0
neutron	939.565	1.22189	99973	0	0
alpha	3727.38	3.69106	99973	0	0
alpha	3727.38	4.56733	99973	0	0
neutron	939.565	8.99869	99974	0	0
alpha	3727.38	2.81615	99974	0	0
Li7	6533.83	1.86364	99974	0	0
neutron	939.565	5.09243	99972.4	0	0
neutron	939.565	3.45832	99972.4	0	0
Be9	8392.75	1.18926	99972.4	0	0
neutron	939.565	40.9897	99973.8	0	0
neutron	939.565	3.54924	99973.8	0	0
Be8	7454.85	11.1944	99973.8	0	0
neutron	939.565	11.6108	99972.1	0	0
neutron	939.565	9.36229	99972.1	0	0
Be8	7454.85	3.8339	99972.1	0	0
Be10	9325.5	3.28388	99973.3	0	0
neutron	939.565	13.4248	99972.2	0	0
alpha	3727.38	8.30992	99972.2	0	0
alpha	3727.38	1.33676	99972.2	0	0
neutron	939.565	20.6666	99972.7	0	0
neutron	939.565	9.18343	99972.7	0	0
alpha	3727.38	8.09455	99972.7	0	0
alpha	3727.38	6.46974	99972.7	0	0
neutron	939.565	2.95184	99971.9	0	0
B11	10252.5	0.615993	99971.9	0	0
neutron	939.565	11.33	99972.5	0	0
neutron	939.565	9.03986	99972.5	0	0
Be8	7454.85	0.703102	99972.5	0	0
neutron	939.565	5.49087	99972.5	0	0
B11	10252.5	0.25646	99972.5	0	0
neutron	939.565	1.6462	99973	0	0
B11	10252.5	0.311418	99973	0	0
neutron	939.565	7.35117	99972.3	0	0
neutron	939.565	3.93947	99972.3	0	0
B10	9324.44	2.71146	99972.3	0	0
neutron	939.565	12.439	99973.7	0	0
neutron	939.565	2.80576	99973.7	0	0
B10	9324.44	0.255596	99973.7	0	0
neutron	939.565	11.0807	99973.9	0	0
neutron	939.565	1.04867	99973.9	0	0
Be9	8392.75	1.17808	99973.9	0	0
neutron	939.565	0.839462	99971.7	0	0
Be10	9325.5	0.255948	99971.7	0	0
neutron	939.565	3.85467	99972.3	0	0
B11	10252.5	0.725411	99972.3	0	0
neutron	939.565	9.06062	99972.8	0	0
B11	10252.5	0.55096	99972.8	0	0
neutron	939.565	1.11944	99972.5	0	0
alpha	3727.38	2.56698	99972.5	0	0
alpha	3727.38	4.81454	99972.5	0	0
neutron	939.565	15.565	99971.4	0	0
alpha	3727.38	0.930485	99971.4	0	0
alpha	3727.38	5.73624	99971.4	0	0
neutron	939.565	4.02107	99972.9	0	0
alpha	3727.38	3.26956	99972.9	0	0
Li7	6533.83	3.35504	99972.9	0	0
neutron	939.565	1.13787	99972.5	0	0
B11	10252.5	0.208108	99972.5	0	0
neutron	939.565	9.25695	99972.8	0	0
neutron	939.565	6.03397	99972.8	0	0
neutron	939.565	2.11553	99972.8	0	0
alpha	3727.38	1.72139	99972.8	0	0
alpha	3727.38	4.01464	99972.8	0	0
neutron	939.565	4.72487	99973.8	0	0
neutron	939.565	3.30167	99973.8	0	0
neutron	939.565	2.81626	99973.8	0	0
Be8	7454.85	0.534737	99973.8	0	0
neutron	939.565	3.58653	99972.1	0	0
neutron	939.565	1.23009	99972.1	0	0
neutron	939.565	1.03263	99972.1	0	0
Be8	7454.85	1.49304	99972.1	0	0
neutron	939.565	4.57836	99973.3	0	0
Be10	9325.5	3.22812	99973.3	0	0
neutron	939.565	1.86771	99972.3	0	0
B11	10252.5	0.103379	99972.3	0	0
neutron	939.565	9.67471	99971.5	0	0
Be8	7454.85	1.32216	99971.5	0	0
C12	11174.9	0.720428	99990.5	33.052	32.0941
neutron	939.565	16.4832	99974.3	0	0
alpha	3727.38	14.6004	99974.3	0	0
alpha	3727.38	6.16635	99974.3	0	0
neutron	939.565	5.88125	99971.7	0	0
neutron	939.565	0.244194	99971.7	0	0
alpha	3727.38	9.41749	99971.7	0	0
alpha	3727.38	0.546217	99971.7	0	0
neutron	939.565	2.7868	99973.7	0	0
neutron	939.565	1.35204	99973.7	0	0
B10	9324.44	0.170709	99973.7	0	0
neutron	939.565	0.875638	99973.6	0	0
B11	10252.5	0.308462	99973.6	0	0
neutron	939.565	11.1834	99971.8	0	0
neutron	939.565	7.7609	99971.8	0	0
alpha	3727.38	1.96006	99971.8	0	0
Li6	5601.52	3.36289	99971.8	0	0
neutron	939.565	3.00038	99974	0	0
neutron	939.565	2.27642	99974	0	0
Be8	7454.85	0.967745	99974	0	0
neutron	939.565	1.20804	99972	0	0
B11	10252.5	0.541107	99972	0	0
neutron	939.565	20.3874	99972.2	0	0
Be8	7454.85	0.311702	99972.2	0	0
neutron	939.565	11.2116	99973.2	0	0
neutron	939.565	3.86739	99973.2	0	0
B10	9324.44	1.60537	99973.2	0	0
neutron	939.565	18.6951	99972.9	0	0
neutron	939.565	1.43803	99972.9	0	0
neutron	939.565	1.08341	99972.9	0	0
alpha	3727.38	5.24724	99972.9	0	0
alpha	3727.38	1.71414	99972.9	0	0
neutron	939.565	5.51365	99972.4	0	0
Be8	7454.85	1.03927	99972.4	0	0
neutron	939.565	2.73094	99974	0	0
Be8	7454.85	1.60226	99974	0	0
neutron	939.565	10.6738	99972.8	0	0
neutron	939.565	1.46387	99972.8	0	0
alpha	3727.38	2.92611	99972.8	0	0
alpha	3727.38	4.3147	99972.8	0	0
neutron	939.565	7.51149	99972	0	0
neutron	939.565	1.93293	99972	0	0
B10	9324.44	0.738377	99972	0	0
neutron	939.565	13.5212	99973.4	0	0
neutron	939.565	5.85995	99973.4	0	0
alpha	3727.38	5.60839	99973.4	0	0
alpha	3727.38	4.66419	99973.4	0	0
neutron	939.565	17.3767	99973.7	0	0
neutron	939.565	1.79661	99973.7	0	0
neutron	939.565	0.573288	99973.7	0	0
alpha	3727.38	3.87427	99973.7	0	0
alpha	3727.38	7.76768	99973.7	0	0
B12	11188.7	0.362628	99973	0	0
neutron	939.565	6.85709	99973	0	0
B11	10252.5	0.323249	99973	0	0
neutron	939.565	9.97435	99973.5	0	0
neutron	939.565	9.29198	99973.5	0	0
neutron	939.565	0.83671	99973.5	0	0
Be8	7454.85	1.34183	99973.5	0	0
neutron	939.565	34.8818	99973.2	0	0
neutron	939.565	1.53059	99973.2	0	0
neutron	939.565	0.486416	99973.2	0	0
Be8	7454.85	2.25786	99973.2	0	0
neutron	939.565	6.30263	99972	0	0
neutron	939.565	4.00922	99972	0	0
neutron	939.565	3.32661	99972	0	0
Be8	7454.85	3.64601	99972	0	0
neutron	939.565	26.12	99972.4	0	0
neutron	939.565	1.31071	99972.4	0	0
neutron	939.565	0.30774	99972.4	0	0
alpha	3727.38	1.52217	99972.4	0	0
alpha	3727.38	4.55503	99972.4	0	0
neutron	939.565	0.849217	99973.1	0	0
B11	10252.5	0.373956	99973.1	0	0
B12	11188.7	0.3629	99973.5	0	0
neutron	939.565	8.94154	99972.2	0	0
neutron	939.565	6.8618	99972.2	0	0
alpha	3727.38	11.5056	99972.2	0	0
alpha	3727.38	2.08667	99972.2	0	0
neutron	939.565	9.81323	99972.2	0	0
alpha	3727.38	12.1728	99972.2	0	0
alpha	3727.38	5.02747	99972.2	0	0
neutron	939.565	5.99616	99972.8	0	0
neutron	939.565	3.16464	99972.8	0	0
alpha	3727.38	4.52935	99972.8	0	0
alpha	3727.38	1.50573	99972.8	0	0
C12	11174.9	0.335678	99975.5	14.1381	13.3732
neutron	939.565	3.51952	99972.7	0	0
B11	10252.5	0.636296	99972.7	0	0
neutron	939.565	9.12556	99974	0	0
neutron	939.565	3.8792	99974	0	0
B10	9324.44	1.49806	99974	0	0
neutron	939.565	17.6478	99973.1	0	0
Be10	9325.5	2.88678	99973.1	0	0
neutron	939.565	35.3643	99971.8	0	0
Be8	7454.85	5.39576	99971.8	0	0
neutron	939.565	8.1836	99973.3	0	0
B11	10252.5	1.00506	99973.3	0	0
neutron	939.565	11.7892	99972.3	0	0
neutron	939.565	1.05487	99972.3	0	0
Be8	7454.85	2.74193	99972.3	0	0
neutron	939.565	2.75995	99973.3	0	0
B11	10252.5	1.05935	99973.3	0	0
neutron	939.565	4.63381	99971.7	0	0
alpha	3727.38	2.20542	99971.7	0	0
alpha	3727.38	4.99347	99971.7	0	0
neutron	939.565	1.1534	99974.5	0	0
neutron	939.565	0.109671	99974.5	0	0
B10	9324.44	0.502981	99974.5	0	0
neutron	939.565	2.21972	99972.8	0	0
Be9	8392.75	0.199852	99972.8	0	0
neutron	939.565	9.78316	99973.3	0	0
neutron	939.565	6.10596	99973.3	0	0
neutron	939.565	1.05342	99973.3	0	0
Be8	7454.85	0.627506	99973.3	0	0
neutron	939.565	10.9657	99972.8	0	0
alpha	3727.38	2.02758	99972.8	0	0
alpha	3727.38	7.30493	99972.8	0	0
B12	11188.7	0.35258	99972.6	0	0
neutron	939.565	0.267518	99972.7	0	0
B11	10252.5	0.305786	99972.7	0	0
B12	11188.7	0.367225	99971.9	0	0
neutron	939.565	5.48114	99974.1	0	0
B11	10252.5	1.46325	99974.1	0	0
neutron	939.565	10.0699	99972.8	0	0
neutron	939.565	2.36343	99972.8	0	0
neutron	939.565	1.20326	99972.8	0	0
Be8	7454.85	0.689243	99972.8	0	0
neutron	939.565	0.708114	99972.7	0	0
B11	10252.5	0.13073	99972.7	0	0
neutron	939.565	20.145	99973.2	0	0
neutron	939.565	5.2754	99973.2	0	0
neutron	939.565	5.12448	99973.2	0	0
Be8	7454.85	0.364631	99973.2	0	0
neutron	939.565	14.3947	99973	0	0
neutron	939.565	5.48247	99973	0	0
neutron	939.565	1.42321	99973	0	0
alpha	3727.38	2.57761	99973	0	0
alpha	3727.38	4.50376	99973	0	0
B12	11188.7	0.354738	99971.7	0	0
neutron	939.565	15.5068	99973.8	0	0
neutron	939.565	0.955605	99973.8	0	0
alpha	3727.38	10.4847	99973.8	0	0
alpha	3727.38	2.59529	99973.8	0	0
neutron	939.565	3.35071	99973.5	0	0
neutron	939.565	0.515804	99973.5	0	0
B10	9324.44	0.0815209	99973.5	0	0
neutron	939.565	4.16832	99973.1	0	0
B11	10252.5	1.00517	99973.1	0	0
neutron	939.565	10.775	99972.9	0	0
Be10	9325.5	2.49879	99972.9	0	0
neutron	939.565	8.80158	99973.2	0	0
neutron	939.565	2.89507	99973.2	0	0
alpha	3727.38	2.24719	99973.2	0	0
alpha	3727.38	5.07494	99973.2	0	0
neutron	939.565	4.80664	99972.6	0	0
Be10	9325.5	0.439595	99972.6	0	0
neutron	939.565	2.6398	99972.1	0	0
B11	10252.5	0.244288	99972.1	0	0
neutron	939.565	0.50638	99973.7	0	0
Li9	8406.87	0.790896	99973.7	0	0
neutron	939.565	7.05036	99975.8	0	0
neutron	939.565	6.735	99975.8	0	0
alpha	3727.38	3.27912	99975.8	0	0
alpha	3727.38	4.43529	99975.8	0	0
neutron	939.565	1.95567	99972.7	0	0
B11	10252.5	0.935706	99972.7	0	0
neutron	939.565	7.28966	99972.1	0	0
neutron	939.565	0.961296	99972.1	0	0
Be9	8392.75	0.882114	99972.1	0	0
neutron	939.565	8.91494	99972.8	0	0
neutron	939.565	1.05624	99972.8	0	0
alpha	3727.38	2.79518	99972.8	0	0
alpha	3727.38	6.28213	99972.8	0	0
neutron	939.565	3.54074	99973.7	0	0
B11	10252.5	1.02521	99973.7	0	0
neutron	939.565	0.251326	99972.3	0	0
B11	10252.5	0.532205	99972.3	0	0
neutron	939.565	21.3251	99973.2	0	0
alpha	3727.38	6.74323	99973.2	0	0
alpha	3727.38	13.2628	99973.2	0	0
neutron	939.565	5.60602	99973.8	0	0
alpha	3727.38	3.44873	99973.8	0	0
Li7	6533.83	4.45678	99973.8	0	0
neutron	939.565	1.23527	99972.9	0	0
B11	10252.5	0.57035	99972.9	0	0
neutron	939.565	19.506	99972.8	0	0
neutron	939.565	4.42129	99972.8	0	0
B10	9324.44	1.38322	99972.8	0	0
neutron	939.565	3.84759	99972.3	0	0
neutron	939.565	1.91628	99972.3	0	0
Be8	7454.85	4.01196	99972.3	0	0
neutron	939.565	5.66074	99972.3	0	0
neutron	939.565	1.76836	99972.3	0	0
alpha	3727.38	11.3295	99972.3	0	0
alpha	3727.38	7.5951	99972.3	0	0
neutron	939.565	5.81738	99973.6	0	0
neutron	939.565	1.93559	99973.6	0	0
alpha	3727.38	5.21663	99973.6	0	0
alpha	3727.38	6.08448	99973.6	0	0
neutron	939.565	0.540002	99973	0	0
B11	10252.5	0.466522	99973	0	0
neutron	939.565	8.23909	99973.1	0	0
neutron	939.565	1.08645	99973.1	0	0
Be8	7454.85	1.42587	99973.1	0	0
neutron	939.565	17.3823	99972.9	0	0
neutron	939.565	5.0685	99972.9	0	0
neutron	939.565	0.194551	99972.9	0	0
Be8	7454.85	2.303	99972.9	0	0
neutron	939.565	1.04251	99973.5	0	0
B11	10252.5	0.624112	99973.5	0	0
neutron	939.565	6.88082	99972.3	0	0
neutron	939.565	0.109005	99972.3	0	0
B11	10252.5	0.997374	99972.3	0	0
neutron	939.565	7.59478	99973.9	0	0
Be10	9325.5	0.485031	99973.9	0	0
neutron	939.565	12.3183	99972.6	0	0
alpha	3727.38	3.08113	99972.6	0	0
alpha	3727.38	8.34897	99972.6	0	0
neutron	939.565	2.41064	99973.1	0	0
neutron	939.565	2.01998	99973.1	0	0
neutron	939.565	1.63825	99973.1	0	0
Be8	7454.85	0.91563	99973.1	0	0
neutron	939.565	18.5487	99973.4	0	0
neutron	939.565	3.28898	99973.4	0	0
alpha	3727.38	8.24448	99973.4	0	0
alpha	3727.38	2.27213	99973.4	0	0
neutron	939.565	1.25481	99972.8	0	0
Li9	8406.87	0.494889	99972.8	0	0
neutron	939.565	1.14093	99973.7	0	0
Be10	9325.5	4.39323	99973.7	0	0
neutron	939.565	1.63244	99972.8	0	0
B11	10252.5	0.133852	99972.8	0	0
neutron	939.565	9.72351	99972.8	0	0
neutron	939.565	3.66956	99972.8	0	0
neutron	939.565	0.144071	99972.8	0	0
Be8	7454.85	4.37889	99972.8	0	0
neutron	939.565	3.44559	99973.9	0	0
Be9	8392.75	1.34302	99973.9	0	0
neutron	939.565	4.38942	99973.2	0	0
B11	10252.5	1.04915	99973.2	0	0
neutron	939.565	14.2868	99973.4	0	0
neutron	939.565	1.51748	99973.4	0	0
alpha	3727.38	10.1293	99973.4	0	0
alpha	3727.38	5.15731	99973.4	0	0
neutron	939.565	26.7223	99972.8	0	0
neutron	939.565	6.25317	99972.8	0	0
neutron	939.565	0.737222	99972.8	0	0
alpha	3727.38	3.33636	99972.8	0	0
alpha	3727.38	5.53943	99972.8	0	0
neutron	939.565	17.6822	99972.5	0	0
B11	10252.5	1.46253	99972.5	0	0
B12	11188.7	0.369908	99974.9	0	0
neutron	939.565	6.92493	99974.2	0	0
Be8	7454.85	1.83367	99974.2	0	0
neutron	939.565	8.89189	99973.3	0	0
neutron	939.565	1.55102	99973.3	0	0
neutron	939.565	0.952826	99973.3	0	0
Be8	7454.85	1.24802	99973.3	0	0
neutron	939.565	5.51565	99973.6	0	0
B11	10252.5	0.588216	99973.6	0	0
neutron	939.565	3.06401	99971.7	0	0
B11	10252.5	0.443178	99971.7	0	0
neutron	939.565	2.66387	99973.2	0	0
B11	10252.5	0.45197	99973.2	0	0
Be9	8392.75	1.35876	99972.6	0	0
neutron	939.565	7.30957	99973.7	0	0
neutron	939.565	2.54357	99973.7	0	0
Be8	7454.85	1.35531	99973.7	0	0
neutron	939.565	10.865	99972.2	0	0
neutron	939.565	5.06778	99972.2	0	0
neutron	939.565	1.3927	99972.2	0	0
alpha	3727.38	7.85035	99972.2	0	0
alpha	3727.38	8.57651	99972.2	0	0
neutron	939.565	11.0095	99972.9	0	0
neutron	939.565	2.52225	99972.9	0	0
B10	9324.44	2.05427	99972.9	0	0
neutron	939.565	1.9971	99974.1	0	0
B11	10252.5	0.396526	99974.1	0	0
neutron	939.565	4.28992	99974.3	0	0
B11	10252.5	0.299669	99974.3	0	0
neutron	939.565	13.5298	99973	0	0
neutron	939.565	2.28034	99973	0	0
B10	9324.44	0.568257	99973	0	0
neutron	939.565	2.17151	99970.9	0	0
B11	10252.5	0.706202	99970.9	0	0
neutron	939.565	7.46098	99973.3	0	0
neutron	939.565	0.809533	99973.3	0	0
Be8	7454.85	1.68853	99973.3	0	0
neutron	939.565	9.56608	99973.1	0	0
neutron	939.565	2.75486	99973.1	0	0
neutron	939.565	1.47312	99973.1	0	0
alpha	3727.38	2.30769	99973.1	0	0
alpha	3727.38	20.8682	99973.1	0	0
neutron	939.565	4.68378	99973.3	0	0
B11	10252.5	0.115831	99973.3	0	0
neutron	939.565	18.0004	99973	0	0
alpha	3727.38	3.81417	99973	0	0
neutron	939.565	6.85795	99972.6	0	0
neutron	939.565	3.43735	99972.6	0	0
neutron	939.565	0.0810074	99972.6	0	0
Be8	7454.85	1.4131	99972.6	0	0
neutron	939.565	5.46028	99972.6	0	0
neutron	939.565	0.779678	99972.6	0	0
alpha	3727.38	6.44905	99972.6	0	0
alpha	3727.38	11.8397	99972.6	0	0
neutron	939.565	6.587	99973	0	0
neutron	939.565	2.76757	99973	0	0
neutron	939.565	0.177334	99973	0	0
Be8	7454.85	0.958944	99973	0	0
neutron	939.565	6.00122	99972.5	0	0
alpha	3727.38	2.10676	99972.5	0	0
alpha	3727.38	2.84822	99972.5	0	0
neutron	939.565	11.7653	99974.2	0	0
neutron	939.565	11.712	99974.2	0	0
B10	9324.44	5.28372	99974.2	0	0
neutron	939.565	36.1914	99973.1	0	0
Be8	7454.85	5.32185	99973.1	0	0
neutron	939.565	12.4393	99972.1	0	0
neutron	939.565	1.45727	99972.1	0	0
neutron	939.565	1.04845	99972.1	0	0
Be8	7454.85	0.58435	99972.1	0	0
neutron	939.565	5.92009	99975.9	0	0
B11	10252.5	0.531169	99975.9	0	0
neutron	939.565	21.9702	99973.8	0	0
neutron	939.565	7.72645	99973.8	0	0
Be8	7454.85	1.53552	99973.8	0	0
B12	11188.7	0.365085	99972.2	0	0
neutron	939.565	5.05666	99973.1	0	0
neutron	939.565	2.77501	99973.1	0	0
B10	9324.44	0.594688	99973.1	0	0
neutron	939.565	2.5399	99971.7	0	0
B11	10252.5	0.712659	99971.7	0	0
neutron	939.565	3.87551	99973.1	0	0
B11	10252.5	0.0801992	99973.1	0	0
neutron	939.565	7.20918	99973.4	0	0
neutron	939.565	0.618903	99973.4	0	0
Be9	8392.75	1.82643	99973.4	0	0
neutron	939.565	17.0423	99974.9	0	0
neutron	939.565	15.4384	99974.9	0	0
alpha	3727.38	6.73992	99974.9	0	0
He5	4667.68	1.64732	99974.9	0	0
neutron	939.565	6.95547	99974.9	0	0
B11	10252.5	0.609865	99974.9	0	0
neutron	939.565	9.47982	99973.3	0	0
B11	10252.5	0.613158	99973.3	0	0
neutron	939.565	4.13732	99972.2	0	0
alpha	3727.38	8.01787	99972.2	0	0
He6	5605.53	0.925903	99972.2	0	0
neutron	939.565	3.24039	99972.4	0	0
alpha	3727.38	3.59245	99972.4	0	0
alpha	3727.38	2.41785	99972.4	0	0
neutron	939.565	2.17132	99971.6	0	0
neutron	939.565	0.209398	99971.6	0	0
B10	9324.44	0.566622	99971.6	0	0
neutron	939.565	8.84385	99974.1	0	0
B11	10252.5	1.89539	99974.1	0	0
neutron	939.565	23.3139	99973.5	0	0
Be10	9325.5	2.14228	99973.5	0	0
neutron	939.565	2.32767	99972.1	0	0
Be10	9325.5	0.079321	99972.1	0	0
neutron	939.565	1.0378	99972.6	0	0
B11	10252.5	0.616134	99972.6	0	0
neutron	939.565	11.1778	99972	0	0
neutron	939.565	6.76202	99972	0	0
alpha	3727.38	4.28359	99972	0	0
alpha	3727.38	5.46251	99972	0	0
neutron	939.565	0.424446	99973.7	0	0
B11	10252.5	0.381759	99973.7	0	0
neutron	939.565	1.3757	99972.5	0	0
B11	10252.5	0.77568	99972.5	0	0
neutron	939.565	3.55758	99974.7	0	0
B11	10252.5	1.18813	99974.7	0	0
neutron	939.565	2.35263	99973.7	0	0
Be10	9325.5	4.14937	99973.7	0	0
neutron	939.565	2.77876	99971.9	0	0
neutron	939.565	1.90744	99971.9	0	0
neutron	939.565	0.770399	99971.9	0	0
Li7	6533.83	4.14982	99971.9	0	0
neutron	939.565	3.59505	99973.7	0	0
B11	10252.5	1.15944	99973.7	0	0
neutron	939.565	23.9728	99973.2	0	0
neutron	939.565	0.329926	99973.2	0	0
neutron	939.565	0.29419	99973.2	0	0
alpha	3727.38	4.19941	99973.2	0	0
alpha	3727.38	2.40503	99973.2	0	0
neutron	939.565	7.34397	99974.8	0	0
B11	10252.5	0.149204	99974.8	0	0
C12	11174.9	0.497839	99986.8	28.3538	27.7864
neutron	939.565	21.8776	99973.5	0	0
neutron	939.565	12.1129	99973.5	0	0
Be8	7454.85	1.5945	99973.5	0	0
neutron	939.565	4.28848	99973.7	0	0
B11	10252.5	0.571953	99973.7	0	0
neutron	939.565	7.0468	99973.1	0	0
neutron	939.565	1.29613	99973.1	0	0
Be9	8392.75	0.287062	99973.1	0	0
neutron	939.565	0.461313	99973.8	0	0
B11	10252.5	0.359214	99973.8	0	0
neutron	939.565	3.29339	99973.1	0	0
B11	10252.5	0.193227	99973.1	0	0
Be10	9325.5	2.32917	99974.6	0	0
neutron	939.565	3.40804	99975.4	0	0
B11	10252.5	0.5097	99975.4	0	0
C12	11174.9	0.399799	99982.1	22.1384	21.1049
neutron	939.565	8.6844	99973.2	0	0
Be10	9325.5	0.143169	99973.2	0	0
neutron	939.565	2.74045	99973.3	0	0
neutron	939.565	0.122981	99973.3	0	0
B10	9324.44	0.155924	99973.3	0	0
neutron	939.565	9.75711	99973.6	0	0
neutron	939.565	0.991036	99973.6	0	0
B10	9324.44	0.661308	99973.6	0	0
neutron	939.565	8.80203	99973.8	0	0
neutron	939.565	8.71471	99973.8	0	0
Be8	7454.85	1.34029	99973.8	0	0
neutron	939.565	24.4933	99972.6	0	0
alpha	3727.38	3.64189	99972.6	0	0
alpha	3727.38	0.950136	99972.6	0	0
neutron	939.565	4.30679	99973.3	0	0
alpha	3727.38	3.33788	99973.3	0	0
Li7	6533.83	1.06807	99973.3	0	0
neutron	939.565	1.546	99972.2	0	0
B11	10252.5	0.487064	99972.2	0	0
neutron	939.565	6.98018	99972.5	0	0
neutron	939.565	3.79395	99972.5	0	0
B10	9324.44	0.988483	99972.5	0	0
neutron	939.565	22.2908	99974.5	0	0
neutron	939.565	3.92958	99974.5	0	0
neutron	939.565	3.12554	99974.5	0	0
Be8	7454.85	1.31822	99974.5	0	0
neutron	939.565	5.57779	99972.7	0	0
alpha	3727.38	6.78993	99972.7	0	0
alpha	3727.38	3.55857	99972.7	0	0
C12	11174.9	0.346206	99999.1	41.5886	40.9385
neutron	939.565	3.79214	99971.9	0	0
neutron	939.565	1.7075	99972.6	0	0
neutron	939.565	1.42187	99972.6	0	0
B10	9324.44	1.04537	99972.6	0	0
neutron	939.565	4.48189	99973.6	0	0
neutron	939.565	1.69366	99973.6	0	0
Be9	8392.75	0.232473	99973.6	0	0
neutron	939.565	0.436563	99972.2	0	0
B11	10252.5	0.505461	99972.2	0	0
neutron	939.565	6.75008	99974.1	0	0
neutron	939.565	3.62926	99974.1	0	0
alpha	3727.38	4.47173	99974.1	0	0
alpha	3727.38	4.55915	99974.1	0	0
neutron	939.565	22.1866	99973.7	0	0
neutron	939.565	1.40663	99973.7	0	0
Be9	8392.75	3.28222	99973.7	0	0
neutron	939.565	2.09169	99971	0	0
B11	10252.5	0.125776	99971	0	0
neutron	939.565	10.346	99972.1	0	0
neutron	939.565	0.173015	99972.1	0	0
Be9	8392.75	1.66805	99972.1	0	0
neutron	939.565	1.68464	99973.2	0	0
Be10	9325.5	0.543038	99973.2	0	0
neutron	939.565	18.3923	99973.7	0	0
neutron	939.565	0.579994	99973.7	0	0
B10	9324.44	1.65911	99973.7	0	0
C12	11174.9	0.440026	99977.4	15.8398	15.04
neutron	939.565	13.7941	99974	0	0
neutron	939.565	0.913381	99974	0	0
Be9	8392.75	2.09196	99974	0	0
neutron	939.565	5.88821	99972.1	0	0
Be8	7454.85	2.47259	99972.1	0	0
neutron	939.565	17.1051	99973.1	0	0
Be9	8392.75	1.31738	99973.1	0	0
B12	11188.7	0.36432	99972.4	0	0
neutron	939.565	29.7455	99973	0	0
neutron	939.565	10.3201	99973	0	0
neutron	939.565	3.15422	99973	0	0
Be8	7454.85	2.51145	99973	0	0
neutron	939.565	11.0588	99974.2	0	0
neutron	939.565	1.35889	99974.2	0	0
Be9	8392.75	1.83031	99974.2	0	0
neutron	939.565	0.176967	99973.7	0	0
B11	10252.5	0.310327	99973.7	0	0
neutron	939.565	3.23142	99972.9	0	0
neutron	939.565	0.32533	99972.9	0	0
alpha	3727.38	5.37383	99972.9	0	0
alpha	3727.38	2.41774	99972.9	0	0
neutron	939.565	26.5651	99973.8	0	0
neutron	939.565	6.47468	99973.8	0	0
Be8	7454.85	4.53108	99973.8	0	0
neutron	939.565	3.94519	99972.6	0	0
B11	10252.5	0.600185	99972.6	0	0
neutron	939.565	29.6915	99974.1	0	0
neutron	939.565	1.5462	99974.1	0	0
neutron	939.565	1.09508	99974.1	0	0
Be8	7454.85	3.91643	99974.1	0	0
neutron	939.565	1.91402	99972.1	0	0
B11	10252.5	0.82072	99972.1	0	0
neutron	939.565	1.60989	99972.5	0	0
neutron	939.565	1.14064	99972.5	0	0
Be9	8392.75	0.75957	99972.5	0	0
neutron	939.565	6.22871	99974.1	0	0
alpha	3727.38	5.96581	99974.1	0	0
alpha	3727.38	3.1448	99974.1	0	0
neutron	939.565	5.82029	99972.7	0	0
neutron	939.565	1.36335	99972.7	0	0
neutron	939.565	0.246345	99972.7	0	0
Be8	7454.85	1.27541	99972.7	0	0
neutron	939.565	20.7843	99972.8	0	0
Be10	9325.5	3.03292	99972.8	0	0
neutron	939.565	19.8402	99972.5	0	0
neutron	939.565	5.39345	99972.5	0	0
alpha	3727.38	10.1871	99972.5	0	0
alpha	3727.38	5.57771	99972.5	0	0
neutron	939.565	0.449816	99974.5	0	0
B11	10252.5	0.278332	99974.5	0	0
neutron	939.565	11.8244	99971.9	0	0
B11	10252.5	0.348079	99971.9	0	0
neutron	939.565	7.26652	99972.4	0	0
alpha	3727.38	2.49592	99972.4	0	0
He6	5605.53	5.98532	99972.4	0	0
neutron	939.565	22.2494	99974.2	0	0
Be10	9325.5	1.3917	99974.2	0	0
neutron	939.565	4.75282	99973.3	0	0
neutron	939.565	2.29072	99973.3	0	0
neutron	939.565	1.08508	99973.3	0	0
Be8	7454.85	3.17971	99973.3	0	0
neutron	939.565	3.16557	99973.5	0	0
B11	10252.5	1.18805	99973.5	0	0
neutron	939.565	12.4642	99972.6	0	0
B11	10252.5	0.398262	99972.6	0	0
neutron	939.565	18.5878	99972.5	0	0
neutron	939.565	2.94635	99972.5	0	0
B10	9324.44	3.25355	99972.5	0	0
neutron	939.565	0.67171	99973.4	0	0
B11	10252.5	0.622396	99973.4	0	0
neutron	939.565	0.40671	99972.7	0	0
B11	10252.5	0.325744	99972.7	0	0
neutron	939.565	8.48934	99972.5	0	0
Be10	9325.5	0.848126	99972.5	0	0
neutron	939.565	6.73142	99972.9	0	0
neutron	939.565	4.72235	99972.9	0	0
neutron	939.565	1.29565	99972.9	0	0
Be8	7454.85	0.218137	99972.9	0	0
neutron	939.565	6.36818	99973.6	0	0
neutron	939.565	5.63749	99973.6	0	0
Be8	7454.85	2.90735	99973.6	0	0
neutron	939.565	2.05731	99972.6	0	0
B11	10252.5	0.573296	99972.6	0	0
neutron	939.565	23.98	99973	0	0
neutron	939.565	17.0375	99973	0	0
B10	9324.44	1.51192	99973	0	0
neutron	939.565	21.4656	99972.4	0	0
neutron	939.565	7.63159	99972.4	0	0
neutron	939.565	3.5185	99972.4	0	0
Be8	7454.85	1.43198	99972.4	0	0
neutron	939.565	2.71608	99971.8	0	0
alpha	3727.38	3.84678	99971.8	0	0
Li7	6533.83	0.784696	99971.8	0	0
neutron	939.565	4.05976	99973.1	0	0
B11	10252.5	0.486563	99973.1	0	0
neutron	939.565	41.6351	99973	0	0
neutron	939.565	7.82299	99973	0	0
neutron	939.565	3.01251	99973	0	0
alpha	3727.38	10.0295	99973	0	0
alpha	3727.38	0.192193	99973	0	0
neutron	939.565	5.90125	99973.8	0	0
alpha	3727.38	4.57976	99973.8	0	0
alpha	3727.38	2.88695	99973.8	0	0
neutron	939.565	4.68578	99972.8	0	0
B11	10252.5	0.80208	99972.8	0	0
neutron	939.565	0.810918	99972.8	0	0
Be8	7454.85	1.77014	99972.8	0	0
neutron	939.565	25.1941	99974	0	0
neutron	939.565	3.22571	99974	0	0
Be8	7454.85	2.72461	99974	0	0
neutron	939.565	0.861385	99973.6	0	0
Be8	7454.85	2.05963	99973.6	0	0
neutron	939.565	0.798535	99973.3	0	0
B11	10252.5	0.74484	99973.3	0	0
neutron	939.565	1.58408	99972.6	0	0
B11	10252.5	0.10135	99972.6	0	0
neutron	939.565	4.43524	99973	0	0
neutron	939.565	1.77977	99973	0	0
neutron	939.565	1.68182	99973	0	0
alpha	3727.38	4.34189	99973	0	0
alpha	3727.38	1.45279	99973	0	0
neutron	939.565	31.8602	99974.5	0	0
neutron	939.565	4.75765	99974.5	0	0
alpha	3727.38	3.86798	99974.5	0	0
alpha	3727.38	2.37193	99974.5	0	0
B12	11188.7	0.353978	99972	0	0
neutron	939.565	9.02031	99972.7	0	0
neutron	939.565	7.18454	99972.7	0	0
Be8	7454.85	1.83659	99972.7	0	0
neutron	939.565	10.8241	99973.6	0	0
neutron	939.565	5.20458	99973.6	0	0
B10	9324.44	1.82898	99973.6	0	0
neutron	939.565	28.6448	99973.1	0	0
neutron	939.565	11.9084	99973.1	0	0
neutron	939.565	1.41827	99973.1	0	0
Be8	7454.85	1.85747	99973.1	0	0
alpha	3727.38	12.5781	99973	0	0
He6	5605.53	2.14113	99973	0	0
neutron	939.565	9.1933	99972	0	0
neutron	939.565	8.07299	99972	0	0
B10	9324.44	0.812308	99972	0	0
neutron	939.565	1.70709	99973.9	0	0
B11	10252.5	0.163388	99973.9	0	0
neutron	939.565	7.34328	99973.1	0	0
neutron	939.565	1.51419	99973.1	0	0
B10	9324.44	0.374491	99973.1	0	0
neutron	939.565	13.345	99973.8	0	0
Be8	7454.85	0.250516	99973.8	0	0
neutron	939.565	9.69368	99972.9	0	0
neutron	939.565	7.24006	99972.9	0	0
neutron	939.565	0.430992	99972.9	0	0
Be8	7454.85	2.02167	99972.9	0	0
Be10	9325.5	0.852709	99972.7	0	0
neutron	939.565	5.05931	99972.3	0	0
alpha	3727.38	3.72898	99972.3	0	0
alpha	3727.38	10.2951	99972.3	0	0
neutron	939.565	14.0021	99974.9	0	0
B11	10252.5	1.04318	99974.9	0	0
neutron	939.565	15.0835	99972.9	0	0
neutron	939.565	7.14201	99972.9	0	0
Be8	7454.85	0.660023	99972.9	0	0
neutron	939.565	10.5616	99971	0	0
neutron	939.565	6.87544	99971	0	0
Be8	7454.85	1.33737	99971	0	0
neutron	939.565	11.1772	99972	0	0
alpha	3727.38	2.62973	99972	0	0
He6	5605.53	5.6289	99972	0	0
neutron	939.565	4.86406	99972.4	0	0
neutron	939.565	3.63806	99972.4	0	0
neutron	939.565	1.74476	99972.4	0	0
Be8	7454.85	1.78794	99972.4	0	0
neutron	939.565	11.3055	99972.5	0	0
neutron	939.565	5.15156	99972.5	0	0
neutron	939.565	1.51225	99972.5	0	0
alpha	3727.38	2.31148	99972.5	0	0
alpha	3727.38	4.38063	99972.5	0	0
neutron	939.565	6.23388	99972.1	0	0
B11	10252.5	1.23948	99972.1	0	0
neutron	939.565	4.43273	99971.9	0	0
B11	10252.5	0.117373	99971.9	0	0
neutron	939.565	12.8955	99972.9	0	0
alpha	3727.38	6.9096	99972.9	0	0
alpha	3727.38	10.4333	99972.9	0	0
neutron	939.565	8.09822	99973.5	0	0
B11	10252.5	0.377012	99973.5	0	0
neutron	939.565	8.01668	99973.1	0	0
Be8	7454.85	0.961098	99973.1	0	0
neutron	939.565	13.436	99972.9	0	0
neutron	939.565	3.21985	99972.9	0	0
alpha	3727.38	2.60251	99972.9	0	0
alpha	3727.38	13.0825	99972.9	0	0
neutron	939.565	6.21822	99972.8	0	0
neutron	939.565	4.20293	99972.8	0	0
Be8	7454.85	4.26905	99972.8	0	0
neutron	939.565	6.33655	99972.7	0	0
neutron	939.565	4.4912	99972.7	0	0
neutron	939.565	0.93871	99972.7	0	0
alpha	3727.38	13.7871	99972.7	0	0
alpha	3727.38	4.93515	99972.7	0	0
neutron	939.565	9.7189	99972.5	0	0
alpha	3727.38	12.704	99972.5	0	0
alpha	3727.38	6.58767	99972.5	0	0
neutron	939.565	8.01313	99974.6	0	0
B11	10252.5	1.11544	99974.6	0	0
neutron	939.565	4.7556	99973.4	0	0
neutron	939.565	3.82545	99973.4	0	0
neutron	939.565	1.70901	99973.4	0	0
Be8	7454.85	3.0237	99973.4	0	0
neutron	939.565	1.42193	99973.4	0	0
B11	10252.5	0.413257	99973.4	0	0
neutron	939.565	5.95824	99972.8	0	0
neutron	939.565	1.75088	99972.8	0	0
B10	9324.44	0.505669	99972.8	0	0
neutron	939.565	6.64536	99971.9	0	0
neutron	939.565	1.20258	99971.9	0	0
neutron	939.565	0.782817	99971.9	0	0
alpha	3727.38	9.16528	99971.9	0	0
alpha	3727.38	2.23542	99971.9	0	0
neutron	939.565	7.37496	99972.1	0	0
neutron	939.565	2.67734	99972.1	0	0
neutron	939.565	1.58292	99972.1	0	0
alpha	3727.38	1.30005	99972.1	0	0
neutron	939.565	30.6378	99971.6	0	0
neutron	939.565	2.09768	99971.6	0	0
Be8	7454.85	0.701037	99971.6	0	0
neutron	939.565	17.3289	99973	0	0
neutron	939.565	6.36325	99973	0	0
B10	9324.44	2.73513	99973	0	0
neutron	939.565	4.64519	99972.7	0	0
B11	10252.5	0.219569	99972.7	0	0
neutron	939.565	4.06533	99973.2	0	0
B11	10252.5	0.698685	99973.2	0	0
neutron	939.565	5.89646	99974.3	0	0
neutron	939.565	4.2336	99974.3	0	0
Be8	7454.85	2.89243	99974.3	0	0
neutron	939.565	4.25409	99973.1	0	0
Be10	9325.5	6.56141	99973.1	0	0
neutron	939.565	1.8976	99972.8	0	0
B11	10252.5	0.590019	99972.8	0	0
neutron	939.565	8.00174	99972.4	0	0
Be10	9325.5	1.31487	99972.4	0	0
neutron	939.565	2.36571	99971.8	0	0
B11	10252.5	0.147815	99971.8	0	0
B12	11188.7	0.3508	99973.2	0	0
neutron	939.565	26.4108	99973.7	0	0
Be8	7454.85	0.908399	99973.7	0	0
neutron	939.565	1.53631	99975.1	0	0
alpha	3727.38	0.440106	99975.1	0	0
alpha	3727.38	6.4906	99975.1	0	0
neutron	939.565	35.8469	99974.2	0	0
neutron	939.565	1.61287	99974.2	0	0
B10	9324.44	4.07824	99974.2	0	0
neutron	939.565	1.85853	99974.6	0	0
alpha	3727.38	2.12254	99974.6	0	0
alpha	3727.38	4.85467	99974.6	0	0
neutron	939.565	5.25109	99973.6	0	0
B11	10252.5	0.0965395	99973.6	0	0
neutron	939.565	6.02293	99973.2	0	0
neutron	939.565	1.35036	99973.2	0	0
Be8	7454.85	1.59453	99973.2	0	0
neutron	939.565	16.9959	99972.3	0	0
neutron	939.565	3.79259	99972.3	0	0
alpha	3727.38	8.65682	99972.3	0	0
alpha	3727.38	1.01654	99972.3	0	0
neutron	939.565	0.771206	99972.7	0	0
B11	10252.5	0.174037	99972.7	0	0
B12	11188.7	0.347812	99972.6	0	0
neutron	939.565	10.16	99974.3	0	0
neutron	939.565	5.09312	99974.3	0	0
B10	9324.44	0.90025	99974.3	0	0
neutron	939.565	5.87328	99974.4	0	0
B11	10252.5	0.138491	99974.4	0	0
neutron	939.565	8.93827	99972.6	0	0
neutron	939.565	6.91658	99972.6	0	0
neutron	939.565	1.85186	99972.6	0	0
Be8	7454.85	2.01067	99972.6	0	0
neutron	939.565	8.11841	99972.7	0	0
Be10	9325.5	0.481074	99972.7	0	0
neutron	939.565	2.0487	99972.4	0	0
alpha	3727.38	7.47281	99972.4	0	0
alpha	3727.38	4.46787	99972.4	0	0
neutron	939.565	1.15349	99972.8	0	0
B11	10252.5	0.112743	99972.8	0	0
neutron	939.565	13.006	99972.5	0	0
neutron	939.565	9.42137	99972.5	0	0
B10	9324.44	4.08242	99972.5	0	0
neutron	939.565	9.0481	99973.4	0	0
B11	10252.5	0.497798	99973.4	0	0
neutron	939.565	16.0143	99973.3	0	0
neutron	939.565	7.39531	99973.3	0	0
B10	9324.44	0.225093	99973.3	0	0
neutron	939.565	0.265016	99973.6	0	0
Be9	8392.75	0.492852	99973.6	0	0
neutron	939.565	10.8621	99972	0	0
Be9	8392.75	1.78737	99972	0	0
neutron	939.565	33.563	99972.8	0	0
neutron	939.565	1.4984	99972.8	0	0
neutron	939.565	1.32098	99972.8	0	0
Be8	7454.85	6.32175	99972.8	0	0
neutron	939.565	1.24031	99972.2	0	0
B11	10252.5	0.737282	99972.2	0	0
neutron	939.565	7.79133	99974.2	0	0
neutron	939.565	4.82213	99974.2	0	0
Be8	7454.85	1.2019	99974.2	0	0
neutron	939.565	0.900543	99973.2	0	0
Be10	9325.5	1.07345	99973.2	0	0
neutron	939.565	6.61346	99972.4	0	0
neutron	939.565	0.91787	99972.4	0	0
neutron	939.565	0.90621	99972.4	0	0
Be8	7454.85	0.532724	99972.4	0	0
B12	11188.7	0.362925	99971.9	0	0
neutron	939.565	7.50782	99972.1	0	0
neutron	939.565	2.33349	99972.1	0	0
B10	9324.44	2.31444	99972.1	0	0
neutron	939.565	9.98922	99973.7	0	0
neutron	939.565	6.31528	99973.7	0	0
neutron	939.565	0.890038	99973.7	0	0
alpha	3727.38	3.11932	99973.7	0	0
alpha	3727.38	5.46575	99973.7	0	0
neutron	939.565	0.185497	99973.7	0	0
B11	10252.5	0.498311	99973.7	0	0
neutron	939.565	24.7038	99972	0	0
neutron	939.565	6.53423	99972	0	0
Be8	7454.85	2.89631	99972	0	0
neutron	939.565	9.06431	99973.3	0	0
neutron	939.565	0.613898	99973.3	0	0
alpha	3727.38	2.75768	99973.3	0	0
alpha	3727.38	4.59596	99973.3	0	0
neutron	939.565	15.5496	99972.3	0	0
neutron	939.565	15.0878	99972.3	0	0
neutron	939.565	7.95984	99972.3	0	0
alpha	3727.38	8.88837	99972.3	0	0
alpha	3727.38	6.35126	99972.3	0	0
neutron	939.565	0.602346	99972.5	0	0
B11	10252.5	0.175336	99972.5	0	0
neutron	939.565	6.94978	99973.2	0	0
neutron	939.565	6.81324	99973.2	0	0
Be8	7454.85	0.538243	99973.2	0	0
neutron	939.565	0.267423	99972.5	0	0
B11	10252.5	0.357338	99972.5	0	0
neutron	939.565	13.0971	99973.3	0	0
neutron	939.565	3.76564	99973.3	0	0
neutron	939.565	2.89545	99973.3	0	0
Li5	4667.62	6.3095	99973.3	0	0
neutron	939.565	0.604945	99972.9	0	0
B11	10252.5	0.568118	99972.9	0	0
neutron	939.565	1.79137	99973	0	0
Be10	9325.5	0.554019	99973	0	0
neutron	939.565	16.9572	99972.1	0	0
neutron	939.565	6.18535	99972.1	0	0
neutron	939.565	1.82151	99972.1	0	0
alpha	3727.38	7.39169	99972.1	0	0
alpha	3727.38	2.5064	99972.1	0	0
neutron	939.565	7.90884	99973.2	0	0
neutron	939.565	6.62177	99973.2	0	0
alpha	3727.38	0.997692	99973.2	0	0
alpha	3727.38	4.07794	99973.2	0	0
B12	11188.7	0.362661	99973.4	0	0
neutron	939.565	3.16954	99973.9	0	0
alpha	3727.38	1.5381	99973.9	0	0
neutron	939.565	9.27912	99973.1	0	0
B11	10252.5	1.86145	99973.1	0	0
neutron	939.565	11.45	99972	0	0
B11	10252.5	1.14305	99972	0	0
neutron	939.565	5.29093	99972.9	0	0
neutron	939.565	3.67674	99972.9	0	0
B10	9324.44	0.340987	99972.9	0	0
neutron	939.565	27.77	99972.5	0	0
B11	10252.5	2.44956	99972.5	0	0
neutron	939.565	7.60968	99971.9	0	0
neutron	939.565	7.38058	99971.9	0	0
neutron	939.565	1.20071	99971.9	0	0
alpha	3727.38	4.56061	99971.9	0	0
alpha	3727.38	3.28937	99971.9	0	0
neutron	939.565	3.46248	99973.5	0	0
neutron	939.565	0.315945	99973.5	0	0
Be9	8392.75	2.24142	99973.5	0	0
neutron	939.565	18.6915	99972.7	0	0
neutron	939.565	3.7916	99972.7	0	0
alpha	3727.38	5.30782	99972.7	0	0
alpha	3727.38	10.1296	99972.7	0	0
neutron	939.565	25.2573	99972.4	0	0
Be10	9325.5	3.68316	99972.4	0	0
neutron	939.565	5.9078	99973.3	0	0
neutron	939.565	2.17586	99973.3	0	0
B10	9324.44	1.28202	99973.3	0	0
neutron	939.565	1.91492	99971.7	0	0
alpha	3727.38	2.77723	99971.7	0	0
alpha	3727.38	1.76695	99971.7	0	0
neutron	939.565	16.1628	99972.5	0	0
B11	10252.5	1.2325	99972.5	0	0
neutron	939.565	19.4166	99972.6	0	0
neutron	939.565	10.5727	99972.6	0	0
Be8	7454.85	0.65651	99972.6	0	0
neutron	939.565	7.43849	99972.6	0	0
B11	10252.5	0.144838	99972.6	0	0
neutron	939.565	0.910334	99972.6	0	0
B11	10252.5	0.137215	99972.6	0	0
neutron	939.565	12.7782	99973.3	0	0
neutron	939.565	5.37544	99973.3	0	0
alpha	3727.38	7.27803	99973.3	0	0
alpha	3727.38	5.25277	99973.3	0	0
neutron	939.565	3.82925	99972.7	0	0
Be10	9325.5	0.53827	99972.7	0	0
neutron	939.565	9.97597	99972.8	0	0
neutron	939.565	6.53964	99972.8	0	0
neutron	939.565	4.2522	99972.8	0	0
Be8	7454.85	2.21634	99972.8	0	0
neutron	939.565	10.1351	99974.3	0	0
neutron	939.565	2.55658	99974.3	0	0
neutron	939.565	2.00726	99974.3	0	0
alpha	3727.38	5.66882	99974.3	0	0
Li5	4667.62	1.48388	99974.3	0	0
neutron	939.565	2.89358	99973.7	0	0
B11	10252.5	0.953804	99973.7	0	0
neutron	939.565	12.7161	99972.3	0	0
neutron	939.565	2.02173	99972.3	0	0
B11	10252.5	0.606525	99972.3	0	0
neutron	939.565	24.3721	99973.5	0	0
Be10	9325.5	3.27496	99973.5	0	0
neutron	939.565	1.47933	99973	0	0
B11	10252.5	0.224401	99973	0	0
neutron	939.565	0.35356	99974	0	0
B11	10252.5	0.485689	99974	0	0
neutron	939.565	0.277887	99972.3	0	0
B11	10252.5	0.48423	99972.3	0	0
neutron	939.565	0.665184	99973.1	0	0
B11	10252.5	0.107569	99973.1	0	0
neutron	939.565	24.0614	99972.2	0	0
neutron	939.565	5.4882	99972.2	0	0
alpha	3727.38	0.649258	99972.2	0	0
alpha	3727.38	7.83481	99972.2	0	0
neutron	939.565	0.551839	99973.6	0	0
B11	10252.5	0.639936	99973.6	0	0
neutron	939.565	26.7103	99971.6	0	0
neutron	939.565	6.78294	99971.6	0	0
neutron	939.565	4.60663	99971.6	0	0
alpha	3727.38	4.53234	99971.6	0	0
alpha	3727.38	2.56215	99971.6	0	0
neutron	939.565	8.86606	99973.2	0	0
neutron	939.565	6.34754	99973.2	0	0
Be8	7454.85	3.75677	99973.2	0	0
neutron	939.565	3.81646	99972.3	0	0
B11	10252.5	1.19306	99972.3	0	0
neutron	939.565	10.3349	99972.1	0	0
neutron	939.565	4.36394	99972.1	0	0
alpha	3727.38	5.12029	99972.1	0	0
alpha	3727.38	1.6178	99972.1	0	0
neutron	939.565	5.23207	99972.9	0	0
B11	10252.5	0.519356	99972.9	0	0
neutron	939.565	9.63282	99972.8	0	0
alpha	3727.38	4.94021	99972.8	0	0
He6	5605.53	1.18027	99972.8	0	0
neutron	939.565	4.47108	99971.6	0	0
B11	10252.5	0.119746	99971.6	0	0
neutron	939.565	15.7513	99973.3	0	0
neutron	939.565	12.7416	99973.3	0	0
alpha	3727.38	5.05263	99973.3	0	0
Li6	5601.52	2.331	99973.3	0	0
neutron	939.565	8.34172	99972.2	0	0
neutron	939.565	0.865291	99972.2	0	0
B10	9324.44	0.394047	99972.2	0	0
neutron	939.565	8.18081	99972	0	0
neutron	939.565	4.25748	99972	0	0
Be9	8392.75	1.86936	99972	0	0
neutron	939.565	0.397058	99972.5	0	0
B11	10252.5	0.29224	99972.5	0	0
neutron	939.565	3.01428	99973.3	0	0
neutron	939.565	1.0817	99973.3	0	0
B11	10252.5	0.973673	99973.3	0	0
neutron	939.565	4.89936	99971.6	0	0
neutron	939.565	2.99463	99971.6	0	0
B10	9324.44	0.717782	99971.6	0	0
neutron	939.565	1.71318	99972.4	0	0
B11	10252.5	0.623976	99972.4	0	0
neutron	939.565	2.09475	99973.5	0	0
neutron	939.565	1.19884	99973.5	0	0
B10	9324.44	0.47514	99973.5	0	0
neutron	939.565	0.268155	99973.7	0	0
alpha	3727.38	2.39568	99973.7	0	0
Li7	6533.83	1.05713	99973.7	0	0
Be10	9325.5	1.35018	99973	0	0
neutron	939.565	18.3625	99972.7	0	0
neutron	939.565	14.9446	99972.7	0	0
alpha	3727.38	7.05801	99972.7	0	0
alpha	3727.38	1.00509	99972.7	0	0
neutron	939.565	23.9076	99973.6	0	0
neutron	939.565	11.6124	99973.6	0	0
alpha	3727.38	8.58528	99973.6	0	0
alpha	3727.38	0.073482	99973.6	0	0
neutron	939.565	7.73913	99973	0	0
neutron	939.565	0.629306	99973	0	0
alpha	3727.38	3.29409	99973	0	0
Li6	5601.52	1.95967	99973	0	0
neutron	939.565	6.04774	99973.1	0	0
B11	10252.5	0.591686	99973.1	0	0
neutron	939.565	4.99264	99971.7	0	0
alpha	3727.38	3.56247	99971.7	0	0
alpha	3727.38	3.9414	99971.7	0	0
neutron	939.565	40.9762	99973.1	0	0
neutron	939.565	6.13034	99973.1	0	0
B10	9324.44	6.31717	99973.1	0	0
neutron	939.565	16.6438	99973.9	0	0
neutron	939.565	1.10809	99973.9	0	0
alpha	3727.38	9.22123	99973.9	0	0
alpha	3727.38	6.80298	99973.9	0	0
neutron	939.565	3.2177	99970.9	0	0
Be10	9325.5	2.10331	99970.9	0	0
