neutron	939.565	27.6873	99999.6	0	0
neutron	939.565	10.1277	99999.6	0	0
Be8	7454.85	1.021	99999.6	0	0
neutron	939.565	14.1784	99999.6	0	0
neutron	939.565	2.62447	99999.6	0	0
B10	9324.44	0.87964	99999.6	0	0
neutron	939.565	2.6859	99999.6	0	0
B11	10252.5	0.504106	99999.6	0	0
neutron	939.565	13.1379	99999.6	0	0
neutron	939.565	4.31737	99999.6	0	0
Be8	7454.85	1.90727	99999.6	0	0
neutron	939.565	23.8073	99999.6	0	0
neutron	939.565	10.0586	99999.6	0	0
neutron	939.565	9.59583	99999.6	0	0
alpha	3727.38	8.06016	99999.6	0	0
alpha	3727.38	3.73329	99999.6	0	0
neutron	939.565	20.1836	99999.6	0	0
neutron	939.565	3.32561	99999.6	0	0
alpha	3727.38	1.34372	99999.6	0	0
alpha	3727.38	9.06151	99999.6	0	0
neutron	939.565	17.1927	99999.6	0	0
neutron	939.565	10.0586	99999.6	0	0
neutron	939.565	2.9222	99999.6	0	0
Be8	7454.85	2.40965	99999.6	0	0
neutron	939.565	4.18205	99999.6	0	0
neutron	939.565	2.59996	99999.6	0	0
alpha	3727.38	1.06918	99999.6	0	0
alpha	3727.38	6.23598	99999.6	0	0
neutron	939.565	0.718368	99999.6	0	0
B11	10252.5	0.45416	99999.6	0	0
neutron	939.565	0.245378	99999.6	0	0
B11	10252.5	0.258413	99999.6	0	0
neutron	939.565	4.85506	99999.6	0	0
neutron	939.565	3.38619	99999.6	0	0
neutron	939.565	2.07204	99999.6	0	0
Be8	7454.85	3.06553	99999.6	0	0
neutron	939.565	2.88345	99999.6	0	0
Be10	9325.5	0.877863	99999.6	0	0
neutron	939.565	0.173675	99999.6	0	0
B11	10252.5	0.357121	99999.6	0	0
neutron	939.565	6.44973	99999.6	0	0
neutron	939.565	0.457778	99999.6	0	0
neutron	939.565	0.338322	99999.6	0	0
Be8	7454.85	4.51541	99999.6	0	0
neutron	939.565	12.4195	99999.6	0	0
alpha	3727.38	4.68208	99999.6	0	0
alpha	3727.38	5.16828	99999.6	0	0
neutron	939.565	16.4789	99999.6	0	0
neutron	939.565	5.28795	99999.6	0	0
neutron	939.565	1.29449	99999.6	0	0
alpha	3727.38	2.15592	99999.6	0	0
alpha	3727.38	5.29806	99999.6	0	0
neutron	939.565	5.95288	99999.6	0	0
neutron	939.565	0.166511	99999.6	0	0
Be8	7454.85	2.72358	99999.6	0	0
neutron	939.565	21.7729	99999.6	0	0
neutron	939.565	6.56656	99999.6	0	0
neutron	939.565	4.67897	99999.6	0	0
Be8	7454.85	3.78252	99999.6	0	0
neutron	939.565	7.26272	99999.6	0	0
neutron	939.565	3.6517	99999.6	0	0
Be8	7454.85	2.51233	99999.6	0	0
neutron	939.565	3.99963	99999.6	0	0
B11	10252.5	0.997953	99999.6	0	0
neutron	939.565	13.0462	99999.6	0	0
alpha	3727.38	2.0875	99999.6	0	0
alpha	3727.38	8.35556	99999.6	0	0
neutron	939.565	6.71802	99999.7	0	0
B11	10252.5	0.648432	99999.7	0	0
neutron	939.565	4.03616	99999.6	0	0
Be10	9325.5	1.55668	99999.6	0	0
neutron	939.565	18.6635	99999.6	0	0
neutron	939.565	15.2106	99999.6	0	0
neutron	939.565	8.48317	99999.6	0	0
B9	8393.31	2.64642	99999.6	0	0
neutron	939.565	2.32403	99999.6	0	0
neutron	939.565	1.91257	99999.6	0	0
B10	9324.44	0.229359	99999.6	0	0
neutron	939.565	13.0346	99999.6	0	0
neutron	939.565	5.81358	99999.6	0	0
neutron	939.565	0.415733	99999.6	0	0
alpha	3727.38	10.2775	99999.6	0	0
alpha	3727.38	1.52701	99999.6	0	0
neutron	939.565	10.5525	99999.6	0	0
neutron	939.565	3.2418	99999.6	0	0
neutron	939.565	0.661102	99999.6	0	0
Be8	7454.85	1.35105	99999.6	0	0
neutron	939.565	4.96921	99999.6	0	0
Be10	9325.5	0.241861	99999.6	0	0
neutron	939.565	4.23506	99999.6	0	0
B11	10252.5	0.392869	99999.6	0	0
neutron	939.565	8.98338	99999.6	0	0
neutron	939.565	0.245371	99999.6	0	0
Be8	7454.85	1.12956	99999.6	0	0
neutron	939.565	7.94431	99999.6	0	0
alpha	3727.38	0.497254	99999.6	0	0
neutron	939.565	0.455657	99999.6	0	0
B11	10252.5	0.632129	99999.6	0	0
neutron	939.565	0.298873	99999.6	0	0
B11	10252.5	0.479751	99999.6	0	0
neutron	939.565	21.0453	99999.6	0	0
neutron	939.565	10.5864	99999.6	0	0
neutron	939.565	1.26676	99999.6	0	0
alpha	3727.38	3.08251	99999.6	0	0
alpha	3727.38	4.78957	99999.6	0	0
neutron	939.565	0.548968	99999.6	0	0
alpha	3727.38	4.86432	99999.6	0	0
Li7	6533.83	1.7149	99999.6	0	0
neutron	939.565	3.53154	99999.6	0	0
neutron	939.565	2.98983	99999.6	0	0
neutron	939.565	0.979685	99999.6	0	0
Be8	7454.85	1.29669	99999.6	0	0
neutron	939.565	8.35291	99999.7	0	0
neutron	939.565	3.71152	99999.7	0	0
neutron	939.565	1.30476	99999.7	0	0
Be8	7454.85	2.45566	99999.7	0	0
neutron	939.565	4.2126	99999.6	0	0
Be8	7454.85	1.7221	99999.6	0	0
neutron	939.565	18.5748	99999.6	0	0
neutron	939.565	7.34402	99999.6	0	0
neutron	939.565	6.53054	99999.6	0	0
alpha	3727.38	6.9378	99999.6	0	0
alpha	3727.38	4.74186	99999.6	0	0
neutron	939.565	8.42386	99999.6	0	0
B11	10252.5	0.935511	99999.6	0	0
B12	11188.7	0.35929	99999.6	0	0
neutron	939.565	35.6187	99999.6	0	0
neutron	939.565	1.4271	99999.6	0	0
neutron	939.565	0.807362	99999.6	0	0
Be8	7454.85	2.93373	99999.6	0	0
neutron	939.565	0.931395	99999.7	0	0
Be8	7454.85	3.5767	99999.7	0	0
neutron	939.565	8.74635	99999.6	0	0
B11	10252.5	1.99902	99999.6	0	0
neutron	939.565	3.95355	99999.6	0	0
Be10	9325.5	2.83866	99999.6	0	0
neutron	939.565	9.3917	99999.6	0	0
neutron	939.565	3.32001	99999.6	0	0
B10	9324.44	1.29309	99999.6	0	0
neutron	939.565	11.3773	99999.6	0	0
neutron	939.565	6.83442	99999.6	0	0
neutron	939.565	2.38075	99999.6	0	0
alpha	3727.38	6.93232	99999.6	0	0
alpha	3727.38	0.798739	99999.6	0	0
neutron	939.565	17.452	99999.6	0	0
neutron	939.565	8.01516	99999.6	0	0
neutron	939.565	3.45717	99999.6	0	0
alpha	3727.38	3.31441	99999.6	0	0
alpha	3727.38	12.0922	99999.6	0	0
neutron	939.565	32.7179	99999.6	0	0
neutron	939.565	2.86125	99999.6	0	0
neutron	939.565	0.683423	99999.6	0	0
Be8	7454.85	2.19204	99999.6	0	0
neutron	939.565	6.03312	99999.6	0	0
alpha	3727.38	2.70162	99999.6	0	0
Li7	6533.83	4.00269	99999.6	0	0
neutron	939.565	3.74718	99999.6	0	0
B11	10252.5	0.588135	99999.6	0	0
neutron	939.565	3.46133	99999.6	0	0
alpha	3727.38	4.09898	99999.6	0	0
alpha	3727.38	9.57706	99999.6	0	0
neutron	939.565	1.19912	99999.6	0	0
B11	10252.5	0.324886	99999.6	0	0
neutron	939.565	14.2229	99999.6	0	0
Be8	7454.85	1.82941	99999.6	0	0
neutron	939.565	0.572692	99999.6	0	0
B11	10252.5	0.680614	99999.6	0	0
neutron	939.565	1.35461	99999.6	0	0
neutron	939.565	0.327433	99999.6	0	0
B10	9324.44	0.607141	99999.6	0	0
neutron	939.565	5.72919	99999.6	0	0
B11	10252.5	0.667365	99999.6	0	0
neutron	939.565	2.70906	99999.6	0	0
B11	10252.5	0.813609	99999.6	0	0
neutron	939.565	8.67848	99999.6	0	0
neutron	939.565	0.989569	99999.6	0	0
Be9	8392.75	1.94068	99999.6	0	0
neutron	939.565	21.8558	99999.6	0	0
neutron	939.565	21.5867	99999.6	0	0
neutron	939.565	0.187704	99999.6	0	0
alpha	3727.38	3.91508	99999.6	0	0
alpha	3727.38	5.69212	99999.6	0	0
neutron	939.565	15.1764	99999.6	0	0
Be10	9325.5	1.59681	99999.6	0	0
neutron	939.565	7.75581	99999.6	0	0
B11	10252.5	1.27408	99999.6	0	0
neutron	939.565	27.6565	99999.6	0	0
neutron	939.565	16.8723	99999.6	0	0
alpha	3727.38	2.04682	99999.6	0	0
Li6	5601.52	3.29492	99999.6	0	0
B12	11188.7	0.354707	99999.6	0	0
neutron	939.565	1.26343	99999.6	0	0
neutron	939.565	1.24877	99999.6	0	0
Be8	7454.85	5.30134	99999.6	0	0
neutron	939.565	0.112507	99999.6	0	0
B11	10252.5	0.379556	99999.6	0	0
neutron	939.565	14.2985	99999.6	0	0
neutron	939.565	2.62466	99999.6	0	0
Be9	8392.75	2.7713	99999.6	0	0
neutron	939.565	8.03436	99999.6	0	0
Be10	9325.5	1.42925	99999.6	0	0
neutron	939.565	2.84074	99999.6	0	0
neutron	939.565	2.03467	99999.6	0	0
B10	9324.44	0.295475	99999.6	0	0
neutron	939.565	4.96981	99999.6	0	0
neutron	939.565	4.84537	99999.6	0	0
neutron	939.565	2.80267	99999.6	0	0
alpha	3727.38	1.98767	99999.6	0	0
alpha	3727.38	5.38951	99999.6	0	0
neutron	939.565	17.3009	99999.6	0	0
B11	10252.5	1.36665	99999.6	0	0
neutron	939.565	12.6322	99999.6	0	0
neutron	939.565	3.70577	99999.6	0	0
neutron	939.565	2.7173	99999.6	0	0
Be8	7454.85	0.603044	99999.6	0	0
neutron	939.565	5.23109	99999.6	0	0
B11	10252.5	0.64633	99999.6	0	0
neutron	939.565	10.3571	99999.6	0	0
neutron	939.565	8.81208	99999.6	0	0
neutron	939.565	8.35906	99999.6	0	0
alpha	3727.38	1.91	99999.6	0	0
alpha	3727.38	6.48006	99999.6	0	0
neutron	939.565	5.65241	99999.6	0	0
Be10	9325.5	2.13537	99999.6	0	0
neutron	939.565	1.97171	99999.6	0	0
B11	10252.5	0.266417	99999.6	0	0
neutron	939.565	8.81591	99999.6	0	0
neutron	939.565	3.22466	99999.6	0	0
neutron	939.565	2.59204	99999.6	0	0
alpha	3727.38	6.46842	99999.6	0	0
alpha	3727.38	5.46144	99999.6	0	0
neutron	939.565	3.93749	99999.6	0	0
neutron	939.565	0.548912	99999.6	0	0
Be8	7454.85	0.372978	99999.6	0	0
neutron	939.565	4.42657	99999.6	0	0
B11	10252.5	0.86804	99999.6	0	0
neutron	939.565	6.84753	99999.6	0	0
neutron	939.565	0.95658	99999.6	0	0
B10	9324.44	0.737771	99999.6	0	0
neutron	939.565	18.4777	99999.6	0	0
neutron	939.565	8.5121	99999.6	0	0
alpha	3727.38	11.7306	99999.6	0	0
alpha	3727.38	5.75292	99999.6	0	0
neutron	939.565	13.4844	99999.6	0	0
neutron	939.565	1.05093	99999.6	0	0
Be9	8392.75	4.35734	99999.6	0	0
neutron	939.565	2.15729	99999.6	0	0
B11	10252.5	0.0483706	99999.6	0	0
neutron	939.565	5.95687	99999.6	0	0
neutron	939.565	3.13555	99999.6	0	0
Be8	7454.85	0.652823	99999.6	0	0
neutron	939.565	3.44437	99999.6	0	0
Be8	7454.85	4.21143	99999.6	0	0
neutron	939.565	1.59488	99999.6	0	0
neutron	939.565	1.33006	99999.6	0	0
alpha	3727.38	2.69323	99999.6	0	0
alpha	3727.38	6.80616	99999.6	0	0
neutron	939.565	14.4473	99999.6	0	0
neutron	939.565	7.32461	99999.6	0	0
neutron	939.565	0.336399	99999.6	0	0
B9	8393.31	2.3453	99999.6	0	0
neutron	939.565	7.78934	99999.6	0	0
B11	10252.5	1.33984	99999.6	0	0
neutron	939.565	2.09917	99999.6	0	0
B11	10252.5	0.388598	99999.6	0	0
neutron	939.565	2.57934	99999.6	0	0
B11	10252.5	1.02329	99999.6	0	0
B12	11188.7	0.368566	99999.6	0	0
neutron	939.565	2.56767	99999.6	0	0
neutron	939.565	0.776988	99999.6	0	0
alpha	3727.38	1.14606	99999.6	0	0
alpha	3727.38	5.93931	99999.6	0	0
neutron	939.565	1.54875	99999.6	0	0
neutron	939.565	0.368151	99999.6	0	0
B10	9324.44	0.602072	99999.6	0	0
neutron	939.565	10.9028	99999.6	0	0
neutron	939.565	4.26912	99999.6	0	0
neutron	939.565	1.55621	99999.6	0	0
Be8	7454.85	3.42169	99999.6	0	0
neutron	939.565	9.92971	99999.6	0	0
neutron	939.565	6.11696	99999.6	0	0
alpha	3727.38	4.24536	99999.6	0	0
alpha	3727.38	6.56074	99999.6	0	0
neutron	939.565	0.297328	99999.7	0	0
alpha	3727.38	9.34801	99999.7	0	0
alpha	3727.38	5.05527	99999.7	0	0
neutron	939.565	23.1872	99999.6	0	0
neutron	939.565	5.20411	99999.6	0	0
B10	9324.44	0.757084	99999.6	0	0
neutron	939.565	31.9596	99999.6	0	0
neutron	939.565	8.2586	99999.6	0	0
alpha	3727.38	0.838713	99999.6	0	0
alpha	3727.38	7.54534	99999.6	0	0
neutron	939.565	19.1783	99999.6	0	0
alpha	3727.38	5.96239	99999.6	0	0
alpha	3727.38	10.1473	99999.6	0	0
neutron	939.565	7.3159	99999.6	0	0
Be10	9325.5	0.914005	99999.6	0	0
neutron	939.565	1.96188	99999.6	0	0
B11	10252.5	0.240334	99999.6	0	0
neutron	939.565	1.67809	99999.6	0	0
neutron	939.565	0.0405774	99999.6	0	0
Be9	8392.75	1.39036	99999.6	0	0
neutron	939.565	7.59799	99999.6	0	0
neutron	939.565	0.9624	99999.6	0	0
alpha	3727.38	1.70048	99999.6	0	0
alpha	3727.38	3.5691	99999.6	0	0
neutron	939.565	0.204713	99999.6	0	0
B11	10252.5	0.452148	99999.6	0	0
neutron	939.565	22.5809	99999.6	0	0
neutron	939.565	3.30192	99999.6	0	0
neutron	939.565	0.227972	99999.6	0	0
Be8	7454.85	1.72409	99999.6	0	0
neutron	939.565	0.0193223	99999.6	0	0
B11	10252.5	0.366332	99999.6	0	0
neutron	939.565	8.62295	99999.6	0	0
Be9	8392.75	0.96561	99999.6	0	0
neutron	939.565	8.02278	99999.6	0	0
B11	10252.5	0.926133	99999.6	0	0
neutron	939.565	3.36429	99999.6	0	0
alpha	3727.38	1.2231	99999.6	0	0
alpha	3727.38	11.8862	99999.6	0	0
neutron	939.565	29.0667	99999.6	0	0
neutron	939.565	9.3965	99999.6	0	0
alpha	3727.38	0.646389	99999.6	0	0
alpha	3727.38	9.93623	99999.6	0	0
neutron	939.565	12.5264	99999.6	0	0
neutron	939.565	11.2853	99999.6	0	0
neutron	939.565	2.51353	99999.6	0	0
alpha	3727.38	7.51037	99999.6	0	0
alpha	3727.38	1.11904	99999.6	0	0
neutron	939.565	24.5475	99999.6	0	0
alpha	3727.38	2.48059	99999.6	0	0
Li7	6533.83	3.42999	99999.6	0	0
neutron	939.565	19.0225	99999.6	0	0
alpha	3727.38	3.50331	99999.6	0	0
alpha	3727.38	2.84029	99999.6	0	0
neutron	939.565	9.60454	99999.6	0	0
neutron	939.565	6.88063	99999.6	0	0
neutron	939.565	3.34612	99999.6	0	0
alpha	3727.38	2.63109	99999.6	0	0
alpha	3727.38	2.67728	99999.6	0	0
neutron	939.565	12.4208	99999.6	0	0
neutron	939.565	2.68105	99999.6	0	0
B10	9324.44	1.24782	99999.6	0	0
neutron	939.565	6.84612	99999.6	0	0
Be10	9325.5	2.0586	99999.6	0	0
neutron	939.565	20.4815	99999.6	0	0
neutron	939.565	2.08763	99999.6	0	0
neutron	939.565	1.82583	99999.6	0	0
Be8	7454.85	3.18337	99999.6	0	0
neutron	939.565	4.03166	99999.6	0	0
B11	10252.5	0.357152	99999.6	0	0
neutron	939.565	9.79113	99999.6	0	0
neutron	939.565	6.99602	99999.6	0	0
neutron	939.565	5.26919	99999.6	0	0
alpha	3727.38	5.69042	99999.6	0	0
alpha	3727.38	10.0305	99999.6	0	0
neutron	939.565	13.9916	99999.6	0	0
neutron	939.565	11.0722	99999.6	0	0
B10	9324.44	4.43218	99999.6	0	0
neutron	939.565	1.20249	99999.6	0	0
B11	10252.5	0.0873265	99999.6	0	0
neutron	939.565	2.7539	99999.6	0	0
B11	10252.5	1.05852	99999.6	0	0
neutron	939.565	14.5785	99999.6	0	0
neutron	939.565	10.0522	99999.6	0	0
alpha	3727.38	5.22498	99999.6	0	0
alpha	3727.38	0.665973	99999.6	0	0
B12	11188.7	0.359634	99999.6	0	0
neutron	939.565	5.74334	99999.6	0	0
neutron	939.565	1.72984	99999.6	0	0
B10	9324.44	0.478293	99999.6	0	0
neutron	939.565	5.98947	99999.6	0	0
alpha	3727.38	10.4628	99999.6	0	0
Li7	6533.83	2.7032	99999.6	0	0
neutron	939.565	6.33556	99999.6	0	0
Be10	9325.5	1.23257	99999.6	0	0
neutron	939.565	9.24889	99999.6	0	0
neutron	939.565	3.94769	99999.6	0	0
neutron	939.565	0.330937	99999.6	0	0
Be8	7454.85	1.30672	99999.6	0	0
neutron	939.565	10.4845	99999.6	0	0
neutron	939.565	6.1261	99999.6	0	0
alpha	3727.38	12.2056	99999.6	0	0
alpha	3727.38	6.26334	99999.6	0	0
neutron	939.565	7.95868	99999.6	0	0
B11	10252.5	0.862598	99999.6	0	0
neutron	939.565	3.05913	99999.6	0	0
Be10	9325.5	0.484711	99999.6	0	0
neutron	939.565	22.8029	99999.6	0	0
neutron	939.565	3.28325	99999.6	0	0
neutron	939.565	0.65615	99999.6	0	0
Be8	7454.85	2.32255	99999.6	0	0
B12	11188.7	0.354029	99999.6	0	0
neutron	939.565	5.49455	99999.6	0	0
alpha	3727.38	9.08409	99999.6	0	0
alpha	3727.38	8.11213	99999.6	0	0
neutron	939.565	3.27726	99999.6	0	0
alpha	3727.38	1.97498	99999.6	0	0
alpha	3727.38	5.45701	99999.6	0	0
neutron	939.565	2.51757	99999.6	0	0
Be8	7454.85	2.82349	99999.6	0	0
B13	12123.4	0.320262	99999.6	0	0
neutron	939.565	7.11173	99999.6	0	0
neutron	939.565	0.26039	99999.6	0	0
B10	9324.44	1.38454	99999.6	0	0
neutron	939.565	4.50962	99999.6	0	0
B11	10252.5	0.0275824	99999.6	0	0
B12	11188.7	0.336336	99999.6	0	0
neutron	939.565	3.47908	99999.6	0	0
neutron	939.565	1.33254	99999.6	0	0
Be8	7454.85	1.42916	99999.6	0	0
neutron	939.565	28.0441	99999.6	0	0
alpha	3727.38	12.5494	99999.6	0	0
Li7	6533.83	10.7705	99999.6	0	0
neutron	939.565	23.1465	99999.6	0	0
neutron	939.565	6.62498	99999.6	0	0
neutron	939.565	0.163576	99999.6	0	0
B9	8393.31	2.53386	99999.6	0	0
neutron	939.565	1.93589	99999.6	0	0
Be10	9325.5	0.329167	99999.6	0	0
neutron	939.565	4.41104	99999.6	0	0
B11	10252.5	0.673646	99999.6	0	0
neutron	939.565	8.48221	99999.6	0	0
B11	10252.5	0.895603	99999.6	0	0
neutron	939.565	14.6191	99999.6	0	0
Be10	9325.5	0.966633	99999.6	0	0
neutron	939.565	21.623	99999.6	0	0
neutron	939.565	16.285	99999.6	0	0
alpha	3727.38	3.96433	99999.6	0	0
Li6	5601.52	1.18486	99999.6	0	0
neutron	939.565	3.36156	99999.6	0	0
Be8	7454.85	3.95486	99999.6	0	0
neutron	939.565	0.185339	99999.6	0	0
B11	10252.5	0.26437	99999.6	0	0
neutron	939.565	0.399636	99999.6	0	0
B11	10252.5	0.234349	99999.6	0	0
neutron	939.565	4.52639	99999.6	0	0
B11	10252.5	0.166479	99999.6	0	0
neutron	939.565	4.43767	99999.7	0	0
neutron	939.565	3.43871	99999.7	0	0
B10	9324.44	0.474807	99999.7	0	0
neutron	939.565	1.4408	99999.6	0	0
alpha	3727.38	2.71321	99999.6	0	0
alpha	3727.38	5.51293	99999.6	0	0
neutron	939.565	6.32423	99999.6	0	0
B11	10252.5	0.707039	99999.6	0	0
neutron	939.565	12.3841	99999.6	0	0
neutron	939.565	3.51976	99999.6	0	0
alpha	3727.38	3.24115	99999.6	0	0
alpha	3727.38	6.80475	99999.6	0	0
neutron	939.565	23.7948	99999.6	0	0
neutron	939.565	2.48498	99999.6	0	0
alpha	3727.38	12.2091	99999.6	0	0
alpha	3727.38	2.70684	99999.6	0	0
neutron	939.565	7.86577	99999.6	0	0
neutron	939.565	1.47828	99999.6	0	0
neutron	939.565	1.21826	99999.6	0	0
alpha	3727.38	4.39313	99999.6	0	0
alpha	3727.38	1.89463	99999.6	0	0
neutron	939.565	3.89612	99999.6	0	0
B11	10252.5	0.72891	99999.6	0	0
neutron	939.565	16.7473	99999.6	0	0
neutron	939.565	7.76886	99999.6	0	0
neutron	939.565	2.00425	99999.6	0	0
Be8	7454.85	0.840085	99999.6	0	0
neutron	939.565	17.4962	99999.6	0	0
B11	10252.5	1.20801	99999.6	0	0
B12	11188.7	0.355606	99999.6	0	0
neutron	939.565	6.91274	99999.6	0	0
B11	10252.5	0.346513	99999.6	0	0
neutron	939.565	3.2594	99999.6	0	0
neutron	939.565	1.7852	99999.6	0	0
alpha	3727.38	13.8939	99999.6	0	0
alpha	3727.38	3.5325	99999.6	0	0
neutron	939.565	7.96375	99999.6	0	0
neutron	939.565	1.44997	99999.6	0	0
Be9	8392.75	1.95123	99999.6	0	0
neutron	939.565	4.01125	99999.6	0	0
B11	10252.5	1.29163	99999.6	0	0
neutron	939.565	13.7232	99999.6	0	0
neutron	939.565	1.07688	99999.6	0	0
B10	9324.44	0.740351	99999.6	0	0
neutron	939.565	10.9284	99999.6	0	0
alpha	3727.38	0.41501	99999.6	0	0
alpha	3727.38	5.61592	99999.6	0	0
neutron	939.565	4.70391	99999.7	0	0
neutron	939.565	2.58098	99999.7	0	0
Be8	7454.85	2.49373	99999.7	0	0
neutron	939.565	13.3874	99999.6	0	0
neutron	939.565	1.05874	99999.6	0	0
neutron	939.565	0.348345	99999.6	0	0
Be8	7454.85	0.902129	99999.6	0	0
neutron	939.565	10.089	99999.6	0	0
neutron	939.565	1.1337	99999.6	0	0
Be9	8392.75	5.32467	99999.6	0	0
neutron	939.565	9.99462	99999.6	0	0
neutron	939.565	3.11798	99999.6	0	0
neutron	939.565	0.983002	99999.6	0	0
Be8	7454.85	2.03863	99999.6	0	0
neutron	939.565	9.10347	99999.6	0	0
neutron	939.565	2.98244	99999.6	0	0
B10	9324.44	0.394925	99999.6	0	0
neutron	939.565	2.92881	99999.6	0	0
alpha	3727.38	5.64844	99999.6	0	0
alpha	3727.38	1.37624	99999.6	0	0
neutron	939.565	21.162	99999.6	0	0
neutron	939.565	3.92894	99999.6	0	0
alpha	3727.38	7.48651	99999.6	0	0
alpha	3727.38	0.874853	99999.6	0	0
neutron	939.565	1.36239	99999.7	0	0
neutron	939.565	1.34944	99999.7	0	0
neutron	939.565	1.13879	99999.7	0	0
Be8	7454.85	1.36627	99999.7	0	0
neutron	939.565	11.4551	99999.6	0	0
neutron	939.565	0.92322	99999.6	0	0
neutron	939.565	0.190086	99999.6	0	0
Be8	7454.85	1.98383	99999.6	0	0
neutron	939.565	4.55456	99999.7	0	0
neutron	939.565	1.25972	99999.7	0	0
B10	9324.44	0.169139	99999.7	0	0
neutron	939.565	3.92143	99999.6	0	0
B11	10252.5	0.988142	99999.6	0	0
neutron	939.565	3.87142	99999.6	0	0
neutron	939.565	2.81137	99999.6	0	0
B10	9324.44	0.56756	99999.6	0	0
neutron	939.565	8.61427	99999.6	0	0
neutron	939.565	2.565	99999.6	0	0
Be8	7454.85	4.44372	99999.6	0	0
neutron	939.565	4.2615	99999.6	0	0
Be10	9325.5	1.61477	99999.6	0	0
neutron	939.565	1.81976	99999.6	0	0
He3	2808.39	25.6596	99999.6	0	0
Li8	7471.37	6.8899	99999.6	0	0
neutron	939.565	0.667755	99999.6	0	0
B11	10252.5	0.557312	99999.6	0	0
neutron	939.565	7.99024	99999.6	0	0
Be8	7454.85	2.01236	99999.6	0	0
neutron	939.565	3.02381	99999.6	0	0
alpha	3727.38	7.98142	99999.6	0	0
alpha	3727.38	3.46985	99999.6	0	0
neutron	939.565	3.64425	99999.6	0	0
Be9	8392.75	0.0417831	99999.6	0	0
neutron	939.565	9.09079	99999.6	0	0
B11	10252.5	0.855647	99999.6	0	0
neutron	939.565	7.03456	99999.6	0	0
neutron	939.565	1.72696	99999.6	0	0
neutron	939.565	1.03947	99999.6	0	0
Be8	7454.85	3.67634	99999.6	0	0
neutron	939.565	4.40613	99999.6	0	0
alpha	3727.38	5.00955	99999.6	0	0
alpha	3727.38	0.865237	99999.6	0	0
neutron	939.565	1.34601	99999.6	0	0
B11	10252.5	0.681357	99999.6	0	0
neutron	939.565	15.4339	99999.6	0	0
B11	10252.5	1.36833	99999.6	0	0
neutron	939.565	1.72062	99999.6	0	0
neutron	939.565	0.857623	99999.6	0	0
neutron	939.565	0.0837628	99999.6	0	0
Be8	7454.85	0.92292	99999.6	0	0
neutron	939.565	13.5349	99999.6	0	0
neutron	939.565	4.01272	99999.6	0	0
alpha	3727.38	3.04532	99999.6	0	0
alpha	3727.38	2.76931	99999.6	0	0
neutron	939.565	4.41386	99999.6	0	0
neutron	939.565	4.21193	99999.6	0	0
neutron	939.565	1.00117	99999.6	0	0
alpha	3727.38	6.28351	99999.6	0	0
alpha	3727.38	4.05911	99999.6	0	0
neutron	939.565	13.9624	99999.6	0	0
neutron	939.565	4.01728	99999.6	0	0
neutron	939.565	3.64505	99999.6	0	0
Be8	7454.85	1.45616	99999.6	0	0
neutron	939.565	10.1311	99999.6	0	0
B11	10252.5	0.424961	99999.6	0	0
neutron	939.565	14.5638	99999.6	0	0
neutron	939.565	3.60125	99999.6	0	0
neutron	939.565	3.15755	99999.6	0	0
Be8	7454.85	0.889264	99999.6	0	0
neutron	939.565	1.14323	99999.6	0	0
B11	10252.5	0.20988	99999.6	0	0
neutron	939.565	4.03389	99999.6	0	0
B11	10252.5	0.869611	99999.6	0	0
neutron	939.565	10.0633	99999.6	0	0
neutron	939.565	3.42435	99999.6	0	0
neutron	939.565	1.97687	99999.6	0	0
B9	8393.31	2.02362	99999.6	0	0
neutron	939.565	23.1282	99999.6	0	0
alpha	3727.38	3.24961	99999.6	0	0
alpha	3727.38	5.3952	99999.6	0	0
neutron	939.565	5.26606	99999.6	0	0
alpha	3727.38	3.09862	99999.6	0	0
alpha	3727.38	1.52606	99999.6	0	0
neutron	939.565	4.30355	99999.7	0	0
neutron	939.565	2.22725	99999.7	0	0
alpha	3727.38	3.16486	99999.7	0	0
alpha	3727.38	5.64519	99999.7	0	0
neutron	939.565	0.950316	99999.6	0	0
alpha	3727.38	2.40297	99999.6	0	0
Li7	6533.83	2.47683	99999.6	0	0
neutron	939.565	10.5775	99999.6	0	0
neutron	939.565	1.92645	99999.6	0	0
Be8	7454.85	1.56753	99999.6	0	0
B12	11188.7	0.341352	99999.6	0	0
neutron	939.565	7.37648	99999.6	0	0
Be10	9325.5	0.220074	99999.6	0	0
neutron	939.565	20.703	99999.6	0	0
neutron	939.565	7.63572	99999.6	0	0
alpha	3727.38	5.75199	99999.6	0	0
alpha	3727.38	2.44333	99999.6	0	0
neutron	939.565	1.81087	99999.6	0	0
B11	10252.5	0.347888	99999.6	0	0
neutron	939.565	13.1177	99999.6	0	0
alpha	3727.38	4.83079	99999.6	0	0
alpha	3727.38	5.30518	99999.6	0	0
neutron	939.565	2.89512	99999.6	0	0
Be10	9325.5	2.0216	99999.6	0	0
neutron	939.565	6.63283	99999.6	0	0
neutron	939.565	0.69042	99999.6	0	0
Be9	8392.75	1.50798	99999.6	0	0
neutron	939.565	1.91016	99999.6	0	0
alpha	3727.38	1.47528	99999.6	0	0
alpha	3727.38	4.9338	99999.6	0	0
neutron	939.565	23.0575	99999.6	0	0
neutron	939.565	22.0879	99999.6	0	0
Be8	7454.85	0.286187	99999.6	0	0
neutron	939.565	10.3269	99999.6	0	0
neutron	939.565	2.28269	99999.6	0	0
alpha	3727.38	5.20149	99999.6	0	0
Li6	5601.52	2.3904	99999.6	0	0
neutron	939.565	2.92955	99999.6	0	0
Be10	9325.5	0.134583	99999.6	0	0
neutron	939.565	8.23201	99999.6	0	0
neutron	939.565	4.06689	99999.6	0	0
Be8	7454.85	4.1442	99999.6	0	0
neutron	939.565	8.73236	99999.6	0	0
alpha	3727.38	3.89211	99999.6	0	0
Li7	6533.83	1.5252	99999.6	0	0
neutron	939.565	6.73227	99999.6	0	0
Be9	8392.75	2.50452	99999.6	0	0
neutron	939.565	3.24262	99999.6	0	0
B11	10252.5	1.11415	99999.6	0	0
neutron	939.565	4.8816	99999.6	0	0
neutron	939.565	4.37337	99999.6	0	0
B10	9324.44	0.0802515	99999.6	0	0
neutron	939.565	2.20128	99999.6	0	0
neutron	939.565	1.96567	99999.6	0	0
Be9	8392.75	1.53009	99999.6	0	0
neutron	939.565	23.7475	99999.6	0	0
alpha	3727.38	2.25188	99999.6	0	0
alpha	3727.38	5.85027	99999.6	0	0
neutron	939.565	32.1721	99999.6	0	0
neutron	939.565	0.149926	99999.6	0	0
B10	9324.44	3.265	99999.6	0	0
neutron	939.565	0.470908	99999.6	0	0
B11	10252.5	0.475989	99999.6	0	0
neutron	939.565	7.14922	99999.6	0	0
neutron	939.565	4.88433	99999.6	0	0
alpha	3727.38	10.8916	99999.6	0	0
alpha	3727.38	5.29821	99999.6	0	0
neutron	939.565	19.7358	99999.6	0	0
neutron	939.565	4.36736	99999.6	0	0
neutron	939.565	2.20047	99999.6	0	0
alpha	3727.38	5.76489	99999.6	0	0
alpha	3727.38	7.59609	99999.6	0	0
neutron	939.565	3.65495	99999.6	0	0
neutron	939.565	2.8916	99999.6	0	0
neutron	939.565	0.985212	99999.6	0	0
Be8	7454.85	0.834192	99999.6	0	0
neutron	939.565	9.0387	99999.7	0	0
Be8	7454.85	7.45499	99999.7	0	0
neutron	939.565	39.5325	99999.6	0	0
neutron	939.565	0.462068	99999.6	0	0
alpha	3727.38	8.47858	99999.6	0	0
Li6	5601.52	10.4722	99999.6	0	0
neutron	939.565	22.8442	99999.6	0	0
neutron	939.565	10.3372	99999.6	0	0
neutron	939.565	5.35115	99999.6	0	0
alpha	3727.38	2.68646	99999.6	0	0
alpha	3727.38	4.66704	99999.6	0	0
neutron	939.565	0.143339	99999.6	0	0
B11	10252.5	0.31627	99999.6	0	0
neutron	939.565	0.594501	99999.6	0	0
B11	10252.5	0.251196	99999.6	0	0
neutron	939.565	2.32849	99999.7	0	0
Be9	8392.75	0.888851	99999.7	0	0
neutron	939.565	6.27143	99999.6	0	0
neutron	939.565	1.59419	99999.6	0	0
Be8	7454.85	3.46336	99999.6	0	0
neutron	939.565	32.8945	99999.6	0	0
neutron	939.565	11.4674	99999.6	0	0
Be8	7454.85	3.25367	99999.6	0	0
neutron	939.565	8.26344	99999.6	0	0
alpha	3727.38	3.51572	99999.6	0	0
alpha	3727.38	5.52152	99999.6	0	0
neutron	939.565	1.48885	99999.6	0	0
B11	10252.5	0.81482	99999.6	0	0
neutron	939.565	4.45491	99999.6	0	0
B11	10252.5	0.215136	99999.6	0	0
neutron	939.565	11.8133	99999.6	0	0
neutron	939.565	3.69146	99999.6	0	0
Be8	7454.85	1.33998	99999.6	0	0
neutron	939.565	20.0958	99999.6	0	0
neutron	939.565	8.244	99999.6	0	0
neutron	939.565	1.42307	99999.6	0	0
alpha	3727.38	18.0509	99999.6	0	0
Li5	4667.62	0.363187	99999.6	0	0
neutron	939.565	6.82199	99999.6	0	0
B11	10252.5	1.05037	99999.6	0	0
neutron	939.565	9.07718	99999.7	0	0
neutron	939.565	3.13857	99999.7	0	0
neutron	939.565	1.59878	99999.7	0	0
Be8	7454.85	2.49938	99999.7	0	0
neutron	939.565	2.70329	99999.6	0	0
neutron	939.565	0.473078	99999.6	0	0
Be8	7454.85	2.43543	99999.6	0	0
neutron	939.565	26.1601	99999.6	0	0
neutron	939.565	3.33884	99999.6	0	0
neutron	939.565	1.62188	99999.6	0	0
alpha	3727.38	8.6174	99999.6	0	0
alpha	3727.38	0.0939511	99999.6	0	0
neutron	939.565	0.282988	99999.6	0	0
B11	10252.5	0.271041	99999.6	0	0
neutron	939.565	5.74376	99999.6	0	0
alpha	3727.38	0.850212	99999.6	0	0
alpha	3727.38	8.68768	99999.6	0	0
neutron	939.565	6.32929	99999.6	0	0
B11	10252.5	1.35438	99999.6	0	0
neutron	939.565	22.4646	99999.6	0	0
neutron	939.565	2.59632	99999.6	0	0
neutron	939.565	1.27159	99999.6	0	0
Be9	8392.75	3.14986	99999.6	0	0
neutron	939.565	5.37764	99999.6	0	0
alpha	3727.38	4.01276	99999.6	0	0
Li7	6533.83	2.73126	99999.6	0	0
neutron	939.565	7.67148	99999.6	0	0
alpha	3727.38	3.57917	99999.6	0	0
Li7	6533.83	0.782225	99999.6	0	0
neutron	939.565	0.283698	99999.6	0	0
B11	10252.5	0.335095	99999.6	0	0
neutron	939.565	6.10144	99999.6	0	0
alpha	3727.38	4.45208	99999.6	0	0
alpha	3727.38	2.60172	99999.6	0	0
neutron	939.565	4.76069	99999.6	0	0
neutron	939.565	1.60368	99999.6	0	0
B10	9324.44	0.76016	99999.6	0	0
neutron	939.565	0.953066	99999.6	0	0
B11	10252.5	0.694234	99999.6	0	0
neutron	939.565	1.18092	99999.6	0	0
B11	10252.5	0.429346	99999.6	0	0
neutron	939.565	0.11055	99999.6	0	0
B11	10252.5	0.487079	99999.6	0	0
neutron	939.565	6.28913	99999.6	0	0
neutron	939.565	6.13124	99999.6	0	0
Be9	8392.75	0.360912	99999.6	0	0
neutron	939.565	3.35417	99999.6	0	0
B11	10252.5	1.21492	99999.6	0	0
B12	11188.7	0.357881	99999.6	0	0
neutron	939.565	10.3024	99999.6	0	0
alpha	3727.38	5.48114	99999.6	0	0
alpha	3727.38	1.91127	99999.6	0	0
neutron	939.565	10.4628	99999.6	0	0
neutron	939.565	6.63946	99999.6	0	0
neutron	939.565	1.08861	99999.6	0	0
Be8	7454.85	10.7473	99999.6	0	0
neutron	939.565	9.37722	99999.6	0	0
Be9	8392.75	3.39532	99999.6	0	0
neutron	939.565	5.85424	99999.7	0	0
B11	10252.5	0.397896	99999.7	0	0
neutron	939.565	2.98168	99999.6	0	0
Be8	7454.85	0.625931	99999.6	0	0
neutron	939.565	8.96551	99999.6	0	0
neutron	939.565	7.03751	99999.6	0	0
neutron	939.565	4.79375	99999.6	0	0
alpha	3727.38	4.84748	99999.6	0	0
alpha	3727.38	1.45022	99999.6	0	0
neutron	939.565	12.7128	99999.6	0	0
Be8	7454.85	2.56116	99999.6	0	0
neutron	939.565	29.6223	99999.6	0	0
Be9	8392.75	1.40133	99999.6	0	0
neutron	939.565	11.9221	99999.6	0	0
neutron	939.565	3.84803	99999.6	0	0
B11	10252.5	2.50647	99999.6	0	0
neutron	939.565	4.81111	99999.6	0	0
neutron	939.565	1.20936	99999.6	0	0
B10	9324.44	1.99858	99999.6	0	0
neutron	939.565	12.0333	99999.6	0	0
Be9	8392.75	1.1805	99999.6	0	0
neutron	939.565	4.33693	99999.6	0	0
Be8	7454.85	0.240097	99999.6	0	0
neutron	939.565	4.25354	99999.7	0	0
neutron	939.565	1.69602	99999.7	0	0
B10	9324.44	0.32588	99999.7	0	0
neutron	939.565	11.0525	99999.6	0	0
B11	10252.5	0.826583	99999.6	0	0
neutron	939.565	6.91061	99999.6	0	0
B11	10252.5	0.177566	99999.6	0	0
neutron	939.565	2.31165	99999.6	0	0
B11	10252.5	0.129503	99999.6	0	0
neutron	939.565	18.1357	99999.6	0	0
neutron	939.565	0.86052	99999.6	0	0
alpha	3727.38	4.90909	99999.6	0	0
alpha	3727.38	4.28334	99999.6	0	0
neutron	939.565	8.2215	99999.7	0	0
alpha	3727.38	16.1627	99999.7	0	0
alpha	3727.38	9.76958	99999.7	0	0
neutron	939.565	13.9869	99999.6	0	0
neutron	939.565	8.45004	99999.6	0	0
alpha	3727.38	4.75804	99999.6	0	0
alpha	3727.38	1.15136	99999.6	0	0
neutron	939.565	38.2793	99999.6	0	0
Be8	7454.85	8.6982	99999.6	0	0
neutron	939.565	4.37434	99999.6	0	0
B11	10252.5	0.0428165	99999.6	0	0
neutron	939.565	20.3659	99999.6	0	0
neutron	939.565	9.31237	99999.6	0	0
neutron	939.565	5.24925	99999.6	0	0
B9	8393.31	5.57786	99999.6	0	0
neutron	939.565	33.9751	99999.6	0	0
neutron	939.565	23.8804	99999.6	0	0
Be8	7454.85	2.64205	99999.6	0	0
neutron	939.565	4.58353	99999.6	0	0
Be8	7454.85	0.69453	99999.6	0	0
neutron	939.565	7.02222	99999.6	0	0
neutron	939.565	6.27225	99999.6	0	0
B10	9324.44	2.33392	99999.6	0	0
neutron	939.565	11.7508	99999.6	0	0
B11	10252.5	0.616018	99999.6	0	0
neutron	939.565	0.99081	99999.6	0	0
Be10	9325.5	1.56658	99999.6	0	0
neutron	939.565	7.48022	99999.6	0	0
Be8	7454.85	1.67312	99999.6	0	0
neutron	939.565	24.0675	99999.6	0	0
neutron	939.565	4.60911	99999.6	0	0
alpha	3727.38	4.04589	99999.6	0	0
alpha	3727.38	4.63193	99999.6	0	0
neutron	939.565	12.6641	99999.6	0	0
neutron	939.565	4.87736	99999.6	0	0
B10	9324.44	1.29725	99999.6	0	0
neutron	939.565	12.2463	99999.6	0	0
neutron	939.565	3.20416	99999.6	0	0
alpha	3727.38	6.84434	99999.6	0	0
alpha	3727.38	2.5198	99999.6	0	0
neutron	939.565	1.42926	99999.6	0	0
B11	10252.5	0.0902229	99999.6	0	0
neutron	939.565	2.15892	99999.6	0	0
neutron	939.565	1.95181	99999.6	0	0
neutron	939.565	0.622507	99999.6	0	0
B9	8393.31	0.810135	99999.6	0	0
neutron	939.565	8.68533	99999.6	0	0
neutron	939.565	1.87238	99999.6	0	0
Be8	7454.85	5.87433	99999.6	0	0
neutron	939.565	9.31533	99999.6	0	0
neutron	939.565	4.00845	99999.6	0	0
alpha	3727.38	11.7722	99999.6	0	0
alpha	3727.38	0.691547	99999.6	0	0
neutron	939.565	0.440409	99999.7	0	0
B11	10252.5	0.517742	99999.7	0	0
neutron	939.565	0.411813	99999.6	0	0
B11	10252.5	0.185404	99999.6	0	0
neutron	939.565	1.39427	99999.6	0	0
B11	10252.5	0.53664	99999.6	0	0
neutron	939.565	2.82266	99999.6	0	0
B11	10252.5	0.142072	99999.6	0	0
neutron	939.565	0.131957	99999.6	0	0
B11	10252.5	0.432743	99999.6	0	0
neutron	939.565	21.7056	99999.6	0	0
neutron	939.565	5.35593	99999.6	0	0
neutron	939.565	2.05363	99999.6	0	0
alpha	3727.38	10.616	99999.6	0	0
alpha	3727.38	2.27305	99999.6	0	0
neutron	939.565	3.57352	99999.6	0	0
B11	10252.5	1.11293	99999.6	0	0
B12	11188.7	0.344658	99999.6	0	0
neutron	939.565	39.8558	99999.6	0	0
neutron	939.565	5.85755	99999.6	0	0
neutron	939.565	1.4062	99999.6	0	0
Be8	7454.85	3.12116	99999.6	0	0
neutron	939.565	26.975	99999.6	0	0
alpha	3727.38	14.447	99999.6	0	0
alpha	3727.38	12.0544	99999.6	0	0
neutron	939.565	5.9477	99999.6	0	0
neutron	939.565	4.03637	99999.6	0	0
neutron	939.565	1.84476	99999.6	0	0
alpha	3727.38	2.08156	99999.6	0	0
alpha	3727.38	4.79007	99999.6	0	0
neutron	939.565	2.34433	99999.6	0	0
B11	10252.5	0.505219	99999.6	0	0
neutron	939.565	14.9348	99999.6	0	0
neutron	939.565	5.98838	99999.6	0	0
alpha	3727.38	4.84776	99999.6	0	0
alpha	3727.38	0.737004	99999.6	0	0
neutron	939.565	5.35476	99999.6	0	0
neutron	939.565	2.31807	99999.6	0	0
B10	9324.44	0.28353	99999.6	0	0
neutron	939.565	4.3346	99999.6	0	0
neutron	939.565	0.75557	99999.6	0	0
B10	9324.44	0.277659	99999.6	0	0
neutron	939.565	1.48697	99999.6	0	0
B11	10252.5	0.662772	99999.6	0	0
neutron	939.565	26.2378	99999.6	0	0
neutron	939.565	2.52113	99999.6	0	0
B10	9324.44	1.76124	99999.6	0	0
neutron	939.565	12.4717	99999.6	0	0
neutron	939.565	1.83278	99999.6	0	0
Be8	7454.85	1.09437	99999.6	0	0
B12	11188.7	0.345364	99999.6	0	0
neutron	939.565	21.6311	99999.6	0	0
neutron	939.565	5.5307	99999.6	0	0
neutron	939.565	0.867829	99999.6	0	0
alpha	3727.38	2.69102	99999.6	0	0
alpha	3727.38	6.57092	99999.6	0	0
neutron	939.565	8.89218	99999.6	0	0
neutron	939.565	2.68279	99999.6	0	0
Be8	7454.85	0.279603	99999.6	0	0
neutron	939.565	22.1485	99999.6	0	0
neutron	939.565	4.28315	99999.6	0	0
Be8	7454.85	3.9855	99999.6	0	0
neutron	939.565	6.2755	99999.6	0	0
neutron	939.565	5.0771	99999.6	0	0
neutron	939.565	0.542519	99999.6	0	0
alpha	3727.38	10.1049	99999.6	0	0
alpha	3727.38	10.6365	99999.6	0	0
neutron	939.565	5.35587	99999.6	0	0
neutron	939.565	5.174	99999.6	0	0
neutron	939.565	1.75097	99999.6	0	0
alpha	3727.38	3.34362	99999.6	0	0
alpha	3727.38	8.30849	99999.6	0	0
neutron	939.565	8.74692	99999.6	0	0
neutron	939.565	0.468275	99999.6	0	0
alpha	3727.38	5.43996	99999.6	0	0
alpha	3727.38	2.57248	99999.6	0	0
neutron	939.565	21.8206	99999.6	0	0
neutron	939.565	7.93834	99999.6	0	0
alpha	3727.38	8.21143	99999.6	0	0
alpha	3727.38	1.51337	99999.6	0	0
B12	11188.7	0.359618	99999.6	0	0
neutron	939.565	7.22624	99999.6	0	0
neutron	939.565	6.43835	99999.6	0	0
neutron	939.565	2.5999	99999.6	0	0
Be8	7454.85	1.68973	99999.6	0	0
neutron	939.565	5.16178	99999.7	0	0
neutron	939.565	0.594285	99999.7	0	0
B10	9324.44	1.05921	99999.7	0	0
neutron	939.565	22.0742	99999.6	0	0
neutron	939.565	12.4936	99999.6	0	0
alpha	3727.38	3.05243	99999.6	0	0
alpha	3727.38	3.83653	99999.6	0	0
neutron	939.565	25.7233	99999.6	0	0
alpha	3727.38	3.05823	99999.6	0	0
alpha	3727.38	13.4886	99999.6	0	0
neutron	939.565	1.43819	99999.6	0	0
B11	10252.5	0.123018	99999.6	0	0
neutron	939.565	6.1217	99999.6	0	0
neutron	939.565	0.993202	99999.6	0	0
Be8	7454.85	1.31184	99999.6	0	0
neutron	939.565	11.0766	99999.6	0	0
neutron	939.565	10.0028	99999.6	0	0
neutron	939.565	1.23777	99999.6	0	0
Be8	7454.85	1.27833	99999.6	0	0
neutron	939.565	32.1381	99999.6	0	0
neutron	939.565	3.7386	99999.6	0	0
alpha	3727.38	13.9761	99999.6	0	0
alpha	3727.38	2.64954	99999.6	0	0
neutron	939.565	0.128301	99999.6	0	0
B11	10252.5	0.269329	99999.6	0	0
neutron	939.565	1.40306	99999.6	0	0
Be8	7454.85	1.49422	99999.6	0	0
neutron	939.565	4.70723	99999.6	0	0
neutron	939.565	1.00082	99999.6	0	0
Be9	8392.75	0.69531	99999.6	0	0
neutron	939.565	13.1677	99999.6	0	0
neutron	939.565	5.22904	99999.6	0	0
B10	9324.44	0.726222	99999.6	0	0
neutron	939.565	7.76988	99999.6	0	0
neutron	939.565	6.5285	99999.6	0	0
Be9	8392.75	1.03247	99999.6	0	0
neutron	939.565	10.6821	99999.6	0	0
neutron	939.565	9.47544	99999.6	0	0
neutron	939.565	0.0756337	99999.6	0	0
Be8	7454.85	1.72626	99999.6	0	0
B12	11188.7	0.367522	99999.6	0	0
neutron	939.565	6.42969	99999.6	0	0
neutron	939.565	5.00291	99999.6	0	0
Be9	8392.75	0.908068	99999.6	0	0
neutron	939.565	1.03182	99999.6	0	0
neutron	939.565	0.265156	99999.6	0	0
Be8	7454.85	0.973874	99999.6	0	0
neutron	939.565	4.10406	99999.6	0	0
Be10	9325.5	0.372489	99999.6	0	0
neutron	939.565	6.30822	99999.6	0	0
neutron	939.565	1.42978	99999.6	0	0
B10	9324.44	0.667912	99999.6	0	0
neutron	939.565	11.4855	99999.6	0	0
neutron	939.565	7.45608	99999.6	0	0
Be8	7454.85	3.10085	99999.6	0	0
neutron	939.565	4.05961	99999.6	0	0
neutron	939.565	3.8491	99999.6	0	0
alpha	3727.38	0.526833	99999.6	0	0
alpha	3727.38	7.923	99999.6	0	0
neutron	939.565	1.29079	99999.6	0	0
neutron	939.565	0.331578	99999.6	0	0
B10	9324.44	0.200574	99999.6	0	0
neutron	939.565	7.12364	99999.6	0	0
B11	10252.5	1.06434	99999.6	0	0
neutron	939.565	7.92851	99999.6	0	0
neutron	939.565	7.45868	99999.6	0	0
Be9	8392.75	0.258746	99999.6	0	0
neutron	939.565	4.64824	99999.6	0	0
B11	10252.5	0.635391	99999.6	0	0
neutron	939.565	17.1484	99999.6	0	0
neutron	939.565	5.6464	99999.6	0	0
alpha	3727.38	4.34783	99999.6	0	0
alpha	3727.38	4.15279	99999.6	0	0
neutron	939.565	2.53477	99999.6	0	0
alpha	3727.38	3.74214	99999.6	0	0
Li7	6533.83	2.33126	99999.6	0	0
neutron	939.565	0.539602	99999.6	0	0
B11	10252.5	0.159058	99999.6	0	0
neutron	939.565	3.96815	99999.6	0	0
alpha	3727.38	4.42798	99999.6	0	0
alpha	3727.38	1.6682	99999.6	0	0
neutron	939.565	4.50547	99999.6	0	0
neutron	939.565	0.218273	99999.6	0	0
B10	9324.44	0.170287	99999.6	0	0
neutron	939.565	9.90749	99999.6	0	0
Be8	7454.85	1.01289	99999.6	0	0
neutron	939.565	4.5024	99999.6	0	0
B11	10252.5	0.121084	99999.6	0	0
neutron	939.565	0.108501	99999.6	0	0
Be10	9325.5	4.91983	99999.6	0	0
neutron	939.565	16.3238	99999.6	0	0
alpha	3727.38	12.2017	99999.6	0	0
alpha	3727.38	6.43753	99999.6	0	0
neutron	939.565	3.37296	99999.6	0	0
alpha	3727.38	5.23827	99999.6	0	0
alpha	3727.38	8.57431	99999.6	0	0
neutron	939.565	14.2925	99999.6	0	0
neutron	939.565	1.2709	99999.6	0	0
neutron	939.565	0.75285	99999.6	0	0
alpha	3727.38	3.70699	99999.6	0	0
alpha	3727.38	1.82664	99999.6	0	0
neutron	939.565	12.2259	99999.6	0	0
neutron	939.565	7.96841	99999.6	0	0
neutron	939.565	0.719448	99999.6	0	0
Be8	7454.85	1.55866	99999.6	0	0
B12	11188.7	0.352273	99999.6	0	0
neutron	939.565	4.81201	99999.6	0	0
Be10	9325.5	2.01267	99999.6	0	0
neutron	939.565	21.169	99999.6	0	0
neutron	939.565	2.89958	99999.6	0	0
neutron	939.565	1.96583	99999.6	0	0
Be8	7454.85	2.5932	99999.6	0	0
neutron	939.565	2.81388	99999.6	0	0
neutron	939.565	0.784835	99999.6	0	0
Be7	6534.18	0.382051	99999.6	0	0
neutron	939.565	4.83499	99999.6	0	0
neutron	939.565	2.37511	99999.6	0	0
B10	9324.44	0.324247	99999.6	0	0
neutron	939.565	7.89442	99999.6	0	0
neutron	939.565	3.93314	99999.6	0	0
neutron	939.565	3.21766	99999.6	0	0
alpha	3727.38	8.27218	99999.6	0	0
alpha	3727.38	5.9769	99999.6	0	0
neutron	939.565	8.7552	99999.6	0	0
neutron	939.565	1.11877	99999.6	0	0
Be8	7454.85	1.57358	99999.6	0	0
neutron	939.565	36.2002	99999.6	0	0
alpha	3727.38	11.2145	99999.6	0	0
neutron	939.565	6.40645	99999.6	0	0
B11	10252.5	0.110992	99999.6	0	0
neutron	939.565	8.59336	99999.6	0	0
Be8	7454.85	0.0268945	99999.6	0	0
neutron	939.565	5.14945	99999.6	0	0
neutron	939.565	1.80379	99999.6	0	0
neutron	939.565	1.72576	99999.6	0	0
alpha	3727.38	3.70362	99999.6	0	0
alpha	3727.38	1.6968	99999.6	0	0
neutron	939.565	0.979775	99999.6	0	0
B11	10252.5	0.778708	99999.6	0	0
neutron	939.565	13.3723	99999.6	0	0
neutron	939.565	5.8175	99999.6	0	0
neutron	939.565	2.20106	99999.6	0	0
alpha	3727.38	6.55424	99999.6	0	0
alpha	3727.38	1.0096	99999.6	0	0
neutron	939.565	2.75633	99999.6	0	0
alpha	3727.38	5.84363	99999.6	0	0
Li7	6533.83	2.73638	99999.6	0	0
neutron	939.565	12.6368	99999.6	0	0
neutron	939.565	5.83044	99999.6	0	0
neutron	939.565	1.29422	99999.6	0	0
Be8	7454.85	2.23978	99999.6	0	0
neutron	939.565	17.518	99999.6	0	0
neutron	939.565	1.20148	99999.6	0	0
neutron	939.565	0.859421	99999.6	0	0
alpha	3727.38	8.94841	99999.6	0	0
alpha	3727.38	9.78198	99999.6	0	0
neutron	939.565	2.56428	99999.6	0	0
Be10	9325.5	0.775406	99999.6	0	0
neutron	939.565	4.70473	99999.6	0	0
Be10	9325.5	4.17304	99999.6	0	0
neutron	939.565	25.1489	99999.6	0	0
Be8	7454.85	4.52874	99999.6	0	0
neutron	939.565	7.56982	99999.6	0	0
neutron	939.565	2.06969	99999.6	0	0
neutron	939.565	1.54362	99999.6	0	0
alpha	3727.38	4.54508	99999.6	0	0
alpha	3727.38	0.945873	99999.6	0	0
neutron	939.565	4.23606	99999.6	0	0
alpha	3727.38	1.96708	99999.6	0	0
alpha	3727.38	6.50161	99999.6	0	0
Be10	9325.5	5.33899	99999.6	0	0
neutron	939.565	10.5745	99999.6	0	0
neutron	939.565	1.10119	99999.6	0	0
B10	9324.44	0.951372	99999.6	0	0
neutron	939.565	23.3996	99999.6	0	0
neutron	939.565	9.66065	99999.6	0	0
Be9	8392.75	6.29335	99999.6	0	0
Be10	9325.5	0.716764	99999.6	0	0
neutron	939.565	1.36891	99999.6	0	0
alpha	3727.38	4.51307	99999.6	0	0
alpha	3727.38	1.87325	99999.6	0	0
neutron	939.565	9.06754	99999.6	0	0
neutron	939.565	2.33048	99999.6	0	0
B10	9324.44	1.61229	99999.6	0	0
neutron	939.565	6.43502	99999.6	0	0
B11	10252.5	1.48322	99999.6	0	0
neutron	939.565	1.17077	99999.6	0	0
B11	10252.5	0.230714	99999.6	0	0
neutron	939.565	1.85962	99999.6	0	0
B11	10252.5	0.10972	99999.6	0	0
neutron	939.565	4.93364	99999.6	0	0
alpha	3727.38	2.73599	99999.6	0	0
alpha	3727.38	1.41882	99999.6	0	0
neutron	939.565	14.8436	99999.7	0	0
alpha	3727.38	10.0555	99999.7	0	0
alpha	3727.38	9.7382	99999.7	0	0
neutron	939.565	10.5737	99999.6	0	0
neutron	939.565	4.53316	99999.6	0	0
alpha	3727.38	2.94224	99999.6	0	0
alpha	3727.38	5.71542	99999.6	0	0
neutron	939.565	10.8482	99999.6	0	0
neutron	939.565	5.67522	99999.6	0	0
neutron	939.565	3.77204	99999.6	0	0
alpha	3727.38	7.51367	99999.6	0	0
alpha	3727.38	0.365433	99999.6	0	0
neutron	939.565	1.0144	99999.6	0	0
B11	10252.5	0.429934	99999.6	0	0
neutron	939.565	6.29259	99999.6	0	0
B11	10252.5	0.726667	99999.6	0	0
neutron	939.565	2.75881	99999.6	0	0
B11	10252.5	0.909456	99999.6	0	0
neutron	939.565	4.41123	99999.6	0	0
neutron	939.565	1.37306	99999.6	0	0
B10	9324.44	0.81138	99999.6	0	0
neutron	939.565	2.42292	99999.6	0	0
B11	10252.5	0.458119	99999.6	0	0
neutron	939.565	9.21852	99999.6	0	0
neutron	939.565	5.63871	99999.6	0	0
B10	9324.44	2.71125	99999.6	0	0
neutron	939.565	5.25591	99999.6	0	0
alpha	3727.38	7.51718	99999.6	0	0
neutron	939.565	12.3776	99999.6	0	0
alpha	3727.38	5.02932	99999.6	0	0
alpha	3727.38	4.89327	99999.6	0	0
neutron	939.565	35.4767	99999.6	0	0
alpha	3727.38	6.91835	99999.6	0	0
alpha	3727.38	7.25908	99999.6	0	0
neutron	939.565	8.06395	99999.6	0	0
neutron	939.565	1.57161	99999.6	0	0
alpha	3727.38	10.5289	99999.6	0	0
alpha	3727.38	7.63287	99999.6	0	0
neutron	939.565	12.545	99999.6	0	0
neutron	939.565	8.60912	99999.6	0	0
Be9	8392.75	3.64326	99999.6	0	0
neutron	939.565	9.1845	99999.7	0	0
neutron	939.565	4.49721	99999.7	0	0
neutron	939.565	2.19805	99999.7	0	0
alpha	3727.38	6.01178	99999.7	0	0
alpha	3727.38	5.19147	99999.7	0	0
neutron	939.565	5.35475	99999.6	0	0
B11	10252.5	0.977832	99999.6	0	0
neutron	939.565	11.3381	99999.6	0	0
neutron	939.565	5.40111	99999.6	0	0
B10	9324.44	0.32428	99999.6	0	0
neutron	939.565	2.45486	99999.6	0	0
B11	10252.5	0.314754	99999.6	0	0
neutron	939.565	5.03042	99999.6	0	0
neutron	939.565	4.01831	99999.6	0	0
neutron	939.565	1.57501	99999.6	0	0
Be8	7454.85	0.257203	99999.6	0	0
neutron	939.565	5.69382	99999.6	0	0
Be10	9325.5	1.63647	99999.6	0	0
neutron	939.565	24.1889	99999.6	0	0
neutron	939.565	7.96336	99999.6	0	0
neutron	939.565	7.42572	99999.6	0	0
alpha	3727.38	5.4215	99999.6	0	0
alpha	3727.38	1.99617	99999.6	0	0
neutron	939.565	23.7458	99999.6	0	0
Be10	9325.5	2.19291	99999.6	0	0
neutron	939.565	8.21002	99999.7	0	0
neutron	939.565	5.41592	99999.7	0	0
alpha	3727.38	9.62354	99999.7	0	0
alpha	3727.38	1.93742	99999.7	0	0
neutron	939.565	19.4133	99999.6	0	0
neutron	939.565	3.58986	99999.6	0	0
neutron	939.565	2.28072	99999.6	0	0
alpha	3727.38	1.17423	99999.6	0	0
alpha	3727.38	7.39487	99999.6	0	0
neutron	939.565	1.68752	99999.7	0	0
B11	10252.5	0.944499	99999.7	0	0
neutron	939.565	0.535968	99999.6	0	0
B11	10252.5	0.420632	99999.6	0	0
neutron	939.565	13.0549	99999.6	0	0
neutron	939.565	5.05783	99999.6	0	0
Be9	8392.75	1.61119	99999.6	0	0
neutron	939.565	10.3876	99999.6	0	0
B11	10252.5	1.65017	99999.6	0	0
neutron	939.565	5.35512	99999.6	0	0
neutron	939.565	0.972874	99999.6	0	0
B10	9324.44	0.487061	99999.6	0	0
neutron	939.565	10.4037	99999.6	0	0
alpha	3727.38	1.79105	99999.6	0	0
alpha	3727.38	3.7725	99999.6	0	0
neutron	939.565	8.91938	99999.6	0	0
neutron	939.565	1.35217	99999.6	0	0
neutron	939.565	0.821229	99999.6	0	0
Be8	7454.85	0.280025	99999.6	0	0
neutron	939.565	4.11587	99999.6	0	0
neutron	939.565	1.55398	99999.6	0	0
neutron	939.565	0.584679	99999.6	0	0
Be8	7454.85	1.37349	99999.6	0	0
neutron	939.565	6.01275	99999.6	0	0
alpha	3727.38	11.787	99999.6	0	0
alpha	3727.38	2.89236	99999.6	0	0
neutron	939.565	9.63211	99999.6	0	0
neutron	939.565	5.70691	99999.6	0	0
B10	9324.44	1.59995	99999.6	0	0
neutron	939.565	2.88793	99999.6	0	0
neutron	939.565	1.36602	99999.6	0	0
B10	9324.44	1.04598	99999.6	0	0
B12	11188.7	0.358919	99999.6	0	0
neutron	939.565	2.5153	99999.6	0	0
B11	10252.5	0.218535	99999.6	0	0
neutron	939.565	0.542181	99999.6	0	0
B11	10252.5	0.32324	99999.6	0	0
Be9	8392.75	0.899912	99999.6	0	0
neutron	939.565	12.5652	99999.6	0	0
neutron	939.565	9.04913	99999.6	0	0
neutron	939.565	3.55639	99999.6	0	0
alpha	3727.38	5.78609	99999.6	0	0
alpha	3727.38	1.06248	99999.6	0	0
neutron	939.565	6.46473	99999.6	0	0
alpha	3727.38	3.98439	99999.6	0	0
alpha	3727.38	4.76321	99999.6	0	0
neutron	939.565	5.83417	99999.6	0	0
neutron	939.565	5.34876	99999.6	0	0
neutron	939.565	3.57544	99999.6	0	0
Be8	7454.85	5.68281	99999.6	0	0
neutron	939.565	2.59367	99999.6	0	0
B11	10252.5	0.923637	99999.6	0	0
neutron	939.565	24.9291	99999.6	0	0
neutron	939.565	1.31982	99999.6	0	0
neutron	939.565	0.412888	99999.6	0	0
B9	8393.31	1.74882	99999.6	0	0
neutron	939.565	0.878912	99999.6	0	0
B11	10252.5	0.204986	99999.6	0	0
neutron	939.565	20.4342	99999.6	0	0
neutron	939.565	3.07055	99999.6	0	0
Be9	8392.75	0.832603	99999.6	0	0
neutron	939.565	6.75135	99999.6	0	0
alpha	3727.38	2.97459	99999.6	0	0
alpha	3727.38	8.28009	99999.6	0	0
B12	11188.7	0.371399	99999.6	0	0
neutron	939.565	13.0505	99999.6	0	0
Be10	9325.5	2.33634	99999.6	0	0
neutron	939.565	11.5552	99999.6	0	0
neutron	939.565	0.537315	99999.6	0	0
B10	9324.44	1.28567	99999.6	0	0
neutron	939.565	2.63267	99999.6	0	0
neutron	939.565	2.32026	99999.6	0	0
alpha	3727.38	13.9127	99999.6	0	0
alpha	3727.38	11.2895	99999.6	0	0
neutron	939.565	2.25507	99999.6	0	0
neutron	939.565	0.416376	99999.6	0	0
alpha	3727.38	4.09053	99999.6	0	0
alpha	3727.38	4.79507	99999.6	0	0
neutron	939.565	9.06325	99999.6	0	0
neutron	939.565	1.8764	99999.6	0	0
Be9	8392.75	1.53525	99999.6	0	0
neutron	939.565	30.3549	99999.6	0	0
alpha	3727.38	1.36906	99999.6	0	0
alpha	3727.38	5.39146	99999.6	0	0
neutron	939.565	26.5589	99999.6	0	0
neutron	939.565	17.834	99999.6	0	0
B10	9324.44	7.74096	99999.6	0	0
B12	11188.7	0.357208	99999.6	0	0
neutron	939.565	7.34774	99999.6	0	0
alpha	3727.38	15.4637	99999.6	0	0
alpha	3727.38	0.409019	99999.6	0	0
Be10	9325.5	0.81778	99999.6	0	0
neutron	939.565	4.77885	99999.6	0	0
B10	9324.44	1.07157	99999.6	0	0
neutron	939.565	3.5411	99999.6	0	0
Be10	9325.5	2.7942	99999.6	0	0
neutron	939.565	2.22491	99999.6	0	0
neutron	939.565	0.532414	99999.6	0	0
neutron	939.565	0.4254	99999.6	0	0
Be8	7454.85	1.79416	99999.6	0	0
neutron	939.565	3.06514	99999.6	0	0
B11	10252.5	0.452895	99999.6	0	0
neutron	939.565	14.8196	99999.6	0	0
Be8	7454.85	0.390526	99999.6	0	0
alpha	3727.38	3.33181	99999.6	0	0
Li8	7471.37	0.499556	99999.6	0	0
neutron	939.565	48.1211	99999.6	0	0
Be8	7454.85	5.67628	99999.6	0	0
neutron	939.565	10.4846	99999.6	0	0
Be8	7454.85	1.10316	99999.6	0	0
neutron	939.565	0.707255	99999.6	0	0
B11	10252.5	0.547513	99999.6	0	0
B12	11188.7	0.353522	99999.6	0	0
neutron	939.565	5.99381	99999.6	0	0
neutron	939.565	2.01227	99999.6	0	0
B10	9324.44	0.56668	99999.6	0	0
neutron	939.565	26.0575	99999.6	0	0
neutron	939.565	2.125	99999.6	0	0
alpha	3727.38	2.52077	99999.6	0	0
neutron	939.565	10.6545	99999.7	0	0
neutron	939.565	2.43255	99999.7	0	0
B10	9324.44	2.01524	99999.7	0	0
neutron	939.565	5.73955	99999.6	0	0
alpha	3727.38	2.92881	99999.6	0	0
He6	5605.53	8.01518	99999.6	0	0
neutron	939.565	14.6283	99999.6	0	0
neutron	939.565	12.0921	99999.6	0	0
B10	9324.44	3.00745	99999.6	0	0
neutron	939.565	20.8013	99999.6	0	0
neutron	939.565	0.0176809	99999.6	0	0
Be9	8392.75	0.733402	99999.6	0	0
neutron	939.565	12.6559	99999.6	0	0
alpha	3727.38	10.3251	99999.6	0	0
Li7	6533.83	2.44992	99999.6	0	0
neutron	939.565	7.33006	99999.6	0	0
neutron	939.565	4.66381	99999.6	0	0
Be9	8392.75	0.283416	99999.6	0	0
neutron	939.565	6.70536	99999.6	0	0
B11	10252.5	0.723901	99999.6	0	0
B12	11188.7	0.332825	99999.6	0	0
neutron	939.565	21.8462	99999.6	0	0
neutron	939.565	2.42904	99999.6	0	0
B11	10252.5	1.14861	99999.6	0	0
neutron	939.565	2.62511	99999.6	0	0
B11	10252.5	0.357365	99999.6	0	0
neutron	939.565	4.11479	99999.6	0	0
B11	10252.5	0.229003	99999.6	0	0
neutron	939.565	13.5956	99999.6	0	0
B11	10252.5	2.12753	99999.6	0	0
neutron	939.565	2.82074	99999.6	0	0
B11	10252.5	0.0313913	99999.6	0	0
neutron	939.565	4.52822	99999.6	0	0
neutron	939.565	0.515025	99999.6	0	0
B10	9324.44	1.3902	99999.6	0	0
neutron	939.565	12.3897	99999.6	0	0
neutron	939.565	1.38212	99999.6	0	0
B10	9324.44	0.602571	99999.6	0	0
neutron	939.565	7.75977	99999.6	0	0
neutron	939.565	0.629034	99999.6	0	0
B10	9324.44	0.131897	99999.6	0	0
neutron	939.565	17.3029	99999.6	0	0
B11	10252.5	1.52688	99999.6	0	0
neutron	939.565	9.60993	99999.6	0	0
Be8	7454.85	1.39645	99999.6	0	0
neutron	939.565	28.1369	99999.6	0	0
neutron	939.565	10.3301	99999.6	0	0
Be8	7454.85	4.18511	99999.6	0	0
neutron	939.565	16.068	99999.6	0	0
neutron	939.565	0.479355	99999.6	0	0
Be8	7454.85	3.76069	99999.6	0	0
neutron	939.565	1.27533	99999.6	0	0
B11	10252.5	0.749567	99999.6	0	0
neutron	939.565	15.4239	99999.6	0	0
neutron	939.565	5.10373	99999.6	0	0
neutron	939.565	3.35083	99999.6	0	0
Be8	7454.85	3.73343	99999.6	0	0
neutron	939.565	9.76442	99999.6	0	0
neutron	939.565	7.95088	99999.6	0	0
neutron	939.565	0.725779	99999.6	0	0
Be8	7454.85	0.799103	99999.6	0	0
neutron	939.565	28.7892	99999.6	0	0
neutron	939.565	1.63395	99999.6	0	0
B10	9324.44	2.61774	99999.6	0	0
neutron	939.565	31.6293	99999.6	0	0
neutron	939.565	1.73619	99999.6	0	0
Be9	8392.75	5.45066	99999.6	0	0
neutron	939.565	1.2358	99999.6	0	0
neutron	939.565	1.03887	99999.6	0	0
alpha	3727.38	4.77253	99999.6	0	0
alpha	3727.38	1.22902	99999.6	0	0
neutron	939.565	0.377607	99999.6	0	0
B11	10252.5	0.404782	99999.6	0	0
neutron	939.565	12.7572	99999.6	0	0
alpha	3727.38	2.80093	99999.6	0	0
alpha	3727.38	7.12447	99999.6	0	0
neutron	939.565	0.816135	99999.6	0	0
Be10	9325.5	0.57012	99999.6	0	0
neutron	939.565	15.4531	99999.6	0	0
neutron	939.565	14.1781	99999.6	0	0
B10	9324.44	0.276655	99999.6	0	0
neutron	939.565	8.18327	99999.6	0	0
neutron	939.565	7.63176	99999.6	0	0
neutron	939.565	2.64111	99999.6	0	0
alpha	3727.38	2.31721	99999.6	0	0
alpha	3727.38	2.74507	99999.6	0	0
neutron	939.565	4.31915	99999.6	0	0
alpha	3727.38	6.13856	99999.6	0	0
alpha	3727.38	4.27541	99999.6	0	0
neutron	939.565	30.1991	99999.6	0	0
neutron	939.565	2.61236	99999.6	0	0
Be8	7454.85	3.62045	99999.6	0	0
neutron	939.565	22.3988	99999.6	0	0
neutron	939.565	4.66985	99999.6	0	0
neutron	939.565	3.08224	99999.6	0	0
Be8	7454.85	1.5911	99999.6	0	0
Be10	9325.5	2.23676	99999.7	0	0
neutron	939.565	4.62523	99999.6	0	0
B11	10252.5	0.791633	99999.6	0	0
neutron	939.565	6.41251	99999.6	0	0
alpha	3727.38	7.70547	99999.6	0	0
Li7	6533.83	2.34781	99999.6	0	0
neutron	939.565	14.8588	99999.6	0	0
neutron	939.565	5.69421	99999.6	0	0
neutron	939.565	0.799734	99999.6	0	0
Be8	7454.85	0.507252	99999.6	0	0
neutron	939.565	7.70963	99999.6	0	0
neutron	939.565	0.076981	99999.6	0	0
B10	9324.44	0.357827	99999.6	0	0
neutron	939.565	1.32358	99999.6	0	0
B11	10252.5	0.0908186	99999.6	0	0
neutron	939.565	5.62666	99999.6	0	0
B11	10252.5	0.222599	99999.6	0	0
neutron	939.565	15.8053	99999.6	0	0
neutron	939.565	3.53931	99999.6	0	0
neutron	939.565	2.48754	99999.6	0	0
Be8	7454.85	2.47061	99999.6	0	0
neutron	939.565	5.03787	99999.6	0	0
neutron	939.565	3.49294	99999.6	0	0
Be8	7454.85	1.08742	99999.6	0	0
neutron	939.565	2.3919	99999.6	0	0
B11	10252.5	0.149881	99999.6	0	0
neutron	939.565	6.86815	99999.6	0	0
neutron	939.565	4.78403	99999.6	0	0
neutron	939.565	2.6723	99999.6	0	0
Be8	7454.85	0.560737	99999.6	0	0
Be10	9325.5	0.158953	99999.6	0	0
neutron	939.565	10.6473	99999.7	0	0
Be10	9325.5	0.744565	99999.7	0	0
neutron	939.565	5.52618	99999.6	0	0
neutron	939.565	1.49399	99999.6	0	0
alpha	3727.38	3.17326	99999.6	0	0
alpha	3727.38	2.09788	99999.6	0	0
neutron	939.565	9.40422	99999.6	0	0
neutron	939.565	1.88926	99999.6	0	0
Be9	8392.75	1.2469	99999.6	0	0
neutron	939.565	8.37179	99999.7	0	0
alpha	3727.38	3.47245	99999.7	0	0
alpha	3727.38	1.2122	99999.7	0	0
neutron	939.565	10.5517	99999.6	0	0
neutron	939.565	4.53321	99999.6	0	0
neutron	939.565	0.510028	99999.6	0	0
Be8	7454.85	0.999871	99999.6	0	0
B12	11188.7	0.365916	99999.6	0	0
neutron	939.565	2.45328	99999.6	0	0
B11	10252.5	0.610296	99999.6	0	0
neutron	939.565	8.18006	99999.6	0	0
neutron	939.565	3.73074	99999.6	0	0
neutron	939.565	2.01961	99999.6	0	0
Be8	7454.85	1.97263	99999.6	0	0
neutron	939.565	26.0992	99999.6	0	0
neutron	939.565	1.06537	99999.6	0	0
alpha	3727.38	9.46176	99999.6	0	0
alpha	3727.38	5.32384	99999.6	0	0
neutron	939.565	9.93279	99999.6	0	0
neutron	939.565	5.71332	99999.6	0	0
Be8	7454.85	2.68676	99999.6	0	0
neutron	939.565	4.81998	99999.6	0	0
neutron	939.565	1.05365	99999.6	0	0
Be9	8392.75	1.82921	99999.6	0	0
neutron	939.565	15.005	99999.6	0	0
neutron	939.565	1.81007	99999.6	0	0
Li7	6533.83	4.14485	99999.6	0	0
neutron	939.565	4.92217	99999.6	0	0
neutron	939.565	4.76464	99999.6	0	0
B10	9324.44	1.62946	99999.6	0	0
neutron	939.565	14.4687	99999.6	0	0
neutron	939.565	5.20962	99999.6	0	0
Be8	7454.85	2.98088	99999.6	0	0
neutron	939.565	1.58759	99999.6	0	0
B11	10252.5	0.27181	99999.6	0	0
neutron	939.565	25.9309	99999.6	0	0
Be10	9325.5	2.34408	99999.6	0	0
B12	11188.7	0.339387	99999.6	0	0
neutron	939.565	5.2017	99999.6	0	0
neutron	939.565	3.20126	99999.6	0	0
Be9	8392.75	2.64639	99999.6	0	0
neutron	939.565	11.0039	99999.6	0	0
Be10	9325.5	1.16139	99999.6	0	0
neutron	939.565	3.70593	99999.6	0	0
B11	10252.5	0.162136	99999.6	0	0
neutron	939.565	8.12464	99999.6	0	0
neutron	939.565	7.50676	99999.6	0	0
Be9	8392.75	3.30308	99999.6	0	0
B12	11188.7	0.332655	99999.6	0	0
neutron	939.565	2.80655	99999.6	0	0
alpha	3727.38	5.02514	99999.6	0	0
alpha	3727.38	2.51746	99999.6	0	0
neutron	939.565	24.9318	99999.6	0	0
B11	10252.5	2.1047	99999.6	0	0
neutron	939.565	4.19512	99999.7	0	0
neutron	939.565	1.39762	99999.7	0	0
B10	9324.44	0.193476	99999.7	0	0
neutron	939.565	3.58515	99999.6	0	0
B11	10252.5	0.62622	99999.6	0	0
neutron	939.565	9.52226	99999.6	0	0
neutron	939.565	7.06851	99999.6	0	0
neutron	939.565	1.70188	99999.6	0	0
alpha	3727.38	5.37174	99999.6	0	0
alpha	3727.38	6.46833	99999.6	0	0
neutron	939.565	4.38577	99999.6	0	0
B11	10252.5	1.1684	99999.6	0	0
neutron	939.565	3.11189	99999.7	0	0
Be10	9325.5	0.344718	99999.7	0	0
neutron	939.565	12.4108	99999.6	0	0
neutron	939.565	4.19518	99999.6	0	0
neutron	939.565	1.97459	99999.6	0	0
alpha	3727.38	5.87236	99999.6	0	0
alpha	3727.38	4.15817	99999.6	0	0
neutron	939.565	5.09624	99999.6	0	0
neutron	939.565	0.740351	99999.6	0	0
Be8	7454.85	4.78394	99999.6	0	0
neutron	939.565	5.31038	99999.6	0	0
alpha	3727.38	6.00073	99999.6	0	0
alpha	3727.38	1.46916	99999.6	0	0
B12	11188.7	0.336028	99999.6	0	0
neutron	939.565	14.1868	99999.6	0	0
neutron	939.565	4.85846	99999.6	0	0
neutron	939.565	2.43317	99999.6	0	0
Be8	7454.85	5.06896	99999.6	0	0
neutron	939.565	8.13151	99999.6	0	0
B11	10252.5	1.28017	99999.6	0	0
neutron	939.565	10.5455	99999.6	0	0
alpha	3727.38	0.757374	99999.6	0	0
Li7	6533.83	4.00684	99999.6	0	0
neutron	939.565	7.68791	99999.6	0	0
B11	10252.5	0.566233	99999.6	0	0
neutron	939.565	4.92952	99999.6	0	0
neutron	939.565	4.22012	99999.6	0	0
Be8	7454.85	2.35592	99999.6	0	0
neutron	939.565	0.577492	99999.6	0	0
B11	10252.5	0.515561	99999.6	0	0
neutron	939.565	8.21839	99999.6	0	0
B11	10252.5	1.48161	99999.6	0	0
neutron	939.565	3.89238	99999.6	0	0
B11	10252.5	0.829906	99999.6	0	0
neutron	939.565	11.1519	99999.6	0	0
alpha	3727.38	3.04624	99999.6	0	0
Li7	6533.83	1.6986	99999.6	0	0
neutron	939.565	11.469	99999.6	0	0
neutron	939.565	8.12506	99999.6	0	0
Be8	7454.85	1.83837	99999.6	0	0
neutron	939.565	34.291	99999.6	0	0
neutron	939.565	2.28899	99999.6	0	0
B10	9324.44	3.58594	99999.6	0	0
neutron	939.565	4.50679	99999.6	0	0
B11	10252.5	0.254329	99999.6	0	0
neutron	939.565	5.45348	99999.6	0	0
Be10	9325.5	6.37498	99999.6	0	0
neutron	939.565	4.83514	99999.6	0	0
alpha	3727.38	2.06205	99999.6	0	0
He6	5605.53	1.81283	99999.6	0	0
neutron	939.565	22.2369	99999.6	0	0
neutron	939.565	10.1179	99999.6	0	0
neutron	939.565	1.19729	99999.6	0	0
Be8	7454.85	3.22429	99999.6	0	0
neutron	939.565	2.15166	99999.6	0	0
alpha	3727.38	4.52344	99999.6	0	0
alpha	3727.38	8.02591	99999.6	0	0
neutron	939.565	2.786	99999.6	0	0
neutron	939.565	0.5783	99999.6	0	0
B10	9324.44	0.734687	99999.6	0	0
neutron	939.565	10.0439	99999.6	0	0
neutron	939.565	3.54452	99999.6	0	0
neutron	939.565	2.11795	99999.6	0	0
Be8	7454.85	0.775643	99999.6	0	0
neutron	939.565	3.87964	99999.6	0	0
neutron	939.565	3.62571	99999.6	0	0
Be9	8392.75	0.191558	99999.6	0	0
neutron	939.565	1.75645	99999.6	0	0
alpha	3727.38	2.72722	99999.6	0	0
Li7	6533.83	2.81423	99999.6	0	0
neutron	939.565	4.6584	99999.6	0	0
B11	10252.5	0.358165	99999.6	0	0
neutron	939.565	4.93479	99999.6	0	0
neutron	939.565	4.05322	99999.6	0	0
neutron	939.565	1.53243	99999.6	0	0
alpha	3727.38	9.95163	99999.6	0	0
alpha	3727.38	5.74901	99999.6	0	0
neutron	939.565	2.43158	99999.6	0	0
B11	10252.5	0.588092	99999.6	0	0
neutron	939.565	35.8789	99999.6	0	0
alpha	3727.38	4.14957	99999.6	0	0
alpha	3727.38	7.95071	99999.6	0	0
neutron	939.565	12.651	99999.6	0	0
neutron	939.565	1.19211	99999.6	0	0
neutron	939.565	1.13956	99999.6	0	0
alpha	3727.38	2.35694	99999.6	0	0
neutron	939.565	1.03857	99999.6	0	0
B11	10252.5	0.64195	99999.6	0	0
neutron	939.565	39.429	99999.6	0	0
neutron	939.565	5.52229	99999.6	0	0
neutron	939.565	2.80495	99999.6	0	0
Be8	7454.85	4.68425	99999.6	0	0
neutron	939.565	11.2728	99999.6	0	0
alpha	3727.38	7.56747	99999.6	0	0
Li7	6533.83	4.4348	99999.6	0	0
neutron	939.565	6.74498	99999.6	0	0
neutron	939.565	6.16264	99999.6	0	0
B10	9324.44	1.47119	99999.6	0	0
neutron	939.565	35.2286	99999.6	0	0
neutron	939.565	11.2529	99999.6	0	0
B10	9324.44	5.07871	99999.6	0	0
neutron	939.565	7.9868	99999.6	0	0
neutron	939.565	7.84197	99999.6	0	0
neutron	939.565	1.88892	99999.6	0	0
Be8	7454.85	1.43943	99999.6	0	0
neutron	939.565	14.1979	99999.6	0	0
neutron	939.565	1.43209	99999.6	0	0
Be9	8392.75	1.58289	99999.6	0	0
neutron	939.565	11.0469	99999.6	0	0
Be10	9325.5	2.06941	99999.6	0	0
neutron	939.565	5.87698	99999.6	0	0
neutron	939.565	2.40119	99999.6	0	0
B10	9324.44	0.109436	99999.6	0	0
neutron	939.565	1.07113	99999.6	0	0
B11	10252.5	0.304621	99999.6	0	0
neutron	939.565	0.874999	99999.6	0	0
B11	10252.5	0.202952	99999.6	0	0
neutron	939.565	1.1864	99999.6	0	0
neutron	939.565	0.326202	99999.6	0	0
Be8	7454.85	7.01293	99999.6	0	0
neutron	939.565	2.7059	99999.6	0	0
alpha	3727.38	4.25587	99999.6	0	0
alpha	3727.38	20.9424	99999.6	0	0
neutron	939.565	0.991504	99999.6	0	0
B11	10252.5	0.735876	99999.6	0	0
neutron	939.565	4.7634	99999.6	0	0
B11	10252.5	0.569407	99999.6	0	0
neutron	939.565	9.98101	99999.6	0	0
neutron	939.565	8.9688	99999.6	0	0
neutron	939.565	7.88344	99999.6	0	0
Be8	7454.85	1.60545	99999.6	0	0
neutron	939.565	7.33356	99999.6	0	0
neutron	939.565	0.650956	99999.6	0	0
Be9	8392.75	0.538444	99999.6	0	0
neutron	939.565	5.44809	99999.6	0	0
Be10	9325.5	0.860551	99999.6	0	0
neutron	939.565	14.5329	99999.6	0	0
neutron	939.565	0.549179	99999.6	0	0
neutron	939.565	0.252868	99999.6	0	0
Be8	7454.85	5.55322	99999.6	0	0
neutron	939.565	13.4492	99999.6	0	0
neutron	939.565	0.785215	99999.6	0	0
neutron	939.565	0.0929391	99999.6	0	0
Be8	7454.85	1.29315	99999.6	0	0
neutron	939.565	6.20368	99999.6	0	0
neutron	939.565	4.70051	99999.6	0	0
B10	9324.44	3.08561	99999.6	0	0
neutron	939.565	19.1558	99999.6	0	0
neutron	939.565	1.53166	99999.6	0	0
Be9	8392.75	2.86583	99999.6	0	0
neutron	939.565	10.8329	99999.6	0	0
neutron	939.565	1.40656	99999.6	0	0
B10	9324.44	1.94701	99999.6	0	0
Be10	9325.5	4.43046	99999.6	0	0
neutron	939.565	6.32267	99999.6	0	0
Be10	9325.5	0.317614	99999.6	0	0
neutron	939.565	26.8942	99999.6	0	0
Be10	9325.5	2.5064	99999.6	0	0
neutron	939.565	14.35	99999.6	0	0
alpha	3727.38	3.599	99999.6	0	0
alpha	3727.38	2.09306	99999.6	0	0
neutron	939.565	15.727	99999.6	0	0
Be8	7454.85	5.58673	99999.6	0	0
neutron	939.565	2.78619	99999.7	0	0
Be10	9325.5	1.3905	99999.7	0	0
neutron	939.565	40.9299	99999.6	0	0
neutron	939.565	5.40441	99999.6	0	0
neutron	939.565	0.825954	99999.6	0	0
Be8	7454.85	4.40234	99999.6	0	0
neutron	939.565	1.51973	99999.6	0	0
Be10	9325.5	0.707189	99999.6	0	0
neutron	939.565	4.42318	99999.6	0	0
B11	10252.5	0.0335406	99999.6	0	0
neutron	939.565	20.0798	99999.6	0	0
neutron	939.565	3.75199	99999.6	0	0
neutron	939.565	0.933977	99999.6	0	0
alpha	3727.38	4.47329	99999.6	0	0
alpha	3727.38	4.0823	99999.6	0	0
neutron	939.565	1.23242	99999.6	0	0
Be10	9325.5	0.810144	99999.6	0	0
neutron	939.565	14.6945	99999.6	0	0
neutron	939.565	1.50969	99999.6	0	0
Be9	8392.75	0.45935	99999.6	0	0
neutron	939.565	2.23283	99999.6	0	0
B11	10252.5	0.06339	99999.6	0	0
neutron	939.565	35.1294	99999.6	0	0
Be10	9325.5	2.56816	99999.6	0	0
neutron	939.565	7.97735	99999.6	0	0
neutron	939.565	6.13446	99999.6	0	0
alpha	3727.38	3.50846	99999.6	0	0
Li6	5601.52	2.66849	99999.6	0	0
neutron	939.565	3.62516	99999.6	0	0
B11	10252.5	1.00005	99999.6	0	0
neutron	939.565	32.0753	99999.6	0	0
neutron	939.565	3.48333	99999.6	0	0
neutron	939.565	0.690353	99999.6	0	0
Be8	7454.85	3.13323	99999.6	0	0
B12	11188.7	0.364973	99999.6	0	0
neutron	939.565	15.5522	99999.6	0	0
neutron	939.565	3.38052	99999.6	0	0
neutron	939.565	1.74026	99999.6	0	0
alpha	3727.38	5.63409	99999.6	0	0
alpha	3727.38	0.78616	99999.6	0	0
neutron	939.565	5.50556	99999.6	0	0
B11	10252.5	1.29092	99999.6	0	0
neutron	939.565	6.62335	99999.6	0	0
alpha	3727.38	2.68867	99999.6	0	0
Li7	6533.83	3.24227	99999.6	0	0
neutron	939.565	2.89191	99999.6	0	0
Be8	7454.85	3.4944	99999.6	0	0
neutron	939.565	31.0743	99999.6	0	0
neutron	939.565	5.01967	99999.6	0	0
B10	9324.44	1.38339	99999.6	0	0
B12	11188.7	0.363028	99999.6	0	0
neutron	939.565	7.93716	99999.6	0	0
alpha	3727.38	7.57746	99999.6	0	0
alpha	3727.38	3.98157	99999.6	0	0
neutron	939.565	6.52054	99999.6	0	0
neutron	939.565	4.45534	99999.6	0	0
neutron	939.565	2.0248	99999.6	0	0
Be8	7454.85	4.30738	99999.6	0	0
neutron	939.565	5.58332	99999.6	0	0
B11	10252.5	1.20846	99999.6	0	0
neutron	939.565	33.3318	99999.6	0	0
neutron	939.565	16.2495	99999.6	0	0
neutron	939.565	5.47794	99999.6	0	0
B9	8393.31	5.47241	99999.6	0	0
neutron	939.565	6.11659	99999.6	0	0
B11	10252.5	0.688809	99999.6	0	0
neutron	939.565	26.24	99999.6	0	0
neutron	939.565	8.93887	99999.6	0	0
neutron	939.565	0.790959	99999.6	0	0
alpha	3727.38	1.87566	99999.6	0	0
alpha	3727.38	4.17953	99999.6	0	0
neutron	939.565	21.4721	99999.6	0	0
neutron	939.565	1.5396	99999.6	0	0
Be8	7454.85	4.89112	99999.6	0	0
neutron	939.565	5.19214	99999.6	0	0
alpha	3727.38	4.16088	99999.6	0	0
alpha	3727.38	2.93146	99999.6	0	0
neutron	939.565	10.9258	99999.6	0	0
B11	10252.5	0.481151	99999.6	0	0
neutron	939.565	45.8238	99999.7	0	0
neutron	939.565	3.67347	99999.7	0	0
neutron	939.565	2.11647	99999.7	0	0
Be8	7454.85	4.32439	99999.7	0	0
neutron	939.565	34.2075	99999.6	0	0
alpha	3727.38	3.73132	99999.6	0	0
alpha	3727.38	5.16096	99999.6	0	0
neutron	939.565	25.7183	99999.6	0	0
alpha	3727.38	5.29962	99999.6	0	0
alpha	3727.38	1.53197	99999.6	0	0
neutron	939.565	13.0123	99999.6	0	0
neutron	939.565	1.30312	99999.6	0	0
alpha	3727.38	2.57634	99999.6	0	0
He5	4667.68	4.52749	99999.6	0	0
neutron	939.565	1.23695	99999.6	0	0
neutron	939.565	0.802677	99999.6	0	0
B10	9324.44	1.11673	99999.6	0	0
neutron	939.565	5.11589	99999.6	0	0
neutron	939.565	2.17857	99999.6	0	0
alpha	3727.38	1.88531	99999.6	0	0
alpha	3727.38	3.67277	99999.6	0	0
neutron	939.565	25.0433	99999.6	0	0
Be8	7454.85	0.99656	99999.6	0	0
neutron	939.565	11.5544	99999.6	0	0
Be8	7454.85	1.97347	99999.6	0	0
neutron	939.565	3.49593	99999.6	0	0
neutron	939.565	0.718643	99999.6	0	0
Be9	8392.75	0.904364	99999.6	0	0
neutron	939.565	22.0465	99999.6	0	0
neutron	939.565	2.97874	99999.6	0	0
Be8	7454.85	0.81417	99999.6	0	0
neutron	939.565	22.516	99999.6	0	0
alpha	3727.38	2.87724	99999.6	0	0
alpha	3727.38	1.01292	99999.6	0	0
neutron	939.565	22.0992	99999.6	0	0
neutron	939.565	21.3961	99999.6	0	0
neutron	939.565	2.67817	99999.6	0	0
Be8	7454.85	3.2309	99999.6	0	0
neutron	939.565	5.54009	99999.6	0	0
Be10	9325.5	1.51027	99999.6	0	0
neutron	939.565	1.99591	99999.7	0	0
B11	10252.5	0.121468	99999.7	0	0
neutron	939.565	1.57859	99999.6	0	0
neutron	939.565	1.23825	99999.6	0	0
alpha	3727.38	2.83451	99999.6	0	0
alpha	3727.38	2.69486	99999.6	0	0
neutron	939.565	7.32233	99999.6	0	0
B11	10252.5	0.192766	99999.6	0	0
neutron	939.565	2.50923	99999.6	0	0
neutron	939.565	2.19521	99999.6	0	0
Be9	8392.75	1.09105	99999.6	0	0
neutron	939.565	12.6491	99999.6	0	0
neutron	939.565	2.64903	99999.6	0	0
Be8	7454.85	3.05639	99999.6	0	0
neutron	939.565	37.9568	99999.6	0	0
neutron	939.565	4.95529	99999.6	0	0
neutron	939.565	1.50618	99999.6	0	0
B9	8393.31	4.94481	99999.6	0	0
neutron	939.565	8.11927	99999.6	0	0
neutron	939.565	0.236641	99999.6	0	0
alpha	3727.38	4.87696	99999.6	0	0
alpha	3727.38	3.08447	99999.6	0	0
neutron	939.565	20.7427	99999.6	0	0
neutron	939.565	1.25749	99999.6	0	0
alpha	3727.38	8.04728	99999.6	0	0
alpha	3727.38	0.958538	99999.6	0	0
neutron	939.565	8.27923	99999.6	0	0
alpha	3727.38	11.864	99999.6	0	0
alpha	3727.38	4.085	99999.6	0	0
neutron	939.565	5.69253	99999.6	0	0
neutron	939.565	2.37783	99999.6	0	0
neutron	939.565	1.73551	99999.6	0	0
Be8	7454.85	0.974228	99999.6	0	0
neutron	939.565	3.09303	99999.6	0	0
B11	10252.5	0.942396	99999.6	0	0
neutron	939.565	4.30577	99999.6	0	0
neutron	939.565	2.59624	99999.6	0	0
B10	9324.44	0.435178	99999.6	0	0
neutron	939.565	21.4097	99999.6	0	0
alpha	3727.38	15.7137	99999.6	0	0
alpha	3727.38	0.516558	99999.6	0	0
neutron	939.565	2.73697	99999.6	0	0
alpha	3727.38	10.5871	99999.6	0	0
Li7	6533.83	7.83343	99999.6	0	0
neutron	939.565	4.36428	99999.6	0	0
neutron	939.565	2.24993	99999.6	0	0
neutron	939.565	0.751116	99999.6	0	0
Be8	7454.85	1.86159	99999.6	0	0
neutron	939.565	7.45761	99999.6	0	0
B11	10252.5	1.77922	99999.6	0	0
neutron	939.565	16.5486	99999.6	0	0
neutron	939.565	16.3921	99999.6	0	0
alpha	3727.38	1.77177	99999.6	0	0
alpha	3727.38	5.00375	99999.6	0	0
neutron	939.565	0.49941	99999.6	0	0
B11	10252.5	0.377198	99999.6	0	0
B12	11188.7	0.33692	99999.6	0	0
neutron	939.565	9.68181	99999.6	0	0
Be9	8392.75	2.59941	99999.6	0	0
neutron	939.565	2.05388	99999.6	0	0
neutron	939.565	0.85862	99999.6	0	0
Be8	7454.85	1.52163	99999.6	0	0
neutron	939.565	12.2108	99999.6	0	0
neutron	939.565	1.3622	99999.6	0	0
B10	9324.44	2.53182	99999.6	0	0
Be10	9325.5	0.821539	99999.6	0	0
neutron	939.565	5.38919	99999.6	0	0
neutron	939.565	3.00145	99999.6	0	0
Be8	7454.85	0.507166	99999.6	0	0
neutron	939.565	1.48247	99999.6	0	0
Li9	8406.87	2.25342	99999.6	0	0
neutron	939.565	8.09513	99999.6	0	0
B11	10252.5	0.976753	99999.6	0	0
neutron	939.565	2.91898	99999.6	0	0
B11	10252.5	0.728201	99999.6	0	0
neutron	939.565	15.1378	99999.6	0	0
neutron	939.565	3.35069	99999.6	0	0
neutron	939.565	3.34382	99999.6	0	0
alpha	3727.38	5.18746	99999.6	0	0
alpha	3727.38	2.435	99999.6	0	0
neutron	939.565	17.4347	99999.6	0	0
neutron	939.565	9.233	99999.6	0	0
B10	9324.44	3.3969	99999.6	0	0
neutron	939.565	20.111	99999.6	0	0
neutron	939.565	0.833013	99999.6	0	0
neutron	939.565	0.528962	99999.6	0	0
alpha	3727.38	9.45848	99999.6	0	0
alpha	3727.38	2.01935	99999.6	0	0
neutron	939.565	0.667899	99999.6	0	0
B11	10252.5	0.575897	99999.6	0	0
neutron	939.565	35.2206	99999.7	0	0
neutron	939.565	10.5296	99999.7	0	0
B10	9324.44	3.45816	99999.7	0	0
neutron	939.565	3.8074	99999.6	0	0
neutron	939.565	2.68346	99999.6	0	0
Be8	7454.85	0.523528	99999.6	0	0
neutron	939.565	9.01962	99999.6	0	0
neutron	939.565	7.49618	99999.6	0	0
neutron	939.565	2.37669	99999.6	0	0
Be8	7454.85	3.28055	99999.6	0	0
B12	11188.7	0.344273	99999.6	0	0
neutron	939.565	0.632568	99999.6	0	0
B11	10252.5	0.305556	99999.6	0	0
neutron	939.565	12.8127	99999.6	0	0
neutron	939.565	1.67215	99999.6	0	0
Be9	8392.75	4.87292	99999.6	0	0
neutron	939.565	8.09003	99999.6	0	0
neutron	939.565	7.4057	99999.6	0	0
neutron	939.565	2.64139	99999.6	0	0
alpha	3727.38	2.91821	99999.6	0	0
alpha	3727.38	8.13629	99999.6	0	0
neutron	939.565	8.82223	99999.6	0	0
neutron	939.565	5.3234	99999.6	0	0
neutron	939.565	2.55666	99999.6	0	0
Be8	7454.85	0.908899	99999.6	0	0
neutron	939.565	0.804727	99999.7	0	0
B11	10252.5	0.355252	99999.7	0	0
B12	11188.7	0.362932	99999.6	0	0
neutron	939.565	2.86745	99999.6	0	0
alpha	3727.38	3.60772	99999.6	0	0
Li7	6533.83	3.11687	99999.6	0	0
neutron	939.565	7.21894	99999.6	0	0
B11	10252.5	1.31356	99999.6	0	0
neutron	939.565	5.225	99999.6	0	0
neutron	939.565	0.299988	99999.6	0	0
Be9	8392.75	4.49904	99999.6	0	0
neutron	939.565	1.1157	99999.6	0	0
Be10	9325.5	0.114948	99999.6	0	0
neutron	939.565	2.12054	99999.6	0	0
B11	10252.5	0.455993	99999.6	0	0
neutron	939.565	1.22512	99999.6	0	0
B11	10252.5	0.282075	99999.6	0	0
neutron	939.565	18.8273	99999.6	0	0
alpha	3727.38	3.93367	99999.6	0	0
alpha	3727.38	5.11644	99999.6	0	0
neutron	939.565	9.82108	99999.6	0	0
alpha	3727.38	3.13259	99999.6	0	0
alpha	3727.38	2.6145	99999.6	0	0
neutron	939.565	6.57005	99999.6	0	0
neutron	939.565	1.55697	99999.6	0	0
neutron	939.565	1.27106	99999.6	0	0
alpha	3727.38	1.61863	99999.6	0	0
alpha	3727.38	2.99697	99999.6	0	0
neutron	939.565	1.08628	99999.6	0	0
B11	10252.5	0.606135	99999.6	0	0
neutron	939.565	2.38879	99999.6	0	0
neutron	939.565	1.01581	99999.6	0	0
Be9	8392.75	1.87298	99999.6	0	0
neutron	939.565	42.7159	99999.6	0	0
neutron	939.565	8.30273	99999.6	0	0
alpha	3727.38	5.82802	99999.6	0	0
alpha	3727.38	2.48407	99999.6	0	0
neutron	939.565	2.0494	99999.6	0	0
B11	10252.5	1.00751	99999.6	0	0
neutron	939.565	16.951	99999.6	0	0
neutron	939.565	11.6114	99999.6	0	0
neutron	939.565	2.14593	99999.6	0	0
Be8	7454.85	1.7568	99999.6	0	0
neutron	939.565	16.2693	99999.6	0	0
alpha	3727.38	10.1327	99999.6	0	0
alpha	3727.38	2.92943	99999.6	0	0
neutron	939.565	29.9016	99999.6	0	0
neutron	939.565	20.3367	99999.6	0	0
neutron	939.565	0.895586	99999.6	0	0
Be8	7454.85	3.60778	99999.6	0	0
neutron	939.565	4.65084	99999.6	0	0
neutron	939.565	3.24915	99999.6	0	0
alpha	3727.38	4.5622	99999.6	0	0
Li6	5601.52	0.884005	99999.6	0	0
neutron	939.565	12.393	99999.6	0	0
neutron	939.565	0.578776	99999.6	0	0
Be8	7454.85	1.41549	99999.6	0	0
neutron	939.565	1.20531	99999.6	0	0
neutron	939.565	0.269892	99999.6	0	0
B10	9324.44	0.329496	99999.6	0	0
neutron	939.565	2.39113	99999.7	0	0
Be10	9325.5	0.678963	99999.7	0	0
neutron	939.565	22.0734	99999.6	0	0
neutron	939.565	4.78362	99999.6	0	0
alpha	3727.38	1.35226	99999.6	0	0
alpha	3727.38	9.58765	99999.6	0	0
neutron	939.565	23.6633	99999.6	0	0
neutron	939.565	18.0526	99999.6	0	0
neutron	939.565	1.50939	99999.6	0	0
alpha	3727.38	2.87711	99999.6	0	0
alpha	3727.38	1.67525	99999.6	0	0
neutron	939.565	2.06009	99999.7	0	0
B11	10252.5	0.436563	99999.7	0	0
neutron	939.565	20.9393	99999.6	0	0
neutron	939.565	1.12173	99999.6	0	0
B10	9324.44	3.35824	99999.6	0	0
neutron	939.565	3.54858	99999.6	0	0
B11	10252.5	0.617019	99999.6	0	0
neutron	939.565	3.01373	99999.6	0	0
Be8	7454.85	1.26822	99999.6	0	0
neutron	939.565	14.7301	99999.6	0	0
alpha	3727.38	11.4891	99999.6	0	0
alpha	3727.38	3.91556	99999.6	0	0
neutron	939.565	0.548251	99999.6	0	0
B11	10252.5	0.389751	99999.6	0	0
neutron	939.565	14.0515	99999.6	0	0
B11	10252.5	1.266	99999.6	0	0
neutron	939.565	12.528	99999.6	0	0
Be8	7454.85	1.56176	99999.6	0	0
neutron	939.565	15.7072	99999.6	0	0
neutron	939.565	3.41689	99999.6	0	0
neutron	939.565	3.40642	99999.6	0	0
alpha	3727.38	4.42896	99999.6	0	0
alpha	3727.38	1.6613	99999.6	0	0
neutron	939.565	0.141733	99999.6	0	0
Be8	7454.85	0.942987	99999.6	0	0
neutron	939.565	11.3332	99999.6	0	0
Be8	7454.85	3.64028	99999.6	0	0
neutron	939.565	1.10454	99999.6	0	0
neutron	939.565	0.972174	99999.6	0	0
B10	9324.44	0.225757	99999.6	0	0
neutron	939.565	5.53148	99999.6	0	0
neutron	939.565	5.23976	99999.6	0	0
neutron	939.565	5.14815	99999.6	0	0
neutron	939.565	3.94106	99999.6	0	0
Be7	6534.18	1.99912	99999.6	0	0
neutron	939.565	1.08747	99999.6	0	0
Be9	8392.75	1.10741	99999.6	0	0
neutron	939.565	0.588897	99999.6	0	0
B11	10252.5	0.396288	99999.6	0	0
neutron	939.565	20.8827	99999.6	0	0
neutron	939.565	7.1318	99999.6	0	0
neutron	939.565	2.52658	99999.6	0	0
alpha	3727.38	5.14346	99999.6	0	0
alpha	3727.38	10.5447	99999.6	0	0
neutron	939.565	0.492366	99999.6	0	0
B11	10252.5	0.191707	99999.6	0	0
neutron	939.565	3.99248	99999.6	0	0
neutron	939.565	0.0329841	99999.6	0	0
Be8	7454.85	4.65213	99999.6	0	0
Be10	9325.5	3.97022	99999.6	0	0
neutron	939.565	16.464	99999.6	0	0
Be10	9325.5	1.81038	99999.6	0	0
neutron	939.565	15.1678	99999.6	0	0
neutron	939.565	15.0852	99999.6	0	0
neutron	939.565	2.19429	99999.6	0	0
alpha	3727.38	5.72561	99999.6	0	0
alpha	3727.38	2.93803	99999.6	0	0
neutron	939.565	2.46358	99999.6	0	0
Be10	9325.5	1.86068	99999.6	0	0
neutron	939.565	25.5055	99999.6	0	0
neutron	939.565	9.21458	99999.6	0	0
B10	9324.44	1.33019	99999.6	0	0
neutron	939.565	1.25714	99999.6	0	0
B11	10252.5	0.600581	99999.6	0	0
neutron	939.565	3.2028	99999.6	0	0
Be10	9325.5	1.3612	99999.6	0	0
neutron	939.565	6.82761	99999.6	0	0
B11	10252.5	0.593963	99999.6	0	0
neutron	939.565	23.7731	99999.6	0	0
neutron	939.565	9.2915	99999.6	0	0
Be8	7454.85	5.91852	99999.6	0	0
neutron	939.565	0.800673	99999.6	0	0
neutron	939.565	0.686256	99999.6	0	0
Be8	7454.85	1.51136	99999.6	0	0
neutron	939.565	16.7054	99999.6	0	0
neutron	939.565	16.1187	99999.6	0	0
neutron	939.565	3.57504	99999.6	0	0
alpha	3727.38	2.50614	99999.6	0	0
alpha	3727.38	2.59721	99999.6	0	0
B12	11188.7	0.367375	99999.6	0	0
neutron	939.565	6.09317	99999.6	0	0
neutron	939.565	2.00939	99999.6	0	0
alpha	3727.38	1.72129	99999.6	0	0
alpha	3727.38	4.57254	99999.6	0	0
neutron	939.565	7.09177	99999.6	0	0
Be10	9325.5	2.05753	99999.6	0	0
neutron	939.565	4.12868	99999.6	0	0
B11	10252.5	0.117164	99999.6	0	0
neutron	939.565	13.618	99999.6	0	0
neutron	939.565	4.33049	99999.6	0	0
neutron	939.565	3.48462	99999.6	0	0
Be8	7454.85	0.424365	99999.6	0	0
neutron	939.565	8.4278	99999.6	0	0
B11	10252.5	0.369216	99999.6	0	0
neutron	939.565	4.06124	99999.6	0	0
Be8	7454.85	1.39985	99999.6	0	0
B12	11188.7	0.364016	99999.6	0	0
neutron	939.565	8.28603	99999.6	0	0
neutron	939.565	1.32392	99999.6	0	0
neutron	939.565	0.460263	99999.6	0	0
Be8	7454.85	1.52626	99999.6	0	0
neutron	939.565	2.10129	99999.6	0	0
neutron	939.565	0.525567	99999.6	0	0
neutron	939.565	0.386711	99999.6	0	0
Be8	7454.85	0.0672998	99999.6	0	0
neutron	939.565	6.54266	99999.6	0	0
neutron	939.565	3.18291	99999.6	0	0
neutron	939.565	1.26249	99999.6	0	0
Be8	7454.85	0.531146	99999.6	0	0
neutron	939.565	18.4065	99999.6	0	0
neutron	939.565	5.36777	99999.6	0	0
neutron	939.565	2.08002	99999.6	0	0
alpha	3727.38	1.16734	99999.6	0	0
alpha	3727.38	3.48894	99999.6	0	0
neutron	939.565	18.0699	99999.7	0	0
alpha	3727.38	8.57735	99999.7	0	0
alpha	3727.38	8.11483	99999.7	0	0
neutron	939.565	9.39752	99999.6	0	0
Be8	7454.85	3.52049	99999.6	0	0
neutron	939.565	14.0622	99999.6	0	0
neutron	939.565	1.49526	99999.6	0	0
Be8	7454.85	1.99577	99999.6	0	0
neutron	939.565	2.88532	99999.6	0	0
B11	10252.5	0.727966	99999.6	0	0
neutron	939.565	8.98501	99999.6	0	0
alpha	3727.38	11.6177	99999.6	0	0
alpha	3727.38	1.34785	99999.6	0	0
neutron	939.565	8.61605	99999.6	0	0
neutron	939.565	3.83306	99999.6	0	0
alpha	3727.38	2.2028	99999.6	0	0
alpha	3727.38	5.65385	99999.6	0	0
neutron	939.565	4.09317	99999.6	0	0
B11	10252.5	1.19632	99999.6	0	0
neutron	939.565	7.93414	99999.6	0	0
neutron	939.565	2.44533	99999.6	0	0
Be8	7454.85	2.4563	99999.6	0	0
neutron	939.565	21.6955	99999.6	0	0
neutron	939.565	1.64632	99999.6	0	0
Be9	8392.75	0.0904387	99999.6	0	0
neutron	939.565	24.8073	99999.6	0	0
neutron	939.565	17.9635	99999.6	0	0
B10	9324.44	9.53765	99999.6	0	0
neutron	939.565	11.3469	99999.6	0	0
B11	10252.5	1.14056	99999.6	0	0
neutron	939.565	4.13137	99999.6	0	0
B11	10252.5	1.39207	99999.6	0	0
neutron	939.565	6.9677	99999.6	0	0
neutron	939.565	4.75364	99999.6	0	0
alpha	3727.38	11.104	99999.6	0	0
alpha	3727.38	2.0425	99999.6	0	0
neutron	939.565	10.7104	99999.6	0	0
neutron	939.565	6.42499	99999.6	0	0
neutron	939.565	2.63903	99999.6	0	0
alpha	3727.38	7.76308	99999.6	0	0
alpha	3727.38	2.74223	99999.6	0	0
B12	11188.7	0.326797	99999.6	0	0
neutron	939.565	5.36785	99999.6	0	0
alpha	3727.38	5.79506	99999.6	0	0
alpha	3727.38	2.63654	99999.6	0	0
neutron	939.565	32.1735	99999.6	0	0
neutron	939.565	2.94597	99999.6	0	0
neutron	939.565	0.713763	99999.6	0	0
Be8	7454.85	2.32659	99999.6	0	0
neutron	939.565	5.78712	99999.6	0	0
B11	10252.5	0.171163	99999.6	0	0
neutron	939.565	7.24555	99999.6	0	0
neutron	939.565	1.42889	99999.6	0	0
Be8	7454.85	5.26329	99999.6	0	0
neutron	939.565	32.5552	99999.6	0	0
neutron	939.565	10.4385	99999.6	0	0
neutron	939.565	0.778737	99999.6	0	0
Be8	7454.85	4.30107	99999.6	0	0
neutron	939.565	10.225	99999.6	0	0
neutron	939.565	10.0457	99999.6	0	0
neutron	939.565	9.58269	99999.6	0	0
Be7	6534.18	6.07952	99999.6	0	0
neutron	939.565	1.3824	99999.6	0	0
Be10	9325.5	2.35314	99999.6	0	0
neutron	939.565	1.48044	99999.6	0	0
B11	10252.5	0.495531	99999.6	0	0
neutron	939.565	7.58328	99999.6	0	0
neutron	939.565	1.71218	99999.6	0	0
Be8	7454.85	0.840299	99999.6	0	0
neutron	939.565	25.7963	99999.6	0	0
neutron	939.565	3.30153	99999.6	0	0
neutron	939.565	1.54162	99999.6	0	0
Be8	7454.85	3.5814	99999.6	0	0
neutron	939.565	32.8026	99999.6	0	0
neutron	939.565	6.99222	99999.6	0	0
alpha	3727.38	8.79156	99999.6	0	0
alpha	3727.38	3.44994	99999.6	0	0
Be10	9325.5	5.06733	99999.6	0	0
B12	11188.7	0.362329	99999.6	0	0
neutron	939.565	31.7307	99999.6	0	0
alpha	3727.38	9.84828	99999.6	0	0
alpha	3727.38	1.78597	99999.6	0	0
neutron	939.565	0.705787	99999.6	0	0
neutron	939.565	0.227814	99999.6	0	0
Be9	8392.75	2.59471	99999.6	0	0
