# Energy_MeV	dEdx_Elec_MeV_um	dEdx_Nucl_MeV_um	Range_um
1.000000e-05	5.316503e-04	1.276201e-02	3.761871e-02
1.150000e-05	5.701314e-04	1.368854e-02	4.034158e-02
1.322500e-05	6.113978e-04	1.461298e-02	4.326152e-02
1.520875e-05	6.556511e-04	1.557063e-02	4.639281e-02
1.749006e-05	7.031075e-04	1.656540e-02	4.975075e-02
2.011357e-05	7.539988e-04	1.755693e-02	5.335174e-02
2.313061e-05	8.085736e-04	1.861797e-02	5.721336e-02
2.660020e-05	8.670986e-04	1.964402e-02	6.135450e-02
3.059023e-05	9.298597e-04	2.066189e-02	6.579537e-02
3.517876e-05	9.971634e-04	2.169322e-02	7.055767e-02
4.045558e-05	1.069339e-03	2.281309e-02	7.566467e-02
4.652391e-05	1.146738e-03	2.381419e-02	8.114132e-02
5.350250e-05	1.229739e-03	2.484633e-02	8.701437e-02
6.152788e-05	1.318749e-03	2.587759e-02	9.331252e-02
7.075706e-05	1.414200e-03	2.678980e-02	1.000665e-01
8.137062e-05	1.516561e-03	2.782399e-02	1.073094e-01
9.357621e-05	1.626330e-03	2.866857e-02	1.150765e-01
1.076126e-04	1.744045e-03	2.952841e-02	1.234058e-01
1.237545e-04	1.870280e-03	3.039645e-02	1.323380e-01
1.423177e-04	2.005652e-03	3.113614e-02	1.419167e-01
1.636654e-04	2.150822e-03	3.184145e-02	1.521887e-01
1.882152e-04	2.306500e-03	3.242944e-02	1.632042e-01
2.164475e-04	2.473445e-03	3.302469e-02	1.750170e-01
2.489146e-04	2.652474e-03	3.353464e-02	1.876848e-01
2.862518e-04	2.844462e-03	3.395932e-02	2.012695e-01
3.291895e-04	3.050346e-03	3.431078e-02	2.158375e-01
3.785680e-04	3.271131e-03	3.461482e-02	2.314600e-01
4.353531e-04	3.507897e-03	3.489675e-02	2.482132e-01
5.006561e-04	3.761801e-03	3.502639e-02	2.661790e-01
5.757545e-04	4.034082e-03	3.516189e-02	2.854451e-01
6.621177e-04	4.326071e-03	3.517532e-02	3.061058e-01
7.614354e-04	4.639194e-03	3.513081e-02	3.282619e-01
8.756507e-04	4.974982e-03	3.503199e-02	3.520217e-01
1.006998e-03	5.335074e-03	3.480094e-02	3.774404e-01
1.158048e-03	5.721229e-03	3.452937e-02	4.047592e-01
1.331755e-03	6.135335e-03	3.415782e-02	4.341412e-01
1.531519e-03	6.579413e-03	3.369359e-02	4.655572e-01
1.761246e-03	7.055635e-03	3.314771e-02	4.992562e-01
2.025433e-03	7.566325e-03	3.251085e-02	5.353918e-01
2.329248e-03	8.113980e-03	3.178307e-02	5.741430e-01
2.678635e-03	8.701274e-03	3.098473e-02	6.156991e-01
3.080431e-03	9.331077e-03	3.012796e-02	6.602628e-01
3.542495e-03	1.000647e-02	2.919652e-02	7.080520e-01
4.073870e-03	1.073074e-02	2.814268e-02	7.593006e-01
4.684950e-03	1.150743e-02	2.711043e-02	8.142585e-01
5.387693e-03	1.234035e-02	2.598452e-02	8.731942e-01
6.195847e-03	1.323355e-02	2.483559e-02	9.363954e-01
7.125224e-03	1.419140e-02	2.371180e-02	1.004171e+00
8.194007e-03	1.521858e-02	2.242293e-02	1.076853e+00
9.423108e-03	1.632011e-02	2.128655e-02	1.154796e+00
1.083657e-02	1.800122e-02	2.006518e-02	1.203993e+00
1.246206e-02	2.029502e-02	1.881371e-02	1.228100e+00
1.433137e-02	2.283241e-02	1.764780e-02	1.255363e+00
1.648108e-02	2.564830e-02	1.646806e-02	1.285169e+00
1.895324e-02	2.877695e-02	1.541098e-02	1.317260e+00
2.179622e-02	3.225161e-02	1.428724e-02	1.351644e+00
2.506566e-02	3.610438e-02	1.324182e-02	1.388518e+00
2.882550e-02	4.036600e-02	1.226260e-02	1.428215e+00
3.314933e-02	4.506587e-02	1.135187e-02	1.471158e+00
3.812173e-02	5.023217e-02	1.045535e-02	1.517828e+00
4.383999e-02	5.589211e-02	9.574137e-03	1.568743e+00
5.041599e-02	6.207228e-02	8.953384e-03	1.624435e+00
5.797838e-02	6.879929e-02	8.239517e-03	1.685442e+00
6.667514e-02	7.610044e-02	7.540749e-03	1.752300e+00
7.667641e-02	8.400472e-02	6.869557e-03	1.825529e+00
8.817787e-02	9.254399e-02	6.179676e-03	1.905656e+00
1.014046e-01	1.016973e-01	5.613173e-03	1.993110e+00
1.166152e-01	1.105934e-01	4.987478e-03	2.089088e+00
1.341075e-01	1.199976e-01	4.475492e-03	2.194751e+00
1.542237e-01	6.562293e-02	4.040341e-03	2.310558e+00
1.773572e-01	7.224123e-02	3.638301e-03	2.437042e+00
2.039608e-01	7.928258e-02	3.279941e-03	2.574633e+00
2.345549e-01	8.677169e-02	2.939603e-03	2.723682e+00
2.697381e-01	9.473978e-02	2.649295e-03	2.884436e+00
3.101989e-01	1.032238e-01	2.392091e-03	3.057026e+00
3.567287e-01	1.122638e-01	2.152133e-03	3.241484e+00
4.102380e-01	1.218975e-01	1.903981e-03	3.437782e+00
4.717737e-01	1.321519e-01	1.723807e-03	3.645930e+00
5.425397e-01	1.430298e-01	1.539411e-03	3.866151e+00
6.239207e-01	1.544936e-01	1.366367e-03	4.099143e+00
7.175088e-01	1.664452e-01	1.233875e-03	4.346442e+00
8.251351e-01	1.787074e-01	1.081509e-03	4.610891e+00
9.489054e-01	1.910094e-01	9.777707e-04	4.897196e+00
1.091241e+00	2.029848e-01	8.691271e-04	5.212569e+00
1.254927e+00	2.141841e-01	7.646956e-04	5.567420e+00
1.443166e+00	2.241069e-01	6.824834e-04	5.976092e+00
1.659641e+00	2.322490e-01	6.024621e-04	6.457676e+00
1.908588e+00	2.381593e-01	5.411318e-04	7.036945e+00
2.194876e+00	2.414950e-01	4.777173e-04	7.745485e+00
2.524107e+00	2.420646e-01	4.242735e-04	8.623090e+00
2.902723e+00	2.398488e-01	3.784047e-04	9.719500e+00
3.338132e+00	2.349965e-01	3.372757e-04	1.109657e+01
3.838852e+00	2.278002e-01	2.996451e-04	1.283092e+01
4.414679e+00	2.186577e-01	2.637725e-04	1.501725e+01
5.076881e+00	2.080285e-01	2.367508e-04	1.777234e+01
5.838413e+00	1.963878e-01	2.075757e-04	2.124018e+01
6.714175e+00	1.841843e-01	1.852941e-04	2.559875e+01
7.721302e+00	1.718035e-01	1.636271e-04	3.106909e+01
8.879497e+00	1.595446e-01	1.436847e-04	3.792800e+01
1.021142e+01	1.476140e-01	1.286297e-04	4.652541e+01
1.174313e+01	1.361354e-01	1.123010e-04	5.730784e+01
1.350460e+01	1.251726e-01	9.905876e-05	7.084829e+01
1.553030e+01	1.147429e-01	8.750176e-05	8.788910e+01
1.785984e+01	1.048616e-01	7.722246e-05	1.093835e+02
2.053882e+01	9.683575e-02	6.817324e-05	1.365640e+02
2.361964e+01	8.729129e-02	5.998364e-05	1.710031e+02
2.716258e+01	7.873675e-02	5.314625e-05	2.148505e+02
3.123697e+01	7.105054e-02	4.724266e-05	2.706655e+02
3.592252e+01	6.404593e-02	4.183077e-05	3.417310e+02
4.131089e+01	5.762240e-02	0.000000e+00	4.323154e+02
4.750753e+01	5.178930e-02	0.000000e+00	5.479317e+02
5.463366e+01	4.653359e-02	0.000000e+00	6.955253e+02
6.282871e+01	4.171968e-02	0.000000e+00	8.841353e+02
7.225301e+01	3.729219e-02	0.000000e+00	1.125957e+03
8.309096e+01	3.332185e-02	0.000000e+00	1.436493e+03
9.555461e+01	2.999553e-02	0.000000e+00	1.833868e+03
1.098878e+02	2.697106e-02	0.000000e+00	2.341178e+03
1.263710e+02	2.423122e-02	0.000000e+00	2.989562e+03
1.453266e+02	2.174844e-02	0.000000e+00	3.819225e+03
1.671256e+02	1.950428e-02	0.000000e+00	4.882072e+03
1.921945e+02	1.748603e-02	0.000000e+00	6.244562e+03
2.210236e+02	1.566575e-02	0.000000e+00	7.992212e+03
2.541772e+02	1.401486e-02	0.000000e+00	1.023684e+04
2.923037e+02	1.253719e-02	0.000000e+00	1.312195e+04
3.361493e+02	1.123795e-02	0.000000e+00	1.682689e+04
3.865717e+02	1.007940e-02	0.000000e+00	2.157749e+04
4.445574e+02	9.041610e-03	0.000000e+00	2.766776e+04
5.112411e+02	8.114374e-03	0.000000e+00	3.547324e+04
5.879272e+02	7.286758e-03	0.000000e+00	4.547184e+04
6.761163e+02	6.549718e-03	0.000000e+00	5.827014e+04
7.775337e+02	5.894339e-03	0.000000e+00	7.463520e+04
8.941638e+02	5.311941e-03	0.000000e+00	9.553452e+04
1.028288e+03	4.795044e-03	0.000000e+00	1.221839e+05
1.182532e+03	4.336797e-03	0.000000e+00	1.561031e+05
1.359911e+03	3.931351e-03	0.000000e+00	1.991831e+05
1.563898e+03	3.573237e-03	0.000000e+00	2.537635e+05
1.798483e+03	3.257267e-03	0.000000e+00	3.227205e+05
2.068255e+03	2.979018e-03	0.000000e+00	4.095656e+05
2.378493e+03	2.734644e-03	0.000000e+00	5.185528e+05
2.735268e+03	2.520688e-03	0.000000e+00	6.547926e+05
3.145558e+03	2.334005e-03	0.000000e+00	8.243694e+05
3.617391e+03	2.171716e-03	0.000000e+00	1.034457e+06
4.160000e+03	2.031236e-03	0.000000e+00	1.293433e+06
4.784000e+03	1.910256e-03	0.000000e+00	1.610973e+06
5.501600e+03	1.806772e-03	0.000000e+00	1.998148e+06
6.326840e+03	1.719016e-03	0.000000e+00	2.467484e+06
7.275866e+03	1.645392e-03	0.000000e+00	3.033027e+06
8.367246e+03	1.583981e-03	0.000000e+00	3.710445e+06
9.622333e+03	1.531325e-03	0.000000e+00	4.517992e+06
