# Energy_MeV	dEdx_Elec_MeV_um	dEdx_Nucl_MeV_um	Range_um
1.000000e-05	5.605224e-04	1.196979e-02	3.568100e-02
1.150000e-05	6.010933e-04	1.282843e-02	3.826361e-02
1.322500e-05	6.446008e-04	1.369463e-02	4.103315e-02
1.520875e-05	6.912573e-04	1.458522e-02	4.400315e-02
1.749006e-05	7.412909e-04	1.549493e-02	4.718812e-02
2.011357e-05	7.949459e-04	1.643751e-02	5.060362e-02
2.313061e-05	8.524845e-04	1.740516e-02	5.426634e-02
2.660020e-05	9.141878e-04	1.836838e-02	5.819417e-02
3.059023e-05	9.803572e-04	1.929509e-02	6.240629e-02
3.517876e-05	1.051316e-03	2.025969e-02	6.692329e-02
4.045558e-05	1.127411e-03	2.132446e-02	7.176724e-02
4.652391e-05	1.209013e-03	2.220527e-02	7.696179e-02
5.350250e-05	1.296522e-03	2.318638e-02	8.253232e-02
6.152788e-05	1.390365e-03	2.410124e-02	8.850606e-02
7.075706e-05	1.491001e-03	2.495588e-02	9.491217e-02
8.137062e-05	1.598920e-03	2.593490e-02	1.017820e-01
9.357621e-05	1.714651e-03	2.666275e-02	1.091490e-01
1.076126e-04	1.838758e-03	2.747975e-02	1.170493e-01
1.237545e-04	1.971848e-03	2.824622e-02	1.255213e-01
1.423177e-04	2.114572e-03	2.891496e-02	1.346066e-01
1.636654e-04	2.267626e-03	2.957705e-02	1.443495e-01
1.882152e-04	2.431758e-03	3.009638e-02	1.547976e-01
2.164475e-04	2.607770e-03	3.064779e-02	1.660020e-01
2.489146e-04	2.796521e-03	3.108782e-02	1.780173e-01
2.862518e-04	2.998935e-03	3.146202e-02	1.909023e-01
3.291895e-04	3.216000e-03	3.178511e-02	2.047199e-01
3.785680e-04	3.448775e-03	3.206851e-02	2.195376e-01
4.353531e-04	3.698399e-03	3.229192e-02	2.354279e-01
5.006561e-04	3.966092e-03	3.241453e-02	2.524683e-01
5.757545e-04	4.253159e-03	3.252093e-02	2.707420e-01
6.621177e-04	4.561005e-03	3.251792e-02	2.903385e-01
7.614354e-04	4.891133e-03	3.247487e-02	3.113534e-01
8.756507e-04	5.245156e-03	3.235231e-02	3.338893e-01
1.006998e-03	5.624803e-03	3.213187e-02	3.580616e-01
1.158048e-03	6.031929e-03	3.186567e-02	3.839860e-01
1.331755e-03	6.468524e-03	3.150296e-02	4.117712e-01
1.531519e-03	6.936719e-03	3.105915e-02	4.415792e-01
1.761246e-03	7.438802e-03	3.053728e-02	4.735392e-01
2.025433e-03	7.977227e-03	2.993097e-02	5.078135e-01
2.329248e-03	8.554623e-03	2.924643e-02	5.445688e-01
2.678635e-03	9.173811e-03	2.848738e-02	5.839843e-01
3.080431e-03	9.837816e-03	2.769148e-02	6.262526e-01
3.542495e-03	1.054988e-02	2.680987e-02	6.715803e-01
4.073870e-03	1.131349e-02	2.580922e-02	7.201889e-01
4.684950e-03	1.213236e-02	2.486843e-02	7.723161e-01
5.387693e-03	1.301051e-02	2.379755e-02	8.282160e-01
6.195847e-03	1.395222e-02	2.276375e-02	8.881619e-01
7.125224e-03	1.496209e-02	2.169808e-02	9.524466e-01
8.194007e-03	1.604505e-02	2.048259e-02	1.021385e+00
9.423108e-03	1.747612e-02	1.946725e-02	1.078408e+00
1.083657e-02	1.971601e-02	1.830608e-02	1.099276e+00
1.246206e-02	2.219091e-02	1.718659e-02	1.123177e+00
1.433137e-02	2.493588e-02	1.611260e-02	1.149466e+00
1.648108e-02	2.798535e-02	1.500983e-02	1.177844e+00
1.895324e-02	3.137285e-02	1.404720e-02	1.208265e+00
2.179622e-02	3.513077e-02	1.299623e-02	1.240870e+00
2.506566e-02	3.929018e-02	1.206509e-02	1.275932e+00
2.882550e-02	4.388081e-02	1.118264e-02	1.313816e+00
3.314933e-02	4.893113e-02	1.033882e-02	1.354945e+00
3.812173e-02	5.446853e-02	9.487495e-03	1.399777e+00
4.383999e-02	6.051972e-02	8.746087e-03	1.448789e+00
5.041599e-02	6.711125e-02	8.157121e-03	1.502466e+00
5.797838e-02	7.427016e-02	7.479809e-03	1.561289e+00
6.667514e-02	8.202494e-02	6.851259e-03	1.625732e+00
7.667641e-02	9.040662e-02	6.212280e-03	1.696271e+00
8.817787e-02	9.945021e-02	5.616110e-03	1.773282e+00
1.014046e-01	1.083829e-01	5.078462e-03	1.857630e+00
1.166152e-01	1.176631e-01	4.508865e-03	1.950533e+00
1.341075e-01	6.407445e-02	4.052498e-03	2.052447e+00
1.542237e-01	7.059285e-02	3.656003e-03	2.163865e+00
1.773572e-01	7.752929e-02	3.302475e-03	2.285182e+00
2.039608e-01	8.490686e-02	2.964525e-03	2.416740e+00
2.345549e-01	9.275523e-02	2.663115e-03	2.558784e+00
2.697381e-01	1.011101e-01	2.395449e-03	2.711457e+00
3.101989e-01	1.100112e-01	2.166767e-03	2.874806e+00
3.567287e-01	1.194974e-01	1.946817e-03	3.048813e+00
4.102380e-01	1.295993e-01	1.715008e-03	3.233469e+00
4.717737e-01	1.403271e-01	1.561817e-03	3.428910e+00
5.425397e-01	1.516547e-01	1.386698e-03	3.635631e+00
6.239207e-01	1.635006e-01	1.240372e-03	3.854797e+00
7.175088e-01	1.757084e-01	1.114554e-03	4.088633e+00
8.251351e-01	1.880309e-01	9.749190e-04	4.340919e+00
9.489054e-01	2.001243e-01	8.852052e-04	4.617539e+00
1.091241e+00	2.115571e-01	7.820343e-04	4.927097e+00
1.254927e+00	2.218376e-01	6.922056e-04	5.281568e+00
1.443166e+00	2.304575e-01	6.173745e-04	5.697021e+00
1.659641e+00	2.369473e-01	5.448044e-04	6.194414e+00
1.908588e+00	2.409332e-01	4.887638e-04	6.800566e+00
2.194876e+00	2.421842e-01	4.302607e-04	7.549346e+00
2.524107e+00	2.406384e-01	3.838144e-04	8.483163e+00
2.902723e+00	2.364055e-01	3.429029e-04	9.654812e+00
3.338132e+00	2.297461e-01	3.053174e-04	1.112975e+01
3.838852e+00	2.210364e-01	2.695764e-04	1.298890e+01
4.414679e+00	2.107249e-01	2.391887e-04	1.533212e+01
5.076881e+00	1.992873e-01	2.135303e-04	1.828249e+01
5.838413e+00	1.871824e-01	1.875384e-04	2.199203e+01
6.714175e+00	1.748136e-01	1.675817e-04	2.664927e+01
7.721302e+00	1.625025e-01	1.470082e-04	3.248977e+01
8.879497e+00	1.504779e-01	1.302364e-04	3.981064e+01
1.021142e+01	1.388817e-01	1.159414e-04	4.899014e+01
1.174313e+01	1.277923e-01	1.011902e-04	6.051269e+01
1.350460e+01	1.172294e-01	8.927979e-05	7.500692e+01
1.553030e+01	1.072145e-01	7.879669e-05	9.327733e+01
1.785984e+01	9.775090e-02	6.985610e-05	1.163708e+02
2.053882e+01	8.951067e-02	6.140789e-05	1.456076e+02
2.361964e+01	8.072052e-02	5.414334e-05	1.827928e+02
2.716258e+01	7.285248e-02	4.787147e-05	2.301533e+02
3.123697e+01	6.569368e-02	4.264569e-05	2.904302e+02
3.592252e+01	5.912635e-02	0.000000e+00	3.672395e+02
4.131089e+01	5.315346e-02	0.000000e+00	4.652544e+02
4.750753e+01	4.776264e-02	0.000000e+00	5.903754e+02
5.463366e+01	4.286974e-02	0.000000e+00	7.501928e+02
6.282871e+01	3.832529e-02	0.000000e+00	9.549169e+02
7.225301e+01	3.424601e-02	0.000000e+00	1.217838e+03
8.309096e+01	3.077675e-02	0.000000e+00	1.554666e+03
9.555461e+01	2.767970e-02	0.000000e+00	1.984705e+03
1.098878e+02	2.487268e-02	0.000000e+00	2.534157e+03
1.263710e+02	2.232880e-02	0.000000e+00	3.237027e+03
1.453266e+02	2.002863e-02	0.000000e+00	4.137222e+03
1.671256e+02	1.795720e-02	0.000000e+00	5.291060e+03
1.921945e+02	1.609531e-02	0.000000e+00	6.770784e+03
2.210236e+02	1.439989e-02	0.000000e+00	8.670635e+03
2.541772e+02	1.288155e-02	0.000000e+00	1.111248e+04
2.923037e+02	1.153931e-02	0.000000e+00	1.424936e+04
3.361493e+02	1.034979e-02	0.000000e+00	1.827267e+04
3.865717e+02	9.283443e-03	0.000000e+00	2.343039e+04
4.445574e+02	8.330319e-03	0.000000e+00	3.004149e+04
5.112411e+02	7.479406e-03	0.000000e+00	3.851129e+04
5.879272e+02	6.721141e-03	0.000000e+00	4.935496e+04
6.761163e+02	6.046702e-03	0.000000e+00	6.322449e+04
7.775337e+02	5.447293e-03	0.000000e+00	8.094265e+04
8.941638e+02	4.915131e-03	0.000000e+00	1.035447e+05
1.028288e+03	4.443189e-03	0.000000e+00	1.323260e+05
1.182532e+03	4.025405e-03	0.000000e+00	1.689005e+05
1.359911e+03	3.656277e-03	0.000000e+00	2.152680e+05
1.563898e+03	3.330496e-03	0.000000e+00	2.738909e+05
1.798483e+03	3.043441e-03	0.000000e+00	3.477804e+05
2.068255e+03	2.791160e-03	0.000000e+00	4.405917e+05
2.378493e+03	2.570104e-03	0.000000e+00	5.567255e+05
2.735268e+03	2.377063e-03	0.000000e+00	7.014326e+05
3.145558e+03	2.209089e-03	0.000000e+00	8.809198e+05
3.617391e+03	2.063528e-03	0.000000e+00	1.102450e+06
4.160000e+03	1.938001e-03	0.000000e+00	1.374437e+06
4.784000e+03	1.830432e-03	0.000000e+00	1.706529e+06
5.501600e+03	1.739003e-03	0.000000e+00	2.109669e+06
6.326840e+03	1.662080e-03	0.000000e+00	2.596169e+06
7.275866e+03	1.598190e-03	0.000000e+00	3.179707e+06
8.367246e+03	1.543160e-03	0.000000e+00	3.876089e+06
9.622333e+03	1.498250e-03	0.000000e+00	4.275216e+06
