# Energy_MeV	dEdx_Elec_MeV_um	dEdx_Nucl_MeV_um	Range_um
1.000000e-05	2.188256e-03	3.020351e-02	6.173094e-03
1.150000e-05	2.361902e-03	3.314913e-02	6.619906e-03
1.322500e-05	2.548022e-03	3.620074e-02	7.099058e-03
1.520875e-05	2.747527e-03	3.960453e-02	7.612892e-03
1.749006e-05	2.961392e-03	4.319386e-02	8.163917e-03
2.011357e-05	3.190665e-03	4.702102e-02	8.754826e-03
2.313061e-05	3.436465e-03	5.125737e-02	9.388505e-03
2.660020e-05	3.699994e-03	5.563629e-02	1.006805e-02
3.059023e-05	3.982541e-03	6.048330e-02	1.079678e-02
3.517876e-05	4.285486e-03	6.537160e-02	1.157826e-02
4.045558e-05	4.610309e-03	7.084488e-02	1.241630e-02
4.652391e-05	4.958599e-03	7.663464e-02	1.331500e-02
5.350250e-05	5.332057e-03	8.274725e-02	1.427874e-02
6.152788e-05	5.732508e-03	8.934732e-02	1.531224e-02
7.075706e-05	6.161909e-03	9.587208e-02	1.642055e-02
8.137062e-05	6.622356e-03	1.031459e-01	1.760908e-02
9.357621e-05	7.116101e-03	1.106712e-01	1.888364e-02
1.076126e-04	7.645555e-03	1.185454e-01	2.025044e-02
1.237545e-04	8.213305e-03	1.269632e-01	2.171618e-02
1.423177e-04	8.822125e-03	1.354044e-01	2.328801e-02
1.636654e-04	9.474990e-03	1.442414e-01	2.497361e-02
1.882152e-04	1.017509e-02	1.532258e-01	2.678121e-02
2.164475e-04	1.092584e-02	1.623214e-01	2.871965e-02
2.489146e-04	1.173091e-02	1.718107e-01	3.079839e-02
2.862518e-04	1.259424e-02	1.812998e-01	3.302760e-02
3.291895e-04	1.352004e-02	1.905083e-01	3.541815e-02
3.785680e-04	1.451284e-02	1.999389e-01	3.798174e-02
4.353531e-04	1.557748e-02	2.096544e-01	4.073088e-02
5.006561e-04	1.671917e-02	2.187501e-01	4.367900e-02
5.757545e-04	1.794349e-02	2.287818e-01	4.684051e-02
6.621177e-04	1.925641e-02	2.370189e-01	5.023085e-02
7.614354e-04	2.066435e-02	2.457867e-01	5.386658e-02
8.756507e-04	2.217419e-02	2.543667e-01	5.776547e-02
1.006998e-03	2.379330e-02	2.619778e-01	6.194657e-02
1.158048e-03	2.552959e-02	2.703821e-01	6.643030e-02
1.331755e-03	2.739156e-02	2.769918e-01	7.123856e-02
1.531519e-03	2.938828e-02	2.839443e-01	7.639484e-02
1.761246e-03	3.152953e-02	2.897972e-01	8.192434e-02
2.025433e-03	3.382575e-02	2.950172e-01	8.785407e-02
2.329248e-03	3.628816e-02	3.002124e-01	9.421299e-02
2.678635e-03	3.892881e-02	3.041327e-01	1.010322e-01
3.080431e-03	4.176058e-02	3.081199e-01	1.082970e-01
3.542495e-03	4.479731e-02	3.107511e-01	1.161672e-01
4.073870e-03	4.805383e-02	3.133885e-01	1.246003e-01
4.684950e-03	5.154606e-02	3.153313e-01	1.336180e-01
5.387693e-03	5.529106e-02	3.166820e-01	1.432892e-01
6.195847e-03	5.930712e-02	3.175353e-01	1.536604e-01
7.125224e-03	6.361385e-02	3.172513e-01	1.647822e-01
8.194007e-03	6.823231e-02	3.166491e-01	1.767090e-01
9.423108e-03	7.318506e-02	3.152176e-01	1.894990e-01
1.083657e-02	7.849628e-02	3.130888e-01	2.032149e-01
1.246206e-02	8.419193e-02	3.102635e-01	2.179235e-01
1.433137e-02	9.029983e-02	3.064900e-01	2.336967e-01
1.648108e-02	9.684983e-02	3.019995e-01	2.506115e-01
1.895324e-02	1.038739e-01	2.967013e-01	2.687506e-01
2.179622e-02	1.114064e-01	2.906009e-01	2.882028e-01
2.506566e-02	1.194841e-01	2.837408e-01	3.090629e-01
2.882550e-02	1.281464e-01	2.761329e-01	3.314327e-01
3.314933e-02	1.374358e-01	2.681633e-01	3.554217e-01
3.812173e-02	1.473975e-01	2.593677e-01	3.811471e-01
4.383999e-02	1.580802e-01	2.498181e-01	4.087346e-01
5.041599e-02	1.695362e-01	2.402038e-01	4.383189e-01
5.797838e-02	1.818213e-01	2.293522e-01	4.700443e-01
6.667514e-02	1.949957e-01	2.195575e-01	5.040660e-01
7.667641e-02	2.091236e-01	2.087116e-01	5.405505e-01
8.817787e-02	2.242741e-01	1.976146e-01	5.796757e-01
1.014046e-01	2.405212e-01	1.871201e-01	6.216327e-01
1.166152e-01	2.579443e-01	1.753042e-01	6.666264e-01
1.341075e-01	2.766285e-01	1.651078e-01	7.148769e-01
1.542237e-01	2.966650e-01	1.540488e-01	7.666200e-01
1.773572e-01	3.181518e-01	1.438836e-01	8.221082e-01
2.039608e-01	3.411938e-01	1.342767e-01	8.816130e-01
2.345549e-01	3.659036e-01	1.241558e-01	9.454225e-01
2.697381e-01	3.924020e-01	1.154398e-01	1.013854e+00
3.101989e-01	4.208187e-01	1.062324e-01	1.087247e+00
3.567287e-01	4.512935e-01	9.863348e-02	1.166458e+00
4.102380e-01	4.839741e-01	9.052870e-02	1.252251e+00
4.717737e-01	5.190202e-01	8.342256e-02	1.345196e+00
5.425397e-01	5.566029e-01	7.723188e-02	1.445989e+00
6.239207e-01	5.969059e-01	7.130182e-02	1.555415e+00
7.175088e-01	6.401261e-01	6.575075e-02	1.674377e+00
8.251351e-01	6.809856e-01	5.936703e-02	1.731841e+00
9.489054e-01	7.267313e-01	5.313449e-02	1.787072e+00
1.091241e+00	7.960682e-01	4.750699e-02	1.840800e+00
1.254927e+00	8.726571e-01	4.248780e-02	1.893143e+00
1.443166e+00	9.563624e-01	3.836203e-02	1.944425e+00
1.659641e+00	1.044438e+00	3.456361e-02	1.995209e+00
1.908588e+00	1.141592e+00	3.113263e-02	2.046344e+00
2.194876e+00	1.241709e+00	2.807783e-02	2.099020e+00
2.524107e+00	1.346134e+00	2.522874e-02	2.154820e+00
2.902723e+00	1.454464e+00	2.261382e-02	2.215776e+00
3.338132e+00	1.543793e+00	2.042986e-02	2.284390e+00
3.838852e+00	1.637586e+00	1.831283e-02	2.363771e+00
4.414679e+00	1.736387e+00	1.636046e-02	2.457606e+00
5.076881e+00	1.827687e+00	1.473527e-02	2.570236e+00
5.838413e+00	1.913296e+00	1.293217e-02	2.706707e+00
6.714175e+00	1.981679e+00	1.173698e-02	2.872788e+00
7.721302e+00	2.049273e+00	1.043163e-02	3.075057e+00
8.879497e+00	2.103333e+00	9.281206e-03	3.320920e+00
1.021142e+01	2.152706e+00	8.336424e-03	3.618736e+00
1.174313e+01	2.200744e+00	7.284366e-03	3.978018e+00
1.350460e+01	2.230160e+00	6.546683e-03	4.409740e+00
1.553030e+01	2.255476e+00	5.764417e-03	4.926826e+00
1.785984e+01	2.267271e+00	5.134740e-03	5.544825e+00
2.053882e+01	2.268169e+00	4.590618e-03	6.282803e+00
2.361964e+01	2.262131e+00	4.042703e-03	7.164459e+00
2.716258e+01	2.238232e+00	3.625744e-03	8.219544e+00
3.123697e+01	2.206145e+00	3.197079e-03	9.485618e+00
3.592252e+01	2.160978e+00	2.875410e-03	1.101026e+01
4.131089e+01	2.108674e+00	2.544723e-03	1.285382e+01
4.750753e+01	2.048286e+00	2.260489e-03	1.509308e+01
5.463366e+01	1.977690e+00	1.993938e-03	1.782574e+01
6.282871e+01	2.143289e+00	1.758449e-03	2.117502e+01
7.225301e+01	1.995216e+00	1.572546e-03	2.530010e+01
8.309096e+01	1.857212e+00	1.386124e-03	3.041934e+01
9.555461e+01	1.723030e+00	1.229605e-03	3.677812e+01
1.098878e+02	1.592910e+00	1.081036e-03	4.470265e+01
1.263710e+02	1.466662e+00	9.498272e-04	5.462085e+01
1.453266e+02	1.346411e+00	8.376622e-04	6.708335e+01
1.671256e+02	1.232861e+00	7.393164e-04	8.278609e+01
1.921945e+02	1.123834e+00	6.523858e-04	1.026513e+02
2.210236e+02	1.020710e+00	5.775562e-04	1.279307e+02
2.541772e+02	9.261969e-01	5.102050e-04	1.601812e+02
2.923037e+02	8.437793e-01	4.486010e-04	2.012133e+02
3.361493e+02	7.667855e-01	3.997737e-04	2.534142e+02
3.865717e+02	6.950166e-01	3.520830e-04	3.199917e+02
4.445574e+02	6.284664e-01	3.096285e-04	4.050902e+02
5.112411e+02	5.671171e-01	2.753329e-04	5.140627e+02
5.879272e+02	5.110189e-01	2.371710e-04	6.537664e+02
6.761163e+02	4.595665e-01	2.130557e-04	8.330576e+02
7.775337e+02	4.125022e-01	1.864148e-04	1.063522e+03
8.941638e+02	3.700036e-01	1.636009e-04	1.359944e+03
1.028288e+03	3.325261e-01	1.452368e-04	1.740749e+03
1.182532e+03	2.987136e-01	1.247898e-04	2.229291e+03
1.359911e+03	2.682477e-01	1.108740e-04	2.855967e+03
1.563898e+03	2.409636e-01	9.625204e-05	3.659462e+03
1.798483e+03	2.165751e-01	8.463490e-05	4.688994e+03
2.068255e+03	1.947889e-01	7.469933e-05	6.006969e+03
2.378493e+03	1.753769e-01	6.479504e-05	7.692238e+03
2.735268e+03	1.581376e-01	5.745634e-05	9.844202e+03
3.145558e+03	1.428328e-01	5.000627e-05	1.258765e+04
3.617391e+03	1.292518e-01	0.000000e+00	1.607844e+04
4.160000e+03	1.172438e-01	0.000000e+00	2.051032e+04
4.784000e+03	1.066458e-01	0.000000e+00	2.612277e+04
5.501600e+03	9.729301e-02	0.000000e+00	3.320984e+04
6.326840e+03	8.906383e-02	0.000000e+00	4.213010e+04
7.275866e+03	8.184891e-02	0.000000e+00	5.331729e+04
8.367246e+03	7.552686e-02	0.000000e+00	6.729173e+04
9.622333e+03	7.000051e-02	0.000000e+00	8.467179e+04
