# Energy_MeV	dEdx_Elec_MeV_um	dEdx_Nucl_MeV_um	Range_um
1.000000e-05	2.028952e-03	3.203658e-02	6.100436e-03
1.150000e-05	2.190158e-03	3.508937e-02	6.541989e-03
1.322500e-05	2.362941e-03	3.849555e-02	7.015501e-03
1.520875e-05	2.548148e-03	4.223881e-02	7.523287e-03
1.749006e-05	2.746685e-03	4.626298e-02	8.067826e-03
2.011357e-05	2.959522e-03	5.068002e-02	8.651780e-03
2.313061e-05	3.187701e-03	5.536917e-02	9.278000e-03
2.660020e-05	3.432336e-03	6.046333e-02	9.949547e-03
3.059023e-05	3.694624e-03	6.596843e-02	1.066970e-02
3.517876e-05	3.975847e-03	7.176232e-02	1.144198e-02
4.045558e-05	4.277378e-03	7.811626e-02	1.227016e-02
4.652391e-05	4.600692e-03	8.487072e-02	1.315828e-02
5.350250e-05	4.947368e-03	9.195604e-02	1.411068e-02
6.152788e-05	5.319100e-03	9.959917e-02	1.513202e-02
7.075706e-05	5.717705e-03	1.077780e-01	1.622728e-02
8.137062e-05	6.145129e-03	1.164472e-01	1.740182e-02
9.357621e-05	6.603462e-03	1.259829e-01	1.866137e-02
1.076126e-04	7.094943e-03	1.353491e-01	2.001209e-02
1.237545e-04	7.621972e-03	1.455797e-01	2.146058e-02
1.423177e-04	8.187125e-03	1.563318e-01	2.301391e-02
1.636654e-04	8.793162e-03	1.675169e-01	2.467967e-02
1.882152e-04	9.443045e-03	1.797411e-01	2.646599e-02
2.164475e-04	1.013995e-02	1.917102e-01	2.838162e-02
2.489146e-04	1.088728e-02	2.048114e-01	3.043589e-02
2.862518e-04	1.168868e-02	2.176341e-01	3.263886e-02
3.291895e-04	1.254808e-02	2.307029e-01	3.500128e-02
3.785680e-04	1.346966e-02	2.445866e-01	3.753469e-02
4.353531e-04	1.445794e-02	2.580996e-01	4.025147e-02
5.006561e-04	1.551774e-02	2.725784e-01	4.316489e-02
5.757545e-04	1.665424e-02	2.855099e-01	4.628919e-02
6.621177e-04	1.787298e-02	2.993366e-01	4.963962e-02
7.614354e-04	1.917993e-02	3.135571e-01	5.323256e-02
8.756507e-04	2.058147e-02	3.273309e-01	5.708557e-02
1.006998e-03	2.208444e-02	3.411205e-01	6.121745e-02
1.158048e-03	2.369620e-02	3.531724e-01	6.564840e-02
1.331755e-03	2.542460e-02	3.656044e-01	7.040007e-02
1.531519e-03	2.727810e-02	3.778932e-01	7.549566e-02
1.761246e-03	2.926575e-02	3.894560e-01	8.096008e-02
2.025433e-03	3.139727e-02	4.005564e-01	8.682001e-02
2.329248e-03	3.368306e-02	4.104349e-01	9.310409e-02
2.678635e-03	3.613429e-02	4.196446e-01	9.984301e-02
3.080431e-03	3.876293e-02	4.282025e-01	1.070697e-01
3.542495e-03	4.158184e-02	4.353485e-01	1.148195e-01
4.073870e-03	4.460477e-02	4.421591e-01	1.231302e-01
4.684950e-03	4.784651e-02	4.480629e-01	1.319787e-01
5.387693e-03	5.132287e-02	4.527381e-01	1.415906e-01
6.195847e-03	5.505086e-02	4.567844e-01	1.518522e-01
7.125224e-03	5.904868e-02	4.600227e-01	1.628437e-01
8.194007e-03	6.333585e-02	4.623738e-01	1.746297e-01
9.423108e-03	6.793334e-02	4.643490e-01	1.872693e-01
1.083657e-02	7.286359e-02	4.644011e-01	2.008236e-01
1.246206e-02	7.815069e-02	4.639150e-01	2.153591e-01
1.433137e-02	8.382047e-02	4.623501e-01	2.309467e-01
1.648108e-02	8.990063e-02	4.597071e-01	2.476625e-01
1.895324e-02	9.642087e-02	4.562567e-01	2.655881e-01
2.179622e-02	1.034131e-01	4.512445e-01	2.848112e-01
2.506566e-02	1.109113e-01	4.452940e-01	3.054257e-01
2.882550e-02	1.189523e-01	4.380447e-01	3.275324e-01
3.314933e-02	1.275754e-01	4.297400e-01	3.512391e-01
3.812173e-02	1.368225e-01	4.201832e-01	3.766616e-01
4.383999e-02	1.467390e-01	4.096773e-01	4.039243e-01
5.041599e-02	1.573732e-01	3.980000e-01	4.331603e-01
5.797838e-02	1.687771e-01	3.859784e-01	4.645125e-01
6.667514e-02	1.810065e-01	3.726936e-01	4.981339e-01
7.667641e-02	1.941210e-01	3.583849e-01	5.341887e-01
8.817787e-02	2.081848e-01	3.435307e-01	5.728533e-01
1.014046e-01	2.232665e-01	3.281203e-01	6.143166e-01
1.166152e-01	2.394398e-01	3.132520e-01	6.587809e-01
1.341075e-01	2.567837e-01	2.974986e-01	7.064635e-01
1.542237e-01	2.753831e-01	2.812766e-01	7.575972e-01
1.773572e-01	2.953286e-01	2.650269e-01	8.124323e-01
2.039608e-01	3.167178e-01	2.488745e-01	8.712365e-01
2.345549e-01	3.396552e-01	2.332145e-01	9.342969e-01
2.697381e-01	3.642528e-01	2.179882e-01	1.001921e+00
3.101989e-01	3.906307e-01	2.029719e-01	1.074441e+00
3.567287e-01	4.189180e-01	1.890058e-01	1.152211e+00
4.102380e-01	4.492527e-01	1.751384e-01	1.235595e+00
4.717737e-01	4.817838e-01	1.616868e-01	1.325121e+00
5.425397e-01	5.166704e-01	1.497668e-01	1.421906e+00
6.239207e-01	5.540820e-01	1.379790e-01	1.526723e+00
7.175088e-01	5.942016e-01	1.266546e-01	1.640315e+00
8.251351e-01	6.372250e-01	1.171902e-01	1.763527e+00
9.489054e-01	6.833625e-01	1.080069e-01	1.897335e+00
1.091241e+00	7.328396e-01	1.004453e-01	2.042866e+00
1.254927e+00	7.765742e-01	9.174948e-02	2.186617e+00
1.443166e+00	8.332963e-01	8.174925e-02	2.240208e+00
1.659641e+00	9.122064e-01	7.336572e-02	2.291148e+00
1.908588e+00	9.984355e-01	6.509575e-02	2.339705e+00
2.194876e+00	1.095045e+00	5.910928e-02	2.386510e+00
2.524107e+00	1.196953e+00	5.297036e-02	2.432433e+00
2.902723e+00	1.309857e+00	4.780964e-02	2.478657e+00
3.338132e+00	1.432748e+00	4.324949e-02	2.526751e+00
3.838852e+00	1.560210e+00	3.873845e-02	2.578711e+00
4.414679e+00	1.697729e+00	3.497048e-02	2.637020e+00
5.076881e+00	1.817564e+00	3.120270e-02	2.704696e+00
5.838413e+00	1.949375e+00	2.828619e-02	2.785337e+00
6.714175e+00	2.093304e+00	2.540612e-02	2.883130e+00
7.721302e+00	2.217637e+00	2.267484e-02	3.002969e+00
8.879497e+00	2.343231e+00	2.017137e-02	3.150412e+00
1.021142e+01	2.448877e+00	1.797316e-02	3.331719e+00
1.174313e+01	2.548595e+00	1.617216e-02	3.553890e+00
1.350460e+01	2.641270e+00	1.445279e-02	3.824691e+00
1.553030e+01	2.721874e+00	1.285324e-02	4.152807e+00
1.785984e+01	2.802349e+00	1.137630e-02	4.547994e+00
2.053882e+01	2.864620e+00	1.009630e-02	5.021443e+00
2.361964e+01	2.915602e+00	8.961047e-03	5.586302e+00
2.716258e+01	2.957739e+00	7.971335e-03	6.258369e+00
3.123697e+01	2.977581e+00	7.067922e-03	7.056994e+00
3.592252e+01	2.989947e+00	6.300404e-03	8.006210e+00
4.131089e+01	2.981935e+00	5.600409e-03	9.136110e+00
4.750753e+01	2.955896e+00	4.951539e-03	1.048454e+01
5.463366e+01	2.915384e+00	4.433890e-03	1.209923e+01
6.282871e+01	2.865708e+00	3.942599e-03	1.404046e+01
7.225301e+01	2.805059e+00	3.493960e-03	1.638434e+01
8.309096e+01	2.727956e+00	3.103581e-03	1.922787e+01
9.555461e+01	3.049723e+00	2.708838e-03	2.269039e+01
1.098878e+02	2.859420e+00	2.430623e-03	2.693311e+01
1.263710e+02	2.678282e+00	2.150760e-03	3.216563e+01
1.453266e+02	2.498504e+00	1.899863e-03	3.862152e+01
1.671256e+02	2.322397e+00	1.685315e-03	4.662090e+01
1.921945e+02	2.150195e+00	1.468019e-03	5.657890e+01
2.210236e+02	1.985247e+00	1.305973e-03	6.902332e+01
2.541772e+02	1.827827e+00	1.143259e-03	8.462443e+01
2.923037e+02	1.674243e+00	1.010079e-03	1.042841e+02
3.361493e+02	1.529107e+00	8.981590e-04	1.292109e+02
3.865717e+02	1.397936e+00	7.885265e-04	1.608578e+02
4.445574e+02	1.280194e+00	7.004450e-04	2.009327e+02
5.112411e+02	1.169079e+00	6.142786e-04	2.517646e+02
5.879272e+02	1.064445e+00	5.485146e-04	3.164365e+02
6.761163e+02	9.666089e-01	4.853673e-04	3.989353e+02
7.775337e+02	8.756971e-01	4.266178e-04	5.044038e+02
8.941638e+02	7.918720e-01	3.728102e-04	6.394376e+02
1.028288e+03	7.141159e-01	3.280547e-04	8.126098e+02
1.182532e+03	6.427726e-01	2.910873e-04	1.035112e+03
1.359911e+03	5.781930e-01	2.568064e-04	1.321127e+03
1.563898e+03	5.206434e-01	2.253705e-04	1.688323e+03
1.798483e+03	4.683618e-01	1.962090e-04	2.159345e+03
2.068255e+03	4.211603e-01	1.720890e-04	2.763583e+03
2.378493e+03	3.788183e-01	1.503786e-04	3.538339e+03
2.735268e+03	3.408508e-01	1.321722e-04	4.531072e+03
3.145558e+03	3.068071e-01	1.156950e-04	5.801879e+03
3.617391e+03	2.764491e-01	1.016771e-04	7.426626e+03
4.160000e+03	2.494893e-01	8.931872e-05	9.500859e+03
4.784000e+03	2.255136e-01	7.772994e-05	1.214432e+04
5.501600e+03	2.042224e-01	6.891275e-05	1.550640e+04
6.326840e+03	1.854111e-01	6.049798e-05	1.977249e+04
7.275866e+03	1.688034e-01	5.280229e-05	2.517140e+04
8.367246e+03	1.541416e-01	4.630728e-05	3.198357e+04
9.622333e+03	1.412565e-01	0.000000e+00	4.055030e+04
