# Energy_MeV	dEdx_Elec_MeV_um	dEdx_Nucl_MeV_um	Range_um
1.000000e-05	9.707488e-04	5.263241e-03	2.060265e-02
1.150000e-05	1.041012e-03	5.617037e-03	2.209388e-02
1.322500e-05	1.116361e-03	5.981193e-03	2.369305e-02
1.520875e-05	1.197164e-03	6.338459e-03	2.540797e-02
1.749006e-05	1.283815e-03	6.733605e-03	2.724701e-02
2.011357e-05	1.376739e-03	7.109792e-03	2.921916e-02
2.313061e-05	1.476388e-03	7.491905e-03	3.133406e-02
2.660020e-05	1.583249e-03	7.862282e-03	3.360203e-02
3.059023e-05	1.697846e-03	8.264384e-03	3.603417e-02
3.517876e-05	1.820737e-03	8.673905e-03	3.864234e-02
4.045558e-05	1.952523e-03	9.031324e-03	4.143929e-02
4.652391e-05	2.093847e-03	9.411711e-03	4.443869e-02
5.350250e-05	2.245401e-03	9.771566e-03	4.765519e-02
6.152788e-05	2.407924e-03	1.012904e-02	5.110449e-02
7.075706e-05	2.582211e-03	1.049410e-02	5.480346e-02
8.137062e-05	2.769113e-03	1.079087e-02	5.877017e-02
9.357621e-05	2.969543e-03	1.110704e-02	6.302398e-02
1.076126e-04	3.184480e-03	1.141230e-02	6.758569e-02
1.237545e-04	3.414974e-03	1.166556e-02	7.247758e-02
1.423177e-04	3.662152e-03	1.191420e-02	7.772355e-02
1.636654e-04	3.927220e-03	1.212763e-02	8.334922e-02
1.882152e-04	4.211475e-03	1.233306e-02	8.938208e-02
2.164475e-04	4.516303e-03	1.250821e-02	9.585160e-02
2.489146e-04	4.843196e-03	1.263632e-02	1.027894e-01
2.862518e-04	5.193749e-03	1.276659e-02	1.102293e-01
3.291895e-04	5.569675e-03	1.288390e-02	1.181761e-01
3.785680e-04	5.972811e-03	1.294694e-02	1.267673e-01
4.353531e-04	6.405127e-03	1.299640e-02	1.359412e-01
5.006561e-04	6.868733e-03	1.301805e-02	1.457819e-01
5.757545e-04	7.365896e-03	1.301233e-02	1.563330e-01
6.621177e-04	7.899043e-03	1.299207e-02	1.676483e-01
7.614354e-04	8.470780e-03	1.292138e-02	1.797825e-01
8.756507e-04	9.083899e-03	1.282658e-02	1.927951e-01
1.006998e-03	9.741397e-03	1.270539e-02	2.067495e-01
1.158048e-03	1.044648e-02	1.254884e-02	2.217138e-01
1.331755e-03	1.120261e-02	1.235947e-02	2.377613e-01
1.531519e-03	1.201346e-02	1.213904e-02	2.549704e-01
1.761246e-03	1.288300e-02	1.188213e-02	2.734251e-01
2.025433e-03	1.381548e-02	1.160098e-02	2.932155e-01
2.329248e-03	1.481545e-02	1.129209e-02	3.144383e-01
2.678635e-03	1.588780e-02	1.096312e-02	3.371973e-01
3.080431e-03	1.717729e-02	1.059217e-02	3.586665e-01
3.542495e-03	1.938690e-02	1.019828e-02	3.654557e-01
4.073870e-03	2.182654e-02	9.806482e-03	3.732979e-01
4.684950e-03	2.453134e-02	9.386587e-03	3.819590e-01
5.387693e-03	2.753584e-02	8.966881e-03	3.913248e-01
6.195847e-03	3.087371e-02	8.519435e-03	4.013697e-01
7.125224e-03	3.457751e-02	8.058161e-03	4.121330e-01
8.194007e-03	3.867850e-02	7.634663e-03	4.237006e-01
9.423108e-03	4.320661e-02	7.180786e-03	4.361904e-01
1.083657e-02	4.819045e-02	6.723661e-03	4.497416e-01
1.246206e-02	5.365758e-02	6.305528e-03	4.645054e-01
1.433137e-02	5.963475e-02	5.883107e-03	4.806402e-01
1.648108e-02	6.614851e-02	5.481647e-03	4.983072e-01
1.895324e-02	7.322577e-02	5.079918e-03	5.176675e-01
2.179622e-02	8.089476e-02	4.697198e-03	5.388800e-01
2.506566e-02	8.918607e-02	4.373410e-03	5.621020e-01
2.882550e-02	9.813405e-02	4.025758e-03	5.874648e-01
3.314933e-02	1.071158e-01	3.669735e-03	6.152136e-01
3.812173e-02	1.163243e-01	3.429972e-03	6.457736e-01
4.383999e-02	6.317966e-02	3.186536e-03	6.793185e-01
5.041599e-02	6.964087e-02	2.906585e-03	7.160111e-01
5.797838e-02	7.651730e-02	2.646473e-03	7.559860e-01
6.667514e-02	8.383112e-02	2.375837e-03	7.993611e-01
7.667641e-02	9.161102e-02	2.181415e-03	8.462227e-01
8.817787e-02	9.989194e-02	1.958725e-03	8.966238e-01
1.014046e-01	1.087131e-01	1.746331e-03	9.505838e-01
1.166152e-01	1.181141e-01	1.570412e-03	1.008098e+00
1.341075e-01	1.281272e-01	1.411832e-03	1.069162e+00
1.542237e-01	1.387664e-01	1.280533e-03	1.133810e+00
1.773572e-01	1.500118e-01	1.141196e-03	1.202185e+00
2.039608e-01	1.617911e-01	1.030452e-03	1.274636e+00
2.345549e-01	1.739596e-01	9.305688e-04	1.351846e+00
2.697381e-01	1.862838e-01	8.396693e-04	1.434992e+00
3.101989e-01	1.984334e-01	7.491729e-04	1.525924e+00
3.567287e-01	2.099883e-01	6.661077e-04	1.627372e+00
4.102380e-01	2.204629e-01	6.027299e-04	1.743154e+00
4.717737e-01	2.293480e-01	5.382640e-04	1.878419e+00
5.425397e-01	2.361651e-01	4.804598e-04	2.039909e+00
6.239207e-01	2.405236e-01	4.281192e-04	2.236268e+00
7.175088e-01	2.421699e-01	3.785056e-04	2.478429e+00
8.251351e-01	2.410174e-01	3.411858e-04	2.780095e+00
9.489054e-01	2.371522e-01	3.025732e-04	3.158338e+00
1.091241e+00	2.308156e-01	2.663187e-04	3.634334e+00
1.254927e+00	2.223699e-01	2.381975e-04	4.234274e+00
1.443166e+00	2.122563e-01	2.112785e-04	4.990478e+00
1.659641e+00	2.009492e-01	1.880952e-04	5.942794e+00
1.908588e+00	1.889126e-01	1.665681e-04	7.140408e+00
2.194876e+00	1.765596e-01	1.475025e-04	8.644273e+00
2.524107e+00	1.642245e-01	1.329792e-04	1.053046e+01
2.902723e+00	1.521491e-01	1.176504e-04	1.289478e+01
3.338132e+00	1.404867e-01	1.027746e-04	1.585906e+01
3.838852e+00	1.293199e-01	9.244535e-05	1.957950e+01
4.414679e+00	1.186850e-01	8.177823e-05	2.425731e+01
5.076881e+00	1.085928e-01	7.263130e-05	3.015224e+01
5.838413e+00	9.905106e-02	6.450923e-05	3.760085e+01
6.714175e+00	9.082993e-02	5.606237e-05	4.702787e+01
7.721302e+00	8.188769e-02	5.029943e-05	5.900903e+01
8.879497e+00	7.391440e-02	4.435778e-05	7.427263e+01
1.021142e+01	6.666202e-02	3.895915e-05	9.369580e+01
1.174313e+01	6.001530e-02	3.443119e-05	1.184422e+02
1.350460e+01	5.395964e-02	0.000000e+00	1.500155e+02
1.553030e+01	4.848869e-02	0.000000e+00	1.903202e+02
1.785984e+01	4.355093e-02	0.000000e+00	2.417915e+02
2.053882e+01	3.893668e-02	0.000000e+00	3.076915e+02
2.361964e+01	3.479455e-02	0.000000e+00	3.923152e+02
2.716258e+01	3.123804e-02	0.000000e+00	5.007954e+02
3.123697e+01	2.809820e-02	0.000000e+00	6.393197e+02
3.592252e+01	2.525154e-02	0.000000e+00	8.162766e+02
4.131089e+01	2.267190e-02	0.000000e+00	1.042607e+03
4.750753e+01	2.033870e-02	0.000000e+00	1.332433e+03
5.463366e+01	1.823592e-02	0.000000e+00	1.703890e+03
6.282871e+01	1.634663e-02	0.000000e+00	2.180218e+03
7.225301e+01	1.462780e-02	0.000000e+00	2.791659e+03
8.309096e+01	1.308542e-02	0.000000e+00	3.577478e+03
9.555461e+01	1.171760e-02	0.000000e+00	4.587152e+03
1.098878e+02	1.050978e-02	0.000000e+00	5.882395e+03
1.263710e+02	9.426625e-03	0.000000e+00	7.542828e+03
1.453266e+02	8.458212e-03	0.000000e+00	9.671274e+03
1.671256e+02	7.593541e-03	0.000000e+00	1.239834e+04
1.921945e+02	6.822731e-03	0.000000e+00	1.589012e+04
2.210236e+02	6.137016e-03	0.000000e+00	2.035695e+04
2.541772e+02	5.527536e-03	0.000000e+00	2.606431e+04
2.923037e+02	4.986335e-03	0.000000e+00	3.334648e+04
3.361493e+02	4.506297e-03	0.000000e+00	4.262204e+04
3.865717e+02	4.081218e-03	0.000000e+00	5.441283e+04
4.445574e+02	3.705562e-03	0.000000e+00	6.936595e+04
5.112411e+02	3.373971e-03	0.000000e+00	8.827896e+04
5.879272e+02	3.081707e-03	0.000000e+00	1.121282e+05
6.761163e+02	2.824749e-03	0.000000e+00	1.421001e+05
7.775337e+02	2.599494e-03	0.000000e+00	1.796247e+05
8.941638e+02	2.402689e-03	0.000000e+00	2.264105e+05
1.028288e+03	2.231349e-03	0.000000e+00	2.844799e+05
1.182532e+03	2.082779e-03	0.000000e+00	3.562030e+05
1.359911e+03	1.954562e-03	0.000000e+00	4.443290e+05
1.563898e+03	1.844576e-03	0.000000e+00	5.520148e+05
1.798483e+03	1.750975e-03	0.000000e+00	6.828471e+05
2.068255e+03	1.672100e-03	0.000000e+00	8.408666e+05
2.378493e+03	1.606457e-03	0.000000e+00	1.030563e+06
2.735268e+03	1.550297e-03	0.000000e+00	1.257086e+06
3.145558e+03	1.503994e-03	0.000000e+00	1.425379e+06
3.617391e+03	1.467114e-03	0.000000e+00	1.425379e+06
4.160000e+03	1.438631e-03	0.000000e+00	1.425379e+06
4.784000e+03	1.417593e-03	0.000000e+00	1.425379e+06
5.501600e+03	1.403141e-03	0.000000e+00	1.425379e+06
6.326840e+03	1.394494e-03	0.000000e+00	1.425379e+06
7.275866e+03	1.390923e-03	0.000000e+00	1.425379e+06
8.367246e+03	1.391756e-03	0.000000e+00	1.425379e+06
9.622333e+03	1.396382e-03	0.000000e+00	1.425379e+06
