# Energy_MeV	dEdx_Elec_MeV_um	dEdx_Nucl_MeV_um	Range_um
1.000000e-05	2.023382e-03	3.221033e-02	5.961131e-03
1.150000e-05	2.184545e-03	3.539878e-02	6.392601e-03
1.322500e-05	2.357279e-03	3.879916e-02	6.855300e-03
1.520875e-05	2.542428e-03	4.255178e-02	7.351491e-03
1.749006e-05	2.740899e-03	4.667184e-02	7.883595e-03
2.011357e-05	2.953662e-03	5.115424e-02	8.454214e-03
2.313061e-05	3.181757e-03	5.597527e-02	9.066135e-03
2.660020e-05	3.426300e-03	6.119783e-02	9.722346e-03
3.059023e-05	3.688486e-03	6.678050e-02	1.042605e-02
3.517876e-05	3.969597e-03	7.282174e-02	1.118070e-02
4.045558e-05	4.271006e-03	7.926397e-02	1.198996e-02
4.652391e-05	4.594187e-03	8.620522e-02	1.285780e-02
5.350250e-05	4.940718e-03	9.372846e-02	1.378846e-02
6.152788e-05	5.312294e-03	1.014347e-01	1.478647e-02
7.075706e-05	5.710728e-03	1.098335e-01	1.585673e-02
8.137062e-05	6.137969e-03	1.189374e-01	1.700444e-02
9.357621e-05	6.596103e-03	1.284439e-01	1.823524e-02
1.076126e-04	7.087370e-03	1.388989e-01	1.955511e-02
1.237545e-04	7.614168e-03	1.491521e-01	2.097052e-02
1.423177e-04	8.179072e-03	1.603493e-01	2.248838e-02
1.636654e-04	8.784842e-03	1.723198e-01	2.411610e-02
1.882152e-04	9.434437e-03	1.845533e-01	2.586163e-02
2.164475e-04	1.013103e-02	1.979185e-01	2.773351e-02
2.489146e-04	1.087803e-02	2.110541e-01	2.974088e-02
2.862518e-04	1.167907e-02	2.252552e-01	3.189354e-02
3.291895e-04	1.253808e-02	2.395390e-01	3.420201e-02
3.785680e-04	1.345926e-02	2.536869e-01	3.667757e-02
4.353531e-04	1.444709e-02	2.689084e-01	3.933231e-02
5.006561e-04	1.550641e-02	2.836873e-01	4.217921e-02
5.757545e-04	1.664240e-02	2.991598e-01	4.523216e-02
6.621177e-04	1.786060e-02	3.135729e-01	4.850609e-02
7.614354e-04	1.916696e-02	3.285786e-01	5.201698e-02
8.756507e-04	2.056786e-02	3.439701e-01	5.578200e-02
1.006998e-03	2.207016e-02	3.593255e-01	5.981953e-02
1.158048e-03	2.368118e-02	3.737438e-01	6.414930e-02
1.331755e-03	2.540881e-02	3.871821e-01	6.879246e-02
1.531519e-03	2.726147e-02	4.005314e-01	7.377170e-02
1.761246e-03	2.924823e-02	4.137525e-01	7.911133e-02
2.025433e-03	3.137878e-02	4.266474e-01	8.483745e-02
2.329248e-03	3.366353e-02	4.381705e-01	9.097803e-02
2.678635e-03	3.611365e-02	4.491835e-01	9.756307e-02
3.080431e-03	3.874111e-02	4.588417e-01	1.046247e-01
3.542495e-03	4.155874e-02	4.678670e-01	1.121975e-01
4.073870e-03	4.458031e-02	4.758343e-01	1.203184e-01
4.684950e-03	4.782057e-02	4.828876e-01	1.290185e-01
5.387693e-03	5.129537e-02	4.894728e-01	1.383458e-01
6.195847e-03	5.502167e-02	4.941421e-01	1.483864e-01
7.125224e-03	5.901767e-02	4.983752e-01	1.591240e-01
8.194007e-03	6.330291e-02	5.019805e-01	1.706422e-01
9.423108e-03	6.789831e-02	5.043465e-01	1.829930e-01
1.083657e-02	7.282633e-02	5.062651e-01	1.962379e-01
1.246206e-02	7.811104e-02	5.061416e-01	2.104415e-01
1.433137e-02	8.377825e-02	5.053989e-01	2.256730e-01
1.648108e-02	8.985566e-02	5.036566e-01	2.420070e-01
1.895324e-02	9.637295e-02	5.005685e-01	2.595234e-01
2.179622e-02	1.033620e-01	4.965640e-01	2.783076e-01
2.506566e-02	1.108568e-01	4.909243e-01	2.984514e-01
2.882550e-02	1.188942e-01	4.842193e-01	3.200532e-01
3.314933e-02	1.275133e-01	4.761492e-01	3.432185e-01
3.812173e-02	1.367563e-01	4.669002e-01	3.680606e-01
4.383999e-02	1.466683e-01	4.562741e-01	3.947008e-01
5.041599e-02	1.572977e-01	4.446533e-01	4.232692e-01
5.797838e-02	1.686964e-01	4.319024e-01	4.539052e-01
6.667514e-02	1.809203e-01	4.185109e-01	4.867588e-01
7.667641e-02	1.940288e-01	4.039036e-01	5.219906e-01
8.817787e-02	2.080862e-01	3.882635e-01	5.597723e-01
1.014046e-01	2.231611e-01	3.717124e-01	6.002886e-01
1.166152e-01	2.393271e-01	3.552621e-01	6.437374e-01
1.341075e-01	2.566632e-01	3.386909e-01	6.903312e-01
1.542237e-01	2.752541e-01	3.215773e-01	7.402977e-01
1.773572e-01	2.951906e-01	3.039764e-01	7.938805e-01
2.039608e-01	3.165701e-01	2.858632e-01	8.513416e-01
2.345549e-01	3.394971e-01	2.687660e-01	9.129617e-01
2.697381e-01	3.640836e-01	2.513139e-01	9.790422e-01
3.101989e-01	3.904496e-01	2.350673e-01	1.049906e+00
3.567287e-01	4.187240e-01	2.190027e-01	1.125896e+00
4.102380e-01	4.490450e-01	2.034381e-01	1.207397e+00
4.717737e-01	4.815606e-01	1.887410e-01	1.294767e+00
5.425397e-01	5.164314e-01	1.737473e-01	1.388912e+00
6.239207e-01	5.538261e-01	1.612974e-01	1.490872e+00
7.175088e-01	5.939274e-01	1.486255e-01	1.601305e+00
8.251351e-01	6.369313e-01	1.360179e-01	1.721041e+00
9.489054e-01	6.830479e-01	1.260876e-01	1.850996e+00
1.091241e+00	7.325025e-01	1.165437e-01	1.992232e+00
1.254927e+00	7.800424e-01	1.081253e-01	2.145987e+00
1.443166e+00	8.281882e-01	9.844406e-02	2.276540e+00
1.659641e+00	9.012820e-01	8.731064e-02	2.325059e+00
1.908588e+00	9.868468e-01	7.848010e-02	2.370800e+00
2.194876e+00	1.080107e+00	6.983881e-02	2.414218e+00
2.524107e+00	1.182159e+00	6.337531e-02	2.456110e+00
2.902723e+00	1.295386e+00	5.691027e-02	2.497576e+00
3.338132e+00	1.415543e+00	5.116275e-02	2.540039e+00
3.838852e+00	1.548235e+00	4.637794e-02	2.585315e+00
4.414679e+00	1.688006e+00	4.151039e-02	2.635669e+00
5.076881e+00	1.823529e+00	3.744851e-02	2.693857e+00
5.838413e+00	1.963658e+00	3.353573e-02	2.763175e+00
6.714175e+00	2.110889e+00	3.028247e-02	2.847501e+00
7.721302e+00	2.262701e+00	2.722341e-02	2.951296e+00
8.879497e+00	2.400936e+00	2.430588e-02	3.079692e+00
1.021142e+01	2.526389e+00	2.151280e-02	3.238471e+00
1.174313e+01	2.652619e+00	1.929571e-02	3.434082e+00
1.350460e+01	2.751822e+00	1.728626e-02	3.673678e+00
1.553030e+01	2.853344e+00	1.547465e-02	3.965168e+00
1.785984e+01	2.949533e+00	1.376799e-02	4.317386e+00
2.053882e+01	3.029334e+00	1.212009e-02	4.740323e+00
2.361964e+01	3.106111e+00	1.082121e-02	5.245544e+00
2.716258e+01	3.157241e+00	9.555272e-03	5.846775e+00
3.123697e+01	3.200719e+00	8.528758e-03	6.560673e+00
3.592252e+01	3.230936e+00	7.580016e-03	7.407778e+00
4.131089e+01	3.237768e+00	6.724237e-03	8.413698e+00
4.750753e+01	3.233434e+00	5.999348e-03	9.610546e+00
5.463366e+01	3.200028e+00	5.275765e-03	1.103873e+01
6.282871e+01	3.159460e+00	4.749397e-03	1.274914e+01
7.225301e+01	3.110601e+00	4.227327e-03	1.480609e+01
8.309096e+01	3.041345e+00	3.727850e-03	1.729056e+01
9.555461e+01	3.482497e+00	3.313248e-03	2.030525e+01
1.098878e+02	3.264851e+00	2.896306e-03	2.397776e+01
1.263710e+02	3.068357e+00	2.600781e-03	2.848822e+01
1.453266e+02	2.873266e+00	2.305125e-03	3.403968e+01
1.671256e+02	2.681103e+00	2.026992e-03	4.088919e+01
1.921945e+02	2.491047e+00	1.798132e-03	4.937951e+01
2.210236e+02	2.307072e+00	1.568865e-03	5.995234e+01
2.541772e+02	2.131134e+00	1.394691e-03	7.316154e+01
2.923037e+02	1.960742e+00	1.224734e-03	8.973137e+01
3.361493e+02	1.796650e+00	1.077838e-03	1.106506e+02
3.865717e+02	1.641758e+00	9.600685e-04	1.371750e+02
4.445574e+02	1.507933e+00	8.422619e-04	1.707515e+02
5.112411e+02	1.381666e+00	7.476440e-04	2.132277e+02
5.879272e+02	1.262078e+00	6.588122e-04	2.671319e+02
6.761163e+02	1.149387e+00	5.854431e-04	3.357400e+02
7.775337e+02	1.043981e+00	5.187287e-04	4.232940e+02
8.941638e+02	9.462015e-01	4.561733e-04	5.352386e+02
1.028288e+03	8.556787e-01	3.961301e-04	6.785932e+02
1.182532e+03	7.716261e-01	3.515058e-04	8.625565e+02
1.359911e+03	6.948195e-01	3.102540e-04	1.098963e+03
1.563898e+03	6.260477e-01	2.743183e-04	1.402622e+03
1.798483e+03	5.638123e-01	2.408607e-04	1.792173e+03
2.068255e+03	5.073334e-01	2.083194e-04	2.291878e+03
2.378493e+03	4.564844e-01	1.840571e-04	2.932765e+03
2.735268e+03	4.108541e-01	1.598456e-04	3.754284e+03
3.145558e+03	3.698612e-01	1.410774e-04	4.806500e+03
3.617391e+03	3.331410e-01	1.238398e-04	6.152696e+03
4.160000e+03	3.004811e-01	1.083220e-04	7.872666e+03
4.784000e+03	2.714512e-01	9.547611e-05	1.006666e+04
5.501600e+03	2.456109e-01	8.255159e-05	1.285999e+04
6.326840e+03	2.227219e-01	7.365924e-05	1.640857e+04
7.275866e+03	2.025196e-01	6.474062e-05	2.090534e+04
8.367246e+03	1.846697e-01	5.623593e-05	2.658757e+04
9.622333e+03	1.689404e-01	4.929407e-05	3.374497e+04
