# Energy_MeV	dEdx_Elec_MeV_um	dEdx_Nucl_MeV_um	Range_um
1.000000e-05	2.225912e-03	2.033810e-02	9.118425e-03
1.150000e-05	2.396926e-03	2.203355e-02	9.778421e-03
1.322500e-05	2.580280e-03	2.388946e-02	1.048619e-02
1.520875e-05	2.776868e-03	2.574110e-02	1.124518e-02
1.749006e-05	2.987653e-03	2.785189e-02	1.205912e-02
2.011357e-05	3.213663e-03	2.988611e-02	1.293196e-02
2.313061e-05	3.456003e-03	3.215703e-02	1.386798e-02
2.660020e-05	3.715857e-03	3.459022e-02	1.487176e-02
3.059023e-05	3.994495e-03	3.697207e-02	1.594818e-02
3.517876e-05	4.293279e-03	3.967834e-02	1.710252e-02
4.045558e-05	4.613668e-03	4.231681e-02	1.834041e-02
4.652391e-05	4.957227e-03	4.511405e-02	1.966790e-02
5.350250e-05	5.325635e-03	4.797102e-02	2.109147e-02
6.152788e-05	5.720693e-03	5.086377e-02	2.261808e-02
7.075706e-05	6.144329e-03	5.392202e-02	2.425519e-02
8.137062e-05	6.598613e-03	5.686026e-02	2.601080e-02
9.357621e-05	7.085766e-03	5.984419e-02	2.789347e-02
1.076126e-04	7.608167e-03	6.278915e-02	2.991241e-02
1.237545e-04	8.168368e-03	6.603491e-02	3.207749e-02
1.423177e-04	8.769106e-03	6.889598e-02	3.439928e-02
1.636654e-04	9.413315e-03	7.191206e-02	3.688911e-02
1.882152e-04	1.010414e-02	7.487022e-02	3.955917e-02
2.164475e-04	1.084497e-02	7.750049e-02	4.242248e-02
2.489146e-04	1.163940e-02	8.047557e-02	4.549304e-02
2.862518e-04	1.249133e-02	8.288546e-02	4.878585e-02
3.291895e-04	1.340492e-02	8.540219e-02	5.231700e-02
3.785680e-04	1.438462e-02	8.785718e-02	5.610373e-02
4.353531e-04	1.543523e-02	9.000620e-02	6.016455e-02
5.006561e-04	1.656188e-02	9.202875e-02	6.451929e-02
5.757545e-04	1.777008e-02	9.372607e-02	6.918923e-02
6.621177e-04	1.906571e-02	9.540861e-02	7.419719e-02
7.614354e-04	2.045512e-02	9.684970e-02	7.956762e-02
8.756507e-04	2.194510e-02	9.810079e-02	8.532676e-02
1.006998e-03	2.354291e-02	9.909082e-02	9.150276e-02
1.158048e-03	2.525637e-02	9.996941e-02	9.812578e-02
1.331755e-03	2.709385e-02	1.007371e-01	1.052282e-01
1.531519e-03	2.906432e-02	1.011238e-01	1.128148e-01
1.761246e-03	3.117742e-02	1.015344e-01	1.210158e-01
2.025433e-03	3.344345e-02	1.015190e-01	1.297735e-01
2.329248e-03	3.587351e-02	1.013983e-01	1.391677e-01
2.678635e-03	3.847945e-02	1.010721e-01	1.492401e-01
3.080431e-03	4.127400e-02	1.004072e-01	1.600420e-01
3.542495e-03	4.427083e-02	9.962733e-02	1.716257e-01
4.073870e-03	4.748456e-02	9.851468e-02	1.840479e-01
4.684950e-03	5.093091e-02	9.717004e-02	1.973691e-01
5.387693e-03	5.462670e-02	9.557047e-02	2.116546e-01
6.195847e-03	5.858999e-02	9.372020e-02	2.269740e-01
7.125224e-03	6.284015e-02	9.160127e-02	2.434023e-01
8.194007e-03	6.739794e-02	8.928291e-02	2.610197e-01
9.423108e-03	7.228561e-02	8.678367e-02	2.799122e-01
1.083657e-02	7.752706e-02	8.409052e-02	3.001721e-01
1.246206e-02	8.314789e-02	8.104251e-02	3.218984e-01
1.433137e-02	8.917556e-02	7.805304e-02	3.451975e-01
1.648108e-02	9.563951e-02	7.477098e-02	3.701829e-01
1.895324e-02	1.025713e-01	7.147041e-02	3.969767e-01
2.179622e-02	1.100049e-01	6.819953e-02	4.257097e-01
2.506566e-02	1.179764e-01	6.450267e-02	4.565226e-01
2.882550e-02	1.265250e-01	6.121470e-02	4.895658e-01
3.314933e-02	1.356923e-01	5.764798e-02	5.250007e-01
3.812173e-02	1.455232e-01	5.409624e-02	5.630002e-01
4.383999e-02	1.560656e-01	5.068655e-02	6.037500e-01
5.041599e-02	1.673711e-01	4.731065e-02	6.474496e-01
5.797838e-02	1.794949e-01	4.422807e-02	6.943123e-01
6.667514e-02	1.924962e-01	4.102043e-02	7.445668e-01
7.667641e-02	2.064385e-01	3.803888e-02	7.984586e-01
8.817787e-02	2.213900e-01	3.516742e-02	8.562510e-01
1.014046e-01	2.374237e-01	3.258516e-02	9.182264e-01
1.166152e-01	2.546179e-01	2.996474e-02	9.846924e-01
1.341075e-01	2.730567e-01	2.748437e-02	1.055944e+00
1.542237e-01	2.928308e-01	2.565663e-02	1.132529e+00
1.773572e-01	3.140366e-01	2.355474e-02	1.215400e+00
2.039608e-01	3.367773e-01	2.167653e-02	1.305144e+00
2.345549e-01	3.611639e-01	1.972747e-02	1.402420e+00
2.697381e-01	3.873157e-01	1.770664e-02	1.507954e+00
3.101989e-01	4.153578e-01	1.604058e-02	1.589038e+00
3.567287e-01	4.437540e-01	1.419296e-02	1.669960e+00
4.102380e-01	4.668197e-01	1.282432e-02	1.751320e+00
4.717737e-01	4.984015e-01	1.154434e-02	1.832832e+00
5.425397e-01	5.396195e-01	1.041560e-02	1.914343e+00
6.239207e-01	5.791148e-01	9.381388e-03	1.995940e+00
7.175088e-01	6.206383e-01	8.400408e-03	2.077955e+00
8.251351e-01	6.586713e-01	7.586637e-03	2.161068e+00
9.489054e-01	6.951252e-01	6.826916e-03	2.246392e+00
1.091241e+00	7.314803e-01	6.157724e-03	2.335544e+00
1.254927e+00	7.594826e-01	5.454434e-03	2.430768e+00
1.443166e+00	7.860253e-01	4.935853e-03	2.534997e+00
1.659641e+00	8.042781e-01	4.395014e-03	2.651970e+00
1.908588e+00	8.231798e-01	3.915031e-03	2.786355e+00
2.194876e+00	8.436693e-01	3.526324e-03	2.943861e+00
2.524107e+00	8.550656e-01	3.100165e-03	3.131375e+00
2.902723e+00	8.652282e-01	2.798522e-03	3.357109e+00
3.338132e+00	8.711262e-01	2.479776e-03	3.630777e+00
3.838852e+00	8.726962e-01	2.190800e-03	3.963793e+00
4.414679e+00	8.718695e-01	1.949396e-03	4.369544e+00
5.076881e+00	8.662696e-01	1.725258e-03	4.863760e+00
5.838413e+00	8.578138e-01	1.544379e-03	5.465063e+00
6.714175e+00	8.449254e-01	1.365762e-03	6.195776e+00
7.721302e+00	8.276530e-01	1.215185e-03	7.083061e+00
8.879497e+00	8.068466e-01	1.080216e-03	8.160490e+00
1.021142e+01	7.820001e-01	9.653112e-04	9.470168e+00
1.174313e+01	7.539920e-01	8.549826e-04	1.106550e+01
1.350460e+01	7.224839e-01	7.555917e-04	1.301484e+01
1.553030e+01	6.909461e-01	6.762866e-04	1.540614e+01
1.785984e+01	6.561835e-01	5.901368e-04	1.835299e+01
2.053882e+01	6.181763e-01	5.298877e-04	2.200238e+01
2.361964e+01	5.789731e-01	4.662927e-04	2.654406e+01
2.716258e+01	5.383248e-01	4.114995e-04	3.222468e+01
3.123697e+01	5.326617e-01	3.673097e-04	3.935448e+01
3.592252e+01	4.870152e-01	3.191357e-04	4.835807e+01
4.131089e+01	4.446668e-01	2.832714e-04	5.977165e+01
4.750753e+01	4.047763e-01	2.492064e-04	7.423732e+01
5.463366e+01	3.671582e-01	2.205967e-04	9.261673e+01
6.282871e+01	3.320796e-01	1.947518e-04	1.160244e+02
7.225301e+01	2.997997e-01	1.709725e-04	1.458748e+02
8.309096e+01	2.701756e-01	1.519360e-04	1.839802e+02
9.555461e+01	2.422498e-01	1.344628e-04	2.327744e+02
1.098878e+02	2.169322e-01	1.194814e-04	2.954625e+02
1.263710e+02	1.950334e-01	1.038966e-04	3.758724e+02
1.453266e+02	1.756076e-01	9.292102e-05	4.786217e+02
1.671256e+02	1.579155e-01	8.133430e-05	6.099732e+02
1.921945e+02	1.418290e-01	7.148425e-05	7.780912e+02
2.210236e+02	1.272522e-01	6.352524e-05	9.935057e+02
2.541772e+02	1.140977e-01	5.493986e-05	1.269735e+03
2.923037e+02	1.022719e-01	4.909020e-05	1.624091e+03
3.361493e+02	9.151166e-02	4.281179e-05	2.079098e+03
3.865717e+02	8.185594e-02	0.000000e+00	2.663990e+03
4.445574e+02	7.329633e-02	0.000000e+00	3.415601e+03
5.112411e+02	6.573943e-02	0.000000e+00	4.379871e+03
5.879272e+02	5.896147e-02	0.000000e+00	5.616068e+03
6.761163e+02	5.290140e-02	0.000000e+00	7.200759e+03
7.775337e+02	4.749300e-02	0.000000e+00	9.231161e+03
8.941638e+02	4.267273e-02	0.000000e+00	1.183094e+04
1.028288e+03	3.838415e-02	0.000000e+00	1.515668e+04
1.182532e+03	3.457315e-02	0.000000e+00	1.940604e+04
1.359911e+03	3.118988e-02	0.000000e+00	2.482789e+04
1.563898e+03	2.818824e-02	0.000000e+00	3.173388e+04
1.798483e+03	2.552993e-02	0.000000e+00	4.051251e+04
2.068255e+03	2.318143e-02	0.000000e+00	5.164553e+04
2.378493e+03	2.110831e-02	0.000000e+00	6.572673e+04
2.735268e+03	1.928057e-02	0.000000e+00	8.348297e+04
3.145558e+03	1.767382e-02	0.000000e+00	1.057975e+05
3.617391e+03	1.626548e-02	0.000000e+00	1.337348e+05
4.160000e+03	1.503464e-02	0.000000e+00	1.685669e+05
4.784000e+03	1.396296e-02	0.000000e+00	2.117993e+05
5.501600e+03	1.303399e-02	0.000000e+00	2.651961e+05
6.326840e+03	1.223219e-02	0.000000e+00	3.308041e+05
7.275866e+03	1.154420e-02	0.000000e+00	4.109729e+05
8.367246e+03	1.095881e-02	0.000000e+00	5.083725e+05
9.622333e+03	1.046561e-02	0.000000e+00	6.260105e+05
