# Energy_MeV	dEdx_Elec_MeV_um	dEdx_Nucl_MeV_um	Range_um
1.000000e-05	2.339067e-03	3.102114e-02	5.351895e-03
1.150000e-05	2.527747e-03	3.398809e-02	5.739268e-03
1.322500e-05	2.729941e-03	3.724935e-02	6.154679e-03
1.520875e-05	2.946640e-03	4.076990e-02	6.600158e-03
1.749006e-05	3.178905e-03	4.457239e-02	7.077881e-03
2.011357e-05	3.427872e-03	4.864425e-02	7.590182e-03
2.313061e-05	3.694759e-03	5.302304e-02	8.139563e-03
2.660020e-05	3.980872e-03	5.772404e-02	8.728709e-03
3.059023e-05	4.287610e-03	6.277405e-02	9.360498e-03
3.517876e-05	4.616472e-03	6.824949e-02	1.003802e-02
4.045558e-05	4.969066e-03	7.383494e-02	1.076457e-02
4.652391e-05	5.347115e-03	8.002524e-02	1.154372e-02
5.350250e-05	5.752466e-03	8.668064e-02	1.237926e-02
6.152788e-05	6.187100e-03	9.347696e-02	1.327528e-02
7.075706e-05	6.653142e-03	1.012107e-01	1.423615e-02
8.137062e-05	7.152868e-03	1.085260e-01	1.526657e-02
9.357621e-05	7.688719e-03	1.168193e-01	1.637157e-02
1.076126e-04	8.263315e-03	1.255510e-01	1.755655e-02
1.237545e-04	8.879462e-03	1.342693e-01	1.882730e-02
1.423177e-04	9.540171e-03	1.441817e-01	2.019003e-02
1.636654e-04	1.024867e-02	1.535839e-01	2.165140e-02
1.882152e-04	1.100842e-02	1.639387e-01	2.321854e-02
2.164475e-04	1.182313e-02	1.742716e-01	2.489911e-02
2.489146e-04	1.269679e-02	1.845760e-01	2.670132e-02
2.862518e-04	1.363365e-02	1.958397e-01	2.863398e-02
3.291895e-04	1.463831e-02	2.063644e-01	3.070652e-02
3.785680e-04	1.571566e-02	2.175521e-01	3.292907e-02
4.353531e-04	1.687097e-02	2.279940e-01	3.531250e-02
5.006561e-04	1.810989e-02	2.392234e-01	3.786843e-02
5.757545e-04	1.943846e-02	2.500798e-01	4.060937e-02
6.621177e-04	2.086318e-02	2.611877e-01	4.354870e-02
7.614354e-04	2.239101e-02	2.716933e-01	4.670078e-02
8.756507e-04	2.402940e-02	2.814019e-01	5.008100e-02
1.006998e-03	2.578638e-02	2.914995e-01	5.370589e-02
1.158048e-03	2.767051e-02	3.007495e-01	5.759316e-02
1.331755e-03	2.969100e-02	3.100558e-01	6.176178e-02
1.531519e-03	3.185773e-02	3.185701e-01	6.623213e-02
1.761246e-03	3.418128e-02	3.265357e-01	7.102604e-02
2.025433e-03	3.667300e-02	3.336155e-01	7.616695e-02
2.329248e-03	3.934507e-02	3.401405e-01	8.167995e-02
2.678635e-03	4.221053e-02	3.459130e-01	8.759199e-02
3.080431e-03	4.528339e-02	3.510363e-01	9.388975e-02
3.542495e-03	4.857866e-02	3.557832e-01	1.007137e-01
4.073870e-03	5.211243e-02	3.591644e-01	1.080248e-01
4.684950e-03	5.590197e-02	3.624234e-01	1.158430e-01
5.387693e-03	5.996580e-02	3.650340e-01	1.242276e-01
6.195847e-03	6.432377e-02	3.665303e-01	1.332192e-01
7.125224e-03	6.899716e-02	3.681102e-01	1.428614e-01
8.194007e-03	7.400881e-02	3.678409e-01	1.532016e-01
9.423108e-03	7.938321e-02	3.674253e-01	1.642902e-01
1.083657e-02	8.514660e-02	3.661075e-01	1.761814e-01
1.246206e-02	9.132714e-02	3.637513e-01	1.889334e-01
1.433137e-02	9.795503e-02	3.609335e-01	2.026083e-01
1.648108e-02	1.050627e-01	3.567571e-01	2.172729e-01
1.895324e-02	1.126847e-01	3.518929e-01	2.329991e-01
2.179622e-02	1.208585e-01	3.460051e-01	2.498635e-01
2.506566e-02	1.296239e-01	3.392701e-01	2.679486e-01
2.882550e-02	1.390237e-01	3.315201e-01	2.873426e-01
3.314933e-02	1.491038e-01	3.230971e-01	3.081404e-01
3.812173e-02	1.599136e-01	3.138748e-01	3.304436e-01
4.383999e-02	1.715058e-01	3.041366e-01	3.543612e-01
5.041599e-02	1.839371e-01	2.933417e-01	3.800098e-01
5.797838e-02	1.972681e-01	2.821782e-01	4.075149e-01
6.667514e-02	2.115640e-01	2.701634e-01	4.370107e-01
7.667641e-02	2.268947e-01	2.582442e-01	4.686417e-01
8.817787e-02	2.433350e-01	2.462353e-01	5.025621e-01
1.014046e-01	2.609653e-01	2.334335e-01	5.389376e-01
1.166152e-01	2.798717e-01	2.209912e-01	5.779459e-01
1.341075e-01	3.001465e-01	2.078763e-01	6.197777e-01
1.542237e-01	3.218888e-01	1.953338e-01	6.646375e-01
1.773572e-01	3.452048e-01	1.826797e-01	7.127441e-01
2.039608e-01	3.702085e-01	1.708015e-01	7.643331e-01
2.345549e-01	3.970219e-01	1.591690e-01	8.196541e-01
2.697381e-01	4.257761e-01	1.478849e-01	8.789822e-01
3.101989e-01	4.566121e-01	1.372016e-01	9.426130e-01
3.567287e-01	4.896817e-01	1.263427e-01	1.011291e+00
4.102380e-01	5.251448e-01	1.173492e-01	1.085675e+00
4.717737e-01	5.631748e-01	1.078139e-01	1.166262e+00
5.425397e-01	6.039574e-01	9.883453e-02	1.253653e+00
6.239207e-01	6.476919e-01	9.197850e-02	1.348530e+00
7.175088e-01	6.945921e-01	8.457037e-02	1.451676e+00
8.251351e-01	7.382748e-01	7.842484e-02	1.545675e+00
9.489054e-01	7.870996e-01	7.135748e-02	1.587792e+00
1.091241e+00	8.613456e-01	6.353353e-02	1.628167e+00
1.254927e+00	9.437893e-01	5.730138e-02	1.666891e+00
1.443166e+00	1.034618e+00	5.067573e-02	1.704401e+00
1.659641e+00	1.131397e+00	4.610735e-02	1.741213e+00
1.908588e+00	1.238934e+00	4.136537e-02	1.778101e+00
2.194876e+00	1.352457e+00	3.731424e-02	1.816113e+00
2.524107e+00	1.473237e+00	3.373716e-02	1.856612e+00
2.902723e+00	1.601664e+00	3.014771e-02	1.901314e+00
3.338132e+00	1.712955e+00	2.725223e-02	1.952335e+00
3.838852e+00	1.831691e+00	2.441257e-02	2.012216e+00
4.414679e+00	1.957778e+00	2.206828e-02	2.083958e+00
5.076881e+00	2.076313e+00	1.972779e-02	2.171087e+00
5.838413e+00	2.190214e+00	1.770735e-02	2.277632e+00
6.714175e+00	2.283367e+00	1.569738e-02	2.408177e+00
7.721302e+00	2.376604e+00	1.405573e-02	2.567873e+00
8.879497e+00	2.454109e+00	1.261021e-02	2.762476e+00
1.021142e+01	2.526830e+00	1.121220e-02	2.998428e+00
1.174313e+01	2.599541e+00	1.003291e-02	3.282979e+00
1.350460e+01	2.649709e+00	8.847503e-03	3.624434e+00
1.553030e+01	2.696094e+00	7.873933e-03	4.032513e+00
1.785984e+01	2.726466e+00	6.959790e-03	4.518857e+00
2.053882e+01	2.743442e+00	6.202211e-03	5.097687e+00
2.361964e+01	2.753036e+00	5.514264e-03	5.786632e+00
2.716258e+01	2.739013e+00	4.895848e-03	6.607755e+00
3.123697e+01	2.714815e+00	4.365849e-03	7.588823e+00
3.592252e+01	2.672886e+00	3.845438e-03	8.764885e+00
4.131089e+01	2.623106e+00	3.460807e-03	1.018025e+01
4.750753e+01	2.564665e+00	3.063772e-03	1.189103e+01
5.463366e+01	2.490759e+00	2.712317e-03	1.396845e+01
6.282871e+01	2.776065e+00	2.417142e-03	1.650183e+01
7.225301e+01	2.595773e+00	2.102512e-03	1.960649e+01
8.309096e+01	2.427416e+00	1.896644e-03	2.344070e+01
9.555461e+01	2.261997e+00	1.670512e-03	2.818006e+01
1.098878e+02	2.100349e+00	1.476615e-03	3.405856e+01
1.263710e+02	1.942266e+00	1.312090e-03	4.138295e+01
1.453266e+02	1.790702e+00	1.139761e-03	5.054711e+01
1.671256e+02	1.646586e+00	1.015560e-03	6.204775e+01
1.921945e+02	1.507294e+00	8.905221e-04	7.654358e+01
2.210236e+02	1.374775e+00	7.873525e-04	9.492931e+01
2.541772e+02	1.252635e+00	6.988350e-04	1.183139e+02
2.923037e+02	1.145665e+00	6.126970e-04	1.479823e+02
3.361493e+02	1.045054e+00	5.444821e-04	1.856338e+02
3.865717e+02	9.505548e-01	4.798713e-04	2.335561e+02
4.445574e+02	8.623073e-01	4.270601e-04	2.947064e+02
5.112411e+02	7.804087e-01	3.757101e-04	3.729070e+02
5.879272e+02	7.050360e-01	3.326119e-04	4.730581e+02
6.761163e+02	6.355088e-01	2.894569e-04	6.014944e+02
7.775337e+02	5.715775e-01	2.562091e-04	7.665108e+02
8.941638e+02	5.135454e-01	2.265621e-04	9.786942e+02
1.028288e+03	4.621381e-01	1.986661e-04	1.251247e+03
1.182532e+03	4.155718e-01	1.756454e-04	1.600908e+03
1.359911e+03	3.735072e-01	1.522586e-04	2.049478e+03
1.563898e+03	3.357700e-01	1.339741e-04	2.624693e+03
1.798483e+03	3.019745e-01	1.165785e-04	3.361843e+03
2.068255e+03	2.717088e-01	1.026308e-04	4.305662e+03
2.378493e+03	2.446991e-01	9.011258e-05	5.512664e+03
2.735268e+03	2.207078e-01	7.882153e-05	7.054082e+03
3.145558e+03	1.993926e-01	6.951106e-05	9.019319e+03
3.617391e+03	1.804577e-01	6.033681e-05	1.152003e+04
4.160000e+03	1.637129e-01	5.370544e-05	1.469499e+04
4.784000e+03	1.489342e-01	4.690304e-05	1.871574e+04
5.501600e+03	1.358853e-01	0.000000e+00	2.379288e+04
6.326840e+03	1.244030e-01	0.000000e+00	3.018320e+04
7.275866e+03	1.143394e-01	0.000000e+00	3.819736e+04
8.367246e+03	1.055189e-01	0.000000e+00	4.820795e+04
9.622333e+03	9.780501e-02	0.000000e+00	6.065781e+04
