# Energy_MeV	dEdx_Elec_MeV_um	dEdx_Nucl_MeV_um	Range_um
1.000000e-05	2.297819e-03	2.885626e-02	6.127965e-03
1.150000e-05	2.480300e-03	3.151046e-02	6.571510e-03
1.322500e-05	2.675888e-03	3.443002e-02	7.047160e-03
1.520875e-05	2.885540e-03	3.752826e-02	7.557237e-03
1.749006e-05	3.110282e-03	4.085184e-02	8.104234e-03
2.011357e-05	3.351213e-03	4.449077e-02	8.690823e-03
2.313061e-05	3.609511e-03	4.831207e-02	9.319869e-03
2.660020e-05	3.886438e-03	5.236406e-02	9.994446e-03
3.059023e-05	4.183349e-03	5.668231e-02	1.071785e-02
3.517876e-05	4.501694e-03	6.144082e-02	1.149361e-02
4.045558e-05	4.843030e-03	6.629822e-02	1.232553e-02
4.652391e-05	5.209023e-03	7.172599e-02	1.321765e-02
5.350250e-05	5.601464e-03	7.708900e-02	1.417436e-02
6.152788e-05	6.022268e-03	8.288146e-02	1.520030e-02
7.075706e-05	6.473493e-03	8.916312e-02	1.630051e-02
8.137062e-05	6.957343e-03	9.541354e-02	1.748035e-02
9.357621e-05	7.476182e-03	1.024031e-01	1.874559e-02
1.076126e-04	8.032544e-03	1.092709e-01	2.010240e-02
1.237545e-04	8.629148e-03	1.166603e-01	2.155742e-02
1.423177e-04	9.268909e-03	1.240758e-01	2.311776e-02
1.636654e-04	9.954953e-03	1.315672e-01	2.479104e-02
1.882152e-04	1.069063e-02	1.395252e-01	2.658543e-02
2.164475e-04	1.147954e-02	1.472017e-01	2.850969e-02
2.489146e-04	1.232552e-02	1.553496e-01	3.057324e-02
2.862518e-04	1.323273e-02	1.628255e-01	3.278615e-02
3.291895e-04	1.420558e-02	1.710239e-01	3.515922e-02
3.785680e-04	1.524883e-02	1.789453e-01	3.770407e-02
4.353531e-04	1.636757e-02	1.866770e-01	4.043311e-02
5.006561e-04	1.756728e-02	1.948017e-01	4.335968e-02
5.757545e-04	1.885381e-02	2.015556e-01	4.649807e-02
6.621177e-04	2.023345e-02	2.090573e-01	4.986363e-02
7.614354e-04	2.171294e-02	2.158708e-01	5.347279e-02
8.756507e-04	2.329951e-02	2.223419e-01	5.734317e-02
1.006998e-03	2.500090e-02	2.290034e-01	6.149370e-02
1.158048e-03	2.682543e-02	2.345476e-01	6.594465e-02
1.331755e-03	2.878201e-02	2.399970e-01	7.071776e-02
1.531519e-03	3.088021e-02	2.447210e-01	7.583635e-02
1.761246e-03	3.313026e-02	2.489898e-01	8.132542e-02
2.025433e-03	3.554317e-02	2.530123e-01	8.721180e-02
2.329248e-03	3.813072e-02	2.563113e-01	9.352424e-02
2.678635e-03	4.090555e-02	2.591210e-01	1.002493e-01
3.080431e-03	4.388123e-02	2.614012e-01	1.075492e-01
3.542495e-03	4.707228e-02	2.634803e-01	1.153399e-01
4.073870e-03	5.049429e-02	2.646979e-01	1.236889e-01
4.684950e-03	5.416398e-02	2.658812e-01	1.326410e-01
5.387693e-03	5.809929e-02	2.660003e-01	1.422415e-01
6.195847e-03	6.231943e-02	2.657345e-01	1.525367e-01
7.125224e-03	6.684503e-02	2.650015e-01	1.635772e-01
8.194007e-03	7.169819e-02	2.634309e-01	1.754169e-01
9.423108e-03	7.690262e-02	2.615261e-01	1.881135e-01
1.083657e-02	8.248374e-02	2.587338e-01	2.017290e-01
1.246206e-02	8.846883e-02	2.553608e-01	2.163300e-01
1.433137e-02	9.488712e-02	2.512847e-01	2.319879e-01
1.648108e-02	1.017700e-01	2.465877e-01	2.487792e-01
1.895324e-02	1.091510e-01	2.411539e-01	2.667857e-01
2.179622e-02	1.170663e-01	2.352177e-01	2.860955e-01
2.506566e-02	1.255544e-01	2.286180e-01	3.068031e-01
2.882550e-02	1.346570e-01	2.217777e-01	3.290095e-01
3.314933e-02	1.444184e-01	2.140684e-01	3.528232e-01
3.812173e-02	1.548863e-01	2.060470e-01	3.783605e-01
4.383999e-02	1.661119e-01	1.976713e-01	4.057461e-01
5.041599e-02	1.781501e-01	1.887565e-01	4.351141e-01
5.797838e-02	1.910595e-01	1.803911e-01	4.666078e-01
6.667514e-02	2.049033e-01	1.710595e-01	5.003809e-01
7.667641e-02	2.197492e-01	1.620168e-01	5.365984e-01
8.817787e-02	2.356696e-01	1.528844e-01	5.754374e-01
1.014046e-01	2.527423e-01	1.433695e-01	6.170878e-01
1.166152e-01	2.710508e-01	1.345525e-01	6.617529e-01
1.341075e-01	2.906845e-01	1.256586e-01	7.096507e-01
1.542237e-01	3.117392e-01	1.172682e-01	7.610151e-01
1.773572e-01	3.343179e-01	1.091293e-01	8.160976e-01
2.039608e-01	3.585309e-01	1.010444e-01	8.751689e-01
2.345549e-01	3.844963e-01	9.348217e-02	9.385016e-01
2.697381e-01	4.123422e-01	8.651784e-02	1.006518e+00
3.101989e-01	4.422045e-01	7.978790e-02	1.080070e+00
3.567287e-01	4.742282e-01	7.301889e-02	1.159724e+00
4.102380e-01	5.085697e-01	6.793471e-02	1.246052e+00
4.717737e-01	5.453969e-01	6.247181e-02	1.339696e+00
5.425397e-01	5.848898e-01	5.785331e-02	1.441399e+00
6.239207e-01	6.269392e-01	5.291460e-02	1.513855e+00
7.175088e-01	6.654690e-01	4.723509e-02	1.567833e+00
8.251351e-01	7.161776e-01	4.271992e-02	1.620723e+00
9.489054e-01	7.852240e-01	3.775068e-02	1.672486e+00
1.091241e+00	8.588743e-01	3.423987e-02	1.723262e+00
1.254927e+00	9.404503e-01	3.073262e-02	1.773380e+00
1.443166e+00	1.024236e+00	2.771286e-02	1.823408e+00
1.659641e+00	1.114453e+00	2.504740e-02	1.874195e+00
1.908588e+00	1.210111e+00	2.239272e-02	1.926930e+00
2.194876e+00	1.301843e+00	2.027807e-02	1.983189e+00
2.524107e+00	1.396653e+00	1.812067e-02	2.044950e+00
2.902723e+00	1.471371e+00	1.642975e-02	2.114761e+00
3.338132e+00	1.552404e+00	1.466040e-02	2.195669e+00
3.838852e+00	1.640491e+00	1.315515e-02	2.291333e+00
4.414679e+00	1.710148e+00	1.175927e-02	2.406063e+00
5.076881e+00	1.778891e+00	1.041639e-02	2.544862e+00
5.838413e+00	1.834768e+00	9.412665e-03	2.713489e+00
6.714175e+00	1.884168e+00	8.342470e-03	2.918492e+00
7.721302e+00	1.928733e+00	7.462315e-03	3.167293e+00
8.879497e+00	1.963087e+00	6.639219e-03	3.468338e+00
1.021142e+01	1.995128e+00	5.850435e-03	3.831306e+00
1.174313e+01	2.015080e+00	5.214628e-03	4.267482e+00
1.350460e+01	2.025491e+00	4.621219e-03	4.790290e+00
1.553030e+01	2.029349e+00	4.115230e-03	5.416020e+00
1.785984e+01	2.018439e+00	3.662869e-03	6.164782e+00
2.053882e+01	2.001266e+00	3.246665e-03	7.061711e+00
2.361964e+01	1.972265e+00	2.883338e-03	8.138481e+00
2.716258e+01	1.933118e+00	2.574207e-03	9.435206e+00
3.123697e+01	1.885202e+00	2.289657e-03	1.100284e+01
3.592252e+01	1.830362e+00	2.019654e-03	1.290621e+01
4.131089e+01	1.767888e+00	1.807783e-03	1.522784e+01
4.750753e+01	1.697051e+00	1.572131e-03	1.807364e+01
5.463366e+01	1.797096e+00	1.413267e-03	2.157504e+01
6.282871e+01	1.669437e+00	1.248921e-03	2.591063e+01
7.225301e+01	1.549159e+00	1.098471e-03	3.131077e+01
8.309096e+01	1.432166e+00	9.822345e-04	3.803990e+01
9.555461e+01	1.319235e+00	8.508963e-04	4.645847e+01
1.098878e+02	1.210642e+00	7.590222e-04	5.703469e+01
1.263710e+02	1.108036e+00	6.648908e-04	7.036540e+01
1.453266e+02	1.011536e+00	5.873970e-04	8.721287e+01
1.671256e+02	9.183737e-01	5.215155e-04	1.086031e+02
1.921945e+02	8.316434e-01	4.560864e-04	1.359054e+02
2.210236e+02	7.543956e-01	4.072817e-04	1.707694e+02
2.541772e+02	6.853921e-01	3.572757e-04	2.151546e+02
2.923037e+02	6.212064e-01	3.195193e-04	2.717252e+02
3.361493e+02	5.616795e-01	2.803730e-04	3.439884e+02
3.865717e+02	5.068048e-01	2.481005e-04	4.364737e+02
4.445574e+02	4.565088e-01	2.181467e-04	5.550123e+02
5.112411e+02	4.107314e-01	1.904757e-04	7.070731e+02
5.879272e+02	3.686943e-01	1.698983e-04	9.023555e+02
6.761163e+02	3.305777e-01	1.483749e-04	1.153489e+03
7.775337e+02	2.964679e-01	1.311256e-04	1.476441e+03
8.941638e+02	2.663047e-01	1.148933e-04	1.891092e+03
1.028288e+03	2.390925e-01	9.988370e-05	2.422952e+03
1.182532e+03	2.146464e-01	8.773305e-05	3.105080e+03
1.359911e+03	1.927927e-01	7.676504e-05	3.979427e+03
1.563898e+03	1.732777e-01	6.745370e-05	5.099369e+03
1.798483e+03	1.558683e-01	5.924189e-05	6.532505e+03
2.068255e+03	1.403811e-01	5.187169e-05	8.364189e+03
2.378493e+03	1.266335e-01	4.538868e-05	1.070193e+04
2.735268e+03	1.144313e-01	0.000000e+00	1.368045e+04
3.145558e+03	1.036171e-01	0.000000e+00	1.746783e+04
3.617391e+03	9.406423e-02	0.000000e+00	2.227264e+04
4.160000e+03	8.563306e-02	0.000000e+00	2.835216e+04
4.784000e+03	7.819816e-02	0.000000e+00	3.602169e+04
5.501600e+03	7.166469e-02	0.000000e+00	4.566473e+04
6.326840e+03	6.593819e-02	0.000000e+00	5.774406e+04
7.275866e+03	6.092258e-02	0.000000e+00	7.281324e+04
8.367246e+03	5.654652e-02	0.000000e+00	9.152836e+04
9.622333e+03	5.275169e-02	0.000000e+00	1.146594e+05
