# Energy_MeV	dEdx_Elec_MeV_um	dEdx_Nucl_MeV_um	Range_um
1.000000e-05	2.563156e-03	3.178895e-02	4.444756e-03
1.150000e-05	2.775476e-03	3.491066e-02	4.766470e-03
1.322500e-05	3.002916e-03	3.831810e-02	5.111470e-03
1.520875e-05	3.246593e-03	4.191050e-02	5.481441e-03
1.749006e-05	3.507704e-03	4.601369e-02	5.878190e-03
2.011357e-05	3.787527e-03	5.021547e-02	6.303657e-03
2.313061e-05	4.087433e-03	5.493188e-02	6.759919e-03
2.660020e-05	4.408891e-03	5.991680e-02	7.249205e-03
3.059023e-05	4.753473e-03	6.518443e-02	7.773906e-03
3.517876e-05	5.122864e-03	7.107784e-02	8.336586e-03
4.045558e-05	5.518872e-03	7.711542e-02	8.939992e-03
4.652391e-05	5.943433e-03	8.377741e-02	9.587074e-03
5.350250e-05	6.398621e-03	9.056881e-02	1.028099e-02
6.152788e-05	6.886663e-03	9.814542e-02	1.102513e-02
7.075706e-05	7.409942e-03	1.060941e-01	1.182314e-02
8.137062e-05	7.971016e-03	1.146326e-01	1.267891e-02
9.357621e-05	8.572627e-03	1.235858e-01	1.359661e-02
1.076126e-04	9.217715e-03	1.326997e-01	1.458074e-02
1.237545e-04	9.909431e-03	1.427419e-01	1.563610e-02
1.423177e-04	1.065116e-02	1.530436e-01	1.676785e-02
1.636654e-04	1.144651e-02	1.640424e-01	1.798152e-02
1.882152e-04	1.229939e-02	1.754688e-01	1.928303e-02
2.164475e-04	1.321395e-02	1.872600e-01	2.067875e-02
2.489146e-04	1.419466e-02	1.993114e-01	2.217548e-02
2.862518e-04	1.524632e-02	2.116577e-01	2.378056e-02
3.291895e-04	1.637406e-02	2.242470e-01	2.550181e-02
3.785680e-04	1.758339e-02	2.371028e-01	2.734764e-02
4.353531e-04	1.888022e-02	2.503573e-01	2.932708e-02
5.006561e-04	2.027089e-02	2.627078e-01	3.144979e-02
5.757545e-04	2.176218e-02	2.758796e-01	3.372614e-02
6.621177e-04	2.336139e-02	2.892184e-01	3.616726e-02
7.614354e-04	2.507633e-02	3.015082e-01	3.878506e-02
8.756507e-04	2.691538e-02	3.153903e-01	4.159234e-02
1.006998e-03	2.888751e-02	3.263128e-01	4.460282e-02
1.158048e-03	3.100238e-02	3.385580e-01	4.783120e-02
1.331755e-03	3.327029e-02	3.502381e-01	5.129324e-02
1.531519e-03	3.570235e-02	3.604443e-01	5.500587e-02
1.761246e-03	3.831042e-02	3.719515e-01	5.898723e-02
2.025433e-03	4.110725e-02	3.808032e-01	6.325676e-02
2.329248e-03	4.410651e-02	3.902199e-01	6.783531e-02
2.678635e-03	4.732283e-02	3.981755e-01	7.274527e-02
3.080431e-03	5.077195e-02	4.051457e-01	7.797251e-02
3.542495e-03	5.447071e-02	4.122407e-01	8.365117e-02
4.073870e-03	5.843717e-02	4.174708e-01	8.971427e-02
4.684950e-03	6.269072e-02	4.226962e-01	9.620799e-02
5.387693e-03	6.725213e-02	4.263023e-01	1.031712e-01
6.195847e-03	7.214369e-02	4.298181e-01	1.106387e-01
7.125224e-03	7.738930e-02	4.322892e-01	1.186466e-01
8.194007e-03	8.301459e-02	4.341740e-01	1.272341e-01
9.423108e-03	8.904702e-02	4.350177e-01	1.364432e-01
1.083657e-02	9.551608e-02	4.346193e-01	1.463189e-01
1.246206e-02	1.024534e-01	4.336532e-01	1.569094e-01
1.433137e-02	1.098928e-01	4.315121e-01	1.682664e-01
1.648108e-02	1.178707e-01	4.285367e-01	1.804454e-01
1.895324e-02	1.264260e-01	4.244315e-01	1.935061e-01
2.179622e-02	1.356005e-01	4.191591e-01	2.075120e-01
2.506566e-02	1.454391e-01	4.128316e-01	2.225316e-01
2.882550e-02	1.559898e-01	4.054413e-01	2.386384e-01
3.314933e-02	1.673042e-01	3.969094e-01	2.559110e-01
3.812173e-02	1.794375e-01	3.874071e-01	2.744339e-01
4.383999e-02	1.924491e-01	3.767790e-01	2.942974e-01
5.041599e-02	2.064024e-01	3.658532e-01	3.155986e-01
5.797838e-02	2.213656e-01	3.535742e-01	3.384416e-01
6.667514e-02	2.374119e-01	3.403600e-01	3.629381e-01
7.667641e-02	2.546197e-01	3.271795e-01	3.892076e-01
8.817787e-02	2.730729e-01	3.121808e-01	4.173785e-01
1.014046e-01	2.928618e-01	2.988945e-01	4.475883e-01
1.166152e-01	3.140830e-01	2.838411e-01	4.799848e-01
1.341075e-01	3.368402e-01	2.686592e-01	5.147264e-01
1.542237e-01	3.612447e-01	2.542738e-01	5.519824e-01
1.773572e-01	3.874155e-01	2.380782e-01	5.919348e-01
2.039608e-01	4.154805e-01	2.241851e-01	6.347793e-01
2.345549e-01	4.455769e-01	2.091883e-01	6.807256e-01
2.697381e-01	4.778518e-01	1.952734e-01	7.299895e-01
3.101989e-01	5.124641e-01	1.821627e-01	7.828788e-01
3.567287e-01	5.495832e-01	1.683341e-01	8.400532e-01
4.102380e-01	5.893889e-01	1.564231e-01	9.019728e-01
4.717737e-01	6.320759e-01	1.442013e-01	9.690757e-01
5.425397e-01	6.778525e-01	1.335905e-01	1.041860e+00
6.239207e-01	7.269426e-01	1.225474e-01	1.120903e+00
7.175088e-01	7.795860e-01	1.132082e-01	1.206870e+00
8.251351e-01	8.258310e-01	1.045649e-01	1.300542e+00
9.489054e-01	8.851892e-01	9.669906e-02	1.370408e+00
1.091241e+00	9.677499e-01	8.894386e-02	1.395510e+00
1.254927e+00	1.058346e+00	8.002539e-02	1.418975e+00
1.443166e+00	1.160061e+00	7.180717e-02	1.441201e+00
1.659641e+00	1.268199e+00	6.394974e-02	1.462671e+00
1.908588e+00	1.388604e+00	5.748041e-02	1.484221e+00
2.194876e+00	1.520335e+00	5.171826e-02	1.506778e+00
2.524107e+00	1.659811e+00	4.668699e-02	1.531528e+00
2.902723e+00	1.812284e+00	4.204180e-02	1.559922e+00
3.338132e+00	1.951833e+00	3.785829e-02	1.593696e+00
3.838852e+00	2.106165e+00	3.410198e-02	1.634900e+00
4.414679e+00	2.275421e+00	3.044998e-02	1.685911e+00
5.076881e+00	2.427029e+00	2.761640e-02	1.749446e+00
5.838413e+00	2.582117e+00	2.469938e-02	1.828582e+00
6.714175e+00	2.714663e+00	2.207193e-02	1.926768e+00
7.721302e+00	2.841746e+00	1.986791e-02	2.047809e+00
8.879497e+00	2.961119e+00	1.743523e-02	2.195908e+00
1.021142e+01	3.067782e+00	1.585018e-02	2.375703e+00
1.174313e+01	3.175908e+00	1.407372e-02	2.592381e+00
1.350460e+01	3.263614e+00	1.253237e-02	2.851855e+00
1.553030e+01	3.339953e+00	1.123255e-02	3.161029e+00
1.785984e+01	3.407257e+00	9.825800e-03	3.528178e+00
2.053882e+01	3.449177e+00	8.823231e-03	3.963414e+00
2.361964e+01	3.483714e+00	7.785918e-03	4.479262e+00
2.716258e+01	3.493661e+00	6.931528e-03	5.091385e+00
3.123697e+01	3.481203e+00	6.190539e-03	5.819427e+00
3.592252e+01	3.451174e+00	5.456933e-03	6.688100e+00
4.131089e+01	3.411168e+00	4.883987e-03	7.728515e+00
4.750753e+01	3.358803e+00	4.323404e-03	8.979846e+00
5.463366e+01	3.284798e+00	3.874211e-03	1.049187e+01
6.282871e+01	3.704248e+00	3.427597e-03	1.232555e+01
7.225301e+01	3.487309e+00	3.049971e-03	1.456319e+01
8.309096e+01	3.279605e+00	2.677765e-03	1.731186e+01
9.555461e+01	3.071421e+00	2.376394e-03	2.068940e+01
1.098878e+02	2.866072e+00	2.116803e-03	2.485769e+01
1.263710e+02	2.663768e+00	1.866171e-03	3.002642e+01
1.453266e+02	2.468871e+00	1.658420e-03	3.646157e+01
1.671256e+02	2.281683e+00	1.450961e-03	4.450002e+01
1.921945e+02	2.098204e+00	1.281466e-03	5.459500e+01
2.210236e+02	1.923819e+00	1.124821e-03	6.735416e+01
2.541772e+02	1.765420e+00	9.957063e-04	8.350580e+01
2.923037e+02	1.622906e+00	8.794028e-04	1.039020e+02
3.361493e+02	1.487547e+00	7.762491e-04	1.297068e+02
3.865717e+02	1.359181e+00	6.881080e-04	1.624635e+02
4.445574e+02	1.238360e+00	6.023641e-04	2.041681e+02
5.112411e+02	1.125354e+00	5.392973e-04	2.573967e+02
5.879272e+02	1.020481e+00	4.744749e-04	3.254541e+02
6.761163e+02	9.226917e-01	4.176681e-04	4.126385e+02
7.775337e+02	8.324318e-01	3.703498e-04	5.245667e+02
8.941638e+02	7.502396e-01	3.196867e-04	6.683611e+02
1.028288e+03	6.766304e-01	2.871797e-04	8.529009e+02
1.182532e+03	6.094882e-01	2.513115e-04	1.089566e+03
1.359911e+03	5.486985e-01	2.209017e-04	1.393141e+03
1.563898e+03	4.940475e-01	1.952587e-04	1.782392e+03
1.798483e+03	4.449069e-01	1.682747e-04	2.281203e+03
2.068255e+03	4.006934e-01	1.491110e-04	2.919818e+03
2.378493e+03	3.611956e-01	1.297895e-04	3.736414e+03
2.735268e+03	3.260997e-01	1.140363e-04	4.779072e+03
3.145558e+03	2.948437e-01	1.005370e-04	6.108041e+03
3.617391e+03	2.670479e-01	8.745474e-05	7.798473e+03
4.160000e+03	2.424825e-01	7.722856e-05	9.943646e+03
4.784000e+03	2.207880e-01	6.752473e-05	1.265865e+04
5.501600e+03	2.016214e-01	5.971843e-05	1.608459e+04
6.326840e+03	1.847765e-01	5.211486e-05	2.039315e+04
7.275866e+03	1.700228e-01	4.580669e-05	2.579165e+04
8.367246e+03	1.570816e-01	0.000000e+00	3.252819e+04
9.622333e+03	1.457747e-01	0.000000e+00	4.089702e+04
