# Energy_MeV	dEdx_Elec_MeV_um	dEdx_Nucl_MeV_um	Range_um
1.000000e-05	2.106216e-03	3.235513e-02	5.700209e-03
1.150000e-05	2.274824e-03	3.545963e-02	6.112793e-03
1.322500e-05	2.455527e-03	3.892082e-02	6.555240e-03
1.520875e-05	2.649207e-03	4.269095e-02	7.029712e-03
1.749006e-05	2.856815e-03	4.675144e-02	7.538526e-03
2.011357e-05	3.079364e-03	5.128635e-02	8.084169e-03
2.313061e-05	3.317944e-03	5.601650e-02	8.669305e-03
2.660020e-05	3.573721e-03	6.129429e-02	9.296794e-03
3.059023e-05	3.847946e-03	6.683236e-02	9.969701e-03
3.517876e-05	4.141959e-03	7.274464e-02	1.069131e-02
4.045558e-05	4.457196e-03	7.926247e-02	1.146516e-02
4.652391e-05	4.795199e-03	8.607436e-02	1.229501e-02
5.350250e-05	5.157620e-03	9.358823e-02	1.318493e-02
6.152788e-05	5.546228e-03	1.011488e-01	1.413926e-02
7.075706e-05	5.962924e-03	1.095062e-01	1.516267e-02
8.137062e-05	6.409743e-03	1.185406e-01	1.626015e-02
9.357621e-05	6.888868e-03	1.280511e-01	1.743707e-02
1.076126e-04	7.402640e-03	1.381679e-01	1.869917e-02
1.237545e-04	7.953569e-03	1.483241e-01	2.005263e-02
1.423177e-04	8.544347e-03	1.593805e-01	2.150405e-02
1.636654e-04	9.177860e-03	1.711383e-01	2.306052e-02
1.882152e-04	9.857203e-03	1.833982e-01	2.472966e-02
2.164475e-04	1.058569e-02	1.962440e-01	2.651960e-02
2.489146e-04	1.136690e-02	2.093747e-01	2.843911e-02
2.862518e-04	1.220462e-02	2.229192e-01	3.049754e-02
3.291895e-04	1.310296e-02	2.369568e-01	3.270497e-02
3.785680e-04	1.406631e-02	2.509013e-01	3.507218e-02
4.353531e-04	1.509937e-02	2.654498e-01	3.761072e-02
5.006561e-04	1.620719e-02	2.802242e-01	4.033300e-02
5.757545e-04	1.739518e-02	2.943389e-01	4.325233e-02
6.621177e-04	1.866915e-02	3.089131e-01	4.638295e-02
7.614354e-04	2.003531e-02	3.236310e-01	4.974017e-02
8.756507e-04	2.150035e-02	3.379649e-01	5.334039e-02
1.006998e-03	2.307142e-02	3.532056e-01	5.720120e-02
1.158048e-03	2.475619e-02	3.660204e-01	6.134145e-02
1.331755e-03	2.656290e-02	3.794519e-01	6.578138e-02
1.531519e-03	2.850037e-02	3.924200e-01	7.054267e-02
1.761246e-03	3.057807e-02	4.044687e-01	7.564859e-02
2.025433e-03	3.280615e-02	4.170624e-01	8.112407e-02
2.329248e-03	3.519549e-02	4.273914e-01	8.699588e-02
2.678635e-03	3.775777e-02	4.380713e-01	9.329268e-02
3.080431e-03	4.050550e-02	4.470358e-01	1.000453e-01
3.542495e-03	4.345211e-02	4.549666e-01	1.072866e-01
4.073870e-03	4.661199e-02	4.627452e-01	1.150520e-01
4.684950e-03	5.000058e-02	4.689626e-01	1.233435e-01
5.387693e-03	5.363443e-02	4.750261e-01	1.323134e-01
6.195847e-03	5.753130e-02	4.790909e-01	1.418889e-01
7.125224e-03	6.171022e-02	4.828718e-01	1.521601e-01
8.194007e-03	6.619161e-02	4.859920e-01	1.631728e-01
9.423108e-03	7.099736e-02	4.881498e-01	1.749832e-01
1.083657e-02	7.615096e-02	4.892264e-01	1.876483e-01
1.246206e-02	8.167757e-02	4.888322e-01	2.012302e-01
1.433137e-02	8.760420e-02	4.876699e-01	2.157951e-01
1.648108e-02	9.395979e-02	4.855160e-01	2.314142e-01
1.895324e-02	1.007754e-01	4.822543e-01	2.481637e-01
2.179622e-02	1.080843e-01	4.777124e-01	2.661257e-01
2.506566e-02	1.159223e-01	4.718791e-01	2.853879e-01
2.882550e-02	1.243276e-01	4.648508e-01	3.060442e-01
3.314933e-02	1.333412e-01	4.566313e-01	3.281955e-01
3.812173e-02	1.430073e-01	4.471606e-01	3.519502e-01
4.383999e-02	1.533730e-01	4.365110e-01	3.774243e-01
5.041599e-02	1.644889e-01	4.247002e-01	4.047423e-01
5.797838e-02	1.764095e-01	4.123592e-01	4.340375e-01
6.667514e-02	1.891928e-01	3.987948e-01	4.654530e-01
7.667641e-02	2.029014e-01	3.841082e-01	4.991425e-01
8.817787e-02	2.176023e-01	3.690472e-01	5.352706e-01
1.014046e-01	2.333672e-01	3.525172e-01	5.740136e-01
1.166152e-01	2.502732e-01	3.371711e-01	6.155606e-01
1.341075e-01	2.684028e-01	3.206090e-01	6.601148e-01
1.542237e-01	2.878447e-01	3.035875e-01	7.078941e-01
1.773572e-01	3.086938e-01	2.870640e-01	7.591318e-01
2.039608e-01	3.310519e-01	2.692751e-01	8.140780e-01
2.345549e-01	3.550284e-01	2.532695e-01	8.730009e-01
2.697381e-01	3.807402e-01	2.363387e-01	9.361887e-01
3.101989e-01	4.083132e-01	2.205978e-01	1.003950e+00
3.567287e-01	4.378818e-01	2.058838e-01	1.076621e+00
4.102380e-01	4.695907e-01	1.905789e-01	1.154526e+00
4.717737e-01	5.035958e-01	1.768640e-01	1.238251e+00
5.425397e-01	5.400629e-01	1.628406e-01	1.328843e+00
6.239207e-01	5.791695e-01	1.509622e-01	1.426949e+00
7.175088e-01	6.211067e-01	1.389149e-01	1.533287e+00
8.251351e-01	6.660792e-01	1.276302e-01	1.648650e+00
9.489054e-01	7.143070e-01	1.178787e-01	1.773962e+00
1.091241e+00	7.642995e-01	1.094749e-01	1.910294e+00
1.254927e+00	8.100871e-01	1.008715e-01	2.058904e+00
1.443166e+00	8.728620e-01	9.097755e-02	2.110337e+00
1.659641e+00	9.555275e-01	8.108786e-02	2.153031e+00
1.908588e+00	1.045044e+00	7.223497e-02	2.193459e+00
2.194876e+00	1.145144e+00	6.502634e-02	2.232136e+00
2.524107e+00	1.252819e+00	5.858008e-02	2.270060e+00
2.902723e+00	1.370650e+00	5.287696e-02	2.308388e+00
3.338132e+00	1.501249e+00	4.756224e-02	2.348646e+00
3.838852e+00	1.635465e+00	4.288381e-02	2.392753e+00
4.414679e+00	1.777727e+00	3.858936e-02	2.443063e+00
5.076881e+00	1.910986e+00	3.450204e-02	2.502408e+00
5.838413e+00	2.055624e+00	3.121955e-02	2.574137e+00
6.714175e+00	2.216428e+00	2.803158e-02	2.662139e+00
7.721302e+00	2.348982e+00	2.506018e-02	2.770873e+00
8.879497e+00	2.484506e+00	2.247169e-02	2.905424e+00
1.021142e+01	2.606387e+00	1.981814e-02	3.071459e+00
1.174313e+01	2.714542e+00	1.791529e-02	3.275284e+00
1.350460e+01	2.821913e+00	1.597892e-02	3.523874e+00
1.553030e+01	2.913387e+00	1.421271e-02	3.824980e+00
1.785984e+01	3.002974e+00	1.270568e-02	4.187323e+00
2.053882e+01	3.079693e+00	1.116088e-02	4.620906e+00
2.361964e+01	3.138029e+00	9.993670e-03	5.137498e+00
2.716258e+01	3.190846e+00	8.818171e-03	5.751276e+00
3.123697e+01	3.219582e+00	7.835015e-03	6.479627e+00
3.592252e+01	3.237550e+00	7.011319e-03	7.344167e+00
4.131089e+01	3.238186e+00	6.193004e-03	8.371950e+00
4.750753e+01	3.212580e+00	5.532729e-03	9.596986e+00
5.463366e+01	3.175423e+00	4.886956e-03	1.106211e+01
6.282871e+01	3.128958e+00	4.382697e-03	1.282135e+01
7.225301e+01	3.068087e+00	3.898751e-03	1.494279e+01
8.309096e+01	2.990249e+00	3.449020e-03	1.751329e+01
9.555461e+01	3.339115e+00	3.030681e-03	2.063871e+01
1.098878e+02	3.138168e+00	2.685688e-03	2.446616e+01
1.263710e+02	2.943202e+00	2.393893e-03	2.917764e+01
1.453266e+02	2.749798e+00	2.123365e-03	3.498166e+01
1.671256e+02	2.558671e+00	1.875512e-03	4.216412e+01
1.921945e+02	2.372297e+00	1.642306e-03	5.109468e+01
2.210236e+02	2.193740e+00	1.450982e-03	6.223977e+01
2.541772e+02	2.022235e+00	1.275519e-03	7.619619e+01
2.923037e+02	1.854593e+00	1.128990e-03	9.377328e+01
3.361493e+02	1.696370e+00	9.956313e-04	1.160402e+02
3.865717e+02	1.555183e+00	8.801645e-04	1.442577e+02
4.445574e+02	1.426330e+00	7.792021e-04	1.799375e+02
5.112411e+02	1.304263e+00	6.828214e-04	2.251632e+02
5.879272e+02	1.188992e+00	6.099279e-04	2.826672e+02
6.761163e+02	1.081008e+00	5.392257e-04	3.559857e+02
7.775337e+02	9.804824e-01	4.738425e-04	4.496728e+02
8.941638e+02	8.875640e-01	4.190373e-04	5.695758e+02
1.028288e+03	8.010067e-01	3.631977e-04	7.233230e+02
1.182532e+03	7.216165e-01	3.247028e-04	9.208377e+02
1.359911e+03	6.498784e-01	2.856832e-04	1.174639e+03
1.563898e+03	5.855220e-01	2.502031e-04	1.500349e+03
1.798483e+03	5.269802e-01	2.209528e-04	1.918123e+03
2.068255e+03	4.741323e-01	1.910682e-04	2.454016e+03
2.378493e+03	4.266988e-01	1.690136e-04	3.141094e+03
2.735268e+03	3.840990e-01	1.470914e-04	4.021401e+03
3.145558e+03	3.458609e-01	1.287675e-04	5.148147e+03
3.617391e+03	3.117776e-01	1.139509e-04	6.588475e+03
4.160000e+03	2.815015e-01	9.918797e-05	8.426885e+03
4.784000e+03	2.545506e-01	8.754294e-05	1.076917e+04
5.501600e+03	2.306245e-01	7.635684e-05	1.374722e+04
6.326840e+03	2.094956e-01	6.758901e-05	1.752453e+04
7.275866e+03	1.908338e-01	5.936711e-05	2.230268e+04
8.367246e+03	1.743621e-01	5.182113e-05	2.832844e+04
9.622333e+03	1.598996e-01	0.000000e+00	3.590171e+04
