# Energy_MeV	dEdx_Elec_MeV_um	dEdx_Nucl_MeV_um	Range_um
1.000000e-05	2.013337e-03	3.079786e-02	6.766002e-03
1.150000e-05	2.171663e-03	3.369586e-02	7.255728e-03
1.322500e-05	2.341379e-03	3.697279e-02	7.780902e-03
1.520875e-05	2.523314e-03	4.035521e-02	8.344088e-03
1.749006e-05	2.718359e-03	4.411630e-02	8.948037e-03
2.011357e-05	2.927467e-03	4.812765e-02	9.595701e-03
2.313061e-05	3.151660e-03	5.235384e-02	1.029024e-02
2.660020e-05	3.392034e-03	5.706449e-02	1.103506e-02
3.059023e-05	3.649763e-03	6.192943e-02	1.183378e-02
3.517876e-05	3.926108e-03	6.721166e-02	1.269031e-02
4.045558e-05	4.222419e-03	7.271398e-02	1.360885e-02
4.652391e-05	4.540143e-03	7.874671e-02	1.459386e-02
5.350250e-05	4.880833e-03	8.511556e-02	1.565017e-02
6.152788e-05	5.246153e-03	9.203517e-02	1.678294e-02
7.075706e-05	5.637889e-03	9.906648e-02	1.799770e-02
8.137062e-05	6.057955e-03	1.064543e-01	1.930038e-02
9.357621e-05	6.508402e-03	1.144125e-01	2.069735e-02
1.076126e-04	6.991431e-03	1.226545e-01	2.219544e-02
1.237545e-04	7.509403e-03	1.315714e-01	2.380196e-02
1.423177e-04	8.064847e-03	1.405258e-01	2.552475e-02
1.636654e-04	8.660478e-03	1.500804e-01	2.737225e-02
1.882152e-04	9.299205e-03	1.595845e-01	2.935347e-02
2.164475e-04	9.984148e-03	1.693916e-01	3.147809e-02
2.489146e-04	1.071866e-02	1.795371e-01	3.375649e-02
2.862518e-04	1.150631e-02	1.896240e-01	3.619980e-02
3.291895e-04	1.235097e-02	2.003696e-01	3.881996e-02
3.785680e-04	1.325675e-02	2.099791e-01	4.162977e-02
4.353531e-04	1.422809e-02	2.203859e-01	4.464296e-02
5.006561e-04	1.526972e-02	2.310063e-01	4.787424e-02
5.757545e-04	1.638673e-02	2.408990e-01	5.133940e-02
6.621177e-04	1.758459e-02	2.517397e-01	5.505537e-02
7.614354e-04	1.886914e-02	2.604140e-01	5.904031e-02
8.756507e-04	2.024666e-02	2.699316e-01	6.331368e-02
1.006998e-03	2.172388e-02	2.791742e-01	6.789635e-02
1.158048e-03	2.330802e-02	2.874699e-01	7.281073e-02
1.331755e-03	2.500681e-02	2.963200e-01	7.808081e-02
1.531519e-03	2.682855e-02	3.034145e-01	8.373234e-02
1.761246e-03	2.878215e-02	3.106494e-01	8.979293e-02
2.025433e-03	3.087715e-02	3.170012e-01	9.629219e-02
2.329248e-03	3.312378e-02	3.224383e-01	1.032619e-01
2.678635e-03	3.553301e-02	3.278679e-01	1.107360e-01
3.080431e-03	3.811663e-02	3.321013e-01	1.187511e-01
3.542495e-03	4.088724e-02	3.359963e-01	1.273464e-01
4.073870e-03	4.385840e-02	3.389366e-01	1.365519e-01
4.684950e-03	4.704460e-02	3.415494e-01	1.464537e-01
5.387693e-03	5.046141e-02	3.434454e-01	1.570509e-01
6.195847e-03	5.412554e-02	3.449945e-01	1.684195e-01
7.125224e-03	5.805487e-02	3.453626e-01	1.806093e-01
8.194007e-03	6.226861e-02	3.450581e-01	1.936817e-01
9.423108e-03	6.678734e-02	3.441053e-01	2.077002e-01
1.083657e-02	7.163314e-02	3.423147e-01	2.227334e-01
1.246206e-02	7.682967e-02	3.399229e-01	2.388547e-01
1.433137e-02	8.240233e-02	3.364387e-01	2.561428e-01
1.648108e-02	8.837835e-02	3.321805e-01	2.746823e-01
1.895324e-02	9.478690e-02	3.270016e-01	2.945638e-01
2.179622e-02	1.016593e-01	3.210193e-01	3.158841e-01
2.506566e-02	1.090292e-01	3.141162e-01	3.387477e-01
2.882550e-02	1.169324e-01	3.064736e-01	3.632661e-01
3.314933e-02	1.254077e-01	2.978706e-01	3.895593e-01
3.812173e-02	1.344965e-01	2.891657e-01	4.177556e-01
4.383999e-02	1.442431e-01	2.793789e-01	4.479927e-01
5.041599e-02	1.546952e-01	2.688196e-01	4.804182e-01
5.797838e-02	1.659038e-01	2.581337e-01	5.151909e-01
6.667514e-02	1.779236e-01	2.463381e-01	5.524806e-01
7.667641e-02	1.908135e-01	2.356504e-01	5.924692e-01
8.817787e-02	2.046364e-01	2.238110e-01	6.353520e-01
1.014046e-01	2.194598e-01	2.117336e-01	6.813387e-01
1.166152e-01	2.353560e-01	2.000577e-01	7.306543e-01
1.341075e-01	2.524029e-01	1.875219e-01	7.835393e-01
1.542237e-01	2.706836e-01	1.762623e-01	8.402520e-01
1.773572e-01	2.902875e-01	1.645814e-01	9.010693e-01
2.039608e-01	3.113104e-01	1.534431e-01	9.662889e-01
2.345549e-01	3.338549e-01	1.430837e-01	1.036230e+00
2.697381e-01	3.580311e-01	1.323580e-01	1.111230e+00
3.101989e-01	3.839573e-01	1.226914e-01	1.191670e+00
3.567287e-01	4.117600e-01	1.133025e-01	1.277896e+00
4.102380e-01	4.415764e-01	1.046814e-01	1.370739e+00
4.717737e-01	4.735511e-01	9.613469e-02	1.471275e+00
5.425397e-01	5.078400e-01	8.882679e-02	1.580158e+00
6.239207e-01	5.446109e-01	8.177614e-02	1.698204e+00
7.175088e-01	5.840432e-01	7.599723e-02	1.826309e+00
8.251351e-01	6.263298e-01	6.972521e-02	1.965515e+00
9.489054e-01	6.683857e-01	6.251240e-02	2.059371e+00
1.091241e+00	7.108278e-01	5.606770e-02	2.126312e+00
1.254927e+00	7.734020e-01	4.966257e-02	2.191416e+00
1.443166e+00	8.488614e-01	4.499825e-02	2.254786e+00
1.659641e+00	9.289946e-01	4.032440e-02	2.316733e+00
1.908588e+00	1.016308e+00	3.649341e-02	2.377836e+00
2.194876e+00	1.111021e+00	3.291699e-02	2.439000e+00
2.524107e+00	1.208967e+00	2.951973e-02	2.501521e+00
2.902723e+00	1.315325e+00	2.666863e-02	2.567147e+00
3.338132e+00	1.419029e+00	2.373525e-02	2.638143e+00
3.838852e+00	1.516513e+00	2.158525e-02	2.717333e+00
4.414679e+00	1.608319e+00	1.934241e-02	2.808213e+00
5.076881e+00	1.704060e+00	1.727131e-02	2.914992e+00
5.838413e+00	1.803327e+00	1.547759e-02	3.042633e+00
6.714175e+00	1.885280e+00	1.366050e-02	3.196929e+00
7.721302e+00	1.960257e+00	1.237031e-02	3.384532e+00
8.879497e+00	2.032312e+00	1.101478e-02	3.613035e+00
1.021142e+01	2.085637e+00	9.800412e-03	3.891013e+00
1.174313e+01	2.139032e+00	8.742380e-03	4.228134e+00
1.350460e+01	2.185017e+00	7.689850e-03	4.635357e+00
1.553030e+01	2.220828e+00	6.875151e-03	5.125266e+00
1.785984e+01	2.252118e+00	6.085452e-03	5.712578e+00
2.053882e+01	2.263409e+00	5.403168e-03	6.414886e+00
2.361964e+01	2.269790e+00	4.827538e-03	7.253642e+00
2.716258e+01	2.264340e+00	4.268769e-03	8.255414e+00
3.123697e+01	2.246058e+00	3.803152e-03	9.453470e+00
3.592252e+01	2.219007e+00	3.380850e-03	1.088974e+01
4.131089e+01	2.175769e+00	3.015365e-03	1.261730e+01
4.750753e+01	2.125844e+00	2.675424e-03	1.470344e+01
5.463366e+01	2.068124e+00	2.378035e-03	1.723375e+01
6.282871e+01	2.000809e+00	2.075003e-03	2.031679e+01
7.225301e+01	2.193893e+00	1.856395e-03	2.409156e+01
8.309096e+01	2.039022e+00	1.645038e-03	2.873069e+01
9.555461e+01	1.899885e+00	1.455972e-03	3.447689e+01
1.098878e+02	1.764604e+00	1.292403e-03	4.161487e+01
1.263710e+02	1.633430e+00	1.123488e-03	5.049810e+01
1.453266e+02	1.505520e+00	9.998208e-04	6.160087e+01
1.671256e+02	1.383242e+00	8.737715e-04	7.553718e+01
1.921945e+02	1.267709e+00	7.755849e-04	9.308169e+01
2.210236e+02	1.157505e+00	6.866821e-04	1.152427e+02
2.541772e+02	1.052153e+00	6.028858e-04	1.433930e+02
2.923037e+02	9.539568e-01	5.366370e-04	1.793026e+02
3.361493e+02	8.688735e-01	4.683580e-04	2.250371e+02
3.865717e+02	7.902784e-01	4.204091e-04	2.831883e+02
4.445574e+02	7.168941e-01	3.708252e-04	3.572983e+02
5.112411e+02	6.486849e-01	3.261192e-04	4.519621e+02
5.879272e+02	5.857097e-01	2.875885e-04	5.731227e+02
6.761163e+02	5.279889e-01	2.500455e-04	7.284050e+02
7.775337e+02	4.752474e-01	2.235747e-04	9.276105e+02
8.941638e+02	4.267013e-01	1.963362e-04	1.183550e+03
1.028288e+03	3.828069e-01	1.724062e-04	1.512737e+03
1.182532e+03	3.438098e-01	1.515248e-04	1.935856e+03
1.359911e+03	3.089109e-01	1.314624e-04	2.478838e+03
1.563898e+03	2.774137e-01	1.158861e-04	3.175351e+03
1.798483e+03	2.491580e-01	1.012420e-04	4.068556e+03
2.068255e+03	2.238999e-01	8.865984e-05	5.213293e+03
2.378493e+03	2.013309e-01	7.821806e-05	6.679200e+03
2.735268e+03	1.811973e-01	6.828873e-05	8.554358e+03
3.145558e+03	1.633033e-01	5.997560e-05	1.094988e+04
3.617391e+03	1.474204e-01	5.270684e-05	1.400547e+04
4.160000e+03	1.333184e-01	4.635357e-05	1.789588e+04
4.784000e+03	1.208348e-01	0.000000e+00	2.283871e+04
5.501600e+03	1.098156e-01	0.000000e+00	2.910340e+04
6.326840e+03	1.000889e-01	0.000000e+00	3.702150e+04
7.275866e+03	9.152008e-02	0.000000e+00	4.699819e+04
8.367246e+03	8.400118e-02	0.000000e+00	5.952489e+04
9.622333e+03	7.741264e-02	0.000000e+00	7.519271e+04
