# Energy_MeV	dEdx_Elec_MeV_um	dEdx_Nucl_MeV_um	Range_um
1.000000e-05	2.267093e-03	3.066475e-02	5.725938e-03
1.150000e-05	2.448486e-03	3.355298e-02	6.140385e-03
1.322500e-05	2.642891e-03	3.681711e-02	6.584829e-03
1.520875e-05	2.851259e-03	4.018468e-02	7.061442e-03
1.749006e-05	3.074611e-03	4.392670e-02	7.572553e-03
2.011357e-05	3.314040e-03	4.790339e-02	8.120659e-03
2.313061e-05	3.570715e-03	5.212434e-02	8.708436e-03
2.660020e-05	3.845893e-03	5.680424e-02	9.338757e-03
3.059023e-05	4.140919e-03	6.165340e-02	1.001470e-02
3.517876e-05	4.457234e-03	6.688976e-02	1.073957e-02
4.045558e-05	4.796384e-03	7.237196e-02	1.151691e-02
4.652391e-05	5.160028e-03	7.841263e-02	1.235051e-02
5.350250e-05	5.549941e-03	8.470068e-02	1.324444e-02
6.152788e-05	5.968030e-03	9.159329e-02	1.420308e-02
7.075706e-05	6.416337e-03	9.856018e-02	1.523111e-02
8.137062e-05	6.897052e-03	1.059176e-01	1.633355e-02
9.357621e-05	7.412525e-03	1.138950e-01	1.751578e-02
1.076126e-04	7.965274e-03	1.220169e-01	1.878358e-02
1.237545e-04	8.557999e-03	1.308960e-01	2.014314e-02
1.423177e-04	9.193596e-03	1.397905e-01	2.160111e-02
1.636654e-04	9.875171e-03	1.493088e-01	2.316461e-02
1.882152e-04	1.060605e-02	1.587483e-01	2.484128e-02
2.164475e-04	1.138981e-02	1.684612e-01	2.663931e-02
2.489146e-04	1.223028e-02	1.785670e-01	2.856747e-02
2.862518e-04	1.313156e-02	1.885547e-01	3.063520e-02
3.291895e-04	1.409806e-02	1.992013e-01	3.285259e-02
3.785680e-04	1.513449e-02	2.087283e-01	3.523048e-02
4.353531e-04	1.624593e-02	2.191676e-01	3.778048e-02
5.006561e-04	1.743779e-02	2.295814e-01	4.051505e-02
5.757545e-04	1.871591e-02	2.394182e-01	4.344755e-02
6.621177e-04	2.008653e-02	2.501475e-01	4.659231e-02
7.614354e-04	2.155634e-02	2.587450e-01	4.996469e-02
8.756507e-04	2.313253e-02	2.683128e-01	5.358116e-02
1.006998e-03	2.482279e-02	2.773415e-01	5.745939e-02
1.158048e-03	2.663538e-02	2.855827e-01	6.161833e-02
1.331755e-03	2.857917e-02	2.943566e-01	6.607830e-02
1.531519e-03	3.066363e-02	3.014107e-01	7.086108e-02
1.761246e-03	3.289896e-02	3.085735e-01	7.599004e-02
2.025433e-03	3.529608e-02	3.147889e-01	8.149024e-02
2.329248e-03	3.786669e-02	3.202428e-01	8.738855e-02
2.678635e-03	4.062336e-02	3.255924e-01	9.371378e-02
3.080431e-03	4.357956e-02	3.297960e-01	1.004519e-01
3.542495e-03	4.674972e-02	3.336122e-01	1.077526e-01
4.073870e-03	5.014933e-02	3.365250e-01	1.155747e-01
4.684950e-03	5.379501e-02	3.391827e-01	1.239392e-01
5.387693e-03	5.770455e-02	3.409561e-01	1.329098e-01
6.195847e-03	6.189707e-02	3.424796e-01	1.425299e-01
7.125224e-03	6.639304e-02	3.428163e-01	1.528460e-01
8.194007e-03	7.121442e-02	3.424964e-01	1.639088e-01
9.423108e-03	7.638478e-02	3.415834e-01	1.757724e-01
1.083657e-02	8.192936e-02	3.397271e-01	1.884947e-01
1.246206e-02	8.787527e-02	3.373270e-01	2.021379e-01
1.433137e-02	9.425154e-02	3.338540e-01	2.167686e-01
1.648108e-02	1.010893e-01	3.295964e-01	2.324581e-01
1.895324e-02	1.084220e-01	3.244367e-01	2.492833e-01
2.179622e-02	1.162855e-01	3.184747e-01	2.673264e-01
2.506566e-02	1.247181e-01	3.115868e-01	2.866755e-01
2.882550e-02	1.337610e-01	3.039930e-01	3.074250e-01
3.314933e-02	1.434585e-01	2.954822e-01	3.296763e-01
3.812173e-02	1.538579e-01	2.867928e-01	3.535382e-01
4.383999e-02	1.650100e-01	2.770000e-01	3.791274e-01
5.041599e-02	1.769693e-01	2.665856e-01	4.065687e-01
5.797838e-02	1.897943e-01	2.559452e-01	4.359960e-01
6.667514e-02	2.035475e-01	2.442855e-01	4.675533e-01
7.667641e-02	2.182961e-01	2.336506e-01	5.013950e-01
8.817787e-02	2.341123e-01	2.217738e-01	5.376861e-01
1.014046e-01	2.510733e-01	2.099178e-01	5.766039e-01
1.166152e-01	2.692619e-01	1.983036e-01	6.183384e-01
1.341075e-01	2.887670e-01	1.858717e-01	6.630938e-01
1.542237e-01	3.096839e-01	1.746654e-01	7.110889e-01
1.773572e-01	3.321147e-01	1.630821e-01	7.625577e-01
2.039608e-01	3.561691e-01	1.521351e-01	8.177522e-01
2.345549e-01	3.819646e-01	1.417644e-01	8.769396e-01
2.697381e-01	4.096272e-01	1.311607e-01	9.404142e-01
3.101989e-01	4.392925e-01	1.215443e-01	1.008492e+00
3.567287e-01	4.711065e-01	1.123020e-01	1.081968e+00
4.102380e-01	5.052232e-01	1.037345e-01	1.161550e+00
4.717737e-01	5.418092e-01	9.512013e-02	1.247767e+00
5.425397e-01	5.810434e-01	8.811688e-02	1.341264e+00
6.239207e-01	6.231174e-01	8.113531e-02	1.442769e+00
7.175088e-01	6.682368e-01	7.523479e-02	1.553121e+00
8.251351e-01	7.105395e-01	6.897563e-02	1.628139e+00
9.489054e-01	7.578926e-01	6.177760e-02	1.676270e+00
1.091241e+00	8.298262e-01	5.558845e-02	1.722695e+00
1.254927e+00	9.095194e-01	4.924209e-02	1.767646e+00
1.443166e+00	9.970323e-01	4.457024e-02	1.811440e+00
1.659641e+00	1.089827e+00	3.998406e-02	1.854624e+00
1.908588e+00	1.192621e+00	3.612859e-02	1.898006e+00
2.194876e+00	1.299972e+00	3.260323e-02	1.942695e+00
2.524107e+00	1.413067e+00	2.922546e-02	1.990151e+00
2.902723e+00	1.531950e+00	2.641272e-02	2.042231e+00
3.338132e+00	1.632419e+00	2.355301e-02	2.101241e+00
3.838852e+00	1.738829e+00	2.138855e-02	2.169933e+00
4.414679e+00	1.851395e+00	1.912880e-02	2.251656e+00
5.076881e+00	1.956270e+00	1.711484e-02	2.350285e+00
5.838413e+00	2.055911e+00	1.533495e-02	2.470302e+00
6.714175e+00	2.136476e+00	1.353936e-02	2.616826e+00
7.721302e+00	2.216669e+00	1.225931e-02	2.795634e+00
8.879497e+00	2.282255e+00	1.089128e-02	3.013224e+00
1.021142e+01	2.343057e+00	9.711515e-03	3.276888e+00
1.174313e+01	2.403178e+00	8.661806e-03	3.594872e+00
1.350460e+01	2.442569e+00	7.616648e-03	3.976669e+00
1.553030e+01	2.477937e+00	6.807122e-03	4.433411e+00
1.785984e+01	2.498437e+00	6.024682e-03	4.978463e+00
2.053882e+01	2.506731e+00	5.357781e-03	5.628180e+00
2.361964e+01	2.507803e+00	4.779741e-03	6.402865e+00
2.716258e+01	2.488192e+00	4.227972e-03	7.327961e+00
3.123697e+01	2.459403e+00	3.765343e-03	8.435538e+00
3.592252e+01	2.415312e+00	3.350169e-03	9.766142e+00
4.131089e+01	2.363699e+00	2.987424e-03	1.137112e+01
4.750753e+01	2.303674e+00	2.643388e-03	1.331563e+01
5.463366e+01	2.230968e+00	2.356271e-03	1.568250e+01
6.282871e+01	2.455910e+00	2.055680e-03	1.857584e+01
7.225301e+01	2.291455e+00	1.839784e-03	2.213020e+01
8.309096e+01	2.138013e+00	1.630139e-03	2.653007e+01
9.555461e+01	1.988031e+00	1.438346e-03	3.198150e+01
1.098878e+02	1.842022e+00	1.280567e-03	3.875878e+01
1.263710e+02	1.699787e+00	1.113023e-03	4.722159e+01
1.453266e+02	1.563854e+00	9.900358e-04	5.783227e+01
1.671256e+02	1.435036e+00	8.665712e-04	7.117456e+01
1.921945e+02	1.310920e+00	7.675321e-04	8.802240e+01
2.210236e+02	1.193177e+00	6.799696e-04	1.094266e+02
2.541772e+02	1.084960e+00	5.966795e-04	1.366920e+02
2.923037e+02	9.903654e-01	5.313721e-04	1.713331e+02
3.361493e+02	9.016892e-01	4.649112e-04	2.153505e+02
3.865717e+02	8.187117e-01	4.165382e-04	2.714349e+02
4.445574e+02	7.414943e-01	3.665192e-04	3.430634e+02
5.112411e+02	6.700718e-01	3.231425e-04	4.347293e+02
5.879272e+02	6.045526e-01	2.849279e-04	5.521904e+02
6.761163e+02	5.442869e-01	2.478104e-04	7.028873e+02
7.775337e+02	4.890198e-01	2.215574e-04	8.965577e+02
8.941638e+02	4.389869e-01	1.940348e-04	1.145628e+03
1.028288e+03	3.947701e-01	1.708285e-04	1.465591e+03
1.182532e+03	3.547985e-01	1.501190e-04	1.876085e+03
1.359911e+03	3.187391e-01	1.301862e-04	2.402678e+03
1.563898e+03	2.864194e-01	1.147122e-04	3.077903e+03
1.798483e+03	2.575045e-01	1.002087e-04	3.943154e+03
2.068255e+03	2.316444e-01	8.792039e-05	5.050904e+03
2.378493e+03	2.085859e-01	7.742383e-05	6.467451e+03
2.735268e+03	1.881070e-01	6.762527e-05	8.276364e+03
3.145558e+03	1.699199e-01	5.936782e-05	1.058254e+04
3.617391e+03	1.537733e-01	5.222282e-05	1.351700e+04
4.160000e+03	1.394958e-01	4.591871e-05	1.724260e+04
4.784000e+03	1.268949e-01	0.000000e+00	2.196062e+04
5.501600e+03	1.157719e-01	0.000000e+00	2.791820e+04
6.326840e+03	1.059849e-01	0.000000e+00	3.541671e+04
7.275866e+03	9.740563e-02	0.000000e+00	4.482070e+04
8.367246e+03	8.988707e-02	0.000000e+00	5.656743e+04
9.622333e+03	8.331343e-02	0.000000e+00	7.117660e+04
