# Energy_MeV	dEdx_Elec_MeV_um	dEdx_Nucl_MeV_um	Range_um
1.000000e-05	1.925884e-03	2.306116e-02	1.063090e-02
1.150000e-05	2.072505e-03	2.494270e-02	1.140037e-02
1.322500e-05	2.229714e-03	2.704444e-02	1.222554e-02
1.520875e-05	2.398279e-03	2.927340e-02	1.311043e-02
1.749006e-05	2.579025e-03	3.156963e-02	1.405937e-02
2.011357e-05	2.772834e-03	3.415834e-02	1.507699e-02
2.313061e-05	2.980653e-03	3.662044e-02	1.616827e-02
2.660020e-05	3.203498e-03	3.943754e-02	1.733854e-02
3.059023e-05	3.442457e-03	4.233800e-02	1.859351e-02
3.517876e-05	3.698699e-03	4.529328e-02	1.993932e-02
4.045558e-05	3.973474e-03	4.861997e-02	2.138254e-02
4.652391e-05	4.268125e-03	5.179818e-02	2.293022e-02
5.350250e-05	4.584093e-03	5.524202e-02	2.458992e-02
6.152788e-05	4.922919e-03	5.866926e-02	2.636975e-02
7.075706e-05	5.286261e-03	6.219017e-02	2.827841e-02
8.137062e-05	5.675892e-03	6.593370e-02	3.032522e-02
9.357621e-05	6.093717e-03	6.949504e-02	3.252017e-02
1.076126e-04	6.541776e-03	7.314880e-02	3.487400e-02
1.237545e-04	7.022259e-03	7.669462e-02	3.739820e-02
1.423177e-04	7.537512e-03	8.057431e-02	4.010510e-02
1.636654e-04	8.090054e-03	8.405143e-02	4.300793e-02
1.882152e-04	8.682584e-03	8.780192e-02	4.612087e-02
2.164475e-04	9.317995e-03	9.122704e-02	4.945912e-02
2.489146e-04	9.999393e-03	9.450042e-02	5.303899e-02
2.862518e-04	1.073011e-02	9.800902e-02	5.687799e-02
3.291895e-04	1.151370e-02	1.009262e-01	6.099484e-02
3.785680e-04	1.235402e-02	1.040603e-01	6.540968e-02
4.353531e-04	1.325515e-02	1.068719e-01	7.014407e-02
5.006561e-04	1.422150e-02	1.095048e-01	7.522114e-02
5.757545e-04	1.525779e-02	1.118922e-01	8.066568e-02
6.621177e-04	1.636908e-02	1.139708e-01	8.650431e-02
7.614354e-04	1.756081e-02	1.159642e-01	9.276553e-02
8.756507e-04	1.883880e-02	1.176163e-01	9.947995e-02
1.006998e-03	2.020928e-02	1.191350e-01	1.066804e-01
1.158048e-03	2.167896e-02	1.202691e-01	1.144019e-01
1.331755e-03	2.325501e-02	1.213682e-01	1.226824e-01
1.531519e-03	2.494514e-02	1.221739e-01	1.315622e-01
1.761246e-03	2.675760e-02	1.226637e-01	1.410848e-01
2.025433e-03	2.870124e-02	1.231547e-01	1.512227e-01
2.329248e-03	3.078556e-02	1.230369e-01	1.622361e-01
2.678635e-03	3.302074e-02	1.228970e-01	1.739951e-01
3.080431e-03	3.541771e-02	1.223938e-01	1.865892e-01
3.542495e-03	3.798817e-02	1.215783e-01	2.000938e-01
4.073870e-03	4.074468e-02	1.206058e-01	2.145766e-01
4.684950e-03	4.370070e-02	1.191763e-01	2.301074e-01
5.387693e-03	4.687068e-02	1.175147e-01	2.467623e-01
6.195847e-03	5.027011e-02	1.155141e-01	2.646229e-01
7.125224e-03	5.391559e-02	1.132203e-01	2.837762e-01
8.194007e-03	5.782493e-02	1.106128e-01	3.043157e-01
9.423108e-03	6.201722e-02	1.077466e-01	3.263418e-01
1.083657e-02	6.651296e-02	1.046764e-01	3.499624e-01
1.246206e-02	7.133410e-02	1.013694e-01	3.752926e-01
1.433137e-02	7.650420e-02	9.766376e-02	4.024562e-01
1.648108e-02	8.204851e-02	9.400657e-02	4.315858e-01
1.895324e-02	8.799412e-02	8.993417e-02	4.628238e-01
2.179622e-02	9.437008e-02	8.601906e-02	4.963230e-01
2.506566e-02	1.012075e-01	8.195626e-02	5.322469e-01
2.882550e-02	1.085399e-01	7.753267e-02	5.707709e-01
3.314933e-02	1.164029e-01	7.352867e-02	6.120832e-01
3.812173e-02	1.248351e-01	6.909599e-02	6.563857e-01
4.383999e-02	1.338777e-01	6.493545e-02	7.038951e-01
5.041599e-02	1.435747e-01	6.074969e-02	7.548432e-01
5.797838e-02	1.539736e-01	5.670641e-02	8.094788e-01
6.667514e-02	1.651252e-01	5.292352e-02	8.680687e-01
7.667641e-02	1.770839e-01	4.906308e-02	9.308998e-01
8.817787e-02	1.899083e-01	4.555716e-02	9.982787e-01
1.014046e-01	2.036608e-01	4.205529e-02	1.070534e+00
1.166152e-01	2.184088e-01	3.898891e-02	1.148020e+00
1.341075e-01	2.342242e-01	3.572749e-02	1.231114e+00
1.542237e-01	2.511844e-01	3.292914e-02	1.320224e+00
1.773572e-01	2.693721e-01	3.064115e-02	1.415768e+00
2.039608e-01	2.888767e-01	2.804351e-02	1.518343e+00
2.345549e-01	3.097935e-01	2.594772e-02	1.629229e+00
2.697381e-01	3.322243e-01	2.353755e-02	1.749318e+00
3.101989e-01	3.562786e-01	2.111870e-02	1.879460e+00
3.567287e-01	3.820740e-01	1.903522e-02	2.020621e+00
4.102380e-01	4.097350e-01	1.681330e-02	2.138445e+00
4.717737e-01	4.393976e-01	1.527193e-02	2.248265e+00
5.425397e-01	4.620624e-01	1.370468e-02	2.358771e+00
6.239207e-01	4.910071e-01	1.240382e-02	2.469560e+00
7.175088e-01	5.311134e-01	1.117404e-02	2.580346e+00
8.251351e-01	5.711729e-01	9.998507e-03	2.691212e+00
9.489054e-01	6.138097e-01	9.022106e-03	2.802522e+00
1.091241e+00	6.508163e-01	8.105577e-03	2.915101e+00
1.254927e+00	6.885947e-01	7.317419e-03	3.030344e+00
1.443166e+00	7.239680e-01	6.499080e-03	3.150288e+00
1.659641e+00	7.538748e-01	5.874360e-03	3.277820e+00
1.908588e+00	7.827440e-01	5.199617e-03	3.416727e+00
2.194876e+00	8.005036e-01	4.667206e-03	3.571867e+00
2.524107e+00	8.194945e-01	4.182147e-03	3.749326e+00
2.902723e+00	8.394301e-01	3.691029e-03	3.956569e+00
3.338132e+00	8.527188e-01	3.327860e-03	4.202626e+00
3.838852e+00	8.641666e-01	2.930097e-03	4.498293e+00
4.414679e+00	8.699051e-01	2.607947e-03	4.856352e+00
5.076881e+00	8.728011e-01	2.311888e-03	5.291840e+00
5.838413e+00	8.722340e-01	2.050242e-03	5.822392e+00
6.714175e+00	8.674295e-01	1.828602e-03	6.468713e+00
7.721302e+00	8.601355e-01	1.618067e-03	7.255273e+00
8.879497e+00	8.475956e-01	1.445704e-03	8.211319e+00
1.021142e+01	8.313825e-01	1.281233e-03	9.372333e+00
1.174313e+01	8.112429e-01	1.147853e-03	1.078204e+01
1.350460e+01	7.871490e-01	1.010256e-03	1.249514e+01
1.553030e+01	7.596701e-01	9.000183e-04	1.458084e+01
1.785984e+01	7.290140e-01	8.010240e-04	1.712762e+01
2.053882e+01	6.972785e-01	6.982576e-04	2.024923e+01
2.361964e+01	6.630930e-01	6.292233e-04	2.409250e+01
2.716258e+01	6.260542e-01	5.504476e-04	2.884732e+01
3.123697e+01	5.862998e-01	4.899296e-04	3.475913e+01
3.592252e+01	5.467505e-01	4.347627e-04	4.214642e+01
4.131089e+01	5.420237e-01	3.776680e-04	5.141208e+01
4.750753e+01	4.955929e-01	3.358300e-04	6.309613e+01
5.463366e+01	4.527619e-01	2.945832e-04	7.790681e+01
6.282871e+01	4.123772e-01	2.616490e-04	9.667237e+01
7.225301e+01	3.743506e-01	2.311381e-04	1.205043e+02
8.309096e+01	3.387455e-01	2.029946e-04	1.508426e+02
9.555461e+01	3.059022e-01	1.800198e-04	1.895255e+02
1.098878e+02	2.758299e-01	1.592171e-04	2.388908e+02
1.263710e+02	2.475160e-01	1.414838e-04	3.020537e+02
1.453266e+02	2.217011e-01	1.234673e-04	3.831712e+02
1.671256e+02	1.990599e-01	1.102723e-04	4.872990e+02
1.921945e+02	1.792772e-01	9.580538e-05	6.204135e+02
2.210236e+02	1.612535e-01	8.502652e-05	7.905395e+02
2.541772e+02	1.448624e-01	7.508865e-05	1.008239e+03
2.923037e+02	1.299981e-01	6.525486e-05	1.287123e+03
3.361493e+02	1.165692e-01	5.822263e-05	1.644704e+03
3.865717e+02	1.044942e-01	5.038322e-05	2.103381e+03
4.445574e+02	9.353380e-02	4.432930e-05	2.692189e+03
5.112411e+02	8.366569e-02	0.000000e+00	3.448976e+03
5.879272e+02	7.487730e-02	0.000000e+00	4.421679e+03
6.761163e+02	6.715722e-02	0.000000e+00	5.670000e+03
7.775337e+02	6.023222e-02	0.000000e+00	7.270373e+03
8.941638e+02	5.403647e-02	0.000000e+00	9.322045e+03
1.028288e+03	4.850582e-02	0.000000e+00	1.195104e+04
1.182532e+03	4.357444e-02	0.000000e+00	1.531778e+04
1.359911e+03	3.918595e-02	0.000000e+00	1.962552e+04
1.563898e+03	3.528540e-02	0.000000e+00	2.513098e+04
1.798483e+03	3.182198e-02	0.000000e+00	3.215760e+04
2.068255e+03	2.874882e-02	0.000000e+00	4.111088e+04
2.378493e+03	2.602583e-02	0.000000e+00	5.249673e+04
2.735268e+03	2.361928e-02	0.000000e+00	6.694322e+04
3.145558e+03	2.149474e-02	0.000000e+00	8.522539e+04
3.617391e+03	1.962090e-02	0.000000e+00	1.082934e+05
4.160000e+03	1.797261e-02	0.000000e+00	1.373034e+05
4.784000e+03	1.652709e-02	0.000000e+00	1.736515e+05
5.501600e+03	1.526296e-02	0.000000e+00	2.190082e+05
6.326840e+03	1.416140e-02	0.000000e+00	2.753548e+05
7.275866e+03	1.320570e-02	0.000000e+00	3.450181e+05
8.367246e+03	1.238010e-02	0.000000e+00	4.307022e+05
9.622333e+03	1.167071e-02	0.000000e+00	5.355180e+05
