# Energy_MeV	dEdx_Elec_MeV_um	dEdx_Nucl_MeV_um	Range_um
1.000000e-05	2.876677e-03	2.457096e-02	4.755074e-03
1.150000e-05	3.112493e-03	2.682885e-02	5.099249e-03
1.322500e-05	3.365144e-03	2.919334e-02	5.468335e-03
1.520875e-05	3.635868e-03	3.182607e-02	5.864136e-03
1.749006e-05	3.925992e-03	3.455223e-02	6.288585e-03
2.011357e-05	4.236938e-03	3.750426e-02	6.743756e-03
2.313061e-05	4.570228e-03	4.058142e-02	7.231873e-03
2.660020e-05	4.927493e-03	4.403429e-02	7.755320e-03
3.059023e-05	5.310480e-03	4.758289e-02	8.316654e-03
3.517876e-05	5.721062e-03	5.135436e-02	8.918618e-03
4.045558e-05	6.161247e-03	5.548081e-02	9.564152e-03
4.652391e-05	6.633186e-03	5.950340e-02	1.025641e-02
5.350250e-05	7.139187e-03	6.412938e-02	1.099877e-02
6.152788e-05	7.681722e-03	6.871823e-02	1.179487e-02
7.075706e-05	8.263442e-03	7.357052e-02	1.264859e-02
8.137062e-05	8.887190e-03	7.887359e-02	1.356410e-02
9.357621e-05	9.556015e-03	8.408379e-02	1.454588e-02
1.076126e-04	1.027318e-02	8.961905e-02	1.559872e-02
1.237545e-04	1.104220e-02	9.506909e-02	1.672776e-02
1.423177e-04	1.186682e-02	1.008175e-01	1.793853e-02
1.636654e-04	1.275108e-02	1.067450e-01	1.923693e-02
1.882152e-04	1.369929e-02	1.125924e-01	2.062930e-02
2.164475e-04	1.471608e-02	1.183225e-01	2.212247e-02
2.489146e-04	1.580644e-02	1.241160e-01	2.372370e-02
2.862518e-04	1.697567e-02	1.304301e-01	2.544083e-02
3.291895e-04	1.822950e-02	1.358407e-01	2.728226e-02
3.785680e-04	1.957404e-02	1.419898e-01	2.925696e-02
4.353531e-04	2.101588e-02	1.472285e-01	3.137459e-02
5.006561e-04	2.256204e-02	1.525926e-01	3.364550e-02
5.757545e-04	2.422009e-02	1.582785e-01	3.608078e-02
6.621177e-04	2.599813e-02	1.627521e-01	3.869233e-02
7.614354e-04	2.790484e-02	1.678858e-01	4.149290e-02
8.756507e-04	2.994954e-02	1.721971e-01	4.449618e-02
1.006998e-03	3.214221e-02	1.763488e-01	4.771684e-02
1.158048e-03	3.449357e-02	1.801784e-01	5.117061e-02
1.331755e-03	3.701511e-02	1.834396e-01	5.487436e-02
1.531519e-03	3.971914e-02	1.866655e-01	5.882460e-02
1.761246e-03	4.261887e-02	1.891539e-01	6.309432e-02
2.025433e-03	4.572848e-02	1.914693e-01	6.767522e-02
2.329248e-03	4.906314e-02	1.932734e-01	7.257284e-02
2.678635e-03	5.263916e-02	1.950684e-01	7.782574e-02
3.080431e-03	5.647400e-02	1.961753e-01	8.345875e-02
3.542495e-03	6.058640e-02	1.969689e-01	8.949940e-02
4.073870e-03	6.499645e-02	1.976003e-01	9.597729e-02
4.684950e-03	6.972569e-02	1.973913e-01	1.029240e-01
5.387693e-03	7.479723e-02	1.971490e-01	1.103736e-01
6.195847e-03	8.023584e-02	1.961892e-01	1.183624e-01
7.125224e-03	8.606809e-02	1.948401e-01	1.269294e-01
8.194007e-03	9.232247e-02	1.931657e-01	1.361165e-01
9.423108e-03	9.902955e-02	1.908106e-01	1.459685e-01
1.083657e-02	1.062221e-01	1.880573e-01	1.565337e-01
1.246206e-02	1.139352e-01	1.847691e-01	1.678636e-01
1.433137e-02	1.222066e-01	1.809924e-01	1.800136e-01
1.648108e-02	1.310767e-01	1.767577e-01	1.930429e-01
1.895324e-02	1.405888e-01	1.720449e-01	2.070153e-01
2.179622e-02	1.507894e-01	1.671259e-01	2.219991e-01
2.506566e-02	1.617283e-01	1.616926e-01	2.380674e-01
2.882550e-02	1.734589e-01	1.556296e-01	2.552987e-01
3.314933e-02	1.860387e-01	1.498154e-01	2.737772e-01
3.812173e-02	1.995289e-01	1.431292e-01	2.935932e-01
4.383999e-02	2.139956e-01	1.370123e-01	3.148436e-01
5.041599e-02	2.295094e-01	1.303463e-01	3.376320e-01
5.797838e-02	2.461461e-01	1.232028e-01	3.620698e-01
6.667514e-02	2.639870e-01	1.168808e-01	3.882764e-01
7.667641e-02	2.831191e-01	1.096105e-01	4.163800e-01
8.817787e-02	3.036361e-01	1.031144e-01	4.465178e-01
1.014046e-01	3.256381e-01	9.644821e-02	4.788371e-01
1.166152e-01	3.492326e-01	8.996604e-02	5.134943e-01
1.341075e-01	3.745349e-01	8.390853e-02	5.506632e-01
1.542237e-01	4.016692e-01	7.765269e-02	5.905201e-01
1.773572e-01	4.307700e-01	7.218055e-02	6.335166e-01
2.039608e-01	4.619770e-01	6.672088e-02	6.800858e-01
2.345549e-01	4.954428e-01	6.176544e-02	7.305336e-01
2.697381e-01	5.313310e-01	5.643441e-02	7.852382e-01
3.101989e-01	5.698167e-01	5.231421e-02	8.446231e-01
3.567287e-01	6.110848e-01	4.857912e-02	8.993132e-01
4.102380e-01	6.504602e-01	4.443985e-02	9.320579e-01
4.717737e-01	6.927981e-01	4.099121e-02	9.641565e-01
5.425397e-01	7.583459e-01	3.702527e-02	9.955709e-01
6.239207e-01	8.309356e-01	3.340141e-02	1.026348e+00
7.175088e-01	9.093190e-01	2.999795e-02	1.056640e+00
8.251351e-01	9.916510e-01	2.659467e-02	1.086733e+00
9.489054e-01	1.082115e+00	2.406819e-02	1.117071e+00
1.091241e+00	1.172933e+00	2.163571e-02	1.148292e+00
1.254927e+00	1.267844e+00	1.959991e-02	1.181255e+00
1.443166e+00	1.363395e+00	1.761145e-02	1.217055e+00
1.659641e+00	1.442362e+00	1.580124e-02	1.257100e+00
1.908588e+00	1.522678e+00	1.420113e-02	1.303105e+00
2.194876e+00	1.606318e+00	1.281609e-02	1.357136e+00
2.524107e+00	1.684999e+00	1.152590e-02	1.421639e+00
2.902723e+00	1.755813e+00	1.022505e-02	1.499466e+00
3.338132e+00	1.813113e+00	9.265118e-03	1.593916e+00
3.838852e+00	1.869154e+00	8.161199e-03	1.708751e+00
4.414679e+00	1.911472e+00	7.373723e-03	1.848237e+00
5.076881e+00	1.950327e+00	6.580258e-03	2.017220e+00
5.838413e+00	1.986309e+00	5.811202e-03	2.221230e+00
6.714175e+00	2.007357e+00	5.245412e-03	2.466673e+00
7.721302e+00	2.024192e+00	4.599305e-03	2.761111e+00
8.879497e+00	2.027856e+00	4.108992e-03	3.113655e+00
1.021142e+01	2.022796e+00	3.643264e-03	3.535485e+00
1.174313e+01	2.010500e+00	3.233177e-03	4.040520e+00
1.350460e+01	1.983484e+00	2.879517e-03	4.646254e+00
1.553030e+01	1.949238e+00	2.543420e-03	5.374805e+00
1.785984e+01	1.903730e+00	2.276586e-03	6.254249e+00
2.053882e+01	1.851572e+00	2.022873e-03	7.320279e+00
2.361964e+01	1.791710e+00	1.809119e-03	8.618377e+00
2.716258e+01	1.724445e+00	1.587190e-03	1.020652e+01
3.123697e+01	1.848087e+00	1.420517e-03	1.215823e+01
3.592252e+01	1.715928e+00	1.258615e-03	1.456773e+01
4.131089e+01	1.593473e+00	1.103945e-03	1.756520e+01
4.750753e+01	1.475092e+00	9.910463e-04	2.129852e+01
5.463366e+01	1.360783e+00	8.645926e-04	2.596196e+01
6.282871e+01	1.250247e+00	7.729872e-04	3.181138e+01
7.225301e+01	1.145254e+00	6.827693e-04	3.917671e+01
8.309096e+01	1.046487e+00	5.956845e-04	4.847498e+01
9.555461e+01	9.521410e-01	5.271480e-04	6.025662e+01
1.098878e+02	8.629994e-01	4.636172e-04	7.526950e+01
1.263710e+02	7.811515e-01	4.123183e-04	9.445163e+01
1.453266e+02	7.103443e-01	3.631133e-04	1.188943e+02
1.671256e+02	6.444195e-01	3.200662e-04	1.500217e+02
1.921945e+02	5.831982e-01	2.824672e-04	1.897531e+02
2.210236e+02	5.266085e-01	2.512400e-04	2.405677e+02
2.541772e+02	4.745942e-01	2.222243e-04	3.056678e+02
2.923037e+02	4.271688e-01	1.941015e-04	3.891541e+02
3.361493e+02	3.838259e-01	1.735306e-04	4.963152e+02
3.865717e+02	3.442300e-01	1.501440e-04	6.340680e+02
4.445574e+02	3.085529e-01	1.340908e-04	8.112543e+02
5.112411e+02	2.771108e-01	1.178407e-04	1.038902e+03
5.879272e+02	2.488384e-01	1.027240e-04	1.330949e+03
6.761163e+02	2.233844e-01	9.157722e-05	1.705543e+03
7.775337e+02	2.005984e-01	7.898051e-05	2.185802e+03
8.941638e+02	1.802451e-01	6.969028e-05	2.801141e+03
1.028288e+03	1.620808e-01	6.091777e-05	3.588868e+03
1.182532e+03	1.459026e-01	5.340543e-05	4.596135e+03
1.359911e+03	1.315334e-01	4.691244e-05	5.882400e+03
1.563898e+03	1.187805e-01	0.000000e+00	7.522332e+03
1.798483e+03	1.074672e-01	0.000000e+00	9.609219e+03
2.068255e+03	9.746272e-02	0.000000e+00	1.225908e+04
2.378493e+03	8.863266e-02	0.000000e+00	1.561536e+04
2.735268e+03	8.084109e-02	0.000000e+00	1.985426e+04
3.145558e+03	7.398423e-02	0.000000e+00	2.519074e+04
3.617391e+03	6.797073e-02	0.000000e+00	3.188501e+04
4.160000e+03	6.270189e-02	0.000000e+00	4.024930e+04
4.784000e+03	5.809585e-02	0.000000e+00	5.065497e+04
5.501600e+03	5.409306e-02	0.000000e+00	6.353945e+04
6.326840e+03	5.063096e-02	0.000000e+00	7.941285e+04
7.275866e+03	4.764823e-02	0.000000e+00	9.886386e+04
8.367246e+03	4.509874e-02	0.000000e+00	1.225650e+05
9.622333e+03	4.294172e-02	0.000000e+00	1.512765e+05
