# Energy_MeV	dEdx_Elec_MeV_um	dEdx_Nucl_MeV_um	Range_um
1.000000e-05	2.010205e-03	3.165889e-02	6.337768e-03
1.150000e-05	2.169291e-03	3.474318e-02	6.796499e-03
1.322500e-05	2.339810e-03	3.814496e-02	7.288433e-03
1.520875e-05	2.522596e-03	4.174010e-02	7.815974e-03
1.749006e-05	2.718544e-03	4.578064e-02	8.381698e-03
2.011357e-05	2.928612e-03	4.998274e-02	8.988370e-03
2.313061e-05	3.153826e-03	5.463296e-02	9.638953e-03
2.660020e-05	3.395288e-03	5.961648e-02	1.033663e-02
3.059023e-05	3.654178e-03	6.483950e-02	1.108480e-02
3.517876e-05	3.931761e-03	7.066293e-02	1.188712e-02
4.045558e-05	4.229393e-03	7.669980e-02	1.274751e-02
4.652391e-05	4.548529e-03	8.323558e-02	1.367019e-02
5.350250e-05	4.890729e-03	9.006331e-02	1.465964e-02
6.152788e-05	5.257664e-03	9.749090e-02	1.572071e-02
7.075706e-05	5.651128e-03	1.054134e-01	1.685859e-02
8.137062e-05	6.073042e-03	1.140017e-01	1.807882e-02
9.357621e-05	6.525468e-03	1.226809e-01	1.938738e-02
1.076126e-04	7.010617e-03	1.318520e-01	2.079065e-02
1.237545e-04	7.530858e-03	1.416308e-01	2.229548e-02
1.423177e-04	8.088734e-03	1.518910e-01	2.390924e-02
1.636654e-04	8.686969e-03	1.629615e-01	2.563981e-02
1.882152e-04	9.328487e-03	1.739910e-01	2.749563e-02
2.164475e-04	1.001642e-02	1.858487e-01	2.948578e-02
2.489146e-04	1.075413e-02	1.975770e-01	3.161997e-02
2.862518e-04	1.154523e-02	2.097051e-01	3.390864e-02
3.291895e-04	1.239357e-02	2.222973e-01	3.636297e-02
3.785680e-04	1.330330e-02	2.347501e-01	3.899494e-02
4.353531e-04	1.427886e-02	2.480911e-01	4.181741e-02
5.006561e-04	1.532503e-02	2.599575e-01	4.484418e-02
5.757545e-04	1.644691e-02	2.727085e-01	4.809003e-02
6.621177e-04	1.764998e-02	2.859417e-01	5.157081e-02
7.614354e-04	1.894012e-02	2.982394e-01	5.530353e-02
8.756507e-04	2.032363e-02	3.114868e-01	5.930643e-02
1.006998e-03	2.180728e-02	3.223466e-01	6.359906e-02
1.158048e-03	2.339831e-02	3.339561e-01	6.820239e-02
1.331755e-03	2.510449e-02	3.454872e-01	7.313892e-02
1.531519e-03	2.693415e-02	3.558082e-01	7.843275e-02
1.761246e-03	2.889625e-02	3.666317e-01	8.410976e-02
2.025433e-03	3.100035e-02	3.754514e-01	9.019766e-02
2.329248e-03	3.325675e-02	3.843302e-01	9.672622e-02
2.678635e-03	3.567646e-02	3.922657e-01	1.037273e-01
3.080431e-03	3.827131e-02	3.989136e-01	1.112352e-01
3.542495e-03	4.105397e-02	4.055822e-01	1.192864e-01
4.073870e-03	4.403804e-02	4.108513e-01	1.279204e-01
4.684950e-03	4.723809e-02	4.156188e-01	1.371814e-01
5.387693e-03	5.066976e-02	4.192861e-01	1.471136e-01
6.195847e-03	5.434982e-02	4.224076e-01	1.577587e-01
7.125224e-03	5.829623e-02	4.248118e-01	1.691788e-01
8.194007e-03	6.252829e-02	4.267563e-01	1.814234e-01
9.423108e-03	6.706666e-02	4.271291e-01	1.945547e-01
1.083657e-02	7.193352e-02	4.267697e-01	2.086364e-01
1.246206e-02	7.715264e-02	4.255025e-01	2.237374e-01
1.433137e-02	8.274952e-02	4.233162e-01	2.399313e-01
1.648108e-02	8.875151e-02	4.203671e-01	2.572974e-01
1.895324e-02	9.518792e-02	4.159915e-01	2.759204e-01
2.179622e-02	1.020902e-01	4.107212e-01	2.958915e-01
2.506566e-02	1.094921e-01	4.042787e-01	3.173080e-01
2.882550e-02	1.174297e-01	3.968577e-01	3.402746e-01
3.314933e-02	1.259418e-01	3.883029e-01	3.649035e-01
3.812173e-02	1.350701e-01	3.788224e-01	3.913152e-01
4.383999e-02	1.448591e-01	3.681550e-01	4.196386e-01
5.041599e-02	1.553566e-01	3.573641e-01	4.500120e-01
5.797838e-02	1.666139e-01	3.453059e-01	4.825837e-01
6.667514e-02	1.786860e-01	3.321722e-01	5.175131e-01
7.667641e-02	1.916319e-01	3.189050e-01	5.549708e-01
8.817787e-02	2.055149e-01	3.043492e-01	5.951397e-01
1.014046e-01	2.204027e-01	2.910717e-01	6.382159e-01
1.166152e-01	2.363680e-01	2.765620e-01	6.844099e-01
1.341075e-01	2.534890e-01	2.615164e-01	7.339476e-01
1.542237e-01	2.718492e-01	2.470067e-01	7.870710e-01
1.773572e-01	2.915383e-01	2.316086e-01	8.440394e-01
2.039608e-01	3.126525e-01	2.176234e-01	9.051310e-01
2.345549e-01	3.352950e-01	2.032458e-01	9.706444e-01
2.697381e-01	3.595763e-01	1.893566e-01	1.040900e+00
3.101989e-01	3.856151e-01	1.766279e-01	1.116240e+00
3.567287e-01	4.135387e-01	1.634174e-01	1.197041e+00
4.102380e-01	4.434833e-01	1.514058e-01	1.283655e+00
4.717737e-01	4.755967e-01	1.398440e-01	1.376844e+00
5.425397e-01	5.100347e-01	1.291216e-01	1.477733e+00
6.239207e-01	5.469653e-01	1.187260e-01	1.586992e+00
7.175088e-01	5.865690e-01	1.095353e-01	1.705436e+00
8.251351e-01	6.290393e-01	1.007379e-01	1.833957e+00
9.489054e-01	6.745836e-01	9.387537e-02	1.973595e+00
1.091241e+00	7.204177e-01	8.610381e-02	2.125554e+00
1.254927e+00	7.649130e-01	7.716651e-02	2.202175e+00
1.443166e+00	8.290199e-01	6.906639e-02	2.259801e+00
1.659641e+00	9.093990e-01	6.109762e-02	2.315021e+00
1.908588e+00	9.950636e-01	5.550456e-02	2.368276e+00
2.194876e+00	1.090052e+00	4.968533e-02	2.420199e+00
2.524107e+00	1.193016e+00	4.500803e-02	2.471729e+00
2.902723e+00	1.303003e+00	4.060473e-02	2.524168e+00
3.338132e+00	1.424583e+00	3.641534e-02	2.579234e+00
3.838852e+00	1.545703e+00	3.288718e-02	2.639122e+00
4.414679e+00	1.667002e+00	2.921686e-02	2.706556e+00
5.076881e+00	1.781365e+00	2.660661e-02	2.784850e+00
5.838413e+00	1.902814e+00	2.388326e-02	2.877914e+00
6.714175e+00	2.033132e+00	2.129523e-02	2.990403e+00
7.721302e+00	2.140548e+00	1.906131e-02	3.127658e+00
8.879497e+00	2.244235e+00	1.684730e-02	3.295778e+00
1.021142e+01	2.341551e+00	1.524028e-02	3.501650e+00
1.174313e+01	2.420301e+00	1.359973e-02	3.752971e+00
1.350460e+01	2.499247e+00	1.208165e-02	4.058369e+00
1.553030e+01	2.567817e+00	1.076379e-02	4.427499e+00
1.785984e+01	2.628242e+00	9.484535e-03	4.871332e+00
2.053882e+01	2.681599e+00	8.471140e-03	5.402598e+00
2.361964e+01	2.713212e+00	7.505068e-03	6.036389e+00
2.716258e+01	2.739548e+00	6.652070e-03	6.791000e+00
3.123697e+01	2.749225e+00	5.949563e-03	7.688993e+00
3.592252e+01	2.745133e+00	5.264475e-03	8.758508e+00
4.131089e+01	2.729924e+00	4.685266e-03	1.003488e+01
4.750753e+01	2.691187e+00	4.167801e-03	1.156268e+01
5.463366e+01	2.645066e+00	3.712712e-03	1.339821e+01
6.282871e+01	2.590503e+00	3.302312e-03	1.561276e+01
7.225301e+01	2.523020e+00	2.929242e-03	1.829642e+01
8.309096e+01	2.442943e+00	2.553450e-03	2.156441e+01
9.555461e+01	2.668077e+00	2.287652e-03	2.555816e+01
1.098878e+02	2.497554e+00	2.024336e-03	3.047677e+01
1.263710e+02	2.331097e+00	1.797034e-03	3.655719e+01
1.453266e+02	2.167989e+00	1.591748e-03	4.408457e+01
1.671256e+02	2.007867e+00	1.384641e-03	5.344526e+01
1.921945e+02	1.853350e+00	1.232287e-03	6.513906e+01
2.210236e+02	1.706361e+00	1.074766e-03	7.979575e+01
2.541772e+02	1.565301e+00	9.558150e-04	9.822980e+01
2.923037e+02	1.429345e+00	8.465321e-04	1.215499e+02
3.361493e+02	1.301670e+00	7.442206e-04	1.511991e+02
3.865717e+02	1.189690e+00	6.613363e-04	1.888640e+02
4.445574e+02	1.086528e+00	5.765334e-04	2.366252e+02
5.112411e+02	9.894618e-01	5.178488e-04	2.973420e+02
5.879272e+02	8.985286e-01	4.577791e-04	3.747379e+02
6.761163e+02	8.139625e-01	4.018679e-04	4.736315e+02
7.775337e+02	7.358720e-01	3.538602e-04	6.002151e+02
8.941638e+02	6.641513e-01	3.082404e-04	7.624467e+02
1.028288e+03	5.976633e-01	2.752580e-04	9.707247e+02
1.182532e+03	5.371920e-01	2.423643e-04	1.238504e+03
1.359911e+03	4.830683e-01	2.124278e-04	1.582682e+03
1.563898e+03	4.345532e-01	1.864098e-04	2.024398e+03
1.798483e+03	3.906129e-01	1.620806e-04	2.591042e+03
2.068255e+03	3.510901e-01	1.427018e-04	3.317840e+03
2.378493e+03	3.156978e-01	1.248059e-04	4.249515e+03
2.735268e+03	2.839978e-01	1.090672e-04	5.442890e+03
3.145558e+03	2.556459e-01	9.634813e-05	6.969843e+03
3.617391e+03	2.304249e-01	8.418193e-05	8.921051e+03
4.160000e+03	2.080307e-01	7.383808e-05	1.141057e+04
4.784000e+03	1.881233e-01	6.494564e-05	1.458111e+04
5.501600e+03	1.704827e-01	5.703305e-05	1.861043e+04
6.326840e+03	1.549106e-01	5.008800e-05	2.371881e+04
7.275866e+03	1.411603e-01	0.000000e+00	3.017744e+04
8.367246e+03	1.290377e-01	0.000000e+00	3.831800e+04
9.622333e+03	1.183996e-01	0.000000e+00	4.854308e+04
