# Energy_MeV	dEdx_Elec_MeV_um	dEdx_Nucl_MeV_um	Range_um
1.000000e-05	2.626869e-03	2.526783e-02	5.559918e-03
1.150000e-05	2.837775e-03	2.752088e-02	5.962347e-03
1.322500e-05	3.063800e-03	2.997522e-02	6.393905e-03
1.520875e-05	3.306053e-03	3.263627e-02	6.856699e-03
1.749006e-05	3.565717e-03	3.544433e-02	7.352991e-03
2.011357e-05	3.844064e-03	3.839513e-02	7.885204e-03
2.313061e-05	4.142456e-03	4.156560e-02	8.455940e-03
2.660020e-05	4.462350e-03	4.510017e-02	9.067985e-03
3.059023e-05	4.805313e-03	4.860373e-02	9.724331e-03
3.517876e-05	5.173019e-03	5.258676e-02	1.042818e-02
4.045558e-05	5.567266e-03	5.649218e-02	1.118298e-02
4.652391e-05	5.989981e-03	6.074095e-02	1.199241e-02
5.350250e-05	6.443229e-03	6.541918e-02	1.286043e-02
6.152788e-05	6.929226e-03	6.990973e-02	1.379127e-02
7.075706e-05	7.450346e-03	7.503522e-02	1.478949e-02
8.137062e-05	8.009136e-03	8.006364e-02	1.585996e-02
9.357621e-05	8.608325e-03	8.540967e-02	1.700791e-02
1.076126e-04	9.250841e-03	9.091206e-02	1.823896e-02
1.237545e-04	9.939823e-03	9.634538e-02	1.955910e-02
1.423177e-04	1.067864e-02	1.021990e-01	2.097480e-02
1.636654e-04	1.147089e-02	1.077816e-01	2.249297e-02
1.882152e-04	1.232046e-02	1.135978e-01	2.412102e-02
2.164475e-04	1.323150e-02	1.191512e-01	2.586691e-02
2.489146e-04	1.420844e-02	1.252713e-01	2.773917e-02
2.862518e-04	1.525608e-02	1.309045e-01	2.974695e-02
3.291895e-04	1.637951e-02	1.365573e-01	3.190005e-02
3.785680e-04	1.758424e-02	1.424471e-01	3.420899e-02
4.353531e-04	1.887615e-02	1.473797e-01	3.668506e-02
5.006561e-04	2.026155e-02	1.530099e-01	3.934034e-02
5.757545e-04	2.174721e-02	1.578156e-01	4.218782e-02
6.621177e-04	2.334039e-02	1.625375e-01	4.524139e-02
7.614354e-04	2.504886e-02	1.674105e-01	4.851599e-02
8.756507e-04	2.688099e-02	1.714635e-01	5.202760e-02
1.006998e-03	2.884570e-02	1.754346e-01	5.579339e-02
1.158048e-03	3.095262e-02	1.787772e-01	5.983174e-02
1.331755e-03	3.321202e-02	1.819664e-01	6.416239e-02
1.531519e-03	3.563495e-02	1.848695e-01	6.880650e-02
1.761246e-03	3.823324e-02	1.872744e-01	7.375034e-02
2.025433e-03	4.101959e-02	1.892822e-01	7.911532e-02
2.329248e-03	4.400760e-02	1.909360e-01	8.485705e-02
2.678635e-03	4.721189e-02	1.925394e-01	9.099869e-02
3.080431e-03	5.064809e-02	1.933053e-01	9.758501e-02
3.542495e-03	5.433300e-02	1.941500e-01	1.046482e-01
4.073870e-03	5.828462e-02	1.942209e-01	1.122225e-01
4.684950e-03	6.252225e-02	1.940058e-01	1.203451e-01
5.387693e-03	6.706660e-02	1.935197e-01	1.290556e-01
6.195847e-03	7.193987e-02	1.922860e-01	1.383965e-01
7.125224e-03	7.716587e-02	1.908671e-01	1.484136e-01
8.194007e-03	8.277011e-02	1.888243e-01	1.591557e-01
9.423108e-03	8.878000e-02	1.863269e-01	1.706753e-01
1.083657e-02	9.522487e-02	1.833423e-01	1.830287e-01
1.246206e-02	1.021362e-01	1.798903e-01	1.962763e-01
1.433137e-02	1.095478e-01	1.758887e-01	2.104828e-01
1.648108e-02	1.174959e-01	1.715514e-01	2.257174e-01
1.895324e-02	1.260192e-01	1.667728e-01	2.420548e-01
2.179622e-02	1.351595e-01	1.617264e-01	2.595747e-01
2.506566e-02	1.449613e-01	1.560084e-01	2.783628e-01
2.882550e-02	1.554726e-01	1.502343e-01	2.985107e-01
3.314933e-02	1.667447e-01	1.440926e-01	3.201168e-01
3.812173e-02	1.788327e-01	1.376293e-01	3.432869e-01
4.383999e-02	1.917956e-01	1.315039e-01	3.681341e-01
5.041599e-02	2.056968e-01	1.245380e-01	3.947797e-01
5.797838e-02	2.206041e-01	1.180922e-01	4.233539e-01
6.667514e-02	2.365905e-01	1.114101e-01	4.539962e-01
7.667641e-02	2.537339e-01	1.044571e-01	4.868566e-01
8.817787e-02	2.721182e-01	9.799829e-02	5.220955e-01
1.014046e-01	2.918331e-01	9.150483e-02	5.598848e-01
1.166152e-01	3.129751e-01	8.551140e-02	6.004097e-01
1.341075e-01	3.356473e-01	7.946315e-02	6.438666e-01
1.542237e-01	3.599605e-01	7.359576e-02	6.904692e-01
1.773572e-01	3.860342e-01	6.806138e-02	7.404616e-01
2.039608e-01	4.139969e-01	6.304849e-02	7.944418e-01
2.345549e-01	4.439834e-01	5.813404e-02	8.529064e-01
2.697381e-01	4.761404e-01	5.304323e-02	9.162508e-01
3.101989e-01	5.106249e-01	4.960101e-02	9.849476e-01
3.567287e-01	5.476055e-01	4.564246e-02	1.059534e+00
4.102380e-01	5.872563e-01	4.205139e-02	1.110584e+00
4.717737e-01	6.241621e-01	3.841318e-02	1.153515e+00
5.425397e-01	6.669164e-01	3.430649e-02	1.195826e+00
6.239207e-01	7.298428e-01	3.117108e-02	1.237464e+00
7.175088e-01	7.982929e-01	2.756536e-02	1.278484e+00
8.251351e-01	8.728121e-01	2.492566e-02	1.319076e+00
9.489054e-01	9.487407e-01	2.242939e-02	1.359607e+00
1.091241e+00	1.031328e+00	2.019501e-02	1.400655e+00
1.254927e+00	1.114184e+00	1.823272e-02	1.443051e+00
1.443166e+00	1.196872e+00	1.630523e-02	1.487894e+00
1.659641e+00	1.281297e+00	1.476090e-02	1.536665e+00
1.908588e+00	1.344774e+00	1.324699e-02	1.591202e+00
2.194876e+00	1.412102e+00	1.197246e-02	1.653772e+00
2.524107e+00	1.483020e+00	1.063716e-02	1.727120e+00
2.902723e+00	1.545211e+00	9.586299e-03	1.814491e+00
3.338132e+00	1.603879e+00	8.570228e-03	1.919712e+00
3.838852e+00	1.647413e+00	7.592558e-03	2.047197e+00
4.414679e+00	1.689631e+00	6.862172e-03	2.202009e+00
5.076881e+00	1.722320e+00	6.051252e-03	2.389930e+00
5.838413e+00	1.749642e+00	5.438107e-03	2.617557e+00
6.714175e+00	1.775279e+00	4.839172e-03	2.892476e+00
7.721302e+00	1.786363e+00	4.259049e-03	3.223534e+00
8.879497e+00	1.792951e+00	3.794889e-03	3.621241e+00
1.021142e+01	1.789827e+00	3.361312e-03	4.098331e+00
1.174313e+01	1.777261e+00	3.004181e-03	4.670504e+00
1.350460e+01	1.758513e+00	2.665349e-03	5.357369e+00
1.553030e+01	1.727747e+00	2.363460e-03	6.183650e+00
1.785984e+01	1.690302e+00	2.098257e-03	7.180695e+00
2.053882e+01	1.644419e+00	1.875908e-03	8.388397e+00
2.361964e+01	1.592330e+00	1.668686e-03	9.857606e+00
2.716258e+01	1.533127e+00	1.466642e-03	1.165326e+01
3.123697e+01	1.468262e+00	1.317593e-03	1.385850e+01
3.592252e+01	1.539266e+00	1.146214e-03	1.657818e+01
4.131089e+01	1.426039e+00	1.030285e-03	1.994951e+01
4.750753e+01	1.320300e+00	9.107550e-04	2.415844e+01
5.463366e+01	1.218511e+00	7.989839e-04	2.941619e+01
6.282871e+01	1.120625e+00	7.159249e-04	3.600562e+01
7.225301e+01	1.026580e+00	6.212004e-04	4.429656e+01
8.309096e+01	9.377719e-01	5.524247e-04	5.476458e+01
9.555461e+01	8.545989e-01	4.856898e-04	6.801262e+01
1.098878e+02	7.751872e-01	4.286855e-04	8.484178e+01
1.263710e+02	7.008038e-01	3.795400e-04	1.063353e+02
1.453266e+02	6.334920e-01	3.326306e-04	1.338333e+02
1.671256e+02	5.747288e-01	2.964228e-04	1.689021e+02
1.921945e+02	5.202616e-01	2.614577e-04	2.136188e+02
2.210236e+02	4.699087e-01	2.328549e-04	2.707567e+02
2.541772e+02	4.235808e-01	2.032258e-04	3.438941e+02
2.923037e+02	3.811846e-01	1.808099e-04	4.376466e+02
3.361493e+02	3.426699e-01	1.590295e-04	5.579207e+02
3.865717e+02	3.075107e-01	1.388437e-04	7.123476e+02
4.445574e+02	2.755489e-01	1.238821e-04	9.108991e+02
5.112411e+02	2.468201e-01	1.075272e-04	1.166268e+03
5.879272e+02	2.216137e-01	9.556114e-05	1.494263e+03
6.761163e+02	1.989116e-01	8.375876e-05	1.914968e+03
7.775337e+02	1.785183e-01	7.269907e-05	2.454519e+03
8.941638e+02	1.602875e-01	6.383272e-05	3.146145e+03
1.028288e+03	1.440126e-01	5.582195e-05	4.032138e+03
1.182532e+03	1.295020e-01	4.926231e-05	5.166117e+03
1.359911e+03	1.165900e-01	4.309596e-05	6.615830e+03
1.563898e+03	1.051255e-01	0.000000e+00	8.466677e+03
1.798483e+03	9.495079e-02	0.000000e+00	1.082584e+04
2.068255e+03	8.592863e-02	0.000000e+00	1.382714e+04
2.378493e+03	7.795325e-02	0.000000e+00	1.763692e+04
2.735268e+03	7.091386e-02	0.000000e+00	2.246062e+04
3.145558e+03	6.470316e-02	0.000000e+00	2.855045e+04
3.617391e+03	5.923934e-02	0.000000e+00	3.621376e+04
4.160000e+03	5.444792e-02	0.000000e+00	4.582217e+04
4.784000e+03	5.025157e-02	0.000000e+00	5.782114e+04
5.501600e+03	4.658719e-02	0.000000e+00	7.273982e+04
6.326840e+03	4.340537e-02	0.000000e+00	9.120076e+04
7.275866e+03	4.065457e-02	0.000000e+00	1.139289e+05
8.367246e+03	3.828682e-02	0.000000e+00	1.417599e+05
9.622333e+03	3.626553e-02	0.000000e+00	1.756467e+05
