# Energy_MeV	dEdx_Elec_MeV_um	dEdx_Nucl_MeV_um	Range_um
1.000000e-05	2.452491e-03	3.268803e-02	4.586354e-03
1.150000e-05	2.654637e-03	3.580823e-02	4.918317e-03
1.322500e-05	2.871195e-03	3.931026e-02	5.274307e-03
1.520875e-05	3.103229e-03	4.313181e-02	5.656065e-03
1.749006e-05	3.351876e-03	4.721021e-02	6.065454e-03
2.011357e-05	3.618355e-03	5.181741e-02	6.504474e-03
2.313061e-05	3.903970e-03	5.657433e-02	6.975272e-03
2.660020e-05	4.210120e-03	6.190718e-02	7.480145e-03
3.059023e-05	4.538303e-03	6.750122e-02	8.021562e-03
3.517876e-05	4.890123e-03	7.347154e-02	8.602167e-03
4.045558e-05	5.267301e-03	8.008590e-02	9.224797e-03
4.652391e-05	5.671680e-03	8.693163e-02	9.892492e-03
5.350250e-05	6.105238e-03	9.452067e-02	1.060852e-02
6.152788e-05	6.570093e-03	1.021416e-01	1.137637e-02
7.075706e-05	7.068518e-03	1.106477e-01	1.219979e-02
8.137062e-05	7.602947e-03	1.197125e-01	1.308282e-02
9.357621e-05	8.175993e-03	1.292960e-01	1.402976e-02
1.076126e-04	8.790456e-03	1.395385e-01	1.504524e-02
1.237545e-04	9.449336e-03	1.497700e-01	1.613423e-02
1.423177e-04	1.015586e-02	1.610497e-01	1.730203e-02
1.636654e-04	1.091346e-02	1.728330e-01	1.855436e-02
1.882152e-04	1.172586e-02	1.851818e-01	1.989734e-02
2.164475e-04	1.259702e-02	1.982234e-01	2.133752e-02
2.489146e-04	1.353120e-02	2.114566e-01	2.288194e-02
2.862518e-04	1.453296e-02	2.251807e-01	2.453814e-02
3.291895e-04	1.560719e-02	2.392668e-01	2.631423e-02
3.785680e-04	1.675915e-02	2.534145e-01	2.821886e-02
4.353531e-04	1.799445e-02	2.681393e-01	3.026136e-02
5.006561e-04	1.931914e-02	2.830206e-01	3.245169e-02
5.757545e-04	2.073969e-02	2.972877e-01	3.480056e-02
6.621177e-04	2.226303e-02	3.120873e-01	3.731945e-02
7.614354e-04	2.389662e-02	3.270672e-01	4.002065e-02
8.756507e-04	2.564842e-02	3.413319e-01	4.291736e-02
1.006998e-03	2.752700e-02	3.569750e-01	4.602375e-02
1.158048e-03	2.954154e-02	3.697080e-01	4.935497e-02
1.331755e-03	3.170187e-02	3.834800e-01	5.292731e-02
1.531519e-03	3.401856e-02	3.966197e-01	5.675821e-02
1.761246e-03	3.650291e-02	4.085633e-01	6.086640e-02
2.025433e-03	3.916707e-02	4.215475e-01	6.527195e-02
2.329248e-03	4.202406e-02	4.318256e-01	6.999636e-02
2.678635e-03	4.508782e-02	4.426983e-01	7.506274e-02
3.080431e-03	4.837332e-02	4.517164e-01	8.049582e-02
3.542495e-03	5.189663e-02	4.597592e-01	8.627796e-02
4.073870e-03	5.567494e-02	4.677553e-01	9.255755e-02
4.684950e-03	5.972672e-02	4.739082e-01	9.927302e-02
5.387693e-03	6.407177e-02	4.800808e-01	1.064582e-01
6.195847e-03	6.873130e-02	4.841485e-01	1.141634e-01
7.125224e-03	7.372808e-02	4.881261e-01	1.224266e-01
8.194007e-03	7.908653e-02	4.911710e-01	1.312876e-01
9.423108e-03	8.483282e-02	4.933110e-01	1.407901e-01
1.083657e-02	9.099503e-02	4.944904e-01	1.509804e-01
1.246206e-02	9.760325e-02	4.940641e-01	1.619083e-01
1.433137e-02	1.046898e-01	4.930089e-01	1.736271e-01
1.648108e-02	1.122892e-01	4.907706e-01	1.861942e-01
1.895324e-02	1.204387e-01	4.874531e-01	1.996708e-01
2.179622e-02	1.291781e-01	4.829387e-01	2.141229e-01
2.506566e-02	1.385500e-01	4.770375e-01	2.296211e-01
2.882550e-02	1.486002e-01	4.699715e-01	2.462410e-01
3.314933e-02	1.593779e-01	4.616787e-01	2.640638e-01
3.812173e-02	1.709357e-01	4.521186e-01	2.831767e-01
4.383999e-02	1.833301e-01	4.413862e-01	3.036731e-01
5.041599e-02	1.966215e-01	4.294687e-01	3.256530e-01
5.797838e-02	2.108750e-01	4.170316e-01	3.492237e-01
6.667514e-02	2.261601e-01	4.032454e-01	3.745004e-01
7.667641e-02	2.425516e-01	3.884049e-01	4.016068e-01
8.817787e-02	2.601296e-01	3.733356e-01	4.306752e-01
1.014046e-01	2.789798e-01	3.564728e-01	4.618476e-01
1.166152e-01	2.991944e-01	3.411570e-01	4.952761e-01
1.341075e-01	3.208722e-01	3.242126e-01	5.311242e-01
1.542237e-01	3.441190e-01	3.070202e-01	5.695671e-01
1.773572e-01	3.690484e-01	2.905604e-01	6.107927e-01
2.039608e-01	3.957822e-01	2.723253e-01	6.550019e-01
2.345549e-01	4.244510e-01	2.563404e-01	7.024113e-01
2.697381e-01	4.551949e-01	2.391471e-01	7.532513e-01
3.101989e-01	4.881641e-01	2.232932e-01	8.077694e-01
3.567287e-01	5.235205e-01	2.084100e-01	8.662635e-01
4.102380e-01	5.614378e-01	1.927564e-01	9.294437e-01
4.717737e-01	6.020996e-01	1.790876e-01	9.978714e-01
5.425397e-01	6.457045e-01	1.648782e-01	1.072015e+00
6.239207e-01	6.924655e-01	1.529437e-01	1.152427e+00
7.175088e-01	7.426112e-01	1.405088e-01	1.239738e+00
8.251351e-01	7.963866e-01	1.293733e-01	1.334675e+00
9.489054e-01	8.445689e-01	1.196198e-01	1.438094e+00
1.091241e+00	9.015982e-01	1.107219e-01	1.551010e+00
1.254927e+00	9.843369e-01	1.020321e-01	1.582409e+00
1.443166e+00	1.075881e+00	9.203880e-02	1.605855e+00
1.659641e+00	1.177967e+00	8.227082e-02	1.627740e+00
1.908588e+00	1.287397e+00	7.340927e-02	1.648652e+00
2.194876e+00	1.409801e+00	6.587084e-02	1.669443e+00
2.524107e+00	1.542662e+00	5.939162e-02	1.691175e+00
2.902723e+00	1.686246e+00	5.356481e-02	1.715147e+00
3.338132e+00	1.844956e+00	4.817715e-02	1.742937e+00
3.838852e+00	1.991995e+00	4.347376e-02	1.776425e+00
4.414679e+00	2.155167e+00	3.909946e-02	1.817821e+00
5.076881e+00	2.332633e+00	3.499226e-02	1.869680e+00
5.838413e+00	2.500852e+00	3.165048e-02	1.934924e+00
6.714175e+00	2.673975e+00	2.835541e-02	2.016829e+00
7.721302e+00	2.817266e+00	2.535418e-02	2.119075e+00
8.879497e+00	2.962168e+00	2.280151e-02	2.245712e+00
1.021142e+01	3.092540e+00	2.004930e-02	2.401185e+00
1.174313e+01	3.214784e+00	1.817250e-02	2.590390e+00
1.350460e+01	3.340491e+00	1.616394e-02	2.818751e+00
1.553030e+01	3.439174e+00	1.438000e-02	3.092436e+00
1.785984e+01	3.532567e+00	1.289556e-02	3.418601e+00
2.053882e+01	3.611235e+00	1.129138e-02	3.805778e+00
2.361964e+01	3.668765e+00	1.013371e-02	4.264365e+00
2.716258e+01	3.719421e+00	8.933124e-03	4.807216e+00
3.123697e+01	3.738676e+00	7.945091e-03	5.450368e+00
3.592252e+01	3.739326e+00	7.107933e-03	6.213920e+00
4.131089e+01	3.715740e+00	6.265574e-03	7.123115e+00
4.750753e+01	3.682860e+00	5.611092e-03	8.209683e+00
5.463366e+01	3.639382e+00	4.953844e-03	9.513558e+00
6.282871e+01	3.569096e+00	4.448022e-03	1.108524e+01
7.225301e+01	4.065101e+00	3.944364e-03	1.298706e+01
8.309096e+01	3.833441e+00	3.498944e-03	1.530094e+01
9.555461e+01	3.613147e+00	3.079602e-03	1.813711e+01
1.098878e+02	3.391837e+00	2.723552e-03	2.161485e+01
1.263710e+02	3.172536e+00	2.431075e-03	2.589633e+01
1.453266e+02	2.955209e+00	2.148252e-03	3.119242e+01
1.671256e+02	2.744787e+00	1.902924e-03	3.777176e+01
1.921945e+02	2.542192e+00	1.669179e-03	4.597228e+01
2.210236e+02	2.343773e+00	1.470896e-03	5.624514e+01
2.541772e+02	2.153800e+00	1.294665e-03	6.920053e+01
2.923037e+02	1.978735e+00	1.144446e-03	8.557983e+01
3.361493e+02	1.822987e+00	1.009073e-03	1.062388e+02
3.865717e+02	1.674701e+00	8.930545e-04	1.323303e+02
4.445574e+02	1.533510e+00	7.899799e-04	1.653993e+02
5.112411e+02	1.400029e+00	6.931843e-04	2.074426e+02
5.879272e+02	1.274647e+00	6.187645e-04	2.610410e+02
6.761163e+02	1.157831e+00	5.455037e-04	3.295050e+02
7.775337e+02	1.048762e+00	4.794639e-04	4.171294e+02
8.941638e+02	9.475488e-01	4.255641e-04	5.295415e+02
1.028288e+03	8.547593e-01	3.674716e-04	6.739066e+02
1.182532e+03	7.717069e-01	3.295846e-04	8.591610e+02
1.359911e+03	6.957375e-01	2.890142e-04	1.096700e+03
1.563898e+03	6.267727e-01	2.533267e-04	1.401364e+03
1.798483e+03	5.646652e-01	2.244316e-04	1.792021e+03
2.068255e+03	5.087509e-01	1.933212e-04	2.292684e+03
2.378493e+03	4.583356e-01	1.714753e-04	2.933785e+03
2.735268e+03	4.131909e-01	1.490655e-04	3.753750e+03
3.145558e+03	3.730571e-01	1.308304e-04	4.800991e+03
3.617391e+03	3.372994e-01	1.155735e-04	6.136216e+03
4.160000e+03	3.054509e-01	1.003606e-04	7.835187e+03
4.784000e+03	2.772779e-01	8.883678e-05	9.992001e+03
5.501600e+03	2.523989e-01	7.743537e-05	1.272285e+04
6.326840e+03	2.304037e-01	6.864303e-05	1.617030e+04
7.275866e+03	2.110550e-01	6.006749e-05	2.050803e+04
8.367246e+03	1.941102e-01	5.260407e-05	2.594593e+04
9.622333e+03	1.792454e-01	4.551700e-05	3.273554e+04
