# Energy_MeV	dEdx_Elec_MeV_um	dEdx_Nucl_MeV_um	Range_um
1.000000e-05	2.624691e-03	3.095936e-02	4.432912e-03
1.150000e-05	2.842202e-03	3.399359e-02	4.753768e-03
1.322500e-05	3.075202e-03	3.718238e-02	5.097849e-03
1.520875e-05	3.324835e-03	4.081568e-02	5.466834e-03
1.749006e-05	3.592325e-03	4.456265e-02	5.862526e-03
2.011357e-05	3.878984e-03	4.874157e-02	6.286859e-03
2.313061e-05	4.186215e-03	5.317277e-02	6.741905e-03
2.660020e-05	4.515524e-03	5.786883e-02	7.229888e-03
3.059023e-05	4.868520e-03	6.309514e-02	7.753191e-03
3.517876e-05	5.246932e-03	6.846610e-02	8.314371e-03
4.045558e-05	5.652609e-03	7.439325e-02	8.916169e-03
4.652391e-05	6.087535e-03	8.042584e-02	9.561526e-03
5.350250e-05	6.553836e-03	8.718479e-02	1.025359e-02
6.152788e-05	7.053791e-03	9.425780e-02	1.099576e-02
7.075706e-05	7.589844e-03	1.017946e-01	1.179163e-02
8.137062e-05	8.164614e-03	1.098571e-01	1.264512e-02
9.357621e-05	8.780910e-03	1.179008e-01	1.356038e-02
1.076126e-04	9.441744e-03	1.268844e-01	1.454189e-02
1.237545e-04	1.015034e-02	1.360611e-01	1.559444e-02
1.423177e-04	1.091017e-02	1.457676e-01	1.672317e-02
1.636654e-04	1.172494e-02	1.560681e-01	1.793360e-02
1.882152e-04	1.259863e-02	1.664768e-01	1.923164e-02
2.164475e-04	1.353551e-02	1.772992e-01	2.062364e-02
2.489146e-04	1.454016e-02	1.882689e-01	2.211639e-02
2.862518e-04	1.561749e-02	1.994926e-01	2.371719e-02
3.291895e-04	1.677275e-02	2.110765e-01	2.543385e-02
3.785680e-04	1.801160e-02	2.227737e-01	2.727477e-02
4.353531e-04	1.934008e-02	2.339623e-01	2.924893e-02
5.006561e-04	2.076468e-02	2.455806e-01	3.136598e-02
5.757545e-04	2.229238e-02	2.575943e-01	3.363627e-02
6.621177e-04	2.393062e-02	2.685861e-01	3.607088e-02
7.614354e-04	2.568741e-02	2.809398e-01	3.868171e-02
8.756507e-04	2.757134e-02	2.908989e-01	4.148151e-02
1.006998e-03	2.959161e-02	3.016922e-01	4.448396e-02
1.158048e-03	3.175808e-02	3.123103e-01	4.770374e-02
1.331755e-03	3.408135e-02	3.214567e-01	5.115656e-02
1.531519e-03	3.657276e-02	3.317996e-01	5.485930e-02
1.761246e-03	3.924448e-02	3.398166e-01	5.883004e-02
2.025433e-03	4.210957e-02	3.482560e-01	6.308819e-02
2.329248e-03	4.518202e-02	3.554853e-01	6.765455e-02
2.678635e-03	4.847684e-02	3.618025e-01	7.251773e-02
3.080431e-03	5.201014e-02	3.682073e-01	7.778985e-02
3.542495e-03	5.579916e-02	3.729145e-01	8.343648e-02
4.073870e-03	5.986242e-02	3.776922e-01	8.947513e-02
4.684950e-03	6.421978e-02	3.809407e-01	9.595125e-02
5.387693e-03	6.889252e-02	3.842015e-01	1.028962e-01
6.195847e-03	7.390346e-02	3.864690e-01	1.103437e-01
7.125224e-03	7.927709e-02	3.881193e-01	1.183303e-01
8.194007e-03	8.503965e-02	3.890857e-01	1.268949e-01
9.423108e-03	9.121931e-02	3.887227e-01	1.360795e-01
1.083657e-02	9.784625e-02	3.879833e-01	1.459289e-01
1.246206e-02	1.049528e-01	3.861395e-01	1.564912e-01
1.433137e-02	1.125738e-01	3.835012e-01	1.678179e-01
1.648108e-02	1.207464e-01	3.799864e-01	1.799645e-01
1.895324e-02	1.295105e-01	3.753235e-01	1.929903e-01
2.179622e-02	1.389089e-01	3.697737e-01	2.069589e-01
2.506566e-02	1.489876e-01	3.632379e-01	2.219385e-01
2.882550e-02	1.597959e-01	3.557078e-01	2.380023e-01
3.314933e-02	1.713864e-01	3.472776e-01	2.552289e-01
3.812173e-02	1.838158e-01	3.378900e-01	2.737025e-01
4.383999e-02	1.971449e-01	3.281369e-01	2.935131e-01
5.041599e-02	2.114387e-01	3.172896e-01	3.147575e-01
5.797838e-02	2.267671e-01	3.054902e-01	3.375396e-01
6.667514e-02	2.432051e-01	2.937782e-01	3.619708e-01
7.667641e-02	2.608327e-01	2.804017e-01	3.881704e-01
8.817787e-02	2.797363e-01	2.684963e-01	4.162662e-01
1.014046e-01	3.000082e-01	2.551332e-01	4.463955e-01
1.166152e-01	3.217473e-01	2.414096e-01	4.787056e-01
1.341075e-01	3.450599e-01	2.287048e-01	5.133546e-01
1.542237e-01	3.700599e-01	2.141188e-01	5.505113e-01
1.773572e-01	3.968694e-01	2.017313e-01	5.903577e-01
2.039608e-01	4.256194e-01	1.882545e-01	6.330868e-01
2.345549e-01	4.564503e-01	1.757668e-01	6.789104e-01
2.697381e-01	4.895136e-01	1.640163e-01	7.280599e-01
3.101989e-01	5.249723e-01	1.515214e-01	7.811143e-01
3.567287e-01	5.629974e-01	1.409628e-01	8.385768e-01
4.102380e-01	6.037748e-01	1.298324e-01	9.008322e-01
4.717737e-01	6.475037e-01	1.204536e-01	9.683454e-01
5.425397e-01	6.943979e-01	1.104381e-01	1.041643e+00
6.239207e-01	7.446864e-01	1.019840e-01	1.121331e+00
7.175088e-01	7.908164e-01	9.438302e-02	1.208123e+00
8.251351e-01	8.426181e-01	8.704326e-02	1.265469e+00
9.489054e-01	9.207526e-01	8.018987e-02	1.291914e+00
1.091241e+00	1.007743e+00	7.230849e-02	1.316878e+00
1.254927e+00	1.104146e+00	6.488029e-02	1.340635e+00
1.443166e+00	1.207547e+00	5.796765e-02	1.363684e+00
1.659641e+00	1.322912e+00	5.185968e-02	1.386667e+00
1.908588e+00	1.446361e+00	4.677989e-02	1.410420e+00
2.194876e+00	1.579614e+00	4.216184e-02	1.436004e+00
2.524107e+00	1.724109e+00	3.800928e-02	1.464734e+00
2.902723e+00	1.855019e+00	3.423905e-02	1.498203e+00
3.338132e+00	1.996914e+00	3.078681e-02	1.538310e+00
3.838852e+00	2.148927e+00	2.756768e-02	1.587277e+00
4.414679e+00	2.293814e+00	2.493862e-02	1.647648e+00
5.076881e+00	2.436734e+00	2.233440e-02	1.722356e+00
5.838413e+00	2.555263e+00	1.991786e-02	1.814684e+00
6.714175e+00	2.674979e+00	1.797705e-02	1.928287e+00
7.721302e+00	2.777546e+00	1.575137e-02	2.067219e+00
8.879497e+00	2.875041e+00	1.432576e-02	2.235960e+00
1.021142e+01	2.974492e+00	1.272079e-02	2.439539e+00
1.174313e+01	3.047542e+00	1.131357e-02	2.683662e+00
1.350460e+01	3.117654e+00	1.016909e-02	2.974976e+00
1.553030e+01	3.170519e+00	8.870273e-03	3.321417e+00
1.785984e+01	3.207544e+00	7.982877e-03	3.732656e+00
2.053882e+01	3.237318e+00	7.032828e-03	4.220656e+00
2.361964e+01	3.237920e+00	6.269047e-03	4.800357e+00
2.716258e+01	3.225886e+00	5.598316e-03	5.490515e+00
3.123697e+01	3.191347e+00	4.925501e-03	6.314740e+00
3.592252e+01	3.148417e+00	4.420565e-03	7.302785e+00
4.131089e+01	3.096431e+00	3.903027e-03	8.492213e+00
4.750753e+01	3.022843e+00	3.507424e-03	9.930554e+00
5.463366e+01	3.426937e+00	3.098558e-03	1.167711e+01
6.282871e+01	3.217651e+00	2.758263e-03	1.380856e+01
7.225301e+01	3.021569e+00	2.430578e-03	1.642992e+01
8.309096e+01	2.826882e+00	2.146626e-03	1.965624e+01
9.555461e+01	2.635229e+00	1.918091e-03	2.364150e+01
1.098878e+02	2.446428e+00	1.687510e-03	2.858717e+01
1.263710e+02	2.264367e+00	1.500254e-03	3.475128e+01
1.453266e+02	2.090160e+00	1.317618e-03	4.245846e+01
1.671256e+02	1.920756e+00	1.158508e-03	5.213969e+01
1.921945e+02	1.758834e+00	1.020463e-03	6.438032e+01
2.210236e+02	1.609021e+00	9.011043e-04	7.990204e+01
2.541772e+02	1.477227e+00	7.960955e-04	9.953779e+01
2.923037e+02	1.352490e+00	7.037162e-04	1.243940e+02
3.361493e+02	1.234489e+00	6.222476e-04	1.559612e+02
3.865717e+02	1.123561e+00	5.464328e-04	1.961661e+02
4.445574e+02	1.019948e+00	4.877755e-04	2.475004e+02
5.112411e+02	9.239824e-01	4.291283e-04	3.131596e+02
5.879272e+02	8.349435e-01	3.773953e-04	3.972796e+02
6.761163e+02	7.526439e-01	3.357409e-04	5.052797e+02
7.775337e+02	6.775195e-01	2.886266e-04	6.440774e+02
8.941638e+02	6.106586e-01	2.599439e-04	8.223009e+02
1.028288e+03	5.498103e-01	2.270612e-04	1.050905e+03
1.182532e+03	4.946932e-01	1.996545e-04	1.344162e+03
1.359911e+03	4.451466e-01	1.770814e-04	1.720229e+03
1.563898e+03	4.006703e-01	1.520082e-04	2.202212e+03
1.798483e+03	3.607140e-01	1.351209e-04	2.819396e+03
2.068255e+03	3.249880e-01	1.173557e-04	3.608775e+03
2.378493e+03	2.932414e-01	1.032968e-04	4.616965e+03
2.735268e+03	2.650047e-01	9.104749e-05	5.902463e+03
3.145558e+03	2.398874e-01	7.902441e-05	7.538306e+03
3.617391e+03	2.176691e-01	7.001371e-05	9.615264e+03
4.160000e+03	1.980566e-01	6.102635e-05	1.224549e+04
4.784000e+03	1.807291e-01	5.415242e-05	1.556670e+04
5.501600e+03	1.654808e-01	4.717600e-05	1.974674e+04
6.326840e+03	1.521213e-01	0.000000e+00	2.498867e+04
7.275866e+03	1.404081e-01	0.000000e+00	3.153600e+04
8.367246e+03	1.301603e-01	0.000000e+00	3.967808e+04
9.622333e+03	1.212655e-01	0.000000e+00	4.975550e+04
