# Energy_MeV	dEdx_Elec_MeV_um	dEdx_Nucl_MeV_um	Range_um
1.000000e-05	2.225928e-03	2.313292e-02	8.268594e-03
1.150000e-05	2.398099e-03	2.514250e-02	8.867079e-03
1.322500e-05	2.582683e-03	2.719599e-02	9.508883e-03
1.520875e-05	2.780582e-03	2.947114e-02	1.019714e-02
1.749006e-05	2.992763e-03	3.193707e-02	1.093522e-02
2.011357e-05	3.220264e-03	3.442244e-02	1.172671e-02
2.313061e-05	3.464196e-03	3.725587e-02	1.257550e-02
2.660020e-05	3.725751e-03	3.995624e-02	1.348572e-02
3.059023e-05	4.006208e-03	4.300504e-02	1.446182e-02
3.517876e-05	4.306936e-03	4.622963e-02	1.550858e-02
4.045558e-05	4.629405e-03	4.942776e-02	1.663110e-02
4.652391e-05	4.975191e-03	5.306201e-02	1.783486e-02
5.350250e-05	5.345982e-03	5.655647e-02	1.912576e-02
6.152788e-05	5.743591e-03	6.031348e-02	2.051009e-02
7.075706e-05	6.169960e-03	6.410819e-02	2.199462e-02
8.137062e-05	6.627173e-03	6.795892e-02	2.358661e-02
9.357621e-05	7.117462e-03	7.206497e-02	2.529382e-02
1.076126e-04	7.643223e-03	7.596488e-02	2.712460e-02
1.237545e-04	8.207024e-03	7.997782e-02	2.908789e-02
1.423177e-04	8.811621e-03	8.387889e-02	3.119329e-02
1.636654e-04	9.459967e-03	8.816281e-02	3.345107e-02
1.882152e-04	1.015523e-02	9.200411e-02	3.587228e-02
2.164475e-04	1.090080e-02	9.605969e-02	3.846873e-02
2.489146e-04	1.170033e-02	9.994756e-02	4.125312e-02
2.862518e-04	1.255773e-02	1.034862e-01	4.423904e-02
3.291895e-04	1.347717e-02	1.073898e-01	4.744109e-02
3.785680e-04	1.446315e-02	1.106276e-01	5.087490e-02
4.353531e-04	1.552049e-02	1.140149e-01	5.455725e-02
5.006561e-04	1.665436e-02	1.172225e-01	5.850614e-02
5.757545e-04	1.787029e-02	1.201124e-01	6.274084e-02
6.621177e-04	1.917422e-02	1.227694e-01	6.728206e-02
7.614354e-04	2.057253e-02	1.250571e-01	7.215197e-02
8.756507e-04	2.207204e-02	1.272705e-01	7.737437e-02
1.006998e-03	2.368008e-02	1.291602e-01	8.297476e-02
1.158048e-03	2.540451e-02	1.308455e-01	8.898052e-02
1.331755e-03	2.725375e-02	1.321305e-01	9.542098e-02
1.531519e-03	2.923683e-02	1.333165e-01	1.023276e-01
1.761246e-03	3.136345e-02	1.342950e-01	1.096806e-01
2.025433e-03	3.364399e-02	1.348213e-01	1.176583e-01
2.329248e-03	3.608960e-02	1.353811e-01	1.261977e-01
2.678635e-03	3.871221e-02	1.353128e-01	1.353313e-01
3.080431e-03	4.152465e-02	1.351577e-01	1.451264e-01
3.542495e-03	4.454065e-02	1.346834e-01	1.556307e-01
4.073870e-03	4.777495e-02	1.337974e-01	1.668950e-01
4.684950e-03	5.124335e-02	1.327582e-01	1.789747e-01
5.387693e-03	5.496279e-02	1.312381e-01	1.919287e-01
6.195847e-03	5.895144e-02	1.294391e-01	2.058205e-01
7.125224e-03	6.322879e-02	1.272838e-01	2.207177e-01
8.194007e-03	6.781574e-02	1.248020e-01	2.366931e-01
9.423108e-03	7.273469e-02	1.219623e-01	2.538248e-01
1.083657e-02	7.800968e-02	1.188565e-01	2.721965e-01
1.246206e-02	8.366647e-02	1.155025e-01	2.918981e-01
1.433137e-02	8.973270e-02	1.119050e-01	3.130256e-01
1.648108e-02	9.623801e-02	1.078521e-01	3.356823e-01
1.895324e-02	1.032142e-01	1.038411e-01	3.599789e-01
2.179622e-02	1.106953e-01	9.943411e-02	3.860342e-01
2.506566e-02	1.187179e-01	9.506034e-02	4.139754e-01
2.882550e-02	1.273211e-01	9.066535e-02	4.439389e-01
3.314933e-02	1.365471e-01	8.578418e-02	4.760711e-01
3.812173e-02	1.464409e-01	8.136924e-02	5.105291e-01
4.383999e-02	1.570507e-01	7.657503e-02	5.474814e-01
5.041599e-02	1.684285e-01	7.189748e-02	5.871082e-01
5.797838e-02	1.806299e-01	6.731636e-02	6.296031e-01
6.667514e-02	1.937144e-01	6.285441e-02	6.751737e-01
7.667641e-02	2.077459e-01	5.870635e-02	7.240430e-01
8.817787e-02	2.227931e-01	5.445831e-02	7.764496e-01
1.014046e-01	2.389293e-01	5.052007e-02	8.326491e-01
1.166152e-01	2.562336e-01	4.665928e-02	8.929168e-01
1.341075e-01	2.747903e-01	4.325744e-02	9.575449e-01
1.542237e-01	2.946902e-01	3.973181e-02	1.026852e+00
1.773572e-01	3.160308e-01	3.649067e-02	1.101197e+00
2.039608e-01	3.389169e-01	3.402224e-02	1.181468e+00
2.345549e-01	3.634596e-01	3.118355e-02	1.268408e+00
2.697381e-01	3.897787e-01	2.879774e-02	1.362603e+00
3.101989e-01	4.180027e-01	2.618648e-02	1.464756e+00
3.567287e-01	4.482679e-01	2.347553e-02	1.554433e+00
4.102380e-01	4.807221e-01	2.122695e-02	1.630347e+00
4.717737e-01	5.088398e-01	1.873158e-02	1.706516e+00
5.425397e-01	5.404958e-01	1.700067e-02	1.782655e+00
6.239207e-01	5.871564e-01	1.527581e-02	1.858600e+00
7.175088e-01	6.365652e-01	1.380077e-02	1.934353e+00
8.251351e-01	6.886865e-01	1.243752e-02	2.010106e+00
9.489054e-01	7.377193e-01	1.111719e-02	2.086416e+00
1.091241e+00	7.892122e-01	1.005263e-02	2.164163e+00
1.254927e+00	8.364582e-01	9.027331e-03	2.244672e+00
1.443166e+00	8.810643e-01	8.155107e-03	2.329800e+00
1.659641e+00	9.238569e-01	7.237782e-03	2.421997e+00
1.908588e+00	9.528324e-01	6.540322e-03	2.524448e+00
2.194876e+00	9.827113e-01	5.811517e-03	2.641113e+00
2.524107e+00	1.013554e+00	5.190340e-03	2.776851e+00
2.902723e+00	1.038893e+00	4.666459e-03	2.937531e+00
3.338132e+00	1.061068e+00	4.112956e-03	3.130139e+00
3.838852e+00	1.074646e+00	3.707112e-03	3.362904e+00
4.414679e+00	1.086445e+00	3.277516e-03	3.645450e+00
5.076881e+00	1.092283e+00	2.903856e-03	3.988972e+00
5.838413e+00	1.094263e+00	2.578895e-03	4.406508e+00
6.714175e+00	1.093857e+00	2.285898e-03	4.913335e+00
7.721302e+00	1.085314e+00	2.041905e-03	5.527557e+00
8.879497e+00	1.073261e+00	1.807491e-03	6.270966e+00
1.021142e+01	1.055378e+00	1.610380e-03	7.170245e+00
1.174313e+01	1.032402e+00	1.428614e-03	8.258567e+00
1.350460e+01	1.004938e+00	1.278704e-03	9.577697e+00
1.553030e+01	9.725195e-01	1.130065e-03	1.118073e+01
1.785984e+01	9.369277e-01	1.001504e-03	1.313557e+01
2.053882e+01	8.983935e-01	8.945983e-04	1.552946e+01
2.361964e+01	8.557913e-01	7.783449e-04	1.847464e+01
2.716258e+01	8.083992e-01	7.015210e-04	2.211573e+01
3.123697e+01	7.613667e-01	6.157889e-04	2.663930e+01
3.592252e+01	7.656163e-01	5.453358e-04	3.228278e+01
4.131089e+01	7.028032e-01	4.857622e-04	3.935693e+01
4.750753e+01	6.445639e-01	4.207531e-04	4.828228e+01
5.463366e+01	5.895257e-01	3.749599e-04	5.954526e+01
6.282871e+01	5.373928e-01	3.290077e-04	7.379248e+01
7.225301e+01	4.881124e-01	2.918515e-04	9.186772e+01
8.309096e+01	4.422550e-01	2.578897e-04	1.148555e+02
9.555461e+01	3.999675e-01	2.259048e-04	1.441305e+02
1.098878e+02	3.601771e-01	2.010733e-04	1.815114e+02
1.263710e+02	3.233972e-01	1.774682e-04	2.294495e+02
1.453266e+02	2.905203e-01	1.580417e-04	2.909853e+02
1.671256e+02	2.621233e-01	1.377729e-04	3.696762e+02
1.921945e+02	2.361244e-01	1.230014e-04	4.702125e+02
2.210236e+02	2.123834e-01	1.073796e-04	5.988409e+02
2.541772e+02	1.907702e-01	9.469524e-05	7.636101e+02
2.923037e+02	1.711745e-01	8.396421e-05	9.748912e+02
3.361493e+02	1.535129e-01	7.284379e-05	1.245946e+03
3.865717e+02	1.375021e-01	6.496847e-05	1.593898e+03
4.445574e+02	1.230239e-01	5.650338e-05	2.041119e+03
5.112411e+02	1.100632e-01	4.943708e-05	2.616098e+03
5.879272e+02	9.872625e-02	4.329607e-05	3.354330e+03
6.761163e+02	8.855235e-02	0.000000e+00	4.300902e+03
7.775337e+02	7.943992e-02	0.000000e+00	5.514516e+03
8.941638e+02	7.130335e-02	0.000000e+00	7.069834e+03
1.028288e+03	6.404532e-02	0.000000e+00	9.061913e+03
1.182532e+03	5.758353e-02	0.000000e+00	1.161129e+04
1.359911e+03	5.183841e-02	0.000000e+00	1.487027e+04
1.563898e+03	4.673656e-02	0.000000e+00	1.903087e+04
1.798483e+03	4.220913e-02	0.000000e+00	2.433407e+04
2.068255e+03	3.819556e-02	0.000000e+00	3.108081e+04
2.378493e+03	3.464706e-02	0.000000e+00	3.964506e+04
2.735268e+03	3.151433e-02	0.000000e+00	5.048883e+04
3.145558e+03	2.875032e-02	0.000000e+00	6.417926e+04
3.617391e+03	2.631773e-02	0.000000e+00	8.140755e+04
4.160000e+03	2.418348e-02	0.000000e+00	1.030095e+05
4.784000e+03	2.231569e-02	0.000000e+00	1.299870e+05
5.501600e+03	2.068645e-02	0.000000e+00	1.635304e+05
6.326840e+03	1.927178e-02	0.000000e+00	2.050401e+05
7.275866e+03	1.804869e-02	0.000000e+00	2.561473e+05
8.367246e+03	1.699636e-02	0.000000e+00	3.187319e+05
9.622333e+03	1.609785e-02	0.000000e+00	3.949387e+05
