# Energy_MeV	dEdx_Elec_MeV_um	dEdx_Nucl_MeV_um	Range_um
1.000000e-05	2.206974e-03	2.827975e-02	6.743933e-03
1.150000e-05	2.380581e-03	3.092275e-02	7.232063e-03
1.322500e-05	2.566675e-03	3.371281e-02	7.755523e-03
1.520875e-05	2.766169e-03	3.668990e-02	8.316872e-03
1.749006e-05	2.980036e-03	3.999659e-02	8.918852e-03
2.011357e-05	3.209323e-03	4.339803e-02	9.564403e-03
2.313061e-05	3.455150e-03	4.709914e-02	1.025668e-02
2.660020e-05	3.718720e-03	5.094288e-02	1.099906e-02
3.059023e-05	4.001319e-03	5.522610e-02	1.179518e-02
3.517876e-05	4.304330e-03	5.963764e-02	1.264892e-02
4.045558e-05	4.629233e-03	6.446895e-02	1.356446e-02
4.652391e-05	4.977615e-03	6.941583e-02	1.454626e-02
5.350250e-05	5.351179e-03	7.457173e-02	1.559913e-02
6.152788e-05	5.751751e-03	8.024466e-02	1.672820e-02
7.075706e-05	6.181286e-03	8.594114e-02	1.793900e-02
8.137062e-05	6.641884e-03	9.216254e-02	1.923743e-02
9.357621e-05	7.135795e-03	9.849322e-02	2.062985e-02
1.076126e-04	7.665432e-03	1.051658e-01	2.212304e-02
1.237545e-04	8.233383e-03	1.118624e-01	2.372432e-02
1.423177e-04	8.842422e-03	1.187118e-01	2.544150e-02
1.636654e-04	9.495525e-03	1.258211e-01	2.728297e-02
1.882152e-04	1.019588e-02	1.329136e-01	2.925773e-02
2.164475e-04	1.094692e-02	1.403736e-01	3.137542e-02
2.489146e-04	1.175229e-02	1.471518e-01	3.364639e-02
2.862518e-04	1.261595e-02	1.545963e-01	3.608173e-02
3.291895e-04	1.354211e-02	1.619215e-01	3.869334e-02
3.785680e-04	1.453529e-02	1.688032e-01	4.149399e-02
4.353531e-04	1.560035e-02	1.764988e-01	4.449735e-02
5.006561e-04	1.674249e-02	1.825102e-01	4.771809e-02
5.757545e-04	1.796728e-02	1.893901e-01	5.117195e-02
6.621177e-04	1.928072e-02	1.957280e-01	5.487580e-02
7.614354e-04	2.068921e-02	2.014877e-01	5.884774e-02
8.756507e-04	2.219965e-02	2.078181e-01	6.310717e-02
1.006998e-03	2.381941e-02	2.127528e-01	6.767490e-02
1.158048e-03	2.555639e-02	2.178936e-01	7.257324e-02
1.331755e-03	2.741910e-02	2.222409e-01	7.782613e-02
1.531519e-03	2.941662e-02	2.261511e-01	8.345923e-02
1.761246e-03	3.155872e-02	2.299959e-01	8.950005e-02
2.025433e-03	3.385586e-02	2.329322e-01	9.597812e-02
2.329248e-03	3.631926e-02	2.357002e-01	1.029251e-01
2.678635e-03	3.896096e-02	2.377295e-01	1.103256e-01
3.080431e-03	4.179386e-02	2.396949e-01	1.183594e-01
3.542495e-03	4.483181e-02	2.409310e-01	1.269336e-01
4.073870e-03	4.808964e-02	2.419839e-01	1.361218e-01
4.684950e-03	5.158328e-02	2.423174e-01	1.459737e-01
5.387693e-03	5.532978e-02	2.420805e-01	1.565393e-01
6.195847e-03	5.934745e-02	2.415128e-01	1.678694e-01
7.125224e-03	6.365592e-02	2.402031e-01	1.800196e-01
8.194007e-03	6.827624e-02	2.385074e-01	1.930494e-01
9.423108e-03	7.323097e-02	2.361262e-01	2.070222e-01
1.083657e-02	7.854433e-02	2.331318e-01	2.220063e-01
1.246206e-02	8.424227e-02	2.295312e-01	2.380749e-01
1.433137e-02	9.035263e-02	2.253490e-01	2.553068e-01
1.648108e-02	9.690526e-02	2.205122e-01	2.737858e-01
1.895324e-02	1.039322e-01	2.151765e-01	2.936024e-01
2.179622e-02	1.114677e-01	2.092044e-01	3.148532e-01
2.506566e-02	1.195486e-01	2.030802e-01	3.376421e-01
2.882550e-02	1.282145e-01	1.961425e-01	3.620807e-01
3.314933e-02	1.375076e-01	1.888301e-01	3.882882e-01
3.812173e-02	1.474733e-01	1.813749e-01	4.163924e-01
4.383999e-02	1.581603e-01	1.730803e-01	4.465307e-01
5.041599e-02	1.696209e-01	1.656344e-01	4.788507e-01
5.797838e-02	1.819110e-01	1.571534e-01	5.135101e-01
6.667514e-02	1.950906e-01	1.488310e-01	5.506780e-01
7.667641e-02	2.092243e-01	1.407025e-01	5.905360e-01
8.817787e-02	2.243809e-01	1.318025e-01	6.332790e-01
1.014046e-01	2.406345e-01	1.239547e-01	6.791159e-01
1.166152e-01	2.580646e-01	1.156922e-01	7.282706e-01
1.341075e-01	2.767563e-01	1.080273e-01	7.809830e-01
1.542237e-01	2.968009e-01	1.006468e-01	8.375104e-01
1.773572e-01	3.182964e-01	9.307861e-02	8.981297e-01
2.039608e-01	3.413477e-01	8.634759e-02	9.631387e-01
2.345549e-01	3.660674e-01	7.973303e-02	1.032838e+00
2.697381e-01	3.925773e-01	7.374303e-02	1.107689e+00
3.101989e-01	4.210067e-01	6.752748e-02	1.188630e+00
3.567287e-01	4.514938e-01	6.263342e-02	1.276288e+00
4.102380e-01	4.841875e-01	5.777164e-02	1.371289e+00
4.717737e-01	5.192477e-01	5.337543e-02	1.474340e+00
5.425397e-01	5.568455e-01	4.897921e-02	1.585288e+00
6.239207e-01	5.968988e-01	4.392355e-02	1.649021e+00
7.175088e-01	6.333481e-01	3.959840e-02	1.711982e+00
8.251351e-01	6.811684e-01	3.517589e-02	1.774000e+00
9.489054e-01	7.462272e-01	3.169178e-02	1.835030e+00
1.091241e+00	8.151585e-01	2.848486e-02	1.895197e+00
1.254927e+00	8.912057e-01	2.570254e-02	1.954837e+00
1.443166e+00	9.680816e-01	2.318067e-02	2.014560e+00
1.659641e+00	1.050060e+00	2.081783e-02	2.075297e+00
1.908588e+00	1.135720e+00	1.878997e-02	2.138369e+00
2.194876e+00	1.215945e+00	1.679132e-02	2.205494e+00
2.524107e+00	1.297980e+00	1.522376e-02	2.278995e+00
2.902723e+00	1.360466e+00	1.358828e-02	2.361712e+00
3.338132e+00	1.428106e+00	1.217511e-02	2.457138e+00
3.838852e+00	1.501417e+00	1.093275e-02	2.569484e+00
4.414679e+00	1.558440e+00	9.626345e-03	2.703723e+00
5.076881e+00	1.614215e+00	8.733021e-03	2.865682e+00
5.838413e+00	1.658519e+00	7.738346e-03	3.062076e+00
6.714175e+00	1.696994e+00	6.910716e-03	3.300591e+00
7.721302e+00	1.730786e+00	6.178152e-03	3.590007e+00
8.879497e+00	1.755530e+00	5.416599e-03	3.940345e+00
1.021142e+01	1.777774e+00	4.850699e-03	4.363165e+00
1.174313e+01	1.789232e+00	4.286263e-03	4.872001e+00
1.350460e+01	1.792248e+00	3.820144e-03	5.483009e+00
1.553030e+01	1.789019e+00	3.404629e-03	6.215851e+00
1.785984e+01	1.773227e+00	3.007361e-03	7.094849e+00
2.053882e+01	1.751592e+00	2.683983e-03	8.150466e+00
2.361964e+01	1.719789e+00	2.384012e-03	9.421169e+00
2.716258e+01	1.679983e+00	2.130757e-03	1.095578e+01
3.123697e+01	1.632577e+00	1.879957e-03	1.281647e+01
3.592252e+01	1.578902e+00	1.679180e-03	1.508252e+01
4.131089e+01	1.518541e+00	1.469448e-03	1.785508e+01
4.750753e+01	1.451489e+00	1.309980e-03	2.126422e+01
5.463366e+01	1.511252e+00	1.163711e-03	2.547190e+01
6.282871e+01	1.400104e+00	1.023111e-03	3.069780e+01
7.225301e+01	1.295796e+00	9.128170e-04	3.722602e+01
8.309096e+01	1.194871e+00	7.959254e-04	4.538424e+01
9.555461e+01	1.097862e+00	7.050674e-04	5.561822e+01
1.098878e+02	1.004991e+00	6.188070e-04	6.850716e+01
1.263710e+02	9.175787e-01	5.468977e-04	8.479004e+01
1.453266e+02	8.357280e-01	4.840531e-04	1.054109e+02
1.671256e+02	7.570090e-01	4.258178e-04	1.316390e+02
1.921945e+02	6.839989e-01	3.785036e-04	1.651682e+02
2.210236e+02	6.191599e-01	3.320908e-04	2.080428e+02
2.541772e+02	5.614303e-01	2.968624e-04	2.626914e+02
2.923037e+02	5.079465e-01	2.605463e-04	3.324094e+02
3.361493e+02	4.585417e-01	2.301201e-04	4.215321e+02
3.865717e+02	4.131592e-01	2.034610e-04	5.356558e+02
4.445574e+02	3.717005e-01	1.763369e-04	6.819819e+02
5.112411e+02	3.340762e-01	1.580230e-04	8.697301e+02
5.879272e+02	2.996227e-01	1.379521e-04	1.110868e+03
6.761163e+02	2.684480e-01	1.216781e-04	1.420976e+03
7.775337e+02	2.405979e-01	1.072313e-04	1.819751e+03
8.941638e+02	2.160108e-01	9.265606e-05	2.331717e+03
1.028288e+03	1.938681e-01	8.184145e-05	2.988334e+03
1.182532e+03	1.740026e-01	7.135715e-05	3.830380e+03
1.359911e+03	1.562551e-01	6.277313e-05	4.909610e+03
1.563898e+03	1.404168e-01	5.520766e-05	6.291877e+03
1.798483e+03	1.262988e-01	4.814220e-05	8.060593e+03
2.068255e+03	1.137441e-01	0.000000e+00	1.032109e+04
2.378493e+03	1.026000e-01	0.000000e+00	1.320603e+04
2.735268e+03	9.270962e-02	0.000000e+00	1.688172e+04
3.145558e+03	8.394512e-02	0.000000e+00	2.155556e+04
3.617391e+03	7.620244e-02	0.000000e+00	2.748500e+04
4.160000e+03	6.936850e-02	0.000000e+00	3.498757e+04
4.784000e+03	6.334173e-02	0.000000e+00	4.445245e+04
5.501600e+03	5.804444e-02	0.000000e+00	5.635299e+04
6.326840e+03	5.340099e-02	0.000000e+00	7.126041e+04
7.275866e+03	4.933578e-02	0.000000e+00	8.985802e+04
8.367246e+03	4.579026e-02	0.000000e+00	1.129557e+05
9.622333e+03	4.271555e-02	0.000000e+00	1.415041e+05
