# Energy_MeV	dEdx_Elec_MeV_um	dEdx_Nucl_MeV_um	Range_um
1.000000e-05	2.151684e-03	3.237923e-02	5.565354e-03
1.150000e-05	2.324418e-03	3.545761e-02	5.968177e-03
1.322500e-05	2.509536e-03	3.891480e-02	6.400157e-03
1.520875e-05	2.707943e-03	4.272327e-02	6.863403e-03
1.749006e-05	2.920612e-03	4.674843e-02	7.360180e-03
2.011357e-05	3.148582e-03	5.127765e-02	7.892914e-03
2.313061e-05	3.392969e-03	5.598518e-02	8.464207e-03
2.660020e-05	3.654968e-03	6.120341e-02	9.076851e-03
3.059023e-05	3.935859e-03	6.678690e-02	9.733838e-03
3.517876e-05	4.237016e-03	7.263659e-02	1.043838e-02
4.045558e-05	4.559911e-03	7.916124e-02	1.119391e-02
4.652391e-05	4.906122e-03	8.592594e-02	1.200414e-02
5.350250e-05	5.277340e-03	9.327152e-02	1.287300e-02
6.152788e-05	5.675380e-03	1.009058e-01	1.380476e-02
7.075706e-05	6.102186e-03	1.092359e-01	1.480395e-02
8.137062e-05	6.559845e-03	1.181246e-01	1.587547e-02
9.357621e-05	7.050591e-03	1.277272e-01	1.702454e-02
1.076126e-04	7.576823e-03	1.375023e-01	1.825679e-02
1.237545e-04	8.141112e-03	1.477563e-01	1.957823e-02
1.423177e-04	8.746214e-03	1.587331e-01	2.099531e-02
1.636654e-04	9.395086e-03	1.702508e-01	2.251496e-02
1.882152e-04	1.009090e-02	1.826283e-01	2.414460e-02
2.164475e-04	1.083705e-02	1.950526e-01	2.589220e-02
2.489146e-04	1.163719e-02	2.083107e-01	2.776629e-02
2.862518e-04	1.249522e-02	2.215045e-01	2.977603e-02
3.291895e-04	1.341533e-02	2.351482e-01	3.193124e-02
3.785680e-04	1.440203e-02	2.492275e-01	3.424244e-02
4.353531e-04	1.546013e-02	2.632567e-01	3.672092e-02
5.006561e-04	1.659480e-02	2.781728e-01	3.937880e-02
5.757545e-04	1.781158e-02	2.915727e-01	4.222906e-02
6.621177e-04	1.911642e-02	3.059109e-01	4.528562e-02
7.614354e-04	2.051569e-02	3.207785e-01	4.856342e-02
8.756507e-04	2.201623e-02	3.345456e-01	5.207847e-02
1.006998e-03	2.362537e-02	3.494596e-01	5.584794e-02
1.158048e-03	2.535097e-02	3.616886e-01	5.989024e-02
1.331755e-03	2.720146e-02	3.747712e-01	6.422513e-02
1.531519e-03	2.918589e-02	3.877586e-01	6.887377e-02
1.761246e-03	3.131393e-02	3.992956e-01	7.385890e-02
2.025433e-03	3.359600e-02	4.115137e-01	7.920484e-02
2.329248e-03	3.604324e-02	4.214280e-01	8.493773e-02
2.678635e-03	3.866761e-02	4.314773e-01	9.108557e-02
3.080431e-03	4.148192e-02	4.403969e-01	9.767839e-02
3.542495e-03	4.449993e-02	4.478844e-01	1.047484e-01
4.073870e-03	4.773638e-02	4.554488e-01	1.123276e-01
4.684950e-03	5.120708e-02	4.613384e-01	1.204439e-01
5.387693e-03	5.492899e-02	4.667778e-01	1.291842e-01
6.195847e-03	5.892028e-02	4.708761e-01	1.385322e-01
7.125224e-03	6.320047e-02	4.744248e-01	1.485599e-01
8.194007e-03	6.779045e-02	4.771636e-01	1.593125e-01
9.423108e-03	7.271265e-02	4.793352e-01	1.708434e-01
1.083657e-02	7.799113e-02	4.798483e-01	1.832089e-01
1.246206e-02	8.365166e-02	4.794442e-01	1.964694e-01
1.433137e-02	8.972189e-02	4.780700e-01	2.106897e-01
1.648108e-02	9.623149e-02	4.756542e-01	2.259393e-01
1.895324e-02	1.032123e-01	4.723545e-01	2.422927e-01
2.179622e-02	1.106983e-01	4.675080e-01	2.598298e-01
2.506566e-02	1.187262e-01	4.616135e-01	2.786361e-01
2.882550e-02	1.273351e-01	4.544257e-01	2.988036e-01
3.314933e-02	1.365672e-01	4.461275e-01	3.204310e-01
3.812173e-02	1.464675e-01	4.365608e-01	3.436238e-01
4.383999e-02	1.570843e-01	4.259408e-01	3.684952e-01
5.041599e-02	1.684696e-01	4.140123e-01	3.951668e-01
5.797838e-02	1.806790e-01	4.018956e-01	4.237689e-01
6.667514e-02	1.937721e-01	3.883737e-01	4.544414e-01
7.667641e-02	2.078129e-01	3.736282e-01	4.873339e-01
8.817787e-02	2.228700e-01	3.587947e-01	5.226071e-01
1.014046e-01	2.390169e-01	3.424142e-01	5.604333e-01
1.166152e-01	2.563325e-01	3.275304e-01	6.009975e-01
1.341075e-01	2.749015e-01	3.112179e-01	6.444980e-01
1.542237e-01	2.948145e-01	2.943004e-01	6.911469e-01
1.773572e-01	3.161687e-01	2.780793e-01	7.411721e-01
2.039608e-01	3.390687e-01	2.606807e-01	7.948181e-01
2.345549e-01	3.636261e-01	2.450450e-01	8.523473e-01
2.697381e-01	3.899610e-01	2.288242e-01	9.140410e-01
3.101989e-01	4.182020e-01	2.132293e-01	9.801976e-01
3.567287e-01	4.484872e-01	1.989296e-01	1.051151e+00
4.102380e-01	4.809644e-01	1.840066e-01	1.127214e+00
4.717737e-01	5.157942e-01	1.705781e-01	1.209165e+00
5.425397e-01	5.531451e-01	1.574831e-01	1.297915e+00
6.239207e-01	5.931994e-01	1.454970e-01	1.394040e+00
7.175088e-01	6.361528e-01	1.337754e-01	1.498261e+00
8.251351e-01	6.822153e-01	1.233762e-01	1.611376e+00
9.489054e-01	7.316119e-01	1.135454e-01	1.734305e+00
1.091241e+00	7.792643e-01	1.057259e-01	1.868127e+00
1.254927e+00	8.272952e-01	9.703499e-02	1.983545e+00
1.443166e+00	8.998812e-01	8.704043e-02	2.025879e+00
1.659641e+00	9.853452e-01	7.788167e-02	2.065785e+00
1.908588e+00	1.078381e+00	6.895536e-02	2.103659e+00
2.194876e+00	1.180339e+00	6.256055e-02	2.140189e+00
2.524107e+00	1.293295e+00	5.605532e-02	2.176329e+00
2.902723e+00	1.413339e+00	5.074925e-02	2.213313e+00
3.338132e+00	1.545996e+00	4.576523e-02	2.252720e+00
3.838852e+00	1.685433e+00	4.104887e-02	2.296516e+00
4.414679e+00	1.821289e+00	3.707677e-02	2.347096e+00
5.076881e+00	1.961085e+00	3.295227e-02	2.407325e+00
5.838413e+00	2.108193e+00	2.999778e-02	2.480573e+00
6.714175e+00	2.260499e+00	2.692231e-02	2.570721e+00
7.721302e+00	2.398407e+00	2.400344e-02	2.682231e+00
8.879497e+00	2.524353e+00	2.150661e-02	2.820134e+00
1.021142e+01	2.651045e+00	1.898414e-02	2.990039e+00
1.174313e+01	2.750014e+00	1.718801e-02	3.198173e+00
1.350460e+01	2.851821e+00	1.533253e-02	3.451416e+00
1.553030e+01	2.947782e+00	1.362002e-02	3.757454e+00
1.785984e+01	3.028058e+00	1.214707e-02	4.124974e+00
2.053882e+01	3.105303e+00	1.069096e-02	4.564029e+00
2.361964e+01	3.156312e+00	9.558148e-03	5.086549e+00
2.716258e+01	3.200242e+00	8.462569e-03	5.707000e+00
3.123697e+01	3.230388e+00	7.503699e-03	6.443221e+00
3.592252e+01	3.237758e+00	6.711848e-03	7.317449e+00
4.131089e+01	3.233961e+00	5.934722e-03	8.357565e+00
4.750753e+01	3.200634e+00	5.287263e-03	9.598649e+00
5.463366e+01	3.160230e+00	4.698509e-03	1.108490e+01
6.282871e+01	3.111486e+00	4.189847e-03	1.287213e+01
7.225301e+01	3.042634e+00	3.725588e-03	1.503066e+01
8.309096e+01	3.486466e+00	3.304390e-03	1.764970e+01
9.555461e+01	3.268115e+00	2.882459e-03	2.083987e+01
1.098878e+02	3.071661e+00	2.579492e-03	2.475746e+01
1.263710e+02	2.876555e+00	2.285195e-03	2.957929e+01
1.453266e+02	2.684362e+00	2.027607e-03	3.552807e+01
1.671256e+02	2.494205e+00	1.795802e-03	4.290130e+01
1.921945e+02	2.310115e+00	1.561628e-03	5.208243e+01
2.210236e+02	2.134060e+00	1.390006e-03	6.355229e+01
2.541772e+02	1.963592e+00	1.213087e-03	7.793899e+01
2.923037e+02	1.799349e+00	1.078613e-03	9.609998e+01
3.361493e+02	1.644299e+00	9.547075e-04	1.191266e+02
3.865717e+02	1.510121e+00	8.394306e-04	1.482769e+02
4.445574e+02	1.383747e+00	7.460538e-04	1.851524e+02
5.112411e+02	1.264041e+00	6.498295e-04	2.319464e+02
5.879272e+02	1.151228e+00	5.841948e-04	2.915020e+02
6.761163e+02	1.045700e+00	5.162896e-04	3.675007e+02
7.775337e+02	9.477922e-01	4.531932e-04	4.646684e+02
8.941638e+02	8.571637e-01	3.995378e-04	5.890962e+02
1.028288e+03	7.729862e-01	3.474692e-04	7.487654e+02
1.182532e+03	6.960593e-01	3.106067e-04	9.539505e+02
1.359911e+03	6.271507e-01	2.733684e-04	1.217512e+03
1.563898e+03	5.648164e-01	2.395821e-04	1.555628e+03
1.798483e+03	5.082408e-01	2.105034e-04	1.989351e+03
2.068255e+03	4.572987e-01	1.827716e-04	2.545620e+03
2.378493e+03	4.115855e-01	1.611097e-04	3.258679e+03
2.735268e+03	3.705182e-01	1.407934e-04	4.171992e+03
3.145558e+03	3.337272e-01	1.231002e-04	5.340502e+03
3.617391e+03	3.010016e-01	1.087516e-04	6.833488e+03
4.160000e+03	2.719146e-01	9.493897e-05	8.738000e+03
4.784000e+03	2.460227e-01	8.337659e-05	1.116285e+04
5.501600e+03	2.230855e-01	7.324574e-05	1.424344e+04
6.326840e+03	2.028407e-01	6.440189e-05	1.814736e+04
7.275866e+03	1.849533e-01	5.653929e-05	2.308068e+04
8.367246e+03	1.691896e-01	4.950114e-05	2.929512e+04
9.622333e+03	1.553697e-01	0.000000e+00	3.709575e+04
