# Energy_MeV	dEdx_Elec_MeV_um	dEdx_Nucl_MeV_um	Range_um
1.000000e-05	7.538759e-04	7.496520e-03	2.652957e-02
1.150000e-05	8.084418e-04	7.871728e-03	2.844979e-02
1.322500e-05	8.669573e-04	8.283839e-03	3.050900e-02
1.520875e-05	9.297081e-04	8.667771e-03	3.271726e-02
1.749006e-05	9.970009e-04	9.034483e-03	3.508535e-02
2.011357e-05	1.069164e-03	9.386773e-03	3.762485e-02
2.313061e-05	1.146551e-03	9.753930e-03	4.034815e-02
2.660020e-05	1.229539e-03	1.011733e-02	4.326857e-02
3.059023e-05	1.318534e-03	1.045556e-02	4.640038e-02
3.517876e-05	1.413970e-03	1.075815e-02	4.975886e-02
4.045558e-05	1.516314e-03	1.105360e-02	5.336043e-02
4.652391e-05	1.626065e-03	1.136019e-02	5.722269e-02
5.350250e-05	1.743761e-03	1.160339e-02	6.136450e-02
6.152788e-05	1.869975e-03	1.183834e-02	6.580609e-02
7.075706e-05	2.005325e-03	1.205333e-02	7.056917e-02
8.137062e-05	2.150471e-03	1.224313e-02	7.567701e-02
9.357621e-05	2.306124e-03	1.241362e-02	8.115455e-02
1.076126e-04	2.473042e-03	1.253034e-02	8.702856e-02
1.237545e-04	2.652042e-03	1.266260e-02	9.332773e-02
1.423177e-04	2.843998e-03	1.276677e-02	1.000828e-01
1.636654e-04	3.049848e-03	1.282571e-02	1.073269e-01
1.882152e-04	3.270598e-03	1.286663e-02	1.150953e-01
2.164475e-04	3.507326e-03	1.287855e-02	1.234259e-01
2.489146e-04	3.761188e-03	1.287290e-02	1.323596e-01
2.862518e-04	4.033425e-03	1.284073e-02	1.419398e-01
3.291895e-04	4.325366e-03	1.276625e-02	1.522135e-01
3.785680e-04	4.638438e-03	1.266435e-02	1.632308e-01
4.353531e-04	4.974171e-03	1.253616e-02	1.750455e-01
5.006561e-04	5.334204e-03	1.237470e-02	1.877095e-01
5.757545e-04	5.720297e-03	1.218010e-02	2.012739e-01
6.621177e-04	6.134335e-03	1.195385e-02	2.158803e-01
7.614354e-04	6.578341e-03	1.169426e-02	2.315017e-01
8.756507e-04	7.054485e-03	1.140721e-02	2.482592e-01
1.006998e-03	7.565092e-03	1.110304e-02	2.662277e-01
1.158048e-03	8.112658e-03	1.076689e-02	2.854971e-01
1.331755e-03	8.699856e-03	1.038640e-02	3.061612e-01
1.531519e-03	9.329556e-03	1.000438e-02	3.283209e-01
1.761246e-03	1.000483e-02	9.603625e-03	3.520844e-01
2.025433e-03	1.072899e-02	9.204666e-03	3.775681e-01
2.329248e-03	1.150556e-02	8.775579e-03	4.048964e-01
2.678635e-03	1.233834e-02	8.319094e-03	4.342026e-01
3.080431e-03	1.323139e-02	7.880700e-03	4.656299e-01
3.542495e-03	1.418909e-02	7.449077e-03	4.993320e-01
4.073870e-03	1.521610e-02	7.016094e-03	5.354736e-01
4.684950e-03	1.631745e-02	6.558067e-03	5.742312e-01
5.387693e-03	1.749852e-02	6.145919e-03	6.157940e-01
6.195847e-03	1.876507e-02	5.739876e-03	6.603649e-01
7.125224e-03	2.012330e-02	5.332888e-03	7.081620e-01
8.194007e-03	2.157983e-02	4.950525e-03	7.594189e-01
9.423108e-03	2.314179e-02	4.576982e-03	8.143858e-01
1.083657e-02	2.481681e-02	4.263971e-03	8.733310e-01
1.246206e-02	2.661306e-02	3.909243e-03	9.365425e-01
1.433137e-02	2.853933e-02	3.587965e-03	1.004330e+00
1.648108e-02	3.060502e-02	3.349923e-03	1.077023e+00
1.895324e-02	3.282022e-02	3.105223e-03	1.154979e+00
2.179622e-02	3.519577e-02	2.823818e-03	1.238576e+00
2.506566e-02	3.774326e-02	2.551397e-03	1.328224e+00
2.882550e-02	4.047514e-02	2.311489e-03	1.424361e+00
3.314933e-02	4.340475e-02	2.116448e-03	1.527458e+00
3.812173e-02	4.654641e-02	1.904784e-03	1.638012e+00
4.383999e-02	4.991546e-02	1.696346e-03	1.756584e+00
5.041599e-02	5.352373e-02	1.524265e-03	1.883693e+00
5.797838e-02	5.687353e-02	1.375272e-03	2.020644e+00
6.667514e-02	6.039786e-02	1.241158e-03	2.168960e+00
7.667641e-02	6.409334e-02	1.108640e-03	2.329600e+00
8.817787e-02	6.795145e-02	9.979992e-04	2.503772e+00
1.014046e-01	7.195672e-02	9.057080e-04	2.692805e+00
1.166152e-01	7.608441e-02	8.147670e-04	2.898242e+00
1.341075e-01	8.029767e-02	7.218605e-04	3.121883e+00
1.542237e-01	8.454432e-02	6.460445e-04	3.365856e+00
1.773572e-01	8.875336e-02	5.819167e-04	3.632717e+00
2.039608e-01	9.283169e-02	5.241035e-04	3.925579e+00
2.345549e-01	9.666186e-02	4.650912e-04	4.248287e+00
2.697381e-01	1.001021e-01	4.121550e-04	4.605655e+00
3.101989e-01	1.029902e-01	3.668874e-04	5.003786e+00
3.567287e-01	1.051530e-01	3.291441e-04	5.450498e+00
4.102380e-01	1.064222e-01	2.935635e-04	5.955866e+00
4.717737e-01	1.066558e-01	2.576785e-04	6.532948e+00
5.425397e-01	1.057627e-01	2.302286e-04	7.198704e+00
6.239207e-01	1.037234e-01	2.048206e-04	7.975162e+00
7.175088e-01	1.006011e-01	1.814976e-04	8.890868e+00
8.251351e-01	9.653874e-02	1.613950e-04	9.982645e+00
9.489054e-01	9.174132e-02	1.431412e-04	1.129774e+01
1.091241e+00	8.644723e-02	1.291042e-04	1.289634e+01
1.254927e+00	8.089664e-02	1.134719e-04	1.485457e+01
1.443166e+00	7.530330e-02	9.997298e-05	1.726798e+01
1.659641e+00	6.983538e-02	8.934590e-05	2.025568e+01
1.908588e+00	6.460765e-02	7.948684e-05	2.396558e+01
2.194876e+00	5.968410e-02	7.058913e-05	2.858095e+01
2.524107e+00	5.508778e-02	6.219434e-05	3.432928e+01
2.902723e+00	5.081371e-02	5.453885e-05	4.149378e+01
3.338132e+00	4.684135e-02	4.859060e-05	5.042885e+01
3.838852e+00	4.314428e-02	4.305008e-05	6.158010e+01
4.414679e+00	3.969651e-02	3.769262e-05	7.551034e+01
5.076881e+00	3.647568e-02	0.000000e+00	9.293314e+01
5.838413e+00	3.346405e-02	0.000000e+00	1.147558e+02
6.714175e+00	3.064810e-02	0.000000e+00	1.421346e+02
7.721302e+00	2.801762e-02	0.000000e+00	1.765461e+02
8.879497e+00	2.556459e-02	0.000000e+00	2.198758e+02
1.021142e+01	2.336860e-02	0.000000e+00	2.745402e+02
1.174313e+01	2.115509e-02	0.000000e+00	3.435971e+02
1.350460e+01	1.915649e-02	0.000000e+00	4.312352e+02
1.553030e+01	1.736055e-02	0.000000e+00	5.424741e+02
1.785984e+01	1.571760e-02	0.000000e+00	6.836814e+02
2.053882e+01	1.419928e-02	0.000000e+00	8.632555e+02
2.361964e+01	1.281041e-02	0.000000e+00	1.092048e+03
2.716258e+01	1.154912e-02	0.000000e+00	1.383780e+03
3.123697e+01	1.038667e-02	0.000000e+00	1.756304e+03
3.592252e+01	9.305694e-03	0.000000e+00	2.233729e+03
4.131089e+01	8.329663e-03	0.000000e+00	2.846876e+03
4.750753e+01	7.506908e-03	0.000000e+00	3.631818e+03
5.463366e+01	6.757518e-03	0.000000e+00	4.634151e+03
6.282871e+01	6.076247e-03	0.000000e+00	5.915443e+03
7.225301e+01	5.457126e-03	0.000000e+00	7.555214e+03
8.309096e+01	4.896359e-03	0.000000e+00	9.656100e+03
9.555461e+01	4.391163e-03	0.000000e+00	1.234953e+04
1.098878e+02	3.935380e-03	0.000000e+00	1.580447e+04
1.263710e+02	3.521316e-03	0.000000e+00	2.024178e+04
1.453266e+02	3.150483e-03	0.000000e+00	2.594541e+04
1.671256e+02	2.823910e-03	0.000000e+00	3.327052e+04
1.921945e+02	2.532996e-03	0.000000e+00	4.266360e+04
2.210236e+02	2.272306e-03	0.000000e+00	5.470545e+04
2.541772e+02	2.039317e-03	0.000000e+00	7.013922e+04
2.923037e+02	1.831313e-03	0.000000e+00	8.991006e+04
3.361493e+02	1.646008e-03	0.000000e+00	1.152181e+05
3.865717e+02	1.481199e-03	0.000000e+00	1.475812e+05
4.445574e+02	1.334718e-03	0.000000e+00	1.889143e+05
5.112411e+02	1.204704e-03	0.000000e+00	2.416239e+05
5.879272e+02	1.089450e-03	0.000000e+00	3.087195e+05
6.761163e+02	9.874616e-04	0.000000e+00	3.939466e+05
7.775337e+02	8.973656e-04	0.000000e+00	5.019405e+05
8.941638e+02	8.178791e-04	0.000000e+00	6.384020e+05
1.028288e+03	7.478849e-04	0.000000e+00	8.102931e+05
1.182532e+03	6.864044e-04	0.000000e+00	1.026052e+06
1.359911e+03	6.325630e-04	0.000000e+00	1.295822e+06
1.563898e+03	5.855703e-04	0.000000e+00	1.631682e+06
1.798483e+03	5.447034e-04	0.000000e+00	2.047886e+06
2.068255e+03	5.093159e-04	0.000000e+00	2.561080e+06
2.378493e+03	4.788331e-04	0.000000e+00	3.190512e+06
2.735268e+03	4.527499e-04	0.000000e+00	3.958208e+06
3.145558e+03	4.306191e-04	0.000000e+00	4.889105e+06
3.617391e+03	4.120406e-04	0.000000e+00	6.011189e+06
4.160000e+03	3.965741e-04	0.000000e+00	7.355636e+06
4.784000e+03	3.832734e-04	0.000000e+00	8.958723e+06
5.501600e+03	3.725118e-04	0.000000e+00	9.521203e+06
6.326840e+03	3.640181e-04	0.000000e+00	9.521203e+06
7.275866e+03	3.575422e-04	0.000000e+00	9.521203e+06
8.367246e+03	3.528542e-04	0.000000e+00	9.521203e+06
9.622333e+03	3.497465e-04	0.000000e+00	9.521203e+06
