# Energy_MeV	dEdx_Elec_MeV_um	dEdx_Nucl_MeV_um	Range_um
1.000000e-05	1.890943e-03	1.980253e-02	1.216451e-02
1.150000e-05	2.033931e-03	2.135949e-02	1.304498e-02
1.322500e-05	2.187250e-03	2.307994e-02	1.398919e-02
1.520875e-05	2.351651e-03	2.486526e-02	1.500173e-02
1.749006e-05	2.527936e-03	2.670016e-02	1.608757e-02
2.011357e-05	2.716966e-03	2.877914e-02	1.725199e-02
2.313061e-05	2.919665e-03	3.078409e-02	1.850070e-02
2.660020e-05	3.137024e-03	3.299739e-02	1.983979e-02
3.059023e-05	3.370104e-03	3.529672e-02	2.127581e-02
3.517876e-05	3.620044e-03	3.765588e-02	2.281576e-02
4.045558e-05	3.888066e-03	4.009367e-02	2.446718e-02
4.652391e-05	4.175478e-03	4.250073e-02	2.623812e-02
5.350250e-05	4.483684e-03	4.508432e-02	2.813725e-02
6.152788e-05	4.814191e-03	4.764239e-02	3.017384e-02
7.075706e-05	5.168614e-03	5.025438e-02	3.235784e-02
8.137062e-05	5.548683e-03	5.273559e-02	3.469992e-02
9.357621e-05	5.956255e-03	5.537764e-02	3.721152e-02
1.076126e-04	6.393322e-03	5.805142e-02	3.990491e-02
1.237545e-04	6.862019e-03	6.048947e-02	4.279325e-02
1.423177e-04	7.364635e-03	6.319870e-02	4.589064e-02
1.636654e-04	7.903626e-03	6.542420e-02	4.921223e-02
1.882152e-04	8.481625e-03	6.786967e-02	5.277424e-02
2.164475e-04	9.101457e-03	7.020391e-02	5.659407e-02
2.489146e-04	9.766148e-03	7.223886e-02	6.069038e-02
2.862518e-04	1.047895e-02	7.449247e-02	6.508318e-02
3.291895e-04	1.124333e-02	7.632664e-02	6.979393e-02
3.785680e-04	1.206305e-02	7.813177e-02	7.484565e-02
4.353531e-04	1.294209e-02	7.971969e-02	8.026302e-02
5.006561e-04	1.388475e-02	8.117022e-02	8.607250e-02
5.757545e-04	1.489564e-02	8.253782e-02	9.230247e-02
6.621177e-04	1.597970e-02	8.360965e-02	9.898338e-02
7.614354e-04	1.714222e-02	8.457397e-02	1.061478e-01
8.756507e-04	1.838888e-02	8.533797e-02	1.138309e-01
1.006998e-03	1.972577e-02	8.610934e-02	1.220700e-01
1.158048e-03	2.115943e-02	8.651215e-02	1.309055e-01
1.331755e-03	2.269686e-02	8.687290e-02	1.403805e-01
1.531519e-03	2.434556e-02	8.703561e-02	1.504864e-01
1.761246e-03	2.611360e-02	8.693919e-02	1.614090e-01
2.025433e-03	2.800960e-02	8.678660e-02	1.731279e-01
2.329248e-03	3.004284e-02	8.629426e-02	1.856571e-01
2.678635e-03	3.222324e-02	8.567769e-02	1.990951e-01
3.080431e-03	3.456147e-02	8.485765e-02	2.135056e-01
3.542495e-03	3.706893e-02	8.378010e-02	2.289589e-01
4.073870e-03	3.975788e-02	8.250703e-02	2.455307e-01
4.684950e-03	4.264146e-02	8.101077e-02	2.633020e-01
5.387693e-03	4.573376e-02	7.928408e-02	2.823596e-01
6.195847e-03	4.904987e-02	7.738234e-02	3.027967e-01
7.125224e-03	5.260601e-02	7.526919e-02	3.247130e-01
8.194007e-03	5.641954e-02	7.306459e-02	3.482156e-01
9.423108e-03	6.050910e-02	7.058580e-02	3.734192e-01
1.083657e-02	6.489466e-02	6.796031e-02	4.004472e-01
1.246206e-02	6.959765e-02	6.530829e-02	4.294316e-01
1.433137e-02	7.464104e-02	6.236645e-02	4.605138e-01
1.648108e-02	8.004948e-02	5.967117e-02	4.938456e-01
1.895324e-02	8.584938e-02	5.663115e-02	5.295900e-01
2.179622e-02	9.206908e-02	5.362241e-02	5.679218e-01
2.506566e-02	9.873897e-02	5.073954e-02	6.090281e-01
2.882550e-02	1.058916e-01	4.755006e-02	6.531095e-01
3.314933e-02	1.135620e-01	4.469762e-02	7.003814e-01
3.812173e-02	1.217875e-01	4.176537e-02	7.510751e-01
4.383999e-02	1.306085e-01	3.901118e-02	8.054382e-01
5.041599e-02	1.400679e-01	3.630796e-02	8.637360e-01
5.797838e-02	1.502119e-01	3.359647e-02	9.262532e-01
6.667514e-02	1.610902e-01	3.117478e-02	9.932953e-01
7.667641e-02	1.727559e-01	2.883602e-02	1.065190e+00
8.817787e-02	1.852659e-01	2.665926e-02	1.142289e+00
1.014046e-01	1.986814e-01	2.432023e-02	1.224969e+00
1.166152e-01	2.130680e-01	2.266608e-02	1.313630e+00
1.341075e-01	2.284958e-01	2.096494e-02	1.408716e+00
1.542237e-01	2.450405e-01	1.921637e-02	1.510678e+00
1.773572e-01	2.627832e-01	1.764242e-02	1.620671e+00
2.039608e-01	2.818102e-01	1.583239e-02	1.739804e+00
2.345549e-01	3.022144e-01	1.436657e-02	1.868858e+00
2.697381e-01	3.240954e-01	1.281620e-02	2.008802e+00
3.101989e-01	3.475600e-01	1.145460e-02	2.154930e+00
3.567287e-01	3.727218e-01	1.033716e-02	2.273518e+00
4.102380e-01	3.928488e-01	9.291756e-03	2.393284e+00
4.717737e-01	4.121233e-01	8.414848e-03	2.513775e+00
5.425397e-01	4.418360e-01	7.540273e-03	2.634632e+00
6.239207e-01	4.729043e-01	6.795594e-03	2.755775e+00
7.175088e-01	5.030338e-01	6.105266e-03	2.877495e+00
8.251351e-01	5.300116e-01	5.513242e-03	3.000528e+00
9.489054e-01	5.571776e-01	4.925207e-03	3.126245e+00
1.091241e+00	5.789732e-01	4.405697e-03	3.256708e+00
1.254927e+00	5.995517e-01	3.968248e-03	3.394829e+00
1.443166e+00	6.168611e-01	3.497615e-03	3.544520e+00
1.659641e+00	6.280211e-01	3.166973e-03	3.710846e+00
1.908588e+00	6.379905e-01	2.805398e-03	3.900191e+00
2.194876e+00	6.475799e-01	2.501834e-03	4.120469e+00
2.524107e+00	6.548982e-01	2.244010e-03	4.381322e+00
2.902723e+00	6.591578e-01	1.965030e-03	4.694392e+00
3.338132e+00	6.595474e-01	1.758043e-03	5.073601e+00
3.838852e+00	6.582455e-01	1.555969e-03	5.535487e+00
4.414679e+00	6.530076e-01	1.388102e-03	6.099620e+00
5.076881e+00	6.455238e-01	1.233209e-03	6.789142e+00
5.838413e+00	6.356210e-01	1.088895e-03	7.631528e+00
6.714175e+00	6.220593e-01	9.731489e-04	8.659682e+00
7.721302e+00	6.060252e-01	8.658037e-04	9.913484e+00
8.879497e+00	5.870193e-01	7.738634e-04	1.144202e+01
1.021142e+01	5.656850e-01	6.777400e-04	1.330658e+01
1.174313e+01	5.415166e-01	6.091598e-04	1.558475e+01
1.350460e+01	5.164308e-01	5.353861e-04	1.837587e+01
1.553030e+01	4.896716e-01	4.747371e-04	2.180813e+01
1.785984e+01	4.635811e-01	4.232934e-04	2.604791e+01
2.053882e+01	4.350123e-01	3.688737e-04	3.131155e+01
2.361964e+01	4.030593e-01	3.312649e-04	3.788065e+01
2.716258e+01	3.745988e-01	2.901564e-04	4.612085e+01
3.123697e+01	3.699424e-01	2.553405e-04	5.650359e+01
3.592252e+01	3.370357e-01	2.253904e-04	6.963838e+01
4.131089e+01	3.067073e-01	1.980790e-04	8.635679e+01
4.750753e+01	2.784895e-01	1.761005e-04	1.076358e+02
5.463366e+01	2.521171e-01	1.545994e-04	1.347450e+02
6.282871e+01	2.274961e-01	1.371139e-04	1.693393e+02
7.225301e+01	2.048614e-01	1.211348e-04	2.135418e+02
8.309096e+01	1.842668e-01	1.076993e-04	2.700291e+02
9.555461e+01	1.652146e-01	9.447622e-05	3.423035e+02
1.098878e+02	1.477229e-01	8.339387e-05	4.350843e+02
1.263710e+02	1.321175e-01	7.402079e-05	5.542982e+02
1.453266e+02	1.188891e-01	6.408511e-05	7.068638e+02
1.671256e+02	1.068697e-01	5.740620e-05	9.017434e+02
1.921945e+02	9.597595e-02	5.000192e-05	1.150951e+03
2.210236e+02	8.611088e-02	4.410781e-05	1.469978e+03
2.541772e+02	7.720059e-02	0.000000e+00	1.878810e+03
2.923037e+02	6.919393e-02	0.000000e+00	2.403020e+03
3.361493e+02	6.196535e-02	0.000000e+00	3.075572e+03
3.865717e+02	5.542556e-02	0.000000e+00	3.939571e+03
4.445574e+02	4.957590e-02	0.000000e+00	5.050140e+03
5.112411e+02	4.444762e-02	0.000000e+00	6.476055e+03
5.879272e+02	3.986301e-02	0.000000e+00	8.304277e+03
6.761163e+02	3.575788e-02	0.000000e+00	1.064807e+04
7.775337e+02	3.209157e-02	0.000000e+00	1.365182e+04
8.941638e+02	2.882053e-02	0.000000e+00	1.749926e+04
1.028288e+03	2.590852e-02	0.000000e+00	2.242353e+04
1.182532e+03	2.331960e-02	0.000000e+00	2.871931e+04
1.359911e+03	2.101971e-02	0.000000e+00	3.675822e+04
1.563898e+03	1.897869e-02	0.000000e+00	4.700695e+04
1.798483e+03	1.716920e-02	0.000000e+00	6.004857e+04
2.068255e+03	1.556874e-02	0.000000e+00	7.660819e+04
2.378493e+03	1.415550e-02	0.000000e+00	9.758226e+04
2.735268e+03	1.290851e-02	0.000000e+00	1.240721e+05
3.145558e+03	1.181056e-02	0.000000e+00	1.574211e+05
3.617391e+03	1.084672e-02	0.000000e+00	1.992553e+05
4.160000e+03	1.000313e-02	0.000000e+00	2.515263e+05
4.784000e+03	9.267270e-03	0.000000e+00	3.165550e+05
5.501600e+03	8.627952e-03	0.000000e+00	3.970751e+05
6.326840e+03	8.074896e-03	0.000000e+00	4.962747e+05
7.275866e+03	7.598832e-03	0.000000e+00	6.178334e+05
8.367246e+03	7.191941e-03	0.000000e+00	7.659541e+05
9.622333e+03	6.847319e-03	0.000000e+00	9.453889e+05
