# Energy_MeV	dEdx_Elec_MeV_um	dEdx_Nucl_MeV_um	Range_um
1.000000e-05	2.457775e-03	3.220016e-02	4.667301e-03
1.150000e-05	2.659814e-03	3.530615e-02	5.005123e-03
1.322500e-05	2.876267e-03	3.875396e-02	5.367396e-03
1.520875e-05	3.108195e-03	4.245328e-02	5.755891e-03
1.749006e-05	3.356736e-03	4.654739e-02	6.172506e-03
2.011357e-05	3.623109e-03	5.091036e-02	6.619275e-03
2.313061e-05	3.908616e-03	5.568334e-02	7.098382e-03
2.660020e-05	4.214655e-03	6.074283e-02	7.612166e-03
3.059023e-05	4.542723e-03	6.619689e-02	8.163139e-03
3.517876e-05	4.894425e-03	7.208426e-02	8.753991e-03
4.045558e-05	5.271481e-03	7.834743e-02	9.387610e-03
4.652391e-05	5.675733e-03	8.522080e-02	1.006709e-02
5.350250e-05	6.109157e-03	9.213019e-02	1.079575e-02
6.152788e-05	6.573873e-03	9.984070e-02	1.157715e-02
7.075706e-05	7.072150e-03	1.081389e-01	1.241511e-02
8.137062e-05	7.606424e-03	1.166369e-01	1.331373e-02
9.357621e-05	8.179306e-03	1.262420e-01	1.427738e-02
1.076126e-04	8.793595e-03	1.353365e-01	1.531079e-02
1.237545e-04	9.452292e-03	1.456247e-01	1.641899e-02
1.423177e-04	1.015862e-02	1.564654e-01	1.760740e-02
1.636654e-04	1.091602e-02	1.674141e-01	1.888184e-02
1.882152e-04	1.172819e-02	1.796730e-01	2.024851e-02
2.164475e-04	1.259912e-02	1.914077e-01	2.171411e-02
2.489146e-04	1.353304e-02	2.041854e-01	2.328579e-02
2.862518e-04	1.453453e-02	2.170479e-01	2.497123e-02
3.291895e-04	1.560848e-02	2.298685e-01	2.677866e-02
3.785680e-04	1.676013e-02	2.437409e-01	2.871691e-02
4.353531e-04	1.799510e-02	2.569351e-01	3.079546e-02
5.006561e-04	1.931944e-02	2.706186e-01	3.302445e-02
5.757545e-04	2.073962e-02	2.837364e-01	3.541478e-02
6.621177e-04	2.226256e-02	2.975862e-01	3.797812e-02
7.614354e-04	2.389571e-02	3.109916e-01	4.072699e-02
8.756507e-04	2.564706e-02	3.249496e-01	4.367483e-02
1.006998e-03	2.752515e-02	3.376091e-01	4.683604e-02
1.158048e-03	2.953916e-02	3.498113e-01	5.022606e-02
1.331755e-03	3.169893e-02	3.621767e-01	5.386145e-02
1.531519e-03	3.401501e-02	3.735572e-01	5.775997e-02
1.761246e-03	3.649871e-02	3.852559e-01	6.194067e-02
2.025433e-03	3.916218e-02	3.954623e-01	6.642396e-02
2.329248e-03	4.201841e-02	4.054720e-01	7.123177e-02
2.678635e-03	4.508137e-02	4.140194e-01	7.638756e-02
3.080431e-03	4.836602e-02	4.219451e-01	8.191653e-02
3.542495e-03	5.188841e-02	4.291837e-01	8.784021e-02
4.073870e-03	5.566574e-02	4.353175e-01	9.420718e-02
4.684950e-03	5.971647e-02	4.412858e-01	1.010241e-01
5.387693e-03	6.406038e-02	4.452306e-01	1.083372e-01
6.195847e-03	6.871870e-02	4.491542e-01	1.161783e-01
7.125224e-03	7.371418e-02	4.522980e-01	1.245872e-01
8.194007e-03	7.907124e-02	4.541870e-01	1.336047e-01
9.423108e-03	8.481603e-02	4.559584e-01	1.432750e-01
1.083657e-02	9.097664e-02	4.555731e-01	1.536451e-01
1.246206e-02	9.758314e-02	4.549288e-01	1.647658e-01
1.433137e-02	1.046678e-01	4.531992e-01	1.766914e-01
1.648108e-02	1.122653e-01	4.502497e-01	1.894803e-01
1.895324e-02	1.204127e-01	4.465846e-01	2.031949e-01
2.179622e-02	1.291498e-01	4.413460e-01	2.179020e-01
2.506566e-02	1.385192e-01	4.351958e-01	2.336736e-01
2.882550e-02	1.485669e-01	4.278155e-01	2.505869e-01
3.314933e-02	1.593418e-01	4.193551e-01	2.687244e-01
3.812173e-02	1.708965e-01	4.096794e-01	2.881747e-01
4.383999e-02	1.832877e-01	3.991077e-01	3.090327e-01
5.041599e-02	1.965756e-01	3.876694e-01	3.314004e-01
5.797838e-02	2.108254e-01	3.754433e-01	3.553872e-01
6.667514e-02	2.261066e-01	3.620123e-01	3.811102e-01
7.667641e-02	2.424939e-01	3.481476e-01	4.086950e-01
8.817787e-02	2.600672e-01	3.330587e-01	4.382763e-01
1.014046e-01	2.789125e-01	3.184926e-01	4.699987e-01
1.166152e-01	2.991219e-01	3.034069e-01	5.040174e-01
1.341075e-01	3.207940e-01	2.876078e-01	5.404984e-01
1.542237e-01	3.440348e-01	2.722209e-01	5.796197e-01
1.773572e-01	3.689577e-01	2.557435e-01	6.215725e-01
2.039608e-01	3.956846e-01	2.405079e-01	6.665622e-01
2.345549e-01	4.243460e-01	2.246134e-01	7.148076e-01
2.697381e-01	4.550819e-01	2.101060e-01	7.665501e-01
3.101989e-01	4.880424e-01	1.958687e-01	8.220152e-01
3.567287e-01	5.233908e-01	1.816945e-01	8.816740e-01
4.102380e-01	5.612983e-01	1.687023e-01	9.462549e-01
4.717737e-01	6.019495e-01	1.551752e-01	1.016192e+00
5.425397e-01	6.455431e-01	1.442275e-01	1.092007e+00
6.239207e-01	6.922921e-01	1.325393e-01	1.174268e+00
7.175088e-01	7.424249e-01	1.215901e-01	1.263638e+00
8.251351e-01	7.930570e-01	1.129597e-01	1.360888e+00
9.489054e-01	8.409857e-01	1.040809e-01	1.466925e+00
1.091241e+00	9.088625e-01	9.637021e-02	1.519610e+00
1.254927e+00	9.949733e-01	8.750296e-02	1.546709e+00
1.443166e+00	1.087591e+00	7.794889e-02	1.572119e+00
1.659641e+00	1.191064e+00	7.010593e-02	1.596285e+00
1.908588e+00	1.303851e+00	6.224468e-02	1.619907e+00
2.194876e+00	1.426366e+00	5.650348e-02	1.643881e+00
2.524107e+00	1.563132e+00	5.076241e-02	1.669331e+00
2.902723e+00	1.704484e+00	4.574403e-02	1.697649e+00
3.338132e+00	1.852279e+00	4.134837e-02	1.730525e+00
3.838852e+00	1.997825e+00	3.700908e-02	1.769977e+00
4.414679e+00	2.154666e+00	3.336996e-02	1.818370e+00
5.076881e+00	2.326106e+00	2.996354e-02	1.878442e+00
5.838413e+00	2.473637e+00	2.701583e-02	1.953296e+00
6.714175e+00	2.620090e+00	2.417055e-02	2.046458e+00
7.721302e+00	2.758329e+00	2.169569e-02	2.161843e+00
8.879497e+00	2.875941e+00	1.916778e-02	2.303777e+00
1.021142e+01	2.995080e+00	1.723893e-02	2.477033e+00
1.174313e+01	3.101342e+00	1.542081e-02	2.686883e+00
1.350460e+01	3.201028e+00	1.373037e-02	2.939271e+00
1.553030e+01	3.292500e+00	1.228685e-02	3.241007e+00
1.785984e+01	3.359228e+00	1.079589e-02	3.600109e+00
2.053882e+01	3.421460e+00	9.647138e-03	4.026250e+00
2.361964e+01	3.461968e+00	8.507735e-03	4.531309e+00
2.716258e+01	3.486562e+00	7.590435e-03	5.130051e+00
3.123697e+01	3.496937e+00	6.758807e-03	5.840955e+00
3.592252e+01	3.472605e+00	5.981579e-03	6.687226e+00
4.131089e+01	3.439821e+00	5.347169e-03	7.698059e+00
4.750753e+01	3.397948e+00	4.704690e-03	8.910254e+00
5.463366e+01	3.337613e+00	4.238245e-03	1.037006e+01
6.282871e+01	3.260430e+00	3.755300e-03	1.213646e+01
7.225301e+01	3.636368e+00	3.324778e-03	1.428112e+01
8.309096e+01	3.425355e+00	2.953487e-03	1.690525e+01
9.555461e+01	3.217029e+00	2.579962e-03	2.012919e+01
1.098878e+02	3.010057e+00	2.321003e-03	2.409487e+01
1.263710e+02	2.804611e+00	2.047017e-03	2.899572e+01
1.453266e+02	2.604216e+00	1.809569e-03	3.508137e+01
1.671256e+02	2.411994e+00	1.602613e-03	4.266526e+01
1.921945e+02	2.225625e+00	1.397410e-03	5.215094e+01
2.210236e+02	2.044729e+00	1.241285e-03	6.408801e+01
2.541772e+02	1.873233e+00	1.090746e-03	7.919338e+01
2.923037e+02	1.721609e+00	9.630480e-04	9.830120e+01
3.361493e+02	1.581464e+00	8.546956e-04	1.224313e+02
3.865717e+02	1.448203e+00	7.510249e-04	1.529921e+02
4.445574e+02	1.322021e+00	6.652744e-04	1.918214e+02
5.112411e+02	1.203501e+00	5.881622e-04	2.412985e+02
5.879272e+02	1.092959e+00	5.217452e-04	3.044842e+02
6.761163e+02	9.905003e-01	4.595435e-04	3.853135e+02
7.775337e+02	8.947085e-01	4.068570e-04	4.889323e+02
8.941638e+02	8.068037e-01	3.525702e-04	6.220139e+02
1.028288e+03	7.273951e-01	3.138253e-04	7.929528e+02
1.182532e+03	6.557652e-01	2.765305e-04	1.012249e+03
1.359911e+03	5.905344e-01	2.429149e-04	1.293509e+03
1.563898e+03	5.316300e-01	2.147796e-04	1.654258e+03
1.798483e+03	4.787116e-01	1.853598e-04	2.116751e+03
2.068255e+03	4.311015e-01	1.639174e-04	2.709273e+03
2.378493e+03	3.883219e-01	1.423360e-04	3.467604e+03
2.735268e+03	3.501988e-01	1.254043e-04	4.436881e+03
3.145558e+03	3.163167e-01	1.103115e-04	5.673875e+03
3.617391e+03	2.861264e-01	9.611997e-05	7.249617e+03
4.160000e+03	2.593301e-01	8.501448e-05	9.252593e+03
4.784000e+03	2.356716e-01	7.369040e-05	1.179244e+04
5.501600e+03	2.147663e-01	6.567690e-05	1.500418e+04
6.326840e+03	1.963177e-01	5.741717e-05	1.905300e+04
7.275866e+03	1.801309e-01	5.017280e-05	2.413942e+04
8.367246e+03	1.659497e-01	0.000000e+00	3.050496e+04
9.622333e+03	1.535131e-01	0.000000e+00	3.843790e+04
