# Energy_MeV	dEdx_Elec_MeV_um	dEdx_Nucl_MeV_um	Range_um
1.000000e-05	2.155928e-03	3.033402e-02	6.275537e-03
1.150000e-05	2.326718e-03	3.327454e-02	6.729763e-03
1.322500e-05	2.509780e-03	3.636791e-02	7.216867e-03
1.520875e-05	2.706010e-03	3.979198e-02	7.739228e-03
1.749006e-05	2.916367e-03	4.339257e-02	8.299397e-03
2.011357e-05	3.141882e-03	4.726478e-02	8.900112e-03
2.313061e-05	3.383655e-03	5.149357e-02	9.544307e-03
2.660020e-05	3.642869e-03	5.593296e-02	1.023513e-02
3.059023e-05	3.920792e-03	6.083845e-02	1.097595e-02
3.517876e-05	4.218780e-03	6.574776e-02	1.177040e-02
4.045558e-05	4.538291e-03	7.125328e-02	1.262235e-02
4.652391e-05	4.880886e-03	7.712757e-02	1.353596e-02
5.350250e-05	5.248239e-03	8.323016e-02	1.451570e-02
6.152788e-05	5.642145e-03	8.999347e-02	1.556635e-02
7.075706e-05	6.064528e-03	9.650780e-02	1.669305e-02
8.137062e-05	6.517453e-03	1.038409e-01	1.790130e-02
9.357621e-05	7.003131e-03	1.114967e-01	1.919701e-02
1.076126e-04	7.523936e-03	1.193585e-01	2.058650e-02
1.237545e-04	8.082413e-03	1.279777e-01	2.207656e-02
1.423177e-04	8.681290e-03	1.364049e-01	2.367447e-02
1.636654e-04	9.323492e-03	1.454176e-01	2.538805e-02
1.882152e-04	1.001216e-02	1.545269e-01	2.722565e-02
2.164475e-04	1.075065e-02	1.636781e-01	2.919625e-02
2.489146e-04	1.154258e-02	1.734135e-01	3.130949e-02
2.862518e-04	1.239181e-02	1.828876e-01	3.357569e-02
3.291895e-04	1.330250e-02	1.924189e-01	3.600592e-02
3.785680e-04	1.427908e-02	2.018360e-01	3.861204e-02
4.353531e-04	1.532634e-02	2.116749e-01	4.140680e-02
5.006561e-04	1.644939e-02	2.210408e-01	4.440385e-02
5.757545e-04	1.765372e-02	2.310593e-01	4.761783e-02
6.621177e-04	1.894521e-02	2.397482e-01	5.106443e-02
7.614354e-04	2.033016e-02	2.485054e-01	5.476050e-02
8.756507e-04	2.181535e-02	2.572485e-01	5.872409e-02
1.006998e-03	2.340803e-02	2.651465e-01	6.297457e-02
1.158048e-03	2.511598e-02	2.735412e-01	6.753271e-02
1.331755e-03	2.694755e-02	2.805346e-01	7.242076e-02
1.531519e-03	2.891168e-02	2.876348e-01	7.766261e-02
1.761246e-03	3.101796e-02	2.936098e-01	8.328387e-02
2.025433e-03	3.327670e-02	2.990780e-01	8.931201e-02
2.329248e-03	3.569892e-02	3.042733e-01	9.577646e-02
2.678635e-03	3.829645e-02	3.084470e-01	1.027088e-01
3.080431e-03	4.108200e-02	3.125922e-01	1.101415e-01
3.542495e-03	4.406915e-02	3.153273e-01	1.180989e-01
4.073870e-03	4.727252e-02	3.180633e-01	1.266688e-01
4.684950e-03	5.070774e-02	3.201691e-01	1.358347e-01
5.387693e-03	5.439160e-02	3.215208e-01	1.456673e-01
6.195847e-03	5.834210e-02	3.225988e-01	1.562104e-01
7.125224e-03	6.257853e-02	3.223180e-01	1.675168e-01
8.194007e-03	6.712160e-02	3.217938e-01	1.796416e-01
9.423108e-03	7.199349e-02	3.204621e-01	1.926439e-01
1.083657e-02	7.721802e-02	3.183396e-01	2.065872e-01
1.246206e-02	8.282069e-02	3.156210e-01	2.215399e-01
1.433137e-02	8.882888e-02	3.118558e-01	2.375749e-01
1.648108e-02	9.527195e-02	3.074085e-01	2.547705e-01
1.895324e-02	1.021814e-01	3.021129e-01	2.732106e-01
2.179622e-02	1.095909e-01	2.960299e-01	2.929855e-01
2.506566e-02	1.175367e-01	2.891281e-01	3.141918e-01
2.882550e-02	1.260577e-01	2.815341e-01	3.369330e-01
3.314933e-02	1.351954e-01	2.734405e-01	3.613201e-01
3.812173e-02	1.449945e-01	2.646599e-01	3.874723e-01
4.383999e-02	1.555028e-01	2.550622e-01	4.155175e-01
5.041599e-02	1.667718e-01	2.452764e-01	4.455928e-01
5.797838e-02	1.788564e-01	2.344419e-01	4.778448e-01
6.667514e-02	1.918157e-01	2.242989e-01	5.124312e-01
7.667641e-02	2.057130e-01	2.134687e-01	5.495209e-01
8.817787e-02	2.206162e-01	2.022386e-01	5.892953e-01
1.014046e-01	2.365980e-01	1.914625e-01	6.319487e-01
1.166152e-01	2.537367e-01	1.796343e-01	6.776893e-01
1.341075e-01	2.721159e-01	1.690574e-01	7.267404e-01
1.542237e-01	2.918253e-01	1.578221e-01	7.793419e-01
1.773572e-01	3.129614e-01	1.475225e-01	8.357510e-01
2.039608e-01	3.356273e-01	1.375933e-01	8.962434e-01
2.345549e-01	3.599337e-01	1.274170e-01	9.611118e-01
2.697381e-01	3.859995e-01	1.184112e-01	1.030684e+00
3.101989e-01	4.139519e-01	1.089473e-01	1.105266e+00
3.567287e-01	4.439292e-01	1.012075e-01	1.185618e+00
4.102380e-01	4.760763e-01	9.294681e-02	1.272637e+00
4.717737e-01	5.105502e-01	8.545063e-02	1.366887e+00
5.425397e-01	5.475193e-01	7.926332e-02	1.469075e+00
6.239207e-01	5.871643e-01	7.308813e-02	1.579981e+00
7.175088e-01	6.296789e-01	6.754804e-02	1.700511e+00
8.251351e-01	6.714200e-01	6.117694e-02	1.776111e+00
9.489054e-01	7.143184e-01	5.462079e-02	1.833574e+00
1.091241e+00	7.788628e-01	4.899700e-02	1.889461e+00
1.254927e+00	8.545954e-01	4.364076e-02	1.943872e+00
1.443166e+00	9.355907e-01	3.952022e-02	1.997086e+00
1.659641e+00	1.023089e+00	3.554993e-02	2.049624e+00
1.908588e+00	1.118822e+00	3.203183e-02	2.102287e+00
2.194876e+00	1.216863e+00	2.892255e-02	2.156220e+00
2.524107e+00	1.322756e+00	2.593228e-02	2.212956e+00
2.902723e+00	1.427578e+00	2.332058e-02	2.274482e+00
3.338132e+00	1.523097e+00	2.099789e-02	2.343264e+00
3.838852e+00	1.615892e+00	1.888303e-02	2.422360e+00
4.414679e+00	1.711865e+00	1.688079e-02	2.515439e+00
5.076881e+00	1.809210e+00	1.517764e-02	2.626822e+00
5.838413e+00	1.892047e+00	1.336425e-02	2.761549e+00
6.714175e+00	1.965433e+00	1.207307e-02	2.925400e+00
7.721302e+00	2.037605e+00	1.076890e-02	3.124973e+00
8.879497e+00	2.089914e+00	9.583475e-03	3.367714e+00
1.021142e+01	2.142337e+00	8.591596e-03	3.662015e+00
1.174313e+01	2.188819e+00	7.522104e-03	4.017401e+00
1.350460e+01	2.223084e+00	6.746096e-03	4.444821e+00
1.553030e+01	2.252930e+00	5.945157e-03	4.957100e+00
1.785984e+01	2.264343e+00	5.300195e-03	5.569596e+00
2.053882e+01	2.269398e+00	4.728156e-03	6.301059e+00
2.361964e+01	2.263889e+00	4.170352e-03	7.174738e+00
2.716258e+01	2.244165e+00	3.737851e-03	8.219758e+00
3.123697e+01	2.215895e+00	3.290394e-03	9.472846e+00
3.592252e+01	2.172191e+00	2.963519e-03	1.098050e+01
4.131089e+01	2.121690e+00	2.624044e-03	1.280168e+01
4.750753e+01	2.063347e+00	2.326996e-03	1.501139e+01
5.463366e+01	1.995216e+00	2.060678e-03	1.770480e+01
6.282871e+01	2.181364e+00	1.807713e-03	2.100345e+01
7.225301e+01	2.028403e+00	1.621970e-03	2.505936e+01
8.309096e+01	1.889391e+00	1.429898e-03	3.008589e+01
9.555461e+01	1.754349e+00	1.266186e-03	3.632966e+01
1.098878e+02	1.623436e+00	1.117744e-03	4.410266e+01
1.263710e+02	1.495938e+00	9.778883e-04	5.382105e+01
1.453266e+02	1.374119e+00	8.658534e-04	6.602302e+01
1.671256e+02	1.259065e+00	7.623199e-04	8.138733e+01
1.921945e+02	1.149164e+00	6.729804e-04	1.008013e+02
2.210236e+02	1.044353e+00	5.965446e-04	1.254736e+02
2.541772e+02	9.467061e-01	5.254325e-04	1.569492e+02
2.923037e+02	8.626562e-01	4.638992e-04	1.970258e+02
3.361493e+02	7.844514e-01	4.116001e-04	2.479881e+02
3.865717e+02	7.114754e-01	3.639547e-04	3.129489e+02
4.445574e+02	6.436708e-01	3.202812e-04	3.959396e+02
5.112411e+02	5.810878e-01	2.841691e-04	5.021737e+02
5.879272e+02	5.237681e-01	2.452321e-04	6.383362e+02
6.761163e+02	4.713451e-01	2.195046e-04	8.130294e+02
7.775337e+02	4.231661e-01	1.927552e-04	1.037504e+03
8.941638e+02	3.796181e-01	1.692320e-04	1.326225e+03
1.028288e+03	3.410006e-01	1.499617e-04	1.697287e+03
1.182532e+03	3.063716e-01	1.289058e-04	2.173425e+03
1.359911e+03	2.751295e-01	1.144578e-04	2.784194e+03
1.563898e+03	2.471151e-01	9.930505e-05	3.567406e+03
1.798483e+03	2.220735e-01	8.741985e-05	4.571122e+03
2.068255e+03	1.996997e-01	7.706519e-05	5.856350e+03
2.378493e+03	1.797454e-01	6.697140e-05	7.500231e+03
2.735268e+03	1.620146e-01	5.934092e-05	9.600065e+03
3.145558e+03	1.462760e-01	5.146088e-05	1.227815e+04
3.617391e+03	1.323035e-01	4.585828e-05	1.568739e+04
4.160000e+03	1.199383e-01	0.000000e+00	2.001813e+04
4.784000e+03	1.090243e-01	0.000000e+00	2.550594e+04
5.501600e+03	9.939076e-02	0.000000e+00	3.244054e+04
6.326840e+03	9.090640e-02	0.000000e+00	4.117582e+04
7.275866e+03	8.346341e-02	0.000000e+00	5.214069e+04
8.367246e+03	7.694141e-02	0.000000e+00	6.585076e+04
9.622333e+03	7.123425e-02	0.000000e+00	8.292018e+04
