# Energy_MeV	dEdx_Elec_MeV_um	dEdx_Nucl_MeV_um	Range_um
1.000000e-05	2.008300e-03	3.203082e-02	6.169974e-03
1.150000e-05	2.167675e-03	3.506789e-02	6.616560e-03
1.322500e-05	2.338498e-03	3.847379e-02	7.095470e-03
1.520875e-05	2.521605e-03	4.223169e-02	7.609044e-03
1.749006e-05	2.717893e-03	4.623482e-02	8.159790e-03
2.011357e-05	2.928322e-03	5.068408e-02	8.750400e-03
2.313061e-05	3.153919e-03	5.534856e-02	9.383759e-03
2.660020e-05	3.395789e-03	6.046760e-02	1.006296e-02
3.059023e-05	3.655113e-03	6.598364e-02	1.079132e-02
3.517876e-05	3.933159e-03	7.176746e-02	1.157240e-02
4.045558e-05	4.231285e-03	7.816750e-02	1.241002e-02
4.652391e-05	4.550948e-03	8.488655e-02	1.330826e-02
5.350250e-05	4.893711e-03	9.204679e-02	1.427152e-02
6.152788e-05	5.261249e-03	9.965023e-02	1.530450e-02
7.075706e-05	5.655356e-03	1.078367e-01	1.641225e-02
8.137062e-05	6.077959e-03	1.165692e-01	1.760018e-02
9.357621e-05	6.531122e-03	1.261293e-01	1.887409e-02
1.076126e-04	7.017059e-03	1.355768e-01	2.024021e-02
1.237545e-04	7.538145e-03	1.457917e-01	2.170520e-02
1.423177e-04	8.096925e-03	1.565376e-01	2.327624e-02
1.636654e-04	8.696129e-03	1.678289e-01	2.496098e-02
1.882152e-04	9.338684e-03	1.801019e-01	2.676767e-02
2.164475e-04	1.002773e-02	1.921502e-01	2.870513e-02
2.489146e-04	1.076663e-02	2.053557e-01	3.078283e-02
2.862518e-04	1.155900e-02	2.181629e-01	3.301090e-02
3.291895e-04	1.240871e-02	2.314094e-01	3.540025e-02
3.785680e-04	1.331991e-02	2.453287e-01	3.796254e-02
4.353531e-04	1.429705e-02	2.589701e-01	4.071029e-02
5.006561e-04	1.534490e-02	2.737669e-01	4.365692e-02
5.757545e-04	1.646859e-02	2.866334e-01	4.681683e-02
6.621177e-04	1.767359e-02	3.005628e-01	5.020546e-02
7.614354e-04	1.896581e-02	3.150304e-01	5.383935e-02
8.756507e-04	2.035155e-02	3.287360e-01	5.773627e-02
1.006998e-03	2.183759e-02	3.429989e-01	6.191526e-02
1.158048e-03	2.343117e-02	3.549918e-01	6.639672e-02
1.331755e-03	2.514010e-02	3.675808e-01	7.120255e-02
1.531519e-03	2.697271e-02	3.801426e-01	7.635622e-02
1.761246e-03	2.893796e-02	3.916495e-01	8.188293e-02
2.025433e-03	3.104545e-02	4.031585e-01	8.780966e-02
2.329248e-03	3.330547e-02	4.129882e-01	9.416537e-02
2.678635e-03	3.572908e-02	4.224898e-01	1.009811e-01
3.080431e-03	3.832810e-02	4.311912e-01	1.082902e-01
3.542495e-03	4.111523e-02	4.384141e-01	1.161283e-01
4.073870e-03	4.410410e-02	4.455007e-01	1.245337e-01
4.684950e-03	4.730929e-02	4.513763e-01	1.334799e-01
5.387693e-03	5.074648e-02	4.563432e-01	1.431932e-01
6.195847e-03	5.443245e-02	4.604363e-01	1.535837e-01
7.125224e-03	5.838521e-02	4.637171e-01	1.646997e-01
8.194007e-03	6.262407e-02	4.662466e-01	1.766202e-01
9.423108e-03	6.716974e-02	4.683428e-01	1.894040e-01
1.083657e-02	7.204442e-02	4.685322e-01	2.031129e-01
1.246206e-02	7.727193e-02	4.681411e-01	2.178140e-01
1.433137e-02	8.287781e-02	4.665873e-01	2.335792e-01
1.648108e-02	8.888945e-02	4.640696e-01	2.504855e-01
1.895324e-02	9.533621e-02	4.607142e-01	2.686156e-01
2.179622e-02	1.022496e-01	4.557742e-01	2.880578e-01
2.506566e-02	1.096634e-01	4.498971e-01	3.089072e-01
2.882550e-02	1.176137e-01	4.426870e-01	3.312659e-01
3.314933e-02	1.261396e-01	4.344249e-01	3.552429e-01
3.812173e-02	1.352825e-01	4.249132e-01	3.809553e-01
4.383999e-02	1.450872e-01	4.144064e-01	4.085286e-01
5.041599e-02	1.556016e-01	4.026313e-01	4.380978e-01
5.797838e-02	1.668770e-01	3.906722e-01	4.698074e-01
6.667514e-02	1.789685e-01	3.773758e-01	5.038121e-01
7.667641e-02	1.919352e-01	3.629302e-01	5.402780e-01
8.817787e-02	2.058405e-01	3.481521e-01	5.793832e-01
1.014046e-01	2.207522e-01	3.323973e-01	6.213189e-01
1.166152e-01	2.367432e-01	3.176039e-01	6.662902e-01
1.341075e-01	2.538917e-01	3.017425e-01	7.145165e-01
1.542237e-01	2.722814e-01	2.852685e-01	7.662332e-01
1.773572e-01	2.920022e-01	2.690999e-01	8.216930e-01
2.039608e-01	3.131503e-01	2.525296e-01	8.811675e-01
2.345549e-01	3.358292e-01	2.369488e-01	9.449468e-01
2.697381e-01	3.601495e-01	2.213970e-01	1.013342e+00
3.101989e-01	3.862302e-01	2.061199e-01	1.086688e+00
3.567287e-01	4.141987e-01	1.921687e-01	1.165342e+00
4.102380e-01	4.441914e-01	1.779358e-01	1.249687e+00
4.717737e-01	4.763557e-01	1.645515e-01	1.340177e+00
5.425397e-01	5.108490e-01	1.522008e-01	1.437904e+00
6.239207e-01	5.478390e-01	1.402637e-01	1.543749e+00
7.175088e-01	5.875063e-01	1.290003e-01	1.658433e+00
8.251351e-01	6.300448e-01	1.191240e-01	1.782810e+00
9.489054e-01	6.756623e-01	1.096721e-01	1.917854e+00
1.091241e+00	7.245817e-01	1.021513e-01	2.064691e+00
1.254927e+00	7.690852e-01	9.350227e-02	2.224639e+00
1.443166e+00	8.215100e-01	8.355594e-02	2.282869e+00
1.659641e+00	8.986518e-01	7.483281e-02	2.335399e+00
1.908588e+00	9.839438e-01	6.634342e-02	2.385435e+00
2.194876e+00	1.078790e+00	6.023580e-02	2.433550e+00
2.524107e+00	1.179447e+00	5.391863e-02	2.480598e+00
2.902723e+00	1.291500e+00	4.878375e-02	2.527735e+00
3.338132e+00	1.411637e+00	4.407036e-02	2.576494e+00
3.838852e+00	1.539048e+00	3.951168e-02	2.628846e+00
4.414679e+00	1.677535e+00	3.566235e-02	2.687244e+00
5.076881e+00	1.796977e+00	3.174765e-02	2.754683e+00
5.838413e+00	1.927874e+00	2.884503e-02	2.834746e+00
6.714175e+00	2.068576e+00	2.591362e-02	2.931616e+00
7.721302e+00	2.197828e+00	2.310590e-02	3.050178e+00
8.879497e+00	2.327448e+00	2.061420e-02	3.196005e+00
1.021142e+01	2.430726e+00	1.829782e-02	3.375383e+00
1.174313e+01	2.534749e+00	1.650526e-02	3.595349e+00
1.350460e+01	2.625346e+00	1.474875e-02	3.863715e+00
1.553030e+01	2.708659e+00	1.310284e-02	4.189199e+00
1.785984e+01	2.793045e+00	1.163281e-02	4.581584e+00
2.053882e+01	2.853920e+00	1.029070e-02	5.052051e+00
2.361964e+01	2.909307e+00	9.160971e-03	5.613677e+00
2.716258e+01	2.950499e+00	8.134148e-03	6.282129e+00
3.123697e+01	2.974540e+00	7.201543e-03	7.076538e+00
3.592252e+01	2.991144e+00	6.437786e-03	8.020625e+00
4.131089e+01	2.983312e+00	5.710001e-03	9.144054e+00
4.750753e+01	2.961949e+00	5.064283e-03	1.048412e+01
5.463366e+01	2.922345e+00	4.520040e-03	1.208785e+01
6.282871e+01	2.874253e+00	4.019707e-03	1.401457e+01
7.225301e+01	2.816580e+00	3.573486e-03	1.633933e+01
8.309096e+01	2.741205e+00	3.169892e-03	1.915735e+01
9.555461e+01	3.082972e+00	2.766770e-03	2.258707e+01
1.098878e+02	2.889923e+00	2.479215e-03	2.678377e+01
1.263710e+02	2.707697e+00	2.193407e-03	3.195719e+01
1.453266e+02	2.527530e+00	1.943861e-03	3.833823e+01
1.671256e+02	2.350883e+00	1.721877e-03	4.623907e+01
1.921945e+02	2.177707e+00	1.499870e-03	5.606679e+01
2.210236e+02	2.011399e+00	1.333930e-03	6.834208e+01
2.541772e+02	1.852742e+00	1.165741e-03	8.372218e+01
2.923037e+02	1.698612e+00	1.033221e-03	1.030835e+02
3.361493e+02	1.552048e+00	9.169086e-04	1.276121e+02
3.865717e+02	1.417677e+00	8.058973e-04	1.587606e+02
4.445574e+02	1.298807e+00	7.156496e-04	1.982149e+02
5.112411e+02	1.186661e+00	6.257695e-04	2.482341e+02
5.879272e+02	1.080980e+00	5.603154e-04	3.118432e+02
6.761163e+02	9.820283e-01	4.958866e-04	3.929522e+02
7.775337e+02	8.899569e-01	4.353379e-04	4.966135e+02
8.941638e+02	8.049876e-01	3.817799e-04	6.293044e+02
1.028288e+03	7.263123e-01	3.343536e-04	7.994171e+02
1.182532e+03	6.538946e-01	2.975576e-04	1.017936e+03
1.359911e+03	5.880475e-01	2.624568e-04	1.298846e+03
1.563898e+03	5.296087e-01	2.300443e-04	1.659580e+03
1.798483e+03	4.764935e-01	2.010180e-04	2.122324e+03
2.068255e+03	4.284776e-01	1.756201e-04	2.715961e+03
2.378493e+03	3.853768e-01	1.540148e-04	3.477191e+03
2.735268e+03	3.467318e-01	1.350615e-04	4.452718e+03
3.145558e+03	3.120731e-01	1.180167e-04	5.701722e+03
3.617391e+03	2.811321e-01	1.040672e-04	7.298940e+03
4.160000e+03	2.536489e-01	9.118052e-05	9.338543e+03
4.784000e+03	2.292147e-01	7.964763e-05	1.193866e+04
5.501600e+03	2.075016e-01	7.033775e-05	1.524676e+04
6.326840e+03	1.883045e-01	6.175794e-05	1.944605e+04
7.275866e+03	1.713594e-01	5.410371e-05	2.476280e+04
8.367246e+03	1.563949e-01	4.737320e-05	3.147471e+04
9.622333e+03	1.432323e-01	0.000000e+00	3.992013e+04
