# Energy_MeV	dEdx_Elec_MeV_um	dEdx_Nucl_MeV_um	Range_um
1.000000e-05	2.566204e-03	2.811832e-02	5.163487e-03
1.150000e-05	2.774164e-03	3.068193e-02	5.537223e-03
1.322500e-05	2.997005e-03	3.354313e-02	5.938010e-03
1.520875e-05	3.235820e-03	3.657160e-02	6.367807e-03
1.749006e-05	3.491778e-03	3.980836e-02	6.828712e-03
2.011357e-05	3.766133e-03	4.340017e-02	7.322977e-03
2.313061e-05	4.060226e-03	4.708584e-02	7.853018e-03
2.660020e-05	4.375497e-03	5.109495e-02	8.421424e-03
3.059023e-05	4.713486e-03	5.526709e-02	9.030971e-03
3.517876e-05	5.075847e-03	5.993999e-02	9.684638e-03
4.045558e-05	5.464351e-03	6.470496e-02	1.038562e-02
4.652391e-05	5.880896e-03	6.993687e-02	1.113733e-02
5.350250e-05	6.327518e-03	7.531832e-02	1.194346e-02
6.152788e-05	6.806400e-03	8.090067e-02	1.280793e-02
7.075706e-05	7.319882e-03	8.710061e-02	1.373498e-02
8.137062e-05	7.870473e-03	9.324848e-02	1.472912e-02
9.357621e-05	8.460864e-03	9.998370e-02	1.579523e-02
1.076126e-04	9.093938e-03	1.068843e-01	1.693849e-02
1.237545e-04	9.772789e-03	1.141006e-01	1.816451e-02
1.423177e-04	1.050073e-02	1.213984e-01	1.947927e-02
1.636654e-04	1.128133e-02	1.287868e-01	2.088919e-02
1.882152e-04	1.211839e-02	1.365358e-01	2.240116e-02
2.164475e-04	1.301600e-02	1.442499e-01	2.402256e-02
2.489146e-04	1.397855e-02	1.522885e-01	2.576133e-02
2.862518e-04	1.501074e-02	1.596943e-01	2.762595e-02
3.291895e-04	1.611762e-02	1.677476e-01	2.962553e-02
3.785680e-04	1.730458e-02	1.757466e-01	3.176984e-02
4.353531e-04	1.857744e-02	1.831871e-01	3.406936e-02
5.006561e-04	1.994240e-02	1.915723e-01	3.653532e-02
5.757545e-04	2.140615e-02	1.980868e-01	3.917976e-02
6.621177e-04	2.297582e-02	2.055578e-01	4.201561e-02
7.614354e-04	2.465908e-02	2.124750e-01	4.505673e-02
8.756507e-04	2.646417e-02	2.186971e-01	4.831795e-02
1.006998e-03	2.839989e-02	2.256381e-01	5.181523e-02
1.158048e-03	3.047571e-02	2.309733e-01	5.556565e-02
1.331755e-03	3.270177e-02	2.365629e-01	5.958752e-02
1.531519e-03	3.508893e-02	2.412667e-01	6.390050e-02
1.761246e-03	3.764887e-02	2.455576e-01	6.852565e-02
2.025433e-03	4.039409e-02	2.497567e-01	7.348557e-02
2.329248e-03	4.333800e-02	2.529274e-01	7.880104e-02
2.678635e-03	4.649498e-02	2.559580e-01	8.451128e-02
3.080431e-03	4.988045e-02	2.581447e-01	9.062656e-02
3.542495e-03	5.351097e-02	2.603421e-01	9.718702e-02
4.073870e-03	5.740425e-02	2.616470e-01	1.042211e-01
4.684950e-03	6.157932e-02	2.627739e-01	1.117645e-01
5.387693e-03	6.605658e-02	2.631794e-01	1.198539e-01
6.195847e-03	7.085790e-02	2.629115e-01	1.285289e-01
7.125224e-03	7.600674e-02	2.623447e-01	1.378317e-01
8.194007e-03	8.152825e-02	2.609029e-01	1.478079e-01
9.423108e-03	8.744941e-02	2.590546e-01	1.585061e-01
1.083657e-02	9.379913e-02	2.565037e-01	1.699788e-01
1.246206e-02	1.006084e-01	2.532506e-01	1.822818e-01
1.433137e-02	1.079106e-01	2.493605e-01	1.954752e-01
1.648108e-02	1.157413e-01	2.448249e-01	2.096236e-01
1.895324e-02	1.241388e-01	2.395831e-01	2.247962e-01
2.179622e-02	1.331441e-01	2.338029e-01	2.410669e-01
2.506566e-02	1.428013e-01	2.273474e-01	2.585153e-01
2.882550e-02	1.531573e-01	2.206926e-01	2.772266e-01
3.314933e-02	1.642630e-01	2.131594e-01	2.972922e-01
3.812173e-02	1.761725e-01	2.052301e-01	3.188103e-01
4.383999e-02	1.889441e-01	1.971593e-01	3.418858e-01
5.041599e-02	2.026400e-01	1.881352e-01	3.666315e-01
5.797838e-02	2.173272e-01	1.800794e-01	3.931683e-01
6.667514e-02	2.330775e-01	1.708152e-01	4.216258e-01
7.667641e-02	2.499679e-01	1.618162e-01	4.521433e-01
8.817787e-02	2.680807e-01	1.530247e-01	4.848696e-01
1.014046e-01	2.875046e-01	1.433016e-01	5.199644e-01
1.166152e-01	3.083344e-01	1.348094e-01	5.575994e-01
1.341075e-01	3.306718e-01	1.257988e-01	5.979587e-01
1.542237e-01	3.546261e-01	1.175413e-01	6.412386e-01
1.773572e-01	3.803142e-01	1.094761e-01	6.876558e-01
2.039608e-01	4.078615e-01	1.012286e-01	7.374123e-01
2.345549e-01	4.374048e-01	9.394792e-02	7.909341e-01
2.697381e-01	4.690869e-01	8.674078e-02	8.488731e-01
3.101989e-01	5.030622e-01	8.026770e-02	9.116178e-01
3.567287e-01	5.394966e-01	7.341553e-02	9.796358e-01
4.102380e-01	5.785682e-01	6.819554e-02	1.053438e+00
4.717737e-01	6.204679e-01	6.295894e-02	1.133620e+00
5.425397e-01	6.631217e-01	5.802140e-02	1.194150e+00
6.239207e-01	7.047788e-01	5.325275e-02	1.233281e+00
7.175088e-01	7.639483e-01	4.776880e-02	1.271337e+00
8.251351e-01	8.388741e-01	4.315207e-02	1.308370e+00
9.489054e-01	9.175979e-01	3.838584e-02	1.344541e+00
1.091241e+00	1.004603e+00	3.449414e-02	1.380167e+00
1.254927e+00	1.097570e+00	3.104359e-02	1.415747e+00
1.443166e+00	1.195365e+00	2.797765e-02	1.452003e+00
1.659641e+00	1.302537e+00	2.525205e-02	1.489915e+00
1.908588e+00	1.404334e+00	2.267473e-02	1.530763e+00
2.194876e+00	1.505211e+00	2.045570e-02	1.576147e+00
2.524107e+00	1.595332e+00	1.831071e-02	1.628045e+00
2.902723e+00	1.690691e+00	1.658034e-02	1.688855e+00
3.338132e+00	1.793264e+00	1.478010e-02	1.761406e+00
3.838852e+00	1.873716e+00	1.325662e-02	1.849008e+00
4.414679e+00	1.951423e+00	1.191591e-02	1.955466e+00
5.076881e+00	2.022160e+00	1.047938e-02	2.085129e+00
5.838413e+00	2.078350e+00	9.515457e-03	2.242911e+00
6.714175e+00	2.133405e+00	8.414572e-03	2.434355e+00
7.721302e+00	2.178550e+00	7.525705e-03	2.665735e+00
8.879497e+00	2.216992e+00	6.735255e-03	2.944241e+00
1.021142e+01	2.247797e+00	5.895931e-03	3.278256e+00
1.174313e+01	2.261823e+00	5.284466e-03	3.677780e+00
1.350460e+01	2.270456e+00	4.665779e-03	4.154966e+00
1.553030e+01	2.265105e+00	4.165050e-03	4.724850e+00
1.785984e+01	2.249269e+00	3.708355e-03	5.406229e+00
2.053882e+01	2.223440e+00	3.273781e-03	6.222785e+00
2.361964e+01	2.181836e+00	2.924386e-03	7.204472e+00
2.716258e+01	2.132885e+00	2.596189e-03	8.389276e+00
3.123697e+01	2.076220e+00	2.322828e-03	9.825478e+00
3.592252e+01	2.010288e+00	2.044656e-03	1.157432e+01
4.131089e+01	1.933990e+00	1.829859e-03	1.371438e+01
4.750753e+01	2.058604e+00	1.603593e-03	1.634261e+01
5.463366e+01	1.917901e+00	1.427035e-03	1.959471e+01
6.282871e+01	1.782261e+00	1.269241e-03	2.363472e+01
7.225301e+01	1.650424e+00	1.112783e-03	2.865973e+01
8.309096e+01	1.522080e+00	9.948470e-04	3.493677e+01
9.555461e+01	1.399011e+00	8.687481e-04	4.281182e+01
1.098878e+02	1.282668e+00	7.679200e-04	5.272231e+01
1.263710e+02	1.171931e+00	6.752052e-04	6.523345e+01
1.453266e+02	1.065646e+00	5.956825e-04	8.111308e+01
1.671256e+02	9.665111e-01	5.271454e-04	1.013648e+02
1.921945e+02	8.797008e-01	4.641684e-04	1.271691e+02
2.210236e+02	8.003607e-01	4.122836e-04	1.599757e+02
2.541772e+02	7.262771e-01	3.625202e-04	2.017716e+02
2.923037e+02	6.573745e-01	3.235064e-04	2.551442e+02
3.361493e+02	5.937229e-01	2.833448e-04	3.234399e+02
3.865717e+02	5.353111e-01	2.506838e-04	4.109571e+02
4.445574e+02	4.820155e-01	2.219272e-04	5.232135e+02
5.112411e+02	4.328389e-01	1.920350e-04	6.674086e+02
5.879272e+02	3.883451e-01	1.722806e-04	8.528608e+02
6.761163e+02	3.486872e-01	1.500276e-04	1.091277e+03
7.775337e+02	3.133204e-01	1.325639e-04	1.397283e+03
8.941638e+02	2.813824e-01	1.169808e-04	1.789813e+03
1.028288e+03	2.527094e-01	1.008878e-04	2.293230e+03
1.182532e+03	2.270745e-01	8.920469e-05	2.938467e+03
1.359911e+03	2.041668e-01	7.770292e-05	3.764835e+03
1.563898e+03	1.837226e-01	6.848683e-05	4.822075e+03
1.798483e+03	1.655450e-01	6.015823e-05	6.172950e+03
2.068255e+03	1.494108e-01	5.242541e-05	7.896430e+03
2.378493e+03	1.350844e-01	4.619265e-05	1.009135e+04
2.735268e+03	1.223953e-01	0.000000e+00	1.288086e+04
3.145558e+03	1.111928e-01	0.000000e+00	1.641756e+04
3.617391e+03	1.013043e-01	0.000000e+00	2.088942e+04
4.160000e+03	9.258887e-02	0.000000e+00	2.652634e+04
4.784000e+03	8.493786e-02	0.000000e+00	3.360745e+04
5.501600e+03	7.823344e-02	0.000000e+00	4.246888e+04
6.326840e+03	7.236277e-02	0.000000e+00	5.351180e+04
7.275866e+03	6.724838e-02	0.000000e+00	6.721053e+04
8.367246e+03	6.281925e-02	0.000000e+00	8.412028e+04
9.622333e+03	5.899624e-02	0.000000e+00	1.048843e+05
