# Energy_MeV	dEdx_Elec_MeV_um	dEdx_Nucl_MeV_um	Range_um
1.000000e-05	2.230374e-03	1.170788e-02	1.174782e-02
1.150000e-05	2.399308e-03	1.261958e-02	1.259813e-02
1.322500e-05	2.580447e-03	1.351587e-02	1.350999e-02
1.520875e-05	2.774676e-03	1.447175e-02	1.448785e-02
1.749006e-05	2.982944e-03	1.549177e-02	1.553649e-02
2.011357e-05	3.206269e-03	1.653653e-02	1.666103e-02
2.313061e-05	3.445741e-03	1.760355e-02	1.786696e-02
2.660020e-05	3.702532e-03	1.866800e-02	1.916018e-02
3.059023e-05	3.977895e-03	1.981777e-02	2.054700e-02
3.517876e-05	4.273176e-03	2.095351e-02	2.203421e-02
4.045558e-05	4.589817e-03	2.210500e-02	2.362905e-02
4.652391e-05	4.929365e-03	2.319530e-02	2.533934e-02
5.350250e-05	5.293479e-03	2.436036e-02	2.717341e-02
6.152788e-05	5.683939e-03	2.559757e-02	2.914024e-02
7.075706e-05	6.102651e-03	2.664562e-02	3.124942e-02
8.137062e-05	6.551661e-03	2.781825e-02	3.351127e-02
9.357621e-05	7.033163e-03	2.885897e-02	3.593684e-02
1.076126e-04	7.549509e-03	2.990842e-02	3.853796e-02
1.237545e-04	8.103222e-03	3.101606e-02	4.132736e-02
1.423177e-04	8.697006e-03	3.188812e-02	4.431866e-02
1.636654e-04	9.333763e-03	3.285916e-02	4.752647e-02
1.882152e-04	1.001660e-02	3.373769e-02	5.096646e-02
2.164475e-04	1.074886e-02	3.451424e-02	5.465544e-02
2.489146e-04	1.153412e-02	3.526333e-02	5.861143e-02
2.862518e-04	1.237621e-02	3.589438e-02	6.285375e-02
3.291895e-04	1.327924e-02	3.652069e-02	6.740314e-02
3.785680e-04	1.424764e-02	3.702679e-02	7.228182e-02
4.353531e-04	1.528612e-02	3.743933e-02	7.751361e-02
5.006561e-04	1.639977e-02	3.781468e-02	8.312409e-02
5.757545e-04	1.759402e-02	3.816171e-02	8.914065e-02
6.621177e-04	1.887470e-02	3.836991e-02	9.559270e-02
7.614354e-04	2.024808e-02	3.851904e-02	1.024776e-01
8.756507e-04	2.172087e-02	3.861352e-02	1.099339e-01
1.006998e-03	2.330025e-02	3.858894e-02	1.178905e-01
1.158048e-03	2.499395e-02	3.853433e-02	1.264245e-01
1.331755e-03	2.681024e-02	3.834135e-02	1.355746e-01
1.531519e-03	2.875799e-02	3.806864e-02	1.453874e-01
1.761246e-03	3.084671e-02	3.772807e-02	1.559104e-01
2.025433e-03	3.308662e-02	3.726872e-02	1.671951e-01
2.329248e-03	3.548865e-02	3.671955e-02	1.792966e-01
2.678635e-03	3.806454e-02	3.607418e-02	1.922739e-01
3.080431e-03	4.082687e-02	3.532619e-02	2.061905e-01
3.542495e-03	4.378914e-02	3.449731e-02	2.211145e-01
4.073870e-03	4.696582e-02	3.357675e-02	2.371188e-01
4.684950e-03	5.037243e-02	3.261486e-02	2.542814e-01
5.387693e-03	5.402561e-02	3.153584e-02	2.726861e-01
6.195847e-03	5.794321e-02	3.035760e-02	2.924230e-01
7.125224e-03	6.214437e-02	2.921236e-02	3.135886e-01
8.194007e-03	6.664960e-02	2.793546e-02	3.362862e-01
9.423108e-03	7.148093e-02	2.671719e-02	3.606265e-01
1.083657e-02	7.666195e-02	2.540729e-02	3.867286e-01
1.246206e-02	8.221798e-02	2.401789e-02	4.147199e-01
1.433137e-02	8.817615e-02	2.277713e-02	4.447375e-01
1.648108e-02	9.456558e-02	2.139873e-02	4.769277e-01
1.895324e-02	1.014175e-01	2.007799e-02	5.114477e-01
2.179622e-02	1.087653e-01	1.881292e-02	5.484662e-01
2.506566e-02	1.166450e-01	1.754704e-02	5.881643e-01
2.882550e-02	1.250950e-01	1.636591e-02	6.307359e-01
3.314933e-02	1.341566e-01	1.515461e-02	6.763888e-01
3.812173e-02	1.438742e-01	1.404610e-02	7.253458e-01
4.383999e-02	1.542950e-01	1.303899e-02	7.778463e-01
5.041599e-02	1.654702e-01	1.203204e-02	8.341469e-01
5.797838e-02	1.774542e-01	1.098671e-02	8.945261e-01
6.667514e-02	1.903056e-01	1.022093e-02	9.592555e-01
7.667641e-02	2.040878e-01	9.499986e-03	1.028809e+00
8.817787e-02	2.188678e-01	8.670896e-03	1.104058e+00
1.014046e-01	2.347177e-01	7.943366e-03	1.185549e+00
1.166152e-01	2.517147e-01	7.156120e-03	1.273875e+00
1.341075e-01	2.699421e-01	6.518137e-03	1.369695e+00
1.542237e-01	2.894887e-01	5.859646e-03	1.473775e+00
1.773572e-01	3.090773e-01	5.200819e-03	1.568896e+00
2.039608e-01	3.209225e-01	4.691142e-03	1.653763e+00
2.345549e-01	3.369381e-01	4.219339e-03	1.739061e+00
2.697381e-01	3.581195e-01	3.826874e-03	1.824642e+00
3.101989e-01	3.763770e-01	3.423196e-03	1.910609e+00
3.567287e-01	3.946486e-01	3.078577e-03	1.997379e+00
4.102380e-01	4.090155e-01	2.775052e-03	2.085761e+00
4.717737e-01	4.219710e-01	2.504872e-03	2.177063e+00
5.425397e-01	4.336139e-01	2.245203e-03	2.273161e+00
6.239207e-01	4.412804e-01	1.991775e-03	2.376612e+00
7.175088e-01	4.479079e-01	1.805033e-03	2.490760e+00
8.251351e-01	4.507435e-01	1.602861e-03	2.619861e+00
9.489054e-01	4.533340e-01	1.437296e-03	2.769234e+00
1.091241e+00	4.558310e-01	1.283021e-03	2.945435e+00
1.254927e+00	4.547150e-01	1.132021e-03	3.156463e+00
1.443166e+00	4.524117e-01	1.022018e-03	3.411993e+00
1.659641e+00	4.477960e-01	9.024698e-04	3.723652e+00
1.908588e+00	4.411946e-01	7.988742e-04	4.105346e+00
2.194876e+00	4.328709e-01	7.122538e-04	4.573652e+00
2.524107e+00	4.223846e-01	6.313494e-04	5.148330e+00
2.902723e+00	4.102694e-01	5.627350e-04	5.853017e+00
3.338132e+00	3.962316e-01	4.975411e-04	6.716236e+00
3.838852e+00	3.808911e-01	4.425892e-04	7.772825e+00
4.414679e+00	3.637247e-01	3.966338e-04	9.065973e+00
5.076881e+00	3.459379e-01	3.524560e-04	1.065009e+01
5.838413e+00	3.268822e-01	3.086179e-04	1.259474e+01
6.714175e+00	3.070389e-01	2.767525e-04	1.499004e+01
7.721302e+00	2.889269e-01	2.452963e-04	1.795371e+01
8.879497e+00	2.697942e-01	2.161692e-04	2.164031e+01
1.021142e+01	2.493788e-01	1.932315e-04	2.625307e+01
1.174313e+01	2.290141e-01	1.680101e-04	3.205823e+01
1.350460e+01	2.092439e-01	1.506032e-04	3.940525e+01
1.553030e+01	2.069712e-01	1.330790e-04	4.873855e+01
1.785984e+01	1.875765e-01	1.162017e-04	6.066067e+01
2.053882e+01	1.697908e-01	1.029245e-04	7.593985e+01
2.361964e+01	1.532562e-01	9.036808e-05	9.549316e+01
2.716258e+01	1.378911e-01	8.059135e-05	1.205356e+02
3.123697e+01	1.237789e-01	7.054857e-05	1.526249e+02
3.592252e+01	1.109920e-01	6.229531e-05	1.937252e+02
4.131089e+01	9.947631e-02	5.534063e-05	2.463321e+02
4.750753e+01	8.875161e-02	4.908470e-05	3.137728e+02
5.463366e+01	7.916446e-02	4.329737e-05	4.004339e+02
6.282871e+01	7.093964e-02	0.000000e+00	5.115759e+02
7.225301e+01	6.373398e-02	0.000000e+00	6.535093e+02
8.309096e+01	5.722567e-02	0.000000e+00	8.347838e+02
9.555461e+01	5.134584e-02	0.000000e+00	1.066579e+03
1.098878e+02	4.604024e-02	0.000000e+00	1.363331e+03
1.263710e+02	4.126587e-02	0.000000e+00	1.743596e+03
1.453266e+02	3.698183e-02	0.000000e+00	2.231149e+03
1.671256e+02	3.308988e-02	0.000000e+00	2.856915e+03
1.921945e+02	2.959705e-02	0.000000e+00	3.661080e+03
2.210236e+02	2.649807e-02	0.000000e+00	4.694344e+03
2.541772e+02	2.376533e-02	0.000000e+00	6.019911e+03
2.923037e+02	2.131497e-02	0.000000e+00	7.719188e+03
3.361493e+02	1.912413e-02	0.000000e+00	9.897471e+03
3.865717e+02	1.716827e-02	0.000000e+00	1.268844e+04
4.445574e+02	1.542478e-02	0.000000e+00	1.626216e+04
5.112411e+02	1.387378e-02	0.000000e+00	2.083399e+04
5.879272e+02	1.249532e-02	0.000000e+00	2.667584e+04
6.761163e+02	1.127131e-02	0.000000e+00	3.413007e+04
7.775337e+02	1.018548e-02	0.000000e+00	4.362553e+04
8.941638e+02	9.223828e-03	0.000000e+00	5.569694e+04
1.028288e+03	8.374021e-03	0.000000e+00	7.100754e+04
1.182532e+03	7.623843e-03	0.000000e+00	9.037497e+04
1.359911e+03	6.962491e-03	0.000000e+00	1.148005e+05
1.563898e+03	6.380955e-03	0.000000e+00	1.455012e+05
1.798483e+03	5.871126e-03	0.000000e+00	1.839445e+05
2.068255e+03	5.425618e-03	0.000000e+00	2.318844e+05
2.378493e+03	5.037709e-03	0.000000e+00	2.913979e+05
2.735268e+03	4.701331e-03	0.000000e+00	3.649201e+05
3.145558e+03	4.410963e-03	0.000000e+00	4.552769e+05
3.617391e+03	4.161788e-03	0.000000e+00	5.657143e+05
4.160000e+03	3.949662e-03	0.000000e+00	6.999222e+05
4.784000e+03	3.770834e-03	0.000000e+00	8.620592e+05
5.501600e+03	3.621905e-03	0.000000e+00	1.056747e+06
6.326840e+03	3.494732e-03	0.000000e+00	1.289275e+06
7.275866e+03	3.389570e-03	0.000000e+00	1.473867e+06
8.367246e+03	3.305723e-03	0.000000e+00	1.473867e+06
9.622333e+03	3.240865e-03	0.000000e+00	1.473867e+06
