# Energy_MeV	dEdx_Elec_MeV_um	dEdx_Nucl_MeV_um	Range_um
1.000000e-05	2.082778e-03	2.988878e-02	6.827901e-03
1.150000e-05	2.246427e-03	3.272247e-02	7.322109e-03
1.322500e-05	2.421850e-03	3.576791e-02	7.852087e-03
1.520875e-05	2.609905e-03	3.904224e-02	8.420425e-03
1.749006e-05	2.811511e-03	4.256066e-02	9.029900e-03
2.011357e-05	3.027654e-03	4.633009e-02	9.683488e-03
2.313061e-05	3.259392e-03	5.039530e-02	1.038438e-02
2.660020e-05	3.507855e-03	5.478070e-02	1.113601e-02
3.059023e-05	3.774260e-03	5.928366e-02	1.194204e-02
3.517876e-05	4.059906e-03	6.424184e-02	1.280641e-02
4.045558e-05	4.366192e-03	6.958258e-02	1.373335e-02
4.652391e-05	4.694612e-03	7.505696e-02	1.472738e-02
5.350250e-05	5.046772e-03	8.126719e-02	1.579335e-02
6.152788e-05	5.424392e-03	8.716335e-02	1.693648e-02
7.075706e-05	5.829318e-03	9.381789e-02	1.816235e-02
8.137062e-05	6.263527e-03	1.008231e-01	1.947695e-02
9.357621e-05	6.729142e-03	1.078475e-01	2.088671e-02
1.076126e-04	7.228436e-03	1.158110e-01	2.239850e-02
1.237545e-04	7.763850e-03	1.233819e-01	2.401971e-02
1.423177e-04	8.337998e-03	1.317326e-01	2.575827e-02
1.636654e-04	8.953687e-03	1.400529e-01	2.762267e-02
1.882152e-04	9.613923e-03	1.483263e-01	2.962201e-02
2.164475e-04	1.032193e-02	1.573710e-01	3.176607e-02
2.489146e-04	1.108117e-02	1.658575e-01	3.406531e-02
2.862518e-04	1.189536e-02	1.749212e-01	3.653098e-02
3.291895e-04	1.276846e-02	1.832861e-01	3.917511e-02
3.785680e-04	1.370475e-02	1.923175e-01	4.201063e-02
4.353531e-04	1.470879e-02	2.011042e-01	4.505138e-02
5.006561e-04	1.578550e-02	2.100031e-01	4.831222e-02
5.757545e-04	1.694014e-02	2.185576e-01	5.180909e-02
6.621177e-04	1.817834e-02	2.263360e-01	5.555905e-02
7.614354e-04	1.950615e-02	2.344712e-01	5.958045e-02
8.756507e-04	2.093006e-02	2.419759e-01	6.389291e-02
1.006998e-03	2.245703e-02	2.494324e-01	6.851752e-02
1.158048e-03	2.409451e-02	2.563688e-01	7.347685e-02
1.331755e-03	2.585052e-02	2.627504e-01	7.879514e-02
1.531519e-03	2.773361e-02	2.685071e-01	8.449838e-02
1.761246e-03	2.975301e-02	2.737854e-01	9.061441e-02
2.025433e-03	3.191856e-02	2.784358e-01	9.717313e-02
2.329248e-03	3.424085e-02	2.826198e-01	1.042066e-01
2.678635e-03	3.673122e-02	2.864233e-01	1.117491e-01
3.080431e-03	3.940185e-02	2.892132e-01	1.198375e-01
3.542495e-03	4.226577e-02	2.918496e-01	1.284941e-01
4.073870e-03	4.533699e-02	2.939594e-01	1.378181e-01
4.684950e-03	4.863049e-02	2.951960e-01	1.477907e-01
5.387693e-03	5.216238e-02	2.964905e-01	1.584887e-01
6.195847e-03	5.594991e-02	2.963146e-01	1.699599e-01
7.125224e-03	6.001158e-02	2.960030e-01	1.822614e-01
8.194007e-03	6.436723e-02	2.949787e-01	1.954534e-01
9.423108e-03	6.903814e-02	2.930930e-01	2.096001e-01
1.083657e-02	7.404714e-02	2.908535e-01	2.247708e-01
1.246206e-02	7.941868e-02	2.875220e-01	2.410396e-01
1.433137e-02	8.517902e-02	2.836366e-01	2.584860e-01
1.648108e-02	9.135629e-02	2.789191e-01	2.771951e-01
1.895324e-02	9.798068e-02	2.735270e-01	2.972583e-01
2.179622e-02	1.050845e-01	2.673064e-01	3.187737e-01
2.506566e-02	1.127026e-01	2.605574e-01	3.418465e-01
2.882550e-02	1.208720e-01	2.531286e-01	3.665894e-01
3.314933e-02	1.296328e-01	2.453289e-01	3.931230e-01
3.812173e-02	1.390276e-01	2.366660e-01	4.215771e-01
4.383999e-02	1.491025e-01	2.276648e-01	4.520908e-01
5.041599e-02	1.599066e-01	2.180407e-01	4.848133e-01
5.797838e-02	1.714926e-01	2.083834e-01	5.199041e-01
6.667514e-02	1.839173e-01	1.987634e-01	5.575347e-01
7.667641e-02	1.972413e-01	1.884696e-01	5.978890e-01
8.817787e-02	2.115297e-01	1.784082e-01	6.411643e-01
1.014046e-01	2.268523e-01	1.679018e-01	6.875720e-01
1.166152e-01	2.432839e-01	1.577291e-01	7.373387e-01
1.341075e-01	2.609049e-01	1.475925e-01	7.907072e-01
1.542237e-01	2.798013e-01	1.379759e-01	8.479386e-01
1.773572e-01	3.000654e-01	1.285560e-01	9.093127e-01
2.039608e-01	3.217963e-01	1.195167e-01	9.751296e-01
2.345549e-01	3.451000e-01	1.108470e-01	1.045708e+00
2.697381e-01	3.700905e-01	1.021479e-01	1.121404e+00
3.101989e-01	3.968898e-01	9.481620e-02	1.202550e+00
3.567287e-01	4.256304e-01	8.713276e-02	1.289971e+00
4.102380e-01	4.564512e-01	7.981271e-02	1.384645e+00
4.717737e-01	4.895027e-01	7.431742e-02	1.487185e+00
5.425397e-01	5.249466e-01	6.831424e-02	1.598362e+00
6.239207e-01	5.629560e-01	6.339283e-02	1.719023e+00
7.175088e-01	6.037159e-01	5.773321e-02	1.842142e+00
8.251351e-01	6.437334e-01	5.136018e-02	1.909888e+00
9.489054e-01	6.847809e-01	4.636530e-02	1.976318e+00
1.091241e+00	7.462679e-01	4.095807e-02	2.041339e+00
1.254927e+00	8.183655e-01	3.729803e-02	2.105014e+00
1.443166e+00	8.948500e-01	3.344685e-02	2.167615e+00
1.659641e+00	9.769549e-01	3.017208e-02	2.229679e+00
1.908588e+00	1.066214e+00	2.729054e-02	2.292059e+00
2.194876e+00	1.156123e+00	2.437175e-02	2.355994e+00
2.524107e+00	1.252452e+00	2.205194e-02	2.423169e+00
2.902723e+00	1.345675e+00	1.973450e-02	2.495756e+00
3.338132e+00	1.429193e+00	1.785606e-02	2.576531e+00
3.838852e+00	1.508789e+00	1.596723e-02	2.668918e+00
4.414679e+00	1.590759e+00	1.432307e-02	2.777040e+00
5.076881e+00	1.673533e+00	1.271241e-02	2.905800e+00
5.838413e+00	1.742615e+00	1.136487e-02	3.060926e+00
6.714175e+00	1.803215e+00	1.020651e-02	3.249050e+00
7.721302e+00	1.862284e+00	9.076894e-03	3.477752e+00
8.879497e+00	1.903565e+00	8.116709e-03	3.755643e+00
1.021142e+01	1.944477e+00	7.166787e-03	4.092482e+00
1.174313e+01	1.979577e+00	6.370005e-03	4.499402e+00
1.350460e+01	2.003811e+00	5.637587e-03	4.989253e+00
1.553030e+01	2.023596e+00	5.020198e-03	5.577152e+00
1.785984e+01	2.027170e+00	4.460419e-03	6.281244e+00
2.053882e+01	2.024799e+00	3.964956e-03	7.123737e+00
2.361964e+01	2.012805e+00	3.532422e-03	8.132212e+00
2.716258e+01	1.988648e+00	3.113855e-03	9.341287e+00
3.123697e+01	1.956660e+00	2.799849e-03	1.079469e+01
3.592252e+01	1.912267e+00	2.479297e-03	1.254791e+01
4.131089e+01	1.861343e+00	2.193566e-03	1.467145e+01
4.750753e+01	1.802924e+00	1.957024e-03	1.725517e+01
5.463366e+01	1.737069e+00	1.699710e-03	2.041335e+01
6.282871e+01	1.873475e+00	1.534734e-03	2.429223e+01
7.225301e+01	1.738108e+00	1.351989e-03	2.907512e+01
8.309096e+01	1.614884e+00	1.194310e-03	3.501879e+01
9.555461e+01	1.495845e+00	1.062465e-03	4.242190e+01
1.098878e+02	1.380938e+00	9.218294e-04	5.166235e+01
1.263710e+02	1.269500e+00	8.223167e-04	6.324397e+01
1.453266e+02	1.163425e+00	7.205768e-04	7.781883e+01
1.671256e+02	1.063605e+00	6.371155e-04	9.621021e+01
1.921945e+02	9.686389e-01	5.657395e-04	1.194940e+02
2.210236e+02	8.783422e-01	4.955862e-04	1.491345e+02
2.541772e+02	7.945378e-01	4.409306e-04	1.870058e+02
2.923037e+02	7.225254e-01	3.881097e-04	2.352926e+02
3.361493e+02	6.557752e-01	3.457909e-04	2.967678e+02
3.865717e+02	5.937365e-01	3.043175e-04	3.752046e+02
4.445574e+02	5.363084e-01	2.691959e-04	4.754873e+02
5.112411e+02	4.834843e-01	2.346124e-04	6.039299e+02
5.879272e+02	4.352569e-01	2.072542e-04	7.686251e+02
6.761163e+02	3.912807e-01	1.834956e-04	9.799813e+02
7.775337e+02	3.509631e-01	1.609388e-04	1.251605e+03
8.941638e+02	3.146096e-01	1.421740e-04	1.600990e+03
1.028288e+03	2.824385e-01	1.234322e-04	2.050014e+03
1.182532e+03	2.536460e-01	1.084415e-04	2.626161e+03
1.359911e+03	2.277016e-01	9.444090e-05	3.365159e+03
1.563898e+03	2.044554e-01	8.312106e-05	4.312715e+03
1.798483e+03	1.836899e-01	7.292608e-05	5.526938e+03
2.068255e+03	1.651544e-01	6.387975e-05	7.081594e+03
2.378493e+03	1.486361e-01	5.627104e-05	9.069972e+03
2.735268e+03	1.339595e-01	4.883472e-05	1.160974e+04
3.145558e+03	1.209341e-01	0.000000e+00	1.484883e+04
3.617391e+03	1.093756e-01	0.000000e+00	1.897218e+04
4.160000e+03	9.914805e-02	0.000000e+00	2.421002e+04
4.784000e+03	9.012019e-02	0.000000e+00	3.084732e+04
5.501600e+03	8.215288e-02	0.000000e+00	3.923454e+04
6.326840e+03	7.513671e-02	0.000000e+00	4.979977e+04
7.275866e+03	6.898068e-02	0.000000e+00	6.306192e+04
8.367246e+03	6.358658e-02	0.000000e+00	7.964471e+04
9.622333e+03	5.886754e-02	0.000000e+00	1.002912e+05
