# Energy_MeV	dEdx_Elec_MeV_um	dEdx_Nucl_MeV_um	Range_um
1.000000e-05	2.050195e-03	3.203728e-02	6.030344e-03
1.150000e-05	2.213290e-03	3.510569e-02	6.466823e-03
1.322500e-05	2.388096e-03	3.851174e-02	6.934895e-03
1.520875e-05	2.575469e-03	4.223958e-02	7.436847e-03
1.749006e-05	2.776325e-03	4.628434e-02	7.975129e-03
2.011357e-05	2.991647e-03	5.066827e-02	8.552374e-03
2.313061e-05	3.222488e-03	5.538158e-02	9.171399e-03
2.660020e-05	3.469976e-03	6.044994e-02	9.835230e-03
3.059023e-05	3.735321e-03	6.593234e-02	1.054711e-02
3.517876e-05	4.019820e-03	7.174631e-02	1.131051e-02
4.045558e-05	4.324863e-03	7.805284e-02	1.212918e-02
4.652391e-05	4.651942e-03	8.484196e-02	1.300709e-02
5.350250e-05	5.002653e-03	9.185065e-02	1.394855e-02
6.152788e-05	5.378712e-03	9.948235e-02	1.495815e-02
7.075706e-05	5.781955e-03	1.077028e-01	1.604083e-02
8.137062e-05	6.214353e-03	1.163067e-01	1.720188e-02
9.357621e-05	6.678017e-03	1.258165e-01	1.844696e-02
1.076126e-04	7.175215e-03	1.350991e-01	1.978216e-02
1.237545e-04	7.708374e-03	1.452923e-01	2.121400e-02
1.423177e-04	8.280099e-03	1.561013e-01	2.274948e-02
1.636654e-04	8.893184e-03	1.671771e-01	2.439610e-02
1.882152e-04	9.550624e-03	1.793509e-01	2.616191e-02
2.164475e-04	1.025563e-02	1.912379e-01	2.805552e-02
2.489146e-04	1.101165e-02	2.041804e-01	3.008619e-02
2.862518e-04	1.182237e-02	2.170684e-01	3.226385e-02
3.291895e-04	1.269176e-02	2.299562e-01	3.459912e-02
3.785680e-04	1.362406e-02	2.438027e-01	3.710342e-02
4.353531e-04	1.462382e-02	2.571834e-01	3.978899e-02
5.006561e-04	1.569594e-02	2.713396e-01	4.266894e-02
5.757545e-04	1.684565e-02	2.843344e-01	4.575734e-02
6.621177e-04	1.807856e-02	2.980566e-01	4.906928e-02
7.614354e-04	1.940071e-02	3.120249e-01	5.262094e-02
8.756507e-04	2.081854e-02	3.258652e-01	5.642967e-02
1.006998e-03	2.233898e-02	3.391761e-01	6.051408e-02
1.158048e-03	2.396947e-02	3.512854e-01	6.489412e-02
1.331755e-03	2.571796e-02	3.635587e-01	6.959119e-02
1.531519e-03	2.759301e-02	3.755695e-01	7.462824e-02
1.761246e-03	2.960377e-02	3.871867e-01	8.002987e-02
2.025433e-03	3.176006e-02	3.978743e-01	8.582247e-02
2.329248e-03	3.407241e-02	4.078004e-01	9.203435e-02
2.678635e-03	3.655214e-02	4.167149e-01	9.869584e-02
3.080431e-03	3.921134e-02	4.250140e-01	1.058395e-01
3.542495e-03	4.206301e-02	4.321943e-01	1.135002e-01
4.073870e-03	4.512108e-02	4.387258e-01	1.217154e-01
4.684950e-03	4.840049e-02	4.446571e-01	1.304864e-01
5.387693e-03	5.191727e-02	4.490377e-01	1.399765e-01
6.195847e-03	5.568858e-02	4.529767e-01	1.501065e-01
7.125224e-03	5.973287e-02	4.562321e-01	1.609727e-01
8.194007e-03	6.406988e-02	4.584023e-01	1.726232e-01
9.423108e-03	6.872080e-02	4.602559e-01	1.851175e-01
1.083657e-02	7.370835e-02	4.601693e-01	1.985162e-01
1.246206e-02	7.905691e-02	4.595853e-01	2.128847e-01
1.433137e-02	8.479259e-02	4.580122e-01	2.282931e-01
1.648108e-02	9.094342e-02	4.552429e-01	2.448168e-01
1.895324e-02	9.753945e-02	4.516977e-01	2.625365e-01
2.179622e-02	1.046129e-01	4.466133e-01	2.815388e-01
2.506566e-02	1.121983e-01	4.405899e-01	3.019165e-01
2.882550e-02	1.203328e-01	4.333021e-01	3.237691e-01
3.314933e-02	1.290561e-01	4.249559e-01	3.472034e-01
3.812173e-02	1.384107e-01	4.153550e-01	3.723338e-01
4.383999e-02	1.484424e-01	4.048519e-01	3.992833e-01
5.041599e-02	1.592002e-01	3.932750e-01	4.281835e-01
5.797838e-02	1.707367e-01	3.811922e-01	4.591754e-01
6.667514e-02	1.831082e-01	3.679207e-01	4.924103e-01
7.667641e-02	1.963752e-01	3.537527e-01	5.280509e-01
8.817787e-02	2.106024e-01	3.388242e-01	5.662714e-01
1.014046e-01	2.258594e-01	3.237632e-01	6.072583e-01
1.166152e-01	2.422207e-01	3.088217e-01	6.512116e-01
1.341075e-01	2.597663e-01	2.931784e-01	6.983462e-01
1.542237e-01	2.785818e-01	2.772140e-01	7.488927e-01
1.773572e-01	2.987591e-01	2.608851e-01	8.030979e-01
2.039608e-01	3.203970e-01	2.451558e-01	8.612263e-01
2.345549e-01	3.436009e-01	2.294184e-01	9.235619e-01
2.697381e-01	3.684844e-01	2.145221e-01	9.904092e-01
3.101989e-01	3.951690e-01	1.998270e-01	1.062095e+00
3.567287e-01	4.237850e-01	1.857920e-01	1.138975e+00
4.102380e-01	4.544723e-01	1.722948e-01	1.221392e+00
4.717737e-01	4.873818e-01	1.587774e-01	1.309964e+00
5.425397e-01	5.226739e-01	1.472933e-01	1.405800e+00
6.239207e-01	5.605205e-01	1.356565e-01	1.509584e+00
7.175088e-01	6.011064e-01	1.242724e-01	1.622076e+00
8.251351e-01	6.446299e-01	1.152260e-01	1.744116e+00
9.489054e-01	6.913038e-01	1.063131e-01	1.876680e+00
1.091241e+00	7.397641e-01	9.871158e-02	2.020900e+00
1.254927e+00	7.843863e-01	8.996980e-02	2.145505e+00
1.443166e+00	8.455914e-01	7.991676e-02	2.197429e+00
1.659641e+00	9.263462e-01	7.187806e-02	2.246802e+00
1.908588e+00	1.013553e+00	6.382898e-02	2.293911e+00
2.194876e+00	1.110924e+00	5.796602e-02	2.339439e+00
2.524107e+00	1.215215e+00	5.200742e-02	2.384271e+00
2.902723e+00	1.329006e+00	4.682147e-02	2.429625e+00
3.338132e+00	1.454771e+00	4.241637e-02	2.477097e+00
3.838852e+00	1.582285e+00	3.795361e-02	2.528715e+00
4.414679e+00	1.716403e+00	3.426855e-02	2.586989e+00
5.076881e+00	1.839040e+00	3.064934e-02	2.654955e+00
5.838413e+00	1.971805e+00	2.771931e-02	2.736229e+00
6.714175e+00	2.119099e+00	2.489100e-02	2.834999e+00
7.721302e+00	2.238301e+00	2.223747e-02	2.956168e+00
8.879497e+00	2.359696e+00	1.972256e-02	3.105274e+00
1.021142e+01	2.467812e+00	1.764361e-02	3.288549e+00
1.174313e+01	2.563039e+00	1.583442e-02	3.512956e+00
1.350460e+01	2.656951e+00	1.415245e-02	3.786221e+00
1.553030e+01	2.735659e+00	1.260005e-02	4.116988e+00
1.785984e+01	2.812055e+00	1.111638e-02	4.514995e+00
2.053882e+01	2.875782e+00	9.899039e-03	4.991451e+00
2.361964e+01	2.922170e+00	8.758405e-03	5.559582e+00
2.716258e+01	2.962645e+00	7.806183e-03	6.235331e+00
3.123697e+01	2.980752e+00	6.932310e-03	7.038282e+00
3.592252e+01	2.988698e+00	6.161127e-03	7.992798e+00
4.131089e+01	2.980499e+00	5.489219e-03	9.129414e+00
4.750753e+01	2.949581e+00	4.837279e-03	1.048655e+01
5.463366e+01	2.907682e+00	4.346493e-03	1.211268e+01
6.282871e+01	2.856795e+00	3.864321e-03	1.406903e+01
7.225301e+01	2.793041e+00	3.413313e-03	1.643287e+01
8.309096e+01	2.714135e+00	3.036365e-03	1.930292e+01
9.555461e+01	3.017118e+00	2.650066e-03	2.279983e+01
1.098878e+02	2.829609e+00	2.381342e-03	2.709097e+01
1.263710e+02	2.648480e+00	2.107472e-03	3.238411e+01
1.453266e+02	2.469606e+00	1.855249e-03	3.891814e+01
1.671256e+02	2.293511e+00	1.648258e-03	4.702028e+01
1.921945e+02	2.122354e+00	1.435709e-03	5.711394e+01
2.210236e+02	1.958820e+00	1.277628e-03	6.973419e+01
2.541772e+02	1.802310e+00	1.120447e-03	8.556615e+01
2.923037e+02	1.649633e+00	9.873665e-04	1.055384e+02
3.361493e+02	1.505957e+00	8.791449e-04	1.308787e+02
3.865717e+02	1.377943e+00	7.709072e-04	1.630383e+02
4.445574e+02	1.261380e+00	6.850312e-04	2.037591e+02
5.112411e+02	1.151334e+00	6.026178e-04	2.554374e+02
5.879272e+02	1.047778e+00	5.365525e-04	3.212161e+02
6.761163e+02	9.510812e-01	4.746965e-04	4.051612e+02
7.775337e+02	8.613511e-01	4.177759e-04	5.125088e+02
8.941638e+02	7.786735e-01	3.637257e-04	6.499799e+02
1.028288e+03	7.018617e-01	3.216646e-04	8.263380e+02
1.182532e+03	6.316087e-01	2.845307e-04	1.052980e+03
1.359911e+03	5.682970e-01	2.510751e-04	1.344282e+03
1.563898e+03	5.116467e-01	2.206319e-04	1.718177e+03
1.798483e+03	4.602090e-01	1.913391e-04	2.197795e+03
2.068255e+03	4.138322e-01	1.685078e-04	2.813027e+03
2.378493e+03	3.722502e-01	1.466952e-04	3.601808e+03
2.735268e+03	3.349591e-01	1.292429e-04	4.612369e+03
3.145558e+03	3.015383e-01	1.133399e-04	5.905755e+03
3.617391e+03	2.717673e-01	9.925530e-05	7.558994e+03
4.160000e+03	2.453292e-01	8.743078e-05	9.669041e+03
4.784000e+03	2.218126e-01	7.578759e-05	1.235730e+04
5.501600e+03	2.009465e-01	6.746786e-05	1.577509e+04
6.326840e+03	1.825206e-01	5.921952e-05	2.011009e+04
7.275866e+03	1.662497e-01	5.148318e-05	2.559363e+04
8.367246e+03	1.518923e-01	4.522744e-05	3.250894e+04
9.622333e+03	1.392853e-01	0.000000e+00	4.120025e+04
