# Energy_MeV	dEdx_Elec_MeV_um	dEdx_Nucl_MeV_um	Range_um
1.000000e-05	2.055211e-03	3.239347e-02	5.719827e-03
1.150000e-05	2.219671e-03	3.568333e-02	6.133831e-03
1.322500e-05	2.395928e-03	3.911851e-02	6.577801e-03
1.520875e-05	2.584845e-03	4.292663e-02	7.053906e-03
1.749006e-05	2.787347e-03	4.708230e-02	7.564472e-03
2.011357e-05	3.004424e-03	5.157591e-02	8.111992e-03
2.313061e-05	3.237138e-03	5.656488e-02	8.699142e-03
2.660020e-05	3.486627e-03	6.179507e-02	9.328791e-03
3.059023e-05	3.754110e-03	6.761720e-02	1.000401e-02
3.517876e-05	4.040896e-03	7.372484e-02	1.072811e-02
4.045558e-05	4.348385e-03	8.025293e-02	1.150462e-02
4.652391e-05	4.678080e-03	8.742599e-02	1.233733e-02
5.350250e-05	5.031593e-03	9.496156e-02	1.323031e-02
6.152788e-05	5.410650e-03	1.032634e-01	1.418792e-02
7.075706e-05	5.817105e-03	1.116054e-01	1.521485e-02
8.137062e-05	6.252943e-03	1.207929e-01	1.631611e-02
9.357621e-05	6.720293e-03	1.308012e-01	1.749708e-02
1.076126e-04	7.221439e-03	1.412963e-01	1.876353e-02
1.237545e-04	7.758829e-03	1.524705e-01	2.012164e-02
1.423177e-04	8.335089e-03	1.636796e-01	2.157806e-02
1.636654e-04	8.953033e-03	1.758239e-01	2.313989e-02
1.882152e-04	9.615682e-03	1.888605e-01	2.481477e-02
2.164475e-04	1.032627e-02	2.023923e-01	2.661088e-02
2.489146e-04	1.108828e-02	2.165611e-01	2.853698e-02
2.862518e-04	1.190542e-02	2.310502e-01	3.060251e-02
3.291895e-04	1.278168e-02	2.459961e-01	3.281753e-02
3.785680e-04	1.372136e-02	2.615099e-01	3.519288e-02
4.353531e-04	1.472903e-02	2.768979e-01	3.774016e-02
5.006561e-04	1.580963e-02	2.929718e-01	4.047181e-02
5.757545e-04	1.696843e-02	3.092790e-01	4.340119e-02
6.621177e-04	1.821109e-02	3.248998e-01	4.654259e-02
7.614354e-04	1.954368e-02	3.408953e-01	4.991136e-02
8.756507e-04	2.097272e-02	3.571183e-01	5.352398e-02
1.006998e-03	2.250518e-02	3.730845e-01	5.739807e-02
1.158048e-03	2.414856e-02	3.897934e-01	6.155257e-02
1.331755e-03	2.591087e-02	4.040842e-01	6.600778e-02
1.531519e-03	2.780074e-02	4.188003e-01	7.078546e-02
1.761246e-03	2.982738e-02	4.330946e-01	7.590895e-02
2.025433e-03	3.200071e-02	4.465513e-01	8.140328e-02
2.329248e-03	3.433134e-02	4.603367e-01	8.729529e-02
2.678635e-03	3.683065e-02	4.718430e-01	9.361377e-02
3.080431e-03	3.951087e-02	4.836296e-01	1.003896e-01
3.542495e-03	4.238507e-02	4.935302e-01	1.076558e-01
4.073870e-03	4.546730e-02	5.023072e-01	1.154480e-01
4.684950e-03	4.877262e-02	5.108302e-01	1.238042e-01
5.387693e-03	5.231718e-02	5.177824e-01	1.327597e-01
6.195847e-03	5.611830e-02	5.244957e-01	1.423799e-01
7.125224e-03	6.019453e-02	5.289962e-01	1.526824e-01
8.194007e-03	6.456581e-02	5.331034e-01	1.637349e-01
9.423108e-03	6.925347e-02	5.366304e-01	1.755856e-01
1.083657e-02	7.428043e-02	5.390298e-01	1.882943e-01
1.246206e-02	7.967124e-02	5.402147e-01	2.019229e-01
1.433137e-02	8.545223e-02	5.397951e-01	2.165380e-01
1.648108e-02	9.165166e-02	5.384687e-01	2.322108e-01
1.895324e-02	9.829980e-02	5.361460e-01	2.490180e-01
2.179622e-02	1.054291e-01	5.325629e-01	2.670419e-01
2.506566e-02	1.130745e-01	5.275394e-01	2.863703e-01
2.882550e-02	1.212732e-01	5.211145e-01	3.070977e-01
3.314933e-02	1.300654e-01	5.133575e-01	3.293252e-01
3.812173e-02	1.394939e-01	5.042904e-01	3.531617e-01
4.383999e-02	1.496049e-01	4.938501e-01	3.787235e-01
5.041599e-02	1.604477e-01	4.820881e-01	4.061355e-01
5.797838e-02	1.720753e-01	4.690632e-01	4.355315e-01
6.667514e-02	1.845446e-01	4.554179e-01	4.670551e-01
7.667641e-02	1.979163e-01	4.404996e-01	5.008606e-01
8.817787e-02	2.122559e-01	4.243111e-01	5.371130e-01
1.014046e-01	2.276335e-01	4.075987e-01	5.759893e-01
1.166152e-01	2.441240e-01	3.894393e-01	6.176794e-01
1.341075e-01	2.618082e-01	3.723795e-01	6.623869e-01
1.542237e-01	2.807723e-01	3.542019e-01	7.103307e-01
1.773572e-01	3.011091e-01	3.354397e-01	7.617447e-01
2.039608e-01	3.229179e-01	3.170487e-01	8.168799e-01
2.345549e-01	3.463051e-01	2.975388e-01	8.760056e-01
2.697381e-01	3.713852e-01	2.797550e-01	9.394110e-01
3.101989e-01	3.982806e-01	2.610704e-01	1.007406e+00
3.567287e-01	4.271227e-01	2.436960e-01	1.080321e+00
4.102380e-01	4.580524e-01	2.274200e-01	1.158523e+00
4.717737e-01	4.912208e-01	2.106217e-01	1.242350e+00
5.425397e-01	5.267915e-01	1.953618e-01	1.332574e+00
6.239207e-01	5.649370e-01	1.798424e-01	1.430265e+00
7.175088e-01	6.058435e-01	1.667157e-01	1.536063e+00
8.251351e-01	6.497109e-01	1.535383e-01	1.650761e+00
9.489054e-01	6.967534e-01	1.408848e-01	1.775224e+00
1.091241e+00	7.472010e-01	1.300851e-01	1.910462e+00
1.254927e+00	7.971728e-01	1.209801e-01	2.057648e+00
1.443166e+00	8.457118e-01	1.114968e-01	2.218164e+00
1.659641e+00	9.162407e-01	1.005911e-01	2.286046e+00
1.908588e+00	1.003003e+00	8.950995e-02	2.326493e+00
2.194876e+00	1.096697e+00	7.970921e-02	2.364459e+00
2.524107e+00	1.200712e+00	7.182560e-02	2.400629e+00
2.902723e+00	1.314940e+00	6.470329e-02	2.436095e+00
3.338132e+00	1.438104e+00	5.841504e-02	2.472225e+00
3.838852e+00	1.575201e+00	5.253636e-02	2.510743e+00
4.414679e+00	1.718354e+00	4.736782e-02	2.553778e+00
5.076881e+00	1.864687e+00	4.262363e-02	2.603911e+00
5.838413e+00	2.012083e+00	3.810712e-02	2.664217e+00
6.714175e+00	2.169690e+00	3.447381e-02	2.738297e+00
7.721302e+00	2.338652e+00	3.098704e-02	2.830318e+00
8.879497e+00	2.488053e+00	2.771178e-02	2.944986e+00
1.021142e+01	2.631826e+00	2.481075e-02	3.087656e+00
1.174313e+01	2.771816e+00	2.191227e-02	3.264260e+00
1.350460e+01	2.886495e+00	1.977970e-02	3.481355e+00
1.553030e+01	3.004083e+00	1.766453e-02	3.746171e+00
1.785984e+01	3.111689e+00	1.571770e-02	4.066704e+00
2.053882e+01	3.208769e+00	1.402748e-02	4.451984e+00
2.361964e+01	3.301399e+00	1.234089e-02	4.912379e+00
2.716258e+01	3.365163e+00	1.103783e-02	5.460123e+00
3.123697e+01	3.424884e+00	9.741676e-03	6.110008e+00
3.592252e+01	3.465904e+00	8.655705e-03	6.880219e+00
4.131089e+01	3.487439e+00	7.744241e-03	7.793377e+00
4.750753e+01	3.497538e+00	6.848105e-03	8.877807e+00
5.463366e+01	3.469960e+00	6.110719e-03	1.016909e+01
6.282871e+01	3.436286e+00	5.396427e-03	1.171198e+01
7.225301e+01	3.393883e+00	4.838746e-03	1.356292e+01
8.309096e+01	3.331099e+00	4.311013e-03	1.579284e+01
9.555461e+01	3.854038e+00	3.808107e-03	1.849206e+01
1.098878e+02	3.616008e+00	3.345291e-03	2.177085e+01
1.263710e+02	3.406760e+00	2.965313e-03	2.578560e+01
1.453266e+02	3.198292e+00	2.642487e-03	3.071780e+01
1.671256e+02	2.991668e+00	2.347987e-03	3.678719e+01
1.921945e+02	2.786346e+00	2.070724e-03	4.429095e+01
2.210236e+02	2.586557e+00	1.812714e-03	5.361240e+01
2.541772e+02	2.394910e+00	1.602619e-03	6.523197e+01
2.923037e+02	2.209001e+00	1.408687e-03	7.977172e+01
3.361493e+02	2.028911e+00	1.247231e-03	9.808035e+01
3.865717e+02	1.858281e+00	1.099724e-03	1.212540e+02
4.445574e+02	1.708624e+00	9.721272e-04	1.505600e+02
5.112411e+02	1.569193e+00	8.606230e-04	1.875734e+02
5.879272e+02	1.436571e+00	7.540931e-04	2.344655e+02
6.761163e+02	1.311064e+00	6.734379e-04	2.940605e+02
7.775337e+02	1.193223e+00	5.961800e-04	3.700158e+02
8.941638e+02	1.083419e+00	5.241104e-04	4.670316e+02
1.028288e+03	9.815627e-01	4.625799e-04	5.911576e+02
1.182532e+03	8.864795e-01	4.016546e-04	7.503138e+02
1.359911e+03	7.992764e-01	3.584530e-04	9.547428e+02
1.563898e+03	7.206830e-01	3.158681e-04	1.217302e+03
1.798483e+03	6.496358e-01	2.767597e-04	1.554110e+03
2.068255e+03	5.849799e-01	2.439064e-04	1.986096e+03
2.378493e+03	5.266351e-01	2.113089e-04	2.540150e+03
2.735268e+03	4.742211e-01	1.866672e-04	3.250434e+03
3.145558e+03	4.270586e-01	1.624958e-04	4.160340e+03
3.617391e+03	3.847056e-01	1.422399e-04	5.324746e+03
4.160000e+03	3.469868e-01	1.258621e-04	6.812866e+03
4.784000e+03	3.134571e-01	1.097018e-04	8.711719e+03
5.501600e+03	2.835804e-01	9.668294e-05	1.113013e+04
6.326840e+03	2.570789e-01	8.431312e-05	1.420362e+04
7.275866e+03	2.336843e-01	7.461499e-05	1.810000e+04
8.367246e+03	2.130094e-01	6.565688e-05	2.302583e+04
9.622333e+03	1.947722e-01	5.721110e-05	2.923362e+04
