# Energy_MeV	dEdx_Elec_MeV_um	dEdx_Nucl_MeV_um	Range_um
1.000000e-05	2.025212e-03	1.853161e-02	1.132000e-02
1.150000e-05	2.178889e-03	1.996134e-02	1.213935e-02
1.322500e-05	2.343666e-03	2.160091e-02	1.301801e-02
1.520875e-05	2.520350e-03	2.318424e-02	1.396026e-02
1.749006e-05	2.709803e-03	2.493756e-02	1.497071e-02
2.011357e-05	2.912951e-03	2.684505e-02	1.605429e-02
2.313061e-05	3.130787e-03	2.868393e-02	1.721631e-02
2.660020e-05	3.364374e-03	3.078383e-02	1.846244e-02
3.059023e-05	3.614855e-03	3.284055e-02	1.979876e-02
3.517876e-05	3.883453e-03	3.500940e-02	2.123180e-02
4.045558e-05	4.171481e-03	3.724396e-02	2.276857e-02
4.652391e-05	4.480344e-03	3.947891e-02	2.441657e-02
5.350250e-05	4.811553e-03	4.186771e-02	2.618386e-02
6.152788e-05	5.166726e-03	4.415485e-02	2.807906e-02
7.075706e-05	5.547597e-03	4.647639e-02	3.011144e-02
8.137062e-05	5.956028e-03	4.877266e-02	3.229092e-02
9.357621e-05	6.394013e-03	5.129558e-02	3.462815e-02
1.076126e-04	6.863693e-03	5.354222e-02	3.713456e-02
1.237545e-04	7.367362e-03	5.586939e-02	3.982238e-02
1.423177e-04	7.907480e-03	5.821387e-02	4.270474e-02
1.636654e-04	8.486687e-03	6.024291e-02	4.579573e-02
1.882152e-04	9.107811e-03	6.257632e-02	4.911045e-02
2.164475e-04	9.773888e-03	6.446326e-02	5.266509e-02
2.489146e-04	1.048817e-02	6.640438e-02	5.647702e-02
2.862518e-04	1.125415e-02	6.835556e-02	6.056485e-02
3.291895e-04	1.207557e-02	7.002398e-02	6.494857e-02
3.785680e-04	1.295644e-02	7.161433e-02	6.964958e-02
4.353531e-04	1.390106e-02	7.293599e-02	7.469086e-02
5.006561e-04	1.491405e-02	7.425481e-02	8.009702e-02
5.757545e-04	1.600036e-02	7.540139e-02	8.589449e-02
6.621177e-04	1.716529e-02	7.637984e-02	9.211157e-02
7.614354e-04	1.841454e-02	7.716435e-02	9.877866e-02
8.756507e-04	1.975421e-02	7.784119e-02	1.059283e-01
1.006998e-03	2.119084e-02	7.846969e-02	1.135955e-01
1.158048e-03	2.273146e-02	7.876669e-02	1.218176e-01
1.331755e-03	2.438358e-02	7.909191e-02	1.305819e-01
1.531519e-03	2.615529e-02	7.910087e-02	1.400656e-01
1.761246e-03	2.805522e-02	7.900601e-02	1.502345e-01
2.025433e-03	3.009268e-02	7.877794e-02	1.611071e-01
2.329248e-03	3.227760e-02	7.826305e-02	1.727681e-01
2.678635e-03	3.462067e-02	7.766247e-02	1.852731e-01
3.080431e-03	3.713334e-02	7.681520e-02	1.986829e-01
3.542495e-03	3.982786e-02	7.577637e-02	2.130634e-01
4.073870e-03	4.271742e-02	7.454481e-02	2.284847e-01
4.684950e-03	4.581613e-02	7.311587e-02	2.450223e-01
5.387693e-03	4.913912e-02	7.147486e-02	2.627570e-01
6.195847e-03	5.270263e-02	6.968289e-02	2.817752e-01
7.125224e-03	5.652406e-02	6.774389e-02	3.021699e-01
8.194007e-03	6.062210e-02	6.565741e-02	3.240408e-01
9.423108e-03	6.501675e-02	6.328876e-02	3.474948e-01
1.083657e-02	6.972949e-02	6.096406e-02	3.726465e-01
1.246206e-02	7.478333e-02	5.843023e-02	3.996185e-01
1.433137e-02	8.020298e-02	5.583650e-02	4.285427e-01
1.648108e-02	8.601490e-02	5.331199e-02	4.595606e-01
1.895324e-02	9.224749e-02	5.042417e-02	4.928237e-01
2.179622e-02	9.893120e-02	4.786036e-02	5.284943e-01
2.506566e-02	1.060987e-01	4.510791e-02	5.667467e-01
2.882550e-02	1.137849e-01	4.230664e-02	6.077677e-01
3.314933e-02	1.220276e-01	3.965851e-02	6.517580e-01
3.812173e-02	1.308668e-01	3.702162e-02	6.989325e-01
4.383999e-02	1.403457e-01	3.462554e-02	7.495214e-01
5.041599e-02	1.505108e-01	3.212414e-02	8.037717e-01
5.797838e-02	1.614117e-01	2.977408e-02	8.619487e-01
6.667514e-02	1.731015e-01	2.753552e-02	9.243369e-01
7.667641e-02	1.856375e-01	2.551263e-02	9.912407e-01
8.817787e-02	1.990808e-01	2.349124e-02	1.062988e+00
1.014046e-01	2.134972e-01	2.150543e-02	1.139924e+00
1.166152e-01	2.289570e-01	2.009767e-02	1.222436e+00
1.341075e-01	2.455360e-01	1.847875e-02	1.310921e+00
1.542237e-01	2.633156e-01	1.697343e-02	1.406396e+00
1.773572e-01	2.823822e-01	1.546735e-02	1.509805e+00
2.039608e-01	3.028288e-01	1.387811e-02	1.621830e+00
2.345549e-01	3.247553e-01	1.259453e-02	1.743310e+00
2.697381e-01	3.482686e-01	1.116008e-02	1.869132e+00
3.101989e-01	3.734824e-01	1.005898e-02	1.971864e+00
3.567287e-01	3.933703e-01	9.064293e-03	2.075601e+00
4.102380e-01	4.129339e-01	8.167824e-03	2.179956e+00
4.717737e-01	4.427690e-01	7.358004e-03	2.284622e+00
5.425397e-01	4.737277e-01	6.593845e-03	2.389538e+00
6.239207e-01	5.039814e-01	5.953693e-03	2.494966e+00
7.175088e-01	5.307755e-01	5.361068e-03	2.601558e+00
8.251351e-01	5.577745e-01	4.833119e-03	2.710518e+00
9.489054e-01	5.796602e-01	4.278852e-03	2.823652e+00
1.091241e+00	6.000264e-01	3.871934e-03	2.943505e+00
1.254927e+00	6.174075e-01	3.454994e-03	3.073491e+00
1.443166e+00	6.283025e-01	3.069239e-03	3.218029e+00
1.659641e+00	6.382541e-01	2.769598e-03	3.382686e+00
1.908588e+00	6.478833e-01	2.432747e-03	3.574353e+00
2.194876e+00	6.550155e-01	2.195946e-03	3.801430e+00
2.524107e+00	6.592927e-01	1.950237e-03	4.074053e+00
2.902723e+00	6.595347e-01	1.718610e-03	4.404340e+00
3.338132e+00	6.581010e-01	1.530876e-03	4.806687e+00
3.838852e+00	6.528414e-01	1.354359e-03	5.298122e+00
4.414679e+00	6.452505e-01	1.213507e-03	5.898788e+00
5.076881e+00	6.353066e-01	1.073280e-03	6.632602e+00
5.838413e+00	6.216214e-01	9.534784e-04	7.528212e+00
6.714175e+00	6.055002e-01	8.481428e-04	8.620363e+00
7.721302e+00	5.864154e-01	7.574780e-04	9.951829e+00
8.879497e+00	5.650171e-01	6.724163e-04	1.157605e+01
1.021142e+01	5.407484e-01	5.925428e-04	1.356070e+01
1.174313e+01	5.156369e-01	5.314143e-04	1.599244e+01
1.350460e+01	4.889503e-01	4.642335e-04	1.898315e+01
1.553030e+01	4.627515e-01	4.159903e-04	2.267801e+01
1.785984e+01	4.341255e-01	3.669720e-04	2.726585e+01
2.053882e+01	4.022723e-01	3.227547e-04	3.299241e+01
2.361964e+01	3.736937e-01	2.886941e-04	4.017687e+01
2.716258e+01	3.689170e-01	2.512241e-04	4.923016e+01
3.123697e+01	3.360972e-01	2.225482e-04	6.068523e+01
3.592252e+01	3.058409e-01	1.960673e-04	7.526720e+01
4.131089e+01	2.776813e-01	1.732303e-04	9.382633e+01
4.750753e+01	2.513589e-01	1.529460e-04	1.174718e+02
5.463366e+01	2.267953e-01	1.344152e-04	1.476474e+02
6.282871e+01	2.042222e-01	1.193916e-04	1.862047e+02
7.225301e+01	1.836862e-01	1.057576e-04	2.354781e+02
8.309096e+01	1.646698e-01	9.389645e-05	2.985273e+02
9.555461e+01	1.472321e-01	8.158955e-05	3.794731e+02
1.098878e+02	1.317087e-01	7.296576e-05	4.834737e+02
1.263710e+02	1.185161e-01	6.403527e-05	6.165525e+02
1.453266e+02	1.065312e-01	5.608585e-05	7.865439e+02
1.671256e+02	9.566879e-02	4.995149e-05	1.003932e+03
1.921945e+02	8.583315e-02	4.315283e-05	1.282234e+03
2.210236e+02	7.695078e-02	0.000000e+00	1.638886e+03
2.541772e+02	6.896968e-02	0.000000e+00	2.096197e+03
2.923037e+02	6.176107e-02	0.000000e+00	2.682934e+03
3.361493e+02	5.524264e-02	0.000000e+00	3.436719e+03
3.865717e+02	4.941245e-02	0.000000e+00	4.405611e+03
4.445574e+02	4.430450e-02	0.000000e+00	5.649558e+03
5.112411e+02	3.973468e-02	0.000000e+00	7.244439e+03
5.879272e+02	3.564316e-02	0.000000e+00	9.289090e+03
6.761163e+02	3.198921e-02	0.000000e+00	1.190942e+04
7.775337e+02	2.872928e-02	0.000000e+00	1.526569e+04
8.941638e+02	2.582735e-02	0.000000e+00	1.956119e+04
1.028288e+03	2.324745e-02	0.000000e+00	2.505289e+04
1.182532e+03	2.095567e-02	0.000000e+00	3.206480e+04
1.359911e+03	1.892187e-02	0.000000e+00	4.100376e+04
1.563898e+03	1.711889e-02	0.000000e+00	5.237800e+04
1.798483e+03	1.552429e-02	0.000000e+00	6.681947e+04
2.068255e+03	1.411626e-02	0.000000e+00	8.510928e+04
2.378493e+03	1.287392e-02	0.000000e+00	1.082069e+05
2.735268e+03	1.178015e-02	0.000000e+00	1.372823e+05
3.145558e+03	1.082006e-02	0.000000e+00	1.737516e+05
3.617391e+03	9.979836e-03	0.000000e+00	2.193136e+05
4.160000e+03	9.246993e-03	0.000000e+00	2.759881e+05
4.784000e+03	8.610376e-03	0.000000e+00	3.461538e+05
5.501600e+03	8.059727e-03	0.000000e+00	4.325836e+05
6.326840e+03	7.585818e-03	0.000000e+00	5.384769e+05
7.275866e+03	7.180869e-03	0.000000e+00	6.674871e+05
8.367246e+03	6.837991e-03	0.000000e+00	8.237439e+05
9.622333e+03	6.550807e-03	0.000000e+00	1.011868e+06
