# Energy_MeV	dEdx_Elec_MeV_um	dEdx_Nucl_MeV_um	Range_um
1.000000e-05	2.252345e-03	3.226429e-02	5.285737e-03
1.150000e-05	2.434316e-03	3.536747e-02	5.668322e-03
1.322500e-05	2.629317e-03	3.880964e-02	6.078598e-03
1.520875e-05	2.838303e-03	4.253834e-02	6.518570e-03
1.749006e-05	3.062298e-03	4.662885e-02	6.990387e-03
2.011357e-05	3.302397e-03	5.101780e-02	7.496355e-03
2.313061e-05	3.559776e-03	5.578552e-02	8.038946e-03
2.660020e-05	3.835693e-03	6.086902e-02	8.620809e-03
3.059023e-05	4.131498e-03	6.635794e-02	9.244787e-03
3.517876e-05	4.448636e-03	7.223892e-02	9.913930e-03
4.045558e-05	4.788658e-03	7.854621e-02	1.063151e-02
4.652391e-05	5.153225e-03	8.541283e-02	1.140102e-02
5.350250e-05	5.544120e-03	9.239377e-02	1.222623e-02
6.152788e-05	5.963252e-03	1.000973e-01	1.311117e-02
7.075706e-05	6.412670e-03	1.084197e-01	1.406017e-02
8.137062e-05	6.894569e-03	1.169817e-01	1.507785e-02
9.357621e-05	7.411305e-03	1.265782e-01	1.616919e-02
1.076126e-04	7.965401e-03	1.357988e-01	1.733953e-02
1.237545e-04	8.559565e-03	1.460800e-01	1.859457e-02
1.423177e-04	9.196701e-03	1.570229e-01	1.994045e-02
1.636654e-04	9.879920e-03	1.680106e-01	2.138375e-02
1.882152e-04	1.061256e-02	1.802889e-01	2.293152e-02
2.164475e-04	1.139820e-02	1.921294e-01	2.459132e-02
2.489146e-04	1.224068e-02	2.050273e-01	2.637125e-02
2.862518e-04	1.314412e-02	2.180392e-01	2.828002e-02
3.291895e-04	1.411292e-02	2.308588e-01	3.032694e-02
3.785680e-04	1.515183e-02	2.448331e-01	3.252202e-02
4.353531e-04	1.626591e-02	2.581074e-01	3.487598e-02
5.006561e-04	1.746062e-02	2.720495e-01	3.740032e-02
5.757545e-04	1.874178e-02	2.851733e-01	4.010738e-02
6.621177e-04	2.011565e-02	2.990060e-01	4.301037e-02
7.614354e-04	2.158896e-02	3.127253e-01	4.612348e-02
8.756507e-04	2.316889e-02	3.266963e-01	4.946192e-02
1.006998e-03	2.486316e-02	3.396789e-01	5.304200e-02
1.158048e-03	2.668005e-02	3.518974e-01	5.688121e-02
1.331755e-03	2.862844e-02	3.642493e-01	6.099831e-02
1.531519e-03	3.071785e-02	3.759652e-01	6.541340e-02
1.761246e-03	3.295847e-02	3.876834e-01	7.014805e-02
2.025433e-03	3.536127e-02	3.981239e-01	7.522540e-02
2.329248e-03	3.793798e-02	4.081433e-01	8.067026e-02
2.678635e-03	4.070118e-02	4.168755e-01	8.650922e-02
3.080431e-03	4.366437e-02	4.249916e-01	9.277080e-02
3.542495e-03	4.684204e-02	4.322383e-01	9.948560e-02
4.073870e-03	5.024970e-02	4.385640e-01	1.066705e-01
4.684950e-03	5.390401e-02	4.445446e-01	1.144121e-01
5.387693e-03	5.782280e-02	4.486885e-01	1.226913e-01
6.195847e-03	6.202524e-02	4.526222e-01	1.315729e-01
7.125224e-03	6.653185e-02	4.559180e-01	1.410957e-01
8.194007e-03	7.136465e-02	4.578560e-01	1.513081e-01
9.423108e-03	7.654724e-02	4.596795e-01	1.622596e-01
1.083657e-02	8.210495e-02	4.594061e-01	1.740039e-01
1.246206e-02	8.806492e-02	4.587756e-01	1.865982e-01
1.433137e-02	9.445628e-02	4.571594e-01	2.001040e-01
1.648108e-02	1.013102e-01	4.542284e-01	2.145874e-01
1.895324e-02	1.086603e-01	4.506090e-01	2.301192e-01
2.179622e-02	1.165423e-01	4.454003e-01	2.467751e-01
2.506566e-02	1.249949e-01	4.392764e-01	2.646366e-01
2.882550e-02	1.340593e-01	4.319024e-01	2.837909e-01
3.314933e-02	1.437797e-01	4.234576e-01	3.043316e-01
3.812173e-02	1.542037e-01	4.137428e-01	3.263591e-01
4.383999e-02	1.653822e-01	4.031849e-01	3.499810e-01
5.041599e-02	1.773698e-01	3.916376e-01	3.753125e-01
5.797838e-02	1.902251e-01	3.794202e-01	4.024776e-01
6.667514e-02	2.040108e-01	3.660113e-01	4.316089e-01
7.667641e-02	2.187944e-01	3.519477e-01	4.628489e-01
8.817787e-02	2.346480e-01	3.368614e-01	4.963500e-01
1.014046e-01	2.516490e-01	3.220250e-01	5.322757e-01
1.166152e-01	2.698807e-01	3.069338e-01	5.708018e-01
1.341075e-01	2.894319e-01	2.911581e-01	6.121167e-01
1.542237e-01	3.103983e-01	2.754415e-01	6.564219e-01
1.773572e-01	3.328822e-01	2.589536e-01	7.039338e-01
2.039608e-01	3.569936e-01	2.434559e-01	7.548845e-01
2.345549e-01	3.828501e-01	2.275581e-01	8.095232e-01
2.697381e-01	4.105781e-01	2.128324e-01	8.681162e-01
3.101989e-01	4.403131e-01	1.983415e-01	9.309558e-01
3.567287e-01	4.722003e-01	1.841639e-01	9.983176e-01
4.102380e-01	5.063972e-01	1.709065e-01	1.070751e+00
4.717737e-01	5.430697e-01	1.572564e-01	1.149150e+00
5.425397e-01	5.823966e-01	1.461030e-01	1.234052e+00
6.239207e-01	6.245701e-01	1.344096e-01	1.326084e+00
7.175088e-01	6.697960e-01	1.230224e-01	1.425937e+00
8.251351e-01	7.182956e-01	1.143555e-01	1.534413e+00
9.489054e-01	7.677190e-01	1.054578e-01	1.652445e+00
1.091241e+00	8.140218e-01	9.776199e-02	1.778825e+00
1.254927e+00	8.790407e-01	8.891182e-02	1.817630e+00
1.443166e+00	9.626347e-01	7.899313e-02	1.854170e+00
1.659641e+00	1.052671e+00	7.112085e-02	1.888796e+00
1.908588e+00	1.153197e+00	6.309488e-02	1.921963e+00
2.194876e+00	1.262083e+00	5.734716e-02	1.954560e+00
2.524107e+00	1.380423e+00	5.149425e-02	1.987597e+00
2.902723e+00	1.512491e+00	4.636759e-02	2.022413e+00
3.338132e+00	1.646910e+00	4.196511e-02	2.060687e+00
3.838852e+00	1.787708e+00	3.752604e-02	2.104476e+00
4.414679e+00	1.922468e+00	3.388222e-02	2.156246e+00
5.076881e+00	2.067676e+00	3.037249e-02	2.218917e+00
5.838413e+00	2.227378e+00	2.741846e-02	2.295868e+00
6.714175e+00	2.360320e+00	2.457634e-02	2.390980e+00
7.721302e+00	2.493650e+00	2.200967e-02	2.508661e+00
8.879497e+00	2.616905e+00	1.947526e-02	2.653830e+00
1.021142e+01	2.722686e+00	1.747778e-02	2.831952e+00
1.174313e+01	2.828781e+00	1.565477e-02	3.049075e+00
1.350460e+01	2.921287e+00	1.396634e-02	3.311923e+00
1.553030e+01	3.008737e+00	1.246714e-02	3.628070e+00
1.785984e+01	3.086322e+00	1.097215e-02	4.006225e+00
2.053882e+01	3.142230e+00	9.791996e-03	4.456651e+00
2.361964e+01	3.193006e+00	8.641248e-03	4.991730e+00
2.716258e+01	3.222066e+00	7.711983e-03	5.626672e+00
3.123697e+01	3.237598e+00	6.859144e-03	6.380398e+00
3.592252e+01	3.238241e+00	6.080940e-03	7.276598e+00
4.131089e+01	3.209833e+00	5.428438e-03	8.345061e+00
4.750753e+01	3.171929e+00	4.770752e-03	9.623305e+00
5.463366e+01	3.124941e+00	4.300541e-03	1.115868e+01
6.282871e+01	3.062234e+00	3.817106e-03	1.301082e+01
7.225301e+01	2.983517e+00	3.372150e-03	1.525581e+01
8.309096e+01	3.322073e+00	2.999804e-03	1.798639e+01
9.555461e+01	3.122669e+00	2.615161e-03	2.133267e+01
1.098878e+02	2.927591e+00	2.355456e-03	2.545185e+01
1.263710e+02	2.734432e+00	2.081144e-03	3.052780e+01
1.453266e+02	2.543490e+00	1.835562e-03	3.681155e+01
1.671256e+02	2.357641e+00	1.628007e-03	4.462750e+01
1.921945e+02	2.179806e+00	1.417887e-03	5.438397e+01
2.210236e+02	2.008189e+00	1.261513e-03	6.660583e+01
2.541772e+02	1.841549e+00	1.107677e-03	8.200675e+01
2.923037e+02	1.684071e+00	9.769517e-04	1.015223e+02
3.361493e+02	1.544531e+00	8.684018e-04	1.262476e+02
3.865717e+02	1.416283e+00	7.621177e-04	1.575130e+02
4.445574e+02	1.294764e+00	6.762264e-04	1.971538e+02
5.112411e+02	1.180064e+00	5.965836e-04	2.475682e+02
5.879272e+02	1.072654e+00	5.300009e-04	3.118606e+02
6.761163e+02	9.727462e-01	4.678781e-04	3.940256e+02
7.775337e+02	8.804229e-01	4.130416e-04	4.991956e+02
8.941638e+02	7.943634e-01	3.585939e-04	6.340754e+02
1.028288e+03	7.155547e-01	3.183590e-04	8.073674e+02
1.182532e+03	6.444891e-01	2.809528e-04	1.030028e+03
1.359911e+03	5.806120e-01	2.473846e-04	1.315746e+03
1.563898e+03	5.225296e-01	2.180795e-04	1.682231e+03
1.798483e+03	4.701310e-01	1.885719e-04	2.152320e+03
2.068255e+03	4.231077e-01	1.665047e-04	2.755002e+03
2.378493e+03	3.808718e-01	1.445024e-04	3.527125e+03
2.735268e+03	3.429746e-01	1.275240e-04	4.515309e+03
3.145558e+03	3.092134e-01	1.120294e-04	5.778370e+03
3.617391e+03	2.792212e-01	9.781838e-05	7.390305e+03
4.160000e+03	2.525209e-01	8.637013e-05	9.443722e+03
4.784000e+03	2.288288e-01	7.472094e-05	1.205401e+04
5.501600e+03	2.079109e-01	6.668738e-05	1.536420e+04
6.326840e+03	1.894333e-01	5.841983e-05	1.955048e+04
7.275866e+03	1.731292e-01	5.091870e-05	2.482846e+04
8.367246e+03	1.588198e-01	0.000000e+00	3.145997e+04
9.622333e+03	1.462834e-01	0.000000e+00	3.976050e+04
