# Energy_MeV	dEdx_Elec_MeV_um	dEdx_Nucl_MeV_um	Range_um
1.000000e-05	2.720999e-03	1.891905e-02	6.649944e-03
1.150000e-05	2.935324e-03	2.047750e-02	7.131271e-03
1.322500e-05	3.165063e-03	2.219603e-02	7.647436e-03
1.520875e-05	3.411340e-03	2.403732e-02	8.200961e-03
1.749006e-05	3.675359e-03	2.591369e-02	8.794551e-03
2.011357e-05	3.958411e-03	2.800506e-02	9.431106e-03
2.313061e-05	4.261881e-03	3.006204e-02	1.011373e-02
2.660020e-05	4.587250e-03	3.236277e-02	1.084577e-02
3.059023e-05	4.936111e-03	3.476749e-02	1.163079e-02
3.517876e-05	5.310166e-03	3.718030e-02	1.247264e-02
4.045558e-05	5.711245e-03	3.986963e-02	1.337541e-02
4.652391e-05	6.141307e-03	4.253786e-02	1.434353e-02
5.350250e-05	6.602454e-03	4.532440e-02	1.538173e-02
6.152788e-05	7.096938e-03	4.815673e-02	1.649506e-02
7.075706e-05	7.627176e-03	5.108060e-02	1.768898e-02
8.137062e-05	8.195758e-03	5.410643e-02	1.896932e-02
9.357621e-05	8.805462e-03	5.707758e-02	2.034233e-02
1.076126e-04	9.459267e-03	6.000187e-02	2.181472e-02
1.237545e-04	1.016037e-02	6.297553e-02	2.339368e-02
1.423177e-04	1.091219e-02	6.625551e-02	2.508693e-02
1.636654e-04	1.171840e-02	6.903655e-02	2.690273e-02
1.882152e-04	1.258295e-02	7.208723e-02	2.884997e-02
2.164475e-04	1.351005e-02	7.494847e-02	3.093814e-02
2.489146e-04	1.450424e-02	7.760745e-02	3.317746e-02
2.862518e-04	1.557036e-02	8.060901e-02	3.557887e-02
3.291895e-04	1.671364e-02	8.292567e-02	3.815408e-02
3.785680e-04	1.793966e-02	8.546873e-02	4.091569e-02
4.353531e-04	1.925440e-02	8.785254e-02	4.387719e-02
5.006561e-04	2.066429e-02	8.996139e-02	4.705305e-02
5.757545e-04	2.217621e-02	9.199559e-02	5.045877e-02
6.621177e-04	2.379756e-02	9.364393e-02	5.411101e-02
7.614354e-04	2.553625e-02	9.533849e-02	5.802759e-02
8.756507e-04	2.740078e-02	9.671887e-02	6.222766e-02
1.006998e-03	2.940025e-02	9.791515e-02	6.673173e-02
1.158048e-03	3.154444e-02	9.890364e-02	7.152496e-02
1.331755e-03	3.384382e-02	9.978868e-02	7.673314e-02
1.531519e-03	3.630962e-02	1.004913e-01	8.229809e-02
1.761246e-03	3.895389e-02	1.008776e-01	8.825484e-02
2.025433e-03	4.178955e-02	1.012374e-01	9.464245e-02
2.329248e-03	4.483045e-02	1.012105e-01	1.014927e-01
2.678635e-03	4.809144e-02	1.010827e-01	1.088386e-01
3.080431e-03	5.158846e-02	1.007059e-01	1.167162e-01
3.542495e-03	5.533859e-02	1.000271e-01	1.251641e-01
4.073870e-03	5.936016e-02	9.921457e-02	1.342234e-01
4.684950e-03	6.367280e-02	9.807968e-02	1.439384e-01
5.387693e-03	6.829759e-02	9.670886e-02	1.543565e-01
6.195847e-03	7.325712e-02	9.508621e-02	1.655288e-01
7.125224e-03	7.857562e-02	9.320732e-02	1.775097e-01
8.194007e-03	8.427908e-02	9.107728e-02	1.903579e-01
9.423108e-03	9.039535e-02	8.872562e-02	2.041359e-01
1.083657e-02	9.695432e-02	8.623646e-02	2.189112e-01
1.246206e-02	1.039880e-01	8.350835e-02	2.347559e-01
1.433137e-02	1.115308e-01	8.042072e-02	2.517476e-01
1.648108e-02	1.196196e-01	7.746761e-02	2.699691e-01
1.895324e-02	1.282938e-01	7.414301e-02	2.895094e-01
2.179622e-02	1.375959e-01	7.091093e-02	3.104641e-01
2.506566e-02	1.475712e-01	6.760001e-02	3.329355e-01
2.882550e-02	1.582686e-01	6.386246e-02	3.570335e-01
3.314933e-02	1.697403e-01	6.065485e-02	3.828756e-01
3.812173e-02	1.820422e-01	5.704580e-02	4.105881e-01
4.383999e-02	1.952346e-01	5.356224e-02	4.403065e-01
5.041599e-02	2.093819e-01	5.018992e-02	4.721761e-01
5.797838e-02	2.245531e-01	4.678459e-02	5.063524e-01
6.667514e-02	2.408225e-01	4.375768e-02	5.430021e-01
7.667641e-02	2.582694e-01	4.051839e-02	5.823049e-01
8.817787e-02	2.769792e-01	3.760874e-02	6.244523e-01
1.014046e-01	2.970432e-01	3.481493e-02	6.696462e-01
1.166152e-01	3.185602e-01	3.221790e-02	7.181490e-01
1.341075e-01	3.416359e-01	2.956905e-02	7.705584e-01
1.542237e-01	3.663817e-01	2.723106e-02	8.273193e-01
1.773572e-01	3.929187e-01	2.539079e-02	8.888264e-01
2.039608e-01	4.213764e-01	2.327448e-02	9.555369e-01
2.345549e-01	4.518905e-01	2.138281e-02	1.011169e+00
2.697381e-01	4.846115e-01	1.940390e-02	1.060301e+00
3.101989e-01	5.121033e-01	1.749294e-02	1.109573e+00
3.567287e-01	5.455592e-01	1.581428e-02	1.158810e+00
4.102380e-01	5.929851e-01	1.400913e-02	1.207913e+00
4.717737e-01	6.422319e-01	1.263670e-02	1.256903e+00
5.425397e-01	6.952093e-01	1.138336e-02	1.305918e+00
6.239207e-01	7.436279e-01	1.028484e-02	1.355351e+00
7.175088e-01	7.943627e-01	9.244460e-03	1.405797e+00
8.251351e-01	8.423867e-01	8.289693e-03	1.458152e+00
9.489054e-01	8.857377e-01	7.469978e-03	1.513659e+00
1.091241e+00	9.288151e-01	6.739808e-03	1.573957e+00
1.254927e+00	9.562252e-01	6.067118e-03	1.641160e+00
1.443166e+00	9.860889e-01	5.358544e-03	1.717895e+00
1.659641e+00	1.017441e+00	4.867140e-03	1.807376e+00
1.908588e+00	1.041326e+00	4.321324e-03	1.913482e+00
2.194876e+00	1.062949e+00	3.864756e-03	2.040822e+00
2.524107e+00	1.076306e+00	3.472534e-03	2.194819e+00
2.902723e+00	1.087087e+00	3.043556e-03	2.381809e+00
3.338132e+00	1.093022e+00	2.758534e-03	2.609164e+00
3.838852e+00	1.094235e+00	2.436910e-03	2.885472e+00
4.414679e+00	1.092916e+00	2.158428e-03	3.220807e+00
5.076881e+00	1.084232e+00	1.922049e-03	3.627124e+00
5.838413e+00	1.071291e+00	1.696842e-03	4.118848e+00
6.714175e+00	1.053111e+00	1.521595e-03	4.713670e+00
7.721302e+00	1.029382e+00	1.341730e-03	5.433622e+00
8.879497e+00	1.001363e+00	1.196834e-03	6.306478e+00
1.021142e+01	9.684073e-01	1.066631e-03	7.367579e+00
1.174313e+01	9.326766e-01	9.514672e-04	8.662154e+00
1.350460e+01	8.935041e-01	8.400968e-04	1.024832e+01
1.553030e+01	8.504412e-01	7.453887e-04	1.220087e+01
1.785984e+01	8.032087e-01	6.653838e-04	1.461613e+01
2.053882e+01	7.553972e-01	5.824602e-04	1.761860e+01
2.361964e+01	7.578128e-01	5.221241e-04	2.136573e+01
2.716258e+01	6.956698e-01	4.579710e-04	2.606683e+01
3.123697e+01	6.379308e-01	4.058558e-04	3.200008e+01
3.592252e+01	5.832401e-01	3.612793e-04	3.948780e+01
4.131089e+01	5.314280e-01	3.144448e-04	4.896281e+01
4.750753e+01	4.825351e-01	2.784423e-04	6.098791e+01
5.463366e+01	4.371094e-01	2.452185e-04	7.628398e+01
6.282871e+01	3.952334e-01	2.174936e-04	9.576730e+01
7.225301e+01	3.556766e-01	1.915230e-04	1.206573e+02
8.309096e+01	3.192953e-01	1.684604e-04	1.525896e+02
9.555461e+01	2.870634e-01	1.493008e-04	1.935678e+02
1.098878e+02	2.589474e-01	1.325717e-04	2.459492e+02
1.263710e+02	2.332199e-01	1.175254e-04	3.128825e+02
1.453266e+02	2.097321e-01	1.018307e-04	3.985311e+02
1.671256e+02	1.883622e-01	9.150494e-05	5.082603e+02
1.921945e+02	1.690012e-01	7.981794e-05	6.489757e+02
2.210236e+02	1.515572e-01	7.048972e-05	8.295091e+02
2.541772e+02	1.357177e-01	6.246205e-05	1.061289e+03
2.923037e+02	1.214246e-01	5.383433e-05	1.359228e+03
3.361493e+02	1.086651e-01	4.832776e-05	1.742250e+03
3.865717e+02	9.747288e-02	4.199521e-05	2.233918e+03
4.445574e+02	8.742784e-02	0.000000e+00	2.864310e+03
5.112411e+02	7.843476e-02	0.000000e+00	3.672526e+03
5.879272e+02	7.040620e-02	0.000000e+00	4.708240e+03
6.761163e+02	6.324627e-02	0.000000e+00	6.034690e+03
7.775337e+02	5.687258e-02	0.000000e+00	7.732024e+03
8.941638e+02	5.120673e-02	0.000000e+00	9.901488e+03
1.028288e+03	4.617596e-02	0.000000e+00	1.267068e+04
1.182532e+03	4.171176e-02	0.000000e+00	1.619963e+04
1.359911e+03	3.775529e-02	0.000000e+00	2.068806e+04
1.563898e+03	3.425830e-02	0.000000e+00	2.638402e+04
1.798483e+03	3.117117e-02	0.000000e+00	3.359376e+04
2.068255e+03	2.844788e-02	0.000000e+00	4.269286e+04
2.378493e+03	2.605206e-02	0.000000e+00	5.413869e+04
2.735268e+03	2.395073e-02	0.000000e+00	6.848370e+04
3.145558e+03	2.211232e-02	0.000000e+00	8.638955e+04
3.617391e+03	2.050950e-02	0.000000e+00	1.086414e+05
4.160000e+03	1.911853e-02	0.000000e+00	1.361619e+05
4.784000e+03	1.791652e-02	0.000000e+00	1.700245e+05
5.501600e+03	1.688308e-02	0.000000e+00	2.114647e+05
6.326840e+03	1.600165e-02	0.000000e+00	2.618903e+05
7.275866e+03	1.525706e-02	0.000000e+00	3.228908e+05
8.367246e+03	1.463492e-02	0.000000e+00	3.962378e+05
9.622333e+03	1.410866e-02	0.000000e+00	4.839352e+05
