# Energy_MeV	dEdx_Elec_MeV_um	dEdx_Nucl_MeV_um	Range_um
1.000000e-05	2.698554e-03	2.990406e-02	4.411162e-03
1.150000e-05	2.922366e-03	3.270311e-02	4.730444e-03
1.322500e-05	3.162113e-03	3.589261e-02	5.072836e-03
1.520875e-05	3.418970e-03	3.919950e-02	5.440010e-03
1.749006e-05	3.694200e-03	4.286770e-02	5.833761e-03
2.011357e-05	3.989151e-03	4.677448e-02	6.256012e-03
2.313061e-05	4.305267e-03	5.091037e-02	6.708825e-03
2.660020e-05	4.644097e-03	5.549912e-02	7.194414e-03
3.059023e-05	5.007298e-03	6.023389e-02	7.715149e-03
3.517876e-05	5.396648e-03	6.543475e-02	8.273576e-03
4.045558e-05	5.814050e-03	7.075528e-02	8.872421e-03
4.652391e-05	6.261544e-03	7.672735e-02	9.514612e-03
5.350250e-05	6.741319e-03	8.293755e-02	1.020328e-02
6.152788e-05	7.255720e-03	8.955129e-02	1.094180e-02
7.075706e-05	7.807261e-03	9.667904e-02	1.173378e-02
8.137062e-05	8.398636e-03	1.037366e-01	1.258307e-02
9.357621e-05	9.032737e-03	1.116875e-01	1.349384e-02
1.076126e-04	9.712661e-03	1.197434e-01	1.447054e-02
1.237545e-04	1.044173e-02	1.282592e-01	1.551792e-02
1.423177e-04	1.122351e-02	1.373779e-01	1.664112e-02
1.636654e-04	1.206181e-02	1.465124e-01	1.784561e-02
1.882152e-04	1.296074e-02	1.560758e-01	1.913728e-02
2.164475e-04	1.392468e-02	1.656964e-01	2.052245e-02
2.489146e-04	1.495835e-02	1.756065e-01	2.200788e-02
2.862518e-04	1.606679e-02	1.858478e-01	2.360082e-02
3.291895e-04	1.725542e-02	1.961100e-01	2.530906e-02
3.785680e-04	1.853005e-02	2.060111e-01	2.714094e-02
4.353531e-04	1.989690e-02	2.161982e-01	2.910542e-02
5.006561e-04	2.136265e-02	2.268781e-01	3.121208e-02
5.757545e-04	2.293447e-02	2.365099e-01	3.347123e-02
6.621177e-04	2.462002e-02	2.473374e-01	3.589389e-02
7.614354e-04	2.642756e-02	2.562217e-01	3.849191e-02
8.756507e-04	2.836590e-02	2.656782e-01	4.127798e-02
1.006998e-03	3.044451e-02	2.751659e-01	4.426570e-02
1.158048e-03	3.267356e-02	2.831739e-01	4.746967e-02
1.331755e-03	3.506392e-02	2.922331e-01	5.090555e-02
1.531519e-03	3.762729e-02	2.994259e-01	5.459012e-02
1.761246e-03	4.037617e-02	3.068151e-01	5.854139e-02
2.025433e-03	4.332401e-02	3.132690e-01	6.277864e-02
2.329248e-03	4.648519e-02	3.188820e-01	6.730220e-02
2.678635e-03	4.987518e-02	3.244946e-01	7.218272e-02
3.080431e-03	5.351052e-02	3.287028e-01	7.742348e-02
3.542495e-03	5.740897e-02	3.328777e-01	8.302640e-02
4.073870e-03	6.158959e-02	3.358119e-01	8.903603e-02
4.684950e-03	6.607279e-02	3.387583e-01	9.548042e-02
5.387693e-03	7.088048e-02	3.407420e-01	1.023912e-01
6.195847e-03	7.603614e-02	3.421772e-01	1.098022e-01
7.125224e-03	8.156496e-02	3.431057e-01	1.177496e-01
8.194007e-03	8.749396e-02	3.427762e-01	1.262722e-01
9.423108e-03	9.385209e-02	3.421871e-01	1.354117e-01
1.083657e-02	1.006704e-01	3.405617e-01	1.452128e-01
1.246206e-02	1.079823e-01	3.382349e-01	1.557232e-01
1.433137e-02	1.158233e-01	3.351944e-01	1.669943e-01
1.648108e-02	1.242319e-01	3.310938e-01	1.790813e-01
1.895324e-02	1.332491e-01	3.262367e-01	1.920433e-01
2.179622e-02	1.429190e-01	3.204936e-01	2.059433e-01
2.506566e-02	1.532888e-01	3.138829e-01	2.208494e-01
2.882550e-02	1.644092e-01	3.064742e-01	2.368344e-01
3.314933e-02	1.763344e-01	2.982302e-01	2.539765e-01
3.812173e-02	1.891228e-01	2.896443e-01	2.723594e-01
4.383999e-02	2.028369e-01	2.801233e-01	2.920728e-01
5.041599e-02	2.175435e-01	2.696968e-01	3.132129e-01
5.797838e-02	2.333147e-01	2.594242e-01	3.358833e-01
6.667514e-02	2.502273e-01	2.476890e-01	3.601947e-01
7.667641e-02	2.683641e-01	2.371451e-01	3.862657e-01
8.817787e-02	2.878136e-01	2.254271e-01	4.142236e-01
1.014046e-01	3.086710e-01	2.132312e-01	4.442050e-01
1.166152e-01	3.310379e-01	2.020980e-01	4.763567e-01
1.341075e-01	3.550238e-01	1.893073e-01	5.108356e-01
1.542237e-01	3.807458e-01	1.782803e-01	5.478104e-01
1.773572e-01	4.083296e-01	1.664702e-01	5.874597e-01
2.039608e-01	4.379099e-01	1.553845e-01	6.299831e-01
2.345549e-01	4.696317e-01	1.449814e-01	6.755776e-01
2.697381e-01	5.036523e-01	1.339680e-01	7.247488e-01
3.101989e-01	5.401352e-01	1.246472e-01	7.780050e-01
3.567287e-01	5.792587e-01	1.149033e-01	8.356941e-01
4.102380e-01	6.212141e-01	1.065509e-01	8.982490e-01
4.717737e-01	6.662063e-01	9.761464e-02	9.661523e-01
5.425397e-01	7.144552e-01	9.020889e-02	1.039962e+00
6.239207e-01	7.600283e-01	8.356643e-02	1.120331e+00
7.175088e-01	8.076937e-01	7.690969e-02	1.161380e+00
8.251351e-01	8.822814e-01	7.088793e-02	1.188499e+00
9.489054e-01	9.664507e-01	6.396291e-02	1.214332e+00
1.091241e+00	1.058683e+00	5.745585e-02	1.239069e+00
1.254927e+00	1.158338e+00	5.141228e-02	1.263184e+00
1.443166e+00	1.269378e+00	4.587893e-02	1.287212e+00
1.659641e+00	1.386210e+00	4.142752e-02	1.311898e+00
1.908588e+00	1.513577e+00	3.730951e-02	1.338202e+00
2.194876e+00	1.648260e+00	3.367538e-02	1.367327e+00
2.524107e+00	1.772230e+00	3.031942e-02	1.400746e+00
2.902723e+00	1.902047e+00	2.724341e-02	1.440229e+00
3.338132e+00	2.038896e+00	2.442287e-02	1.487856e+00
3.838852e+00	2.174070e+00	2.207498e-02	1.546045e+00
4.414679e+00	2.300144e+00	1.979494e-02	1.617578e+00
5.076881e+00	2.408985e+00	1.762523e-02	1.705593e+00
5.838413e+00	2.518175e+00	1.592667e-02	1.813610e+00
6.714175e+00	2.606297e+00	1.397331e-02	1.945542e+00
7.721302e+00	2.692858e+00	1.268645e-02	2.105746e+00
8.879497e+00	2.776959e+00	1.128195e-02	2.299105e+00
1.021142e+01	2.841138e+00	1.001302e-02	2.531174e+00
1.174313e+01	2.901788e+00	9.011500e-03	2.808421e+00
1.350460e+01	2.941855e+00	7.859750e-03	3.138559e+00
1.553030e+01	2.970911e+00	7.070431e-03	3.530974e+00
1.785984e+01	2.990260e+00	6.239215e-03	3.997276e+00
2.053882e+01	2.984954e+00	5.554470e-03	4.551962e+00
2.361964e+01	2.969169e+00	4.957361e-03	5.213245e+00
2.716258e+01	2.930647e+00	4.358460e-03	6.004076e+00
3.123697e+01	2.884441e+00	3.915937e-03	6.953417e+00
3.592252e+01	2.830066e+00	3.460212e-03	8.097896e+00
4.131089e+01	2.757000e+00	3.108126e-03	9.483817e+00
4.750753e+01	3.125467e+00	2.741326e-03	1.116959e+01
5.463366e+01	2.926725e+00	2.443121e-03	1.322914e+01
6.282871e+01	2.743769e+00	2.156405e-03	1.576559e+01
7.225301e+01	2.563101e+00	1.900498e-03	1.889382e+01
8.309096e+01	2.385884e+00	1.700542e-03	2.276350e+01
9.555461e+01	2.211631e+00	1.493086e-03	2.757235e+01
1.098878e+02	2.043709e+00	1.329025e-03	3.357474e+01
1.263710e+02	1.883583e+00	1.169231e-03	4.109043e+01
1.453266e+02	1.728692e+00	1.025756e-03	5.054055e+01
1.671256e+02	1.580395e+00	9.048369e-04	6.249910e+01
1.921945e+02	1.441927e+00	7.980640e-04	7.768609e+01
2.210236e+02	1.321767e+00	7.062232e-04	9.693223e+01
2.541772e+02	1.208377e+00	6.237701e-04	1.213185e+02
2.923037e+02	1.101434e+00	5.510071e-04	1.523126e+02
3.361493e+02	1.001122e+00	4.846005e-04	1.918130e+02
3.865717e+02	9.076344e-01	4.320635e-04	2.422767e+02
4.445574e+02	8.212665e-01	3.807328e-04	3.068549e+02
5.112411e+02	7.414607e-01	3.341451e-04	3.896155e+02
5.879272e+02	6.677175e-01	2.977024e-04	4.958892e+02
6.761163e+02	6.005596e-01	2.557934e-04	6.325064e+02
7.775337e+02	5.407543e-01	2.303501e-04	8.079973e+02
8.941638e+02	4.866118e-01	2.015602e-04	1.033137e+03
1.028288e+03	4.375941e-01	1.767937e-04	1.321959e+03
1.182532e+03	3.935449e-01	1.570453e-04	1.692359e+03
1.359911e+03	3.540578e-01	1.345441e-04	2.167103e+03
1.563898e+03	3.186404e-01	1.197525e-04	2.775059e+03
1.798483e+03	2.869791e-01	1.040700e-04	3.552711e+03
2.068255e+03	2.588397e-01	9.158905e-05	4.546049e+03
2.378493e+03	2.338336e-01	8.066837e-05	5.812828e+03
2.735268e+03	2.115979e-01	6.995469e-05	7.425204e+03
3.145558e+03	1.919200e-01	6.206301e-05	9.472920e+03
3.617391e+03	1.745526e-01	5.405608e-05	1.206695e+04
4.160000e+03	1.592124e-01	4.802118e-05	1.534367e+04
4.784000e+03	1.457049e-01	0.000000e+00	1.946948e+04
5.501600e+03	1.338655e-01	0.000000e+00	2.464586e+04
6.326840e+03	1.234880e-01	0.000000e+00	3.111473e+04
7.275866e+03	1.144049e-01	0.000000e+00	3.916389e+04
8.367246e+03	1.065123e-01	0.000000e+00	4.913249e+04
9.622333e+03	9.968854e-02	0.000000e+00	6.141619e+04
