# Energy_MeV	dEdx_Elec_MeV_um	dEdx_Nucl_MeV_um	Range_um
1.000000e-05	2.069193e-03	2.792017e-02	7.682458e-03
1.150000e-05	2.230140e-03	3.046028e-02	8.238518e-03
1.322500e-05	2.402683e-03	3.314979e-02	8.834827e-03
1.520875e-05	2.587665e-03	3.614374e-02	9.474296e-03
1.749006e-05	2.785990e-03	3.922003e-02	1.016005e-02
2.011357e-05	2.998628e-03	4.261147e-02	1.089544e-02
2.313061e-05	3.226619e-03	4.606955e-02	1.168406e-02
2.660020e-05	3.471076e-03	4.994529e-02	1.252976e-02
3.059023e-05	3.733193e-03	5.399222e-02	1.343667e-02
3.517876e-05	4.014253e-03	5.830913e-02	1.440922e-02
4.045558e-05	4.315627e-03	6.292649e-02	1.545217e-02
4.652391e-05	4.638788e-03	6.753361e-02	1.657060e-02
5.350250e-05	4.985317e-03	7.268622e-02	1.776999e-02
6.152788e-05	5.356904e-03	7.793555e-02	1.905619e-02
7.075706e-05	5.755367e-03	8.349489e-02	2.043549e-02
8.137062e-05	6.182651e-03	8.939628e-02	2.191462e-02
9.357621e-05	6.640844e-03	9.535825e-02	2.350081e-02
1.076126e-04	7.132185e-03	1.015578e-01	2.520182e-02
1.237545e-04	7.659074e-03	1.078329e-01	2.702594e-02
1.423177e-04	8.224085e-03	1.142676e-01	2.898209e-02
1.636654e-04	8.829979e-03	1.209012e-01	3.107983e-02
1.882152e-04	9.479715e-03	1.276006e-01	3.332940e-02
2.164475e-04	1.017647e-02	1.340049e-01	3.574180e-02
2.489146e-04	1.092364e-02	1.406582e-01	3.832881e-02
2.862518e-04	1.172489e-02	1.475540e-01	4.110307e-02
3.291895e-04	1.258412e-02	1.538329e-01	4.407813e-02
3.785680e-04	1.350553e-02	1.609066e-01	4.726853e-02
4.353531e-04	1.449363e-02	1.666099e-01	5.068985e-02
5.006561e-04	1.555324e-02	1.727895e-01	5.435881e-02
5.757545e-04	1.668953e-02	1.788892e-01	5.829333e-02
6.621177e-04	1.790807e-02	1.841097e-01	6.251263e-02
7.614354e-04	1.921480e-02	1.900310e-01	6.703733e-02
8.756507e-04	2.061610e-02	1.946275e-01	7.188953e-02
1.006998e-03	2.211883e-02	1.994506e-01	7.709293e-02
1.158048e-03	2.373032e-02	2.036020e-01	8.267296e-02
1.331755e-03	2.545845e-02	2.072181e-01	8.865687e-02
1.531519e-03	2.731165e-02	2.108854e-01	9.507390e-02
1.761246e-03	2.929899e-02	2.135800e-01	1.019554e-01
2.025433e-03	3.143016e-02	2.163053e-01	1.093350e-01
2.329248e-03	3.371559e-02	2.181737e-01	1.172487e-01
2.678635e-03	3.616644e-02	2.200496e-01	1.256777e-01
3.080431e-03	3.879468e-02	2.213387e-01	1.348134e-01
3.542495e-03	4.161315e-02	2.222818e-01	1.445996e-01
4.073870e-03	4.463562e-02	2.228364e-01	1.550649e-01
4.684950e-03	4.787685e-02	2.226266e-01	1.662883e-01
5.387693e-03	5.135268e-02	2.222087e-01	1.783243e-01
6.195847e-03	5.508010e-02	2.211463e-01	1.912312e-01
7.125224e-03	5.907730e-02	2.196332e-01	2.050723e-01
8.194007e-03	6.336382e-02	2.176217e-01	2.199152e-01
9.423108e-03	6.796060e-02	2.149494e-01	2.358326e-01
1.083657e-02	7.289010e-02	2.117708e-01	2.529021e-01
1.246206e-02	7.817640e-02	2.080264e-01	2.712070e-01
1.433137e-02	8.384532e-02	2.037125e-01	2.908368e-01
1.648108e-02	8.992455e-02	1.988849e-01	3.118874e-01
1.895324e-02	9.644381e-02	1.935068e-01	3.344618e-01
2.179622e-02	1.034349e-01	1.879232e-01	3.586701e-01
2.506566e-02	1.109321e-01	1.817097e-01	3.846305e-01
2.882550e-02	1.189719e-01	1.749432e-01	4.124699e-01
3.314933e-02	1.275936e-01	1.682453e-01	4.423245e-01
3.812173e-02	1.368393e-01	1.605840e-01	4.743401e-01
4.383999e-02	1.467543e-01	1.537684e-01	5.086728e-01
5.041599e-02	1.573869e-01	1.461158e-01	5.454904e-01
5.797838e-02	1.687891e-01	1.382446e-01	5.849729e-01
6.667514e-02	1.810166e-01	1.309796e-01	6.273135e-01
7.667641e-02	1.941291e-01	1.226249e-01	6.727186e-01
8.817787e-02	2.081908e-01	1.155285e-01	7.214101e-01
1.014046e-01	2.232702e-01	1.078219e-01	7.736256e-01
1.166152e-01	2.394411e-01	1.006679e-01	8.296208e-01
1.341075e-01	2.567824e-01	9.392931e-02	8.896691e-01
1.542237e-01	2.753789e-01	8.676111e-02	9.540636e-01
1.773572e-01	2.953214e-01	8.072768e-02	1.023119e+00
2.039608e-01	3.167074e-01	7.437020e-02	1.097171e+00
2.345549e-01	3.396413e-01	6.898672e-02	1.176586e+00
2.697381e-01	3.642355e-01	6.323537e-02	1.261763e+00
3.101989e-01	3.906108e-01	5.841595e-02	1.353701e+00
3.567287e-01	4.188952e-01	5.406694e-02	1.453279e+00
4.102380e-01	4.492268e-01	4.984176e-02	1.561161e+00
4.717737e-01	4.817538e-01	4.591499e-02	1.678154e+00
5.425397e-01	5.166349e-01	4.139919e-02	1.801901e+00
6.239207e-01	5.540368e-01	3.716359e-02	1.880081e+00
7.175088e-01	5.886941e-01	3.320799e-02	1.957813e+00
8.251351e-01	6.275386e-01	2.969979e-02	2.034837e+00
9.489054e-01	6.855750e-01	2.679125e-02	2.111020e+00
1.091241e+00	7.486901e-01	2.414493e-02	2.186411e+00
1.254927e+00	8.165536e-01	2.177279e-02	2.261299e+00
1.443166e+00	8.848828e-01	1.960881e-02	2.336279e+00
1.659641e+00	9.586202e-01	1.763160e-02	2.412323e+00
1.908588e+00	1.030123e+00	1.578849e-02	2.490798e+00
2.194876e+00	1.101224e+00	1.428349e-02	2.573685e+00
2.524107e+00	1.171532e+00	1.279274e-02	2.663518e+00
2.902723e+00	1.224209e+00	1.140767e-02	2.763531e+00
3.338132e+00	1.278492e+00	1.029679e-02	2.877746e+00
3.838852e+00	1.335084e+00	9.019277e-03	3.011031e+00
4.414679e+00	1.385248e+00	8.205420e-03	3.169231e+00
5.076881e+00	1.430791e+00	7.286790e-03	3.359218e+00
5.838413e+00	1.464403e+00	6.479753e-03	3.588994e+00
6.714175e+00	1.496433e+00	5.824694e-03	3.867804e+00
7.721302e+00	1.519324e+00	5.078484e-03	4.206252e+00
8.879497e+00	1.537920e+00	4.571921e-03	4.616520e+00
1.021142e+01	1.554368e+00	4.029109e-03	5.112689e+00
1.174313e+01	1.558361e+00	3.591119e-03	5.711250e+00
1.350460e+01	1.558420e+00	3.206194e-03	6.431857e+00
1.553030e+01	1.549427e+00	2.820828e-03	7.298381e+00
1.785984e+01	1.532882e+00	2.531743e-03	8.340305e+00
2.053882e+01	1.510555e+00	2.235431e-03	9.594522e+00
2.361964e+01	1.478382e+00	2.008986e-03	1.110764e+01
2.716258e+01	1.440769e+00	1.774007e-03	1.293889e+01
3.123697e+01	1.396482e+00	1.579846e-03	1.516382e+01
3.592252e+01	1.346577e+00	1.392297e-03	1.787902e+01
4.131089e+01	1.290074e+00	1.229511e-03	2.120815e+01
4.750753e+01	1.230277e+00	1.098711e-03	2.530974e+01
5.463366e+01	1.267994e+00	9.661348e-04	3.038493e+01
6.282871e+01	1.171316e+00	8.593062e-04	3.669506e+01
7.225301e+01	1.081418e+00	7.547767e-04	4.459675e+01
8.309096e+01	9.954464e-01	6.634889e-04	5.449812e+01
9.555461e+01	9.131530e-01	5.844568e-04	6.694124e+01
1.098878e+02	8.344228e-01	5.160444e-04	8.263628e+01
1.263710e+02	7.603527e-01	4.560781e-04	1.024979e+02
1.453266e+02	6.912903e-01	4.030341e-04	1.276852e+02
1.671256e+02	6.257360e-01	3.563690e-04	1.597324e+02
1.921945e+02	5.644593e-01	3.129648e-04	2.007160e+02
2.210236e+02	5.090034e-01	2.793818e-04	2.532212e+02
2.541772e+02	4.609479e-01	2.458127e-04	3.202671e+02
2.923037e+02	4.165712e-01	2.161546e-04	4.058254e+02
3.361493e+02	3.757098e-01	1.923145e-04	5.152102e+02
3.865717e+02	3.382399e-01	1.652725e-04	6.552752e+02
4.445574e+02	3.040515e-01	1.488951e-04	8.348597e+02
5.112411e+02	2.730766e-01	1.300610e-04	1.065272e+03
5.879272e+02	2.448923e-01	1.143535e-04	1.361104e+03
6.761163e+02	2.193012e-01	1.014342e-04	1.741425e+03
7.775337e+02	1.963333e-01	8.705522e-05	2.230547e+03
8.941638e+02	1.761866e-01	7.738720e-05	2.858764e+03
1.028288e+03	1.580907e-01	6.720698e-05	3.664482e+03
1.182532e+03	1.418521e-01	5.917531e-05	4.697702e+03
1.359911e+03	1.273417e-01	5.214401e-05	6.022053e+03
1.563898e+03	1.143931e-01	4.525772e-05	7.718522e+03
1.798483e+03	1.028548e-01	0.000000e+00	9.889815e+03
2.068255e+03	9.259061e-02	0.000000e+00	1.266573e+04
2.378493e+03	8.347628e-02	0.000000e+00	1.620990e+04
2.735268e+03	7.538786e-02	0.000000e+00	2.072778e+04
3.145558e+03	6.821558e-02	0.000000e+00	2.647594e+04
3.617391e+03	6.187431e-02	0.000000e+00	3.377332e+04
4.160000e+03	5.627677e-02	0.000000e+00	4.301406e+04
4.784000e+03	5.133773e-02	0.000000e+00	5.468211e+04
5.501600e+03	4.699123e-02	0.000000e+00	6.936746e+04
6.326840e+03	4.317852e-02	0.000000e+00	8.778375e+04
7.275866e+03	3.984002e-02	0.000000e+00	1.107869e+05
8.367246e+03	3.692535e-02	0.000000e+00	1.393939e+05
9.622333e+03	3.439394e-02	0.000000e+00	1.748020e+05
