# Energy_MeV	dEdx_Elec_MeV_um	dEdx_Nucl_MeV_um	Range_um
1.000000e-05	2.505520e-03	3.149605e-02	4.679223e-03
1.150000e-05	2.711404e-03	3.458375e-02	5.017908e-03
1.322500e-05	2.931977e-03	3.789128e-02	5.381107e-03
1.520875e-05	3.168323e-03	4.152392e-02	5.770594e-03
1.749006e-05	3.421598e-03	4.545418e-02	6.188273e-03
2.011357e-05	3.693045e-03	4.968985e-02	6.636183e-03
2.313061e-05	3.983993e-03	5.423346e-02	7.116514e-03
2.660020e-05	4.295864e-03	5.911355e-02	7.631611e-03
3.059023e-05	4.630185e-03	6.435556e-02	8.183991e-03
3.517876e-05	4.988591e-03	6.999194e-02	8.776353e-03
4.045558e-05	5.372834e-03	7.609102e-02	9.411590e-03
4.652391e-05	5.784793e-03	8.232693e-02	1.009281e-02
5.350250e-05	6.226480e-03	8.922187e-02	1.082333e-02
6.152788e-05	6.700056e-03	9.665057e-02	1.160673e-02
7.075706e-05	7.207834e-03	1.042278e-01	1.244683e-02
8.137062e-05	7.752296e-03	1.128618e-01	1.334774e-02
9.357621e-05	8.336102e-03	1.210183e-01	1.431385e-02
1.076126e-04	8.962104e-03	1.302711e-01	1.534990e-02
1.237545e-04	9.633362e-03	1.400147e-01	1.646093e-02
1.423177e-04	1.035315e-02	1.497282e-01	1.765238e-02
1.636654e-04	1.112500e-02	1.607987e-01	1.893007e-02
1.882152e-04	1.195267e-02	1.712808e-01	2.030024e-02
2.164475e-04	1.284020e-02	1.828482e-01	2.176958e-02
2.489146e-04	1.379193e-02	1.943682e-01	2.334527e-02
2.862518e-04	1.481252e-02	2.058671e-01	2.503502e-02
3.291895e-04	1.590695e-02	2.184423e-01	2.684706e-02
3.785680e-04	1.708056e-02	2.301777e-01	2.879027e-02
4.353531e-04	1.833909e-02	2.426904e-01	3.087412e-02
5.006561e-04	1.968869e-02	2.543184e-01	3.310881e-02
5.757545e-04	2.113594e-02	2.668736e-01	3.550524e-02
6.621177e-04	2.268793e-02	2.789879e-01	3.807513e-02
7.614354e-04	2.435223e-02	2.913564e-01	4.083103e-02
8.756507e-04	2.613698e-02	3.031371e-01	4.378640e-02
1.006998e-03	2.805089e-02	3.139467e-01	4.695568e-02
1.158048e-03	3.010331e-02	3.252530e-01	5.035436e-02
1.331755e-03	3.230426e-02	3.355782e-01	5.399903e-02
1.531519e-03	3.466452e-02	3.459393e-01	5.790751e-02
1.761246e-03	3.719559e-02	3.554988e-01	6.209889e-02
2.025433e-03	3.990985e-02	3.643684e-01	6.659364e-02
2.329248e-03	4.282056e-02	3.723064e-01	7.141372e-02
2.678635e-03	4.594194e-02	3.795823e-01	7.658269e-02
3.080431e-03	4.928924e-02	3.860424e-01	8.208584e-02
3.542495e-03	5.287880e-02	3.917929e-01	8.806407e-02
4.073870e-03	5.672817e-02	3.970775e-01	9.444680e-02
4.684950e-03	6.085615e-02	4.008875e-01	1.012831e-01
5.387693e-03	6.528291e-02	4.045481e-01	1.086136e-01
6.195847e-03	7.003008e-02	4.074696e-01	1.164750e-01
7.125224e-03	7.512083e-02	4.091331e-01	1.249053e-01
8.194007e-03	8.058006e-02	4.109245e-01	1.339459e-01
9.423108e-03	8.643442e-02	4.106312e-01	1.436408e-01
1.083657e-02	9.271252e-02	4.101906e-01	1.540375e-01
1.246206e-02	9.944502e-02	4.087298e-01	1.651866e-01
1.433137e-02	1.066648e-01	4.061027e-01	1.771427e-01
1.648108e-02	1.144072e-01	4.029816e-01	1.899642e-01
1.895324e-02	1.227100e-01	3.983309e-01	2.037138e-01
2.179622e-02	1.316137e-01	3.929198e-01	2.184585e-01
2.506566e-02	1.411618e-01	3.863594e-01	2.342705e-01
2.882550e-02	1.514011e-01	3.788579e-01	2.512269e-01
3.314933e-02	1.623815e-01	3.702184e-01	2.694107e-01
3.812173e-02	1.741566e-01	3.608354e-01	2.889107e-01
4.383999e-02	1.867841e-01	3.505441e-01	3.098220e-01
5.041599e-02	2.003255e-01	3.396974e-01	3.322468e-01
5.797838e-02	2.148471e-01	3.276498e-01	3.562948e-01
6.667514e-02	2.304197e-01	3.152001e-01	3.820836e-01
7.667641e-02	2.471195e-01	3.018188e-01	4.097389e-01
8.817787e-02	2.650280e-01	2.884854e-01	4.393958e-01
1.014046e-01	2.842327e-01	2.751120e-01	4.711992e-01
1.166152e-01	3.048275e-01	2.608005e-01	5.053047e-01
1.341075e-01	3.269130e-01	2.469191e-01	5.418789e-01
1.542237e-01	3.505970e-01	2.323149e-01	5.811003e-01
1.773572e-01	3.759952e-01	2.182654e-01	6.231602e-01
2.039608e-01	4.032318e-01	2.041731e-01	6.682648e-01
2.345549e-01	4.324398e-01	1.908806e-01	7.166349e-01
2.697381e-01	4.637619e-01	1.778713e-01	7.684973e-01
3.101989e-01	4.973525e-01	1.653048e-01	8.241775e-01
3.567287e-01	5.333757e-01	1.533433e-01	8.843701e-01
4.102380e-01	5.720063e-01	1.412511e-01	9.495583e-01
4.717737e-01	6.134329e-01	1.311681e-01	1.020204e+00
5.425397e-01	6.578581e-01	1.204948e-01	1.096831e+00
6.239207e-01	7.054989e-01	1.104601e-01	1.180047e+00
7.175088e-01	7.565881e-01	1.028307e-01	1.270553e+00
8.251351e-01	8.015001e-01	9.450133e-02	1.369173e+00
9.489054e-01	8.593868e-01	8.765464e-02	1.416827e+00
1.091241e+00	9.400354e-01	7.978094e-02	1.445897e+00
1.254927e+00	1.028429e+00	7.103901e-02	1.473382e+00
1.443166e+00	1.127607e+00	6.410314e-02	1.499611e+00
1.659641e+00	1.232658e+00	5.664785e-02	1.525207e+00
1.908588e+00	1.349394e+00	5.156115e-02	1.550920e+00
2.194876e+00	1.476813e+00	4.624663e-02	1.577734e+00
2.524107e+00	1.610604e+00	4.172860e-02	1.606894e+00
2.902723e+00	1.756063e+00	3.772699e-02	1.639932e+00
3.338132e+00	1.886083e+00	3.370388e-02	1.678700e+00
3.838852e+00	2.029505e+00	3.047999e-02	1.725390e+00
4.414679e+00	2.186404e+00	2.729382e-02	1.782565e+00
5.076881e+00	2.324448e+00	2.468404e-02	1.853140e+00
5.838413e+00	2.464735e+00	2.205948e-02	1.940487e+00
6.714175e+00	2.583659e+00	1.980328e-02	2.048350e+00
7.721302e+00	2.696956e+00	1.756587e-02	2.180900e+00
8.879497e+00	2.802818e+00	1.571684e-02	2.342755e+00
1.021142e+01	2.896347e+00	1.410777e-02	2.539036e+00
1.174313e+01	2.990550e+00	1.253836e-02	2.775495e+00
1.350460e+01	3.065409e+00	1.122140e-02	3.058703e+00
1.553030e+01	3.128977e+00	9.901891e-03	3.396346e+00
1.785984e+01	3.183540e+00	8.805659e-03	3.797664e+00
2.053882e+01	3.214235e+00	7.787866e-03	4.273944e+00
2.361964e+01	3.237447e+00	6.937257e-03	4.839198e+00
2.716258e+01	3.238068e+00	6.166325e-03	5.510944e+00
3.123697e+01	3.218489e+00	5.477760e-03	6.311194e+00
3.592252e+01	3.182841e+00	4.882753e-03	7.267665e+00
4.131089e+01	3.137600e+00	4.302197e-03	8.415301e+00
4.750753e+01	3.080673e+00	3.870778e-03	9.798171e+00
5.463366e+01	3.004723e+00	3.425672e-03	1.147235e+01
6.282871e+01	3.376287e+00	3.033113e-03	1.350666e+01
7.225301e+01	3.172188e+00	2.704554e-03	1.599404e+01
8.309096e+01	2.977346e+00	2.350774e-03	1.905536e+01
9.555461e+01	2.783031e+00	2.121624e-03	2.282451e+01
1.098878e+02	2.592021e+00	1.867914e-03	2.748515e+01
1.263710e+02	2.404538e+00	1.651337e-03	3.327534e+01
1.453266e+02	2.224424e+00	1.468206e-03	4.049740e+01
1.671256e+02	2.051974e+00	1.274477e-03	4.953475e+01
1.921945e+02	1.883333e+00	1.136195e-03	6.090325e+01
2.210236e+02	1.723487e+00	9.959238e-04	7.529437e+01
2.541772e+02	1.578627e+00	8.808613e-04	9.353841e+01
2.923037e+02	1.448453e+00	7.817608e-04	1.166090e+02
3.361493e+02	1.325204e+00	6.851429e-04	1.458346e+02
3.865717e+02	1.208728e+00	6.091957e-04	1.829759e+02
4.445574e+02	1.099455e+00	5.366380e-04	2.303095e+02
5.112411e+02	9.975791e-01	4.778500e-04	2.907732e+02
5.879272e+02	9.033395e-01	4.202247e-04	3.681356e+02
6.761163e+02	8.156943e-01	3.720898e-04	4.672962e+02
7.775337e+02	7.350363e-01	3.240550e-04	5.946547e+02
8.941638e+02	6.618060e-01	2.865531e-04	7.583242e+02
1.028288e+03	5.963908e-01	2.535538e-04	9.684156e+02
1.182532e+03	5.368448e-01	2.222155e-04	1.237886e+03
1.359911e+03	4.830091e-01	1.965045e-04	1.583561e+03
1.563898e+03	4.346640e-01	1.704733e-04	2.026797e+03
1.798483e+03	3.912557e-01	1.498624e-04	2.594769e+03
2.068255e+03	3.522692e-01	1.304671e-04	3.321887e+03
2.378493e+03	3.174735e-01	1.148245e-04	4.251591e+03
2.735268e+03	2.865650e-01	1.007896e-04	5.438586e+03
3.145558e+03	2.590591e-01	8.821809e-05	6.951431e+03
3.617391e+03	2.346164e-01	7.775981e-05	8.875644e+03
4.160000e+03	2.130178e-01	6.752560e-05	1.131738e+04
4.784000e+03	1.939468e-01	6.008218e-05	1.440761e+04
5.501600e+03	1.771044e-01	5.245342e-05	1.830690e+04
6.326840e+03	1.623024e-01	4.584042e-05	2.321067e+04
7.275866e+03	1.493364e-01	0.000000e+00	2.935481e+04
8.367246e+03	1.379662e-01	0.000000e+00	3.702167e+04
9.622333e+03	1.280342e-01	0.000000e+00	4.654607e+04
