# Energy_MeV	dEdx_Elec_MeV_um	dEdx_Nucl_MeV_um	Range_um
1.000000e-05	2.092030e-03	1.280059e-02	1.256241e-02
1.150000e-05	2.249990e-03	1.378327e-02	1.347169e-02
1.322500e-05	2.419366e-03	1.479848e-02	1.444678e-02
1.520875e-05	2.600984e-03	1.582883e-02	1.549244e-02
1.749006e-05	2.795732e-03	1.695963e-02	1.661379e-02
2.011357e-05	3.004562e-03	1.810724e-02	1.781631e-02
2.313061e-05	3.228493e-03	1.928113e-02	1.910586e-02
2.660020e-05	3.468621e-03	2.047817e-02	2.048875e-02
3.059023e-05	3.726117e-03	2.172725e-02	2.197174e-02
3.517876e-05	4.002240e-03	2.299922e-02	2.356207e-02
4.045558e-05	4.298339e-03	2.427535e-02	2.526750e-02
4.652391e-05	4.615861e-03	2.548973e-02	2.709638e-02
5.350250e-05	4.956357e-03	2.676708e-02	2.905763e-02
6.152788e-05	5.321489e-03	2.817826e-02	3.116083e-02
7.075706e-05	5.713043e-03	2.932820e-02	3.341627e-02
8.137062e-05	6.132931e-03	3.062824e-02	3.583496e-02
9.357621e-05	6.583205e-03	3.182147e-02	3.842871e-02
1.076126e-04	7.066063e-03	3.295373e-02	4.121020e-02
1.237545e-04	7.583865e-03	3.424975e-02	4.419302e-02
1.423177e-04	8.139141e-03	3.519671e-02	4.739173e-02
1.636654e-04	8.734604e-03	3.627894e-02	5.082197e-02
1.882152e-04	9.373162e-03	3.728011e-02	5.450049e-02
2.164475e-04	1.005793e-02	3.815685e-02	5.844527e-02
2.489146e-04	1.079227e-02	3.902886e-02	6.267557e-02
2.862518e-04	1.157975e-02	3.971071e-02	6.721206e-02
3.291895e-04	1.242422e-02	4.044027e-02	7.207690e-02
3.785680e-04	1.332982e-02	4.101212e-02	7.729387e-02
4.353531e-04	1.430096e-02	4.149797e-02	8.288844e-02
5.006561e-04	1.534239e-02	4.192419e-02	8.888795e-02
5.757545e-04	1.645920e-02	4.229921e-02	9.532170e-02
6.621177e-04	1.765684e-02	4.258450e-02	1.022211e-01
7.614354e-04	1.894116e-02	4.274629e-02	1.096200e-01
8.756507e-04	2.031844e-02	4.287929e-02	1.175226e-01
1.006998e-03	2.179541e-02	4.287362e-02	1.260665e-01
1.158048e-03	2.337928e-02	4.281580e-02	1.351897e-01
1.331755e-03	2.507779e-02	4.264658e-02	1.449760e-01
1.531519e-03	2.689924e-02	4.235361e-02	1.554688e-01
1.761246e-03	2.885252e-02	4.199750e-02	1.667215e-01
2.025433e-03	3.094718e-02	4.151550e-02	1.787886e-01
2.329248e-03	3.319345e-02	4.092592e-02	1.917293e-01
2.678635e-03	3.560231e-02	4.023374e-02	2.056065e-01
3.080431e-03	3.818552e-02	3.942934e-02	2.204881e-01
3.542495e-03	4.095571e-02	3.852420e-02	2.364469e-01
4.073870e-03	4.392640e-02	3.751749e-02	2.535608e-01
4.684950e-03	4.711211e-02	3.646850e-02	2.719135e-01
5.387693e-03	5.052840e-02	3.529977e-02	2.915946e-01
6.195847e-03	5.419196e-02	3.397326e-02	3.127000e-01
7.125224e-03	5.812070e-02	3.273691e-02	3.353331e-01
8.194007e-03	6.233380e-02	3.131724e-02	3.596046e-01
9.423108e-03	6.685184e-02	2.996286e-02	3.856328e-01
1.083657e-02	7.169690e-02	2.855043e-02	4.135448e-01
1.246206e-02	7.689265e-02	2.695002e-02	4.434770e-01
1.433137e-02	8.246447e-02	2.561191e-02	4.755759e-01
1.648108e-02	8.843958e-02	2.407309e-02	5.099982e-01
1.895324e-02	9.484717e-02	2.260556e-02	5.469120e-01
2.179622e-02	1.017185e-01	2.119353e-02	5.864974e-01
2.506566e-02	1.090873e-01	1.974623e-02	6.289481e-01
2.882550e-02	1.169894e-01	1.847132e-02	6.744715e-01
3.314933e-02	1.254634e-01	1.708291e-02	7.232900e-01
3.812173e-02	1.345508e-01	1.586115e-02	7.756419e-01
4.383999e-02	1.442959e-01	1.470783e-02	8.317829e-01
5.041599e-02	1.547464e-01	1.359194e-02	8.919874e-01
5.797838e-02	1.659534e-01	1.246409e-02	9.565494e-01
6.667514e-02	1.779714e-01	1.150652e-02	1.025789e+00
7.667641e-02	1.908594e-01	1.072727e-02	1.100015e+00
8.817787e-02	2.046807e-01	9.831131e-03	1.179794e+00
1.014046e-01	2.195027e-01	8.999622e-03	1.266121e+00
1.166152e-01	2.353974e-01	8.151895e-03	1.359608e+00
1.341075e-01	2.524427e-01	7.381196e-03	1.460941e+00
1.542237e-01	2.707217e-01	6.669681e-03	1.570876e+00
1.773572e-01	2.903238e-01	5.924084e-03	1.690294e+00
2.039608e-01	3.095329e-01	5.321221e-03	1.797944e+00
2.345549e-01	3.214461e-01	4.801797e-03	1.895014e+00
2.697381e-01	3.377515e-01	4.339640e-03	1.992566e+00
3.101989e-01	3.590542e-01	3.892679e-03	2.090441e+00
3.567287e-01	3.771324e-01	3.498704e-03	2.188768e+00
4.102380e-01	3.951992e-01	3.144554e-03	2.288043e+00
4.717737e-01	4.096482e-01	2.847051e-03	2.389209e+00
5.425397e-01	4.224166e-01	2.556235e-03	2.493788e+00
6.239207e-01	4.341261e-01	2.252942e-03	2.603954e+00
7.175088e-01	4.415893e-01	2.051312e-03	2.722665e+00
8.251351e-01	4.480162e-01	1.819437e-03	2.853784e+00
9.489054e-01	4.508680e-01	1.629751e-03	3.002224e+00
1.091241e+00	4.534292e-01	1.463164e-03	3.174119e+00
1.254927e+00	4.559405e-01	1.281271e-03	3.377032e+00
1.443166e+00	4.546578e-01	1.162488e-03	3.620178e+00
1.659641e+00	4.522359e-01	1.026550e-03	3.914705e+00
1.908588e+00	4.475939e-01	9.088705e-04	4.274008e+00
2.194876e+00	4.408782e-01	8.108396e-04	4.714103e+00
2.524107e+00	4.324720e-01	7.159112e-04	5.254080e+00
2.902723e+00	4.219260e-01	6.417580e-04	5.916697e+00
3.338132e+00	4.097358e-01	5.652878e-04	6.729185e+00
3.838852e+00	3.956180e-01	5.038920e-04	7.724417e+00
4.414679e+00	3.802337e-01	4.505934e-04	8.942567e+00
5.076881e+00	3.630489e-01	4.009467e-04	1.043347e+01
5.838413e+00	3.451609e-01	3.536185e-04	1.225995e+01
6.714175e+00	3.261285e-01	3.142017e-04	1.450239e+01
7.721302e+00	3.061723e-01	2.802317e-04	1.726492e+01
8.879497e+00	2.881923e-01	2.463984e-04	2.068365e+01
1.021142e+01	2.690190e-01	2.200462e-04	2.493730e+01
1.174313e+01	2.484873e-01	1.928088e-04	3.026085e+01
1.350460e+01	2.282635e-01	1.710675e-04	3.696209e+01
1.553030e+01	2.083807e-01	1.521424e-04	4.544492e+01
1.785984e+01	2.061548e-01	1.328686e-04	5.622269e+01
2.053882e+01	1.868337e-01	1.171289e-04	6.999355e+01
2.361964e+01	1.690961e-01	1.034156e-04	8.764118e+01
2.716258e+01	1.526106e-01	9.174552e-05	1.102258e+02
3.123697e+01	1.372925e-01	8.057641e-05	1.391512e+02
3.592252e+01	1.232334e-01	7.109325e-05	1.762164e+02
4.131089e+01	1.105007e-01	6.279733e-05	2.236881e+02
4.750753e+01	9.901585e-02	5.600890e-05	2.844505e+02
5.463366e+01	8.834070e-02	4.948837e-05	3.623552e+02
6.282871e+01	7.879735e-02	4.286318e-05	4.624657e+02
7.225301e+01	7.063236e-02	0.000000e+00	5.908323e+02
8.309096e+01	6.345640e-02	0.000000e+00	7.547490e+02
9.555461e+01	5.697516e-02	0.000000e+00	9.641105e+02
1.098878e+02	5.111951e-02	0.000000e+00	1.231833e+03
1.263710e+02	4.583610e-02	0.000000e+00	1.574596e+03
1.453266e+02	4.108260e-02	0.000000e+00	2.013833e+03
1.671256e+02	3.681713e-02	0.000000e+00	2.577011e+03
1.921945e+02	3.294025e-02	0.000000e+00	3.299882e+03
2.210236e+02	2.946325e-02	0.000000e+00	4.228863e+03
2.541772e+02	2.638116e-02	0.000000e+00	5.422447e+03
2.923037e+02	2.366051e-02	0.000000e+00	6.953593e+03
3.361493e+02	2.122108e-02	0.000000e+00	8.916411e+03
3.865717e+02	1.904026e-02	0.000000e+00	1.143248e+04
4.445574e+02	1.709343e-02	0.000000e+00	1.465618e+04
5.112411e+02	1.535816e-02	0.000000e+00	1.878387e+04
5.879272e+02	1.381455e-02	0.000000e+00	2.406416e+04
6.761163e+02	1.244269e-02	0.000000e+00	3.081092e+04
7.775337e+02	1.122461e-02	0.000000e+00	3.941928e+04
8.941638e+02	1.014408e-02	0.000000e+00	5.038408e+04
1.028288e+03	9.187207e-03	0.000000e+00	6.432221e+04
1.182532e+03	8.341683e-03	0.000000e+00	8.199864e+04
1.359911e+03	7.595309e-03	0.000000e+00	1.043562e+05
1.563898e+03	6.937367e-03	0.000000e+00	1.325491e+05
1.798483e+03	6.358898e-03	0.000000e+00	1.679799e+05
2.068255e+03	5.851821e-03	0.000000e+00	2.123392e+05
2.378493e+03	5.408780e-03	0.000000e+00	2.676467e+05
2.735268e+03	5.023079e-03	0.000000e+00	3.362933e+05
3.145558e+03	4.688673e-03	0.000000e+00	4.210810e+05
3.617391e+03	4.400068e-03	0.000000e+00	5.252601e+05
4.160000e+03	4.152475e-03	0.000000e+00	6.525625e+05
4.784000e+03	3.941772e-03	0.000000e+00	8.072290e+05
5.501600e+03	3.764222e-03	0.000000e+00	9.940364e+05
6.326840e+03	3.616443e-03	0.000000e+00	1.218292e+06
7.275866e+03	3.490013e-03	0.000000e+00	1.486086e+06
8.367246e+03	3.385765e-03	0.000000e+00	1.685350e+06
9.622333e+03	3.302733e-03	0.000000e+00	1.685350e+06
