# Energy_MeV	dEdx_Elec_MeV_um	dEdx_Nucl_MeV_um	Range_um
1.000000e-05	2.029474e-03	2.667590e-02	8.405809e-03
1.150000e-05	2.186263e-03	2.903901e-02	9.014226e-03
1.322500e-05	2.354358e-03	3.163241e-02	9.666680e-03
1.520875e-05	2.534580e-03	3.434298e-02	1.036636e-02
1.749006e-05	2.727810e-03	3.723296e-02	1.111668e-02
2.011357e-05	2.934992e-03	4.029562e-02	1.192131e-02
2.313061e-05	3.157139e-03	4.368626e-02	1.278418e-02
2.660020e-05	3.395336e-03	4.714062e-02	1.370951e-02
3.059023e-05	3.650748e-03	5.098990e-02	1.470181e-02
3.517876e-05	3.924622e-03	5.482494e-02	1.576594e-02
4.045558e-05	4.218296e-03	5.893258e-02	1.690708e-02
4.652391e-05	4.533205e-03	6.341415e-02	1.813083e-02
5.350250e-05	4.870889e-03	6.786075e-02	1.944315e-02
6.152788e-05	5.232995e-03	7.281707e-02	2.085045e-02
7.075706e-05	5.621295e-03	7.773120e-02	2.235962e-02
8.137062e-05	6.037684e-03	8.298200e-02	2.397802e-02
9.357621e-05	6.484197e-03	8.826802e-02	2.571356e-02
1.076126e-04	6.963015e-03	9.361668e-02	2.757472e-02
1.237545e-04	7.476479e-03	9.926033e-02	2.957060e-02
1.423177e-04	8.027095e-03	1.047511e-01	3.171093e-02
1.636654e-04	8.617554e-03	1.105493e-01	3.400619e-02
1.882152e-04	9.250742e-03	1.158864e-01	3.646757e-02
2.164475e-04	9.929750e-03	1.217486e-01	3.910711e-02
2.489146e-04	1.065790e-02	1.273950e-01	4.193771e-02
2.862518e-04	1.143874e-02	1.328751e-01	4.497318e-02
3.291895e-04	1.227609e-02	1.387230e-01	4.822836e-02
3.785680e-04	1.317405e-02	1.435093e-01	5.171916e-02
4.353531e-04	1.413699e-02	1.488893e-01	5.546262e-02
5.006561e-04	1.516962e-02	1.537504e-01	5.947703e-02
5.757545e-04	1.627699e-02	1.583357e-01	6.378201e-02
6.621177e-04	1.746451e-02	1.631410e-01	6.839859e-02
7.614354e-04	1.873797e-02	1.670706e-01	7.334931e-02
8.756507e-04	2.010361e-02	1.709915e-01	7.865837e-02
1.006998e-03	2.156809e-02	1.743536e-01	8.435171e-02
1.158048e-03	2.313856e-02	1.774119e-01	9.045713e-02
1.331755e-03	2.482270e-02	1.803126e-01	9.700447e-02
1.531519e-03	2.662873e-02	1.826498e-01	1.040257e-01
1.761246e-03	2.856549e-02	1.846902e-01	1.115551e-01
2.025433e-03	3.064242e-02	1.863044e-01	1.196296e-01
2.329248e-03	3.286968e-02	1.878138e-01	1.282884e-01
2.678635e-03	3.525815e-02	1.886908e-01	1.375767e-01
3.080431e-03	3.781950e-02	1.895265e-01	1.475368e-01
3.542495e-03	4.056623e-02	1.896558e-01	1.582125e-01
4.073870e-03	4.351178e-02	1.894644e-01	1.696655e-01
4.684950e-03	4.667052e-02	1.889695e-01	1.819453e-01
5.387693e-03	5.005789e-02	1.878624e-01	1.951143e-01
6.195847e-03	5.369044e-02	1.865085e-01	2.092366e-01
7.125224e-03	5.758591e-02	1.845508e-01	2.243810e-01
8.194007e-03	6.176334e-02	1.821572e-01	2.406215e-01
9.423108e-03	6.624313e-02	1.792730e-01	2.580375e-01
1.083657e-02	7.104717e-02	1.759412e-01	2.767141e-01
1.246206e-02	7.619892e-02	1.720855e-01	2.967427e-01
1.433137e-02	8.172357e-02	1.678676e-01	3.182208e-01
1.648108e-02	8.764808e-02	1.631761e-01	3.412535e-01
1.895324e-02	9.400142e-02	1.583138e-01	3.659532e-01
2.179622e-02	1.008146e-01	1.528222e-01	3.924409e-01
2.506566e-02	1.081210e-01	1.471137e-01	4.208458e-01
2.882550e-02	1.159561e-01	1.411745e-01	4.513066e-01
3.314933e-02	1.243584e-01	1.347888e-01	4.839720e-01
3.812173e-02	1.333689e-01	1.288581e-01	5.190018e-01
4.383999e-02	1.430315e-01	1.221872e-01	5.565673e-01
5.041599e-02	1.533935e-01	1.157445e-01	5.968517e-01
5.797838e-02	1.645055e-01	1.092709e-01	6.400518e-01
6.667514e-02	1.764218e-01	1.024378e-01	6.863787e-01
7.667641e-02	1.892006e-01	9.618662e-02	7.360589e-01
8.817787e-02	2.029044e-01	8.981207e-02	7.893351e-01
1.014046e-01	2.176000e-01	8.384426e-02	8.464674e-01
1.166152e-01	2.333594e-01	7.803327e-02	9.077347e-01
1.341075e-01	2.502593e-01	7.223173e-02	9.734366e-01
1.542237e-01	2.683826e-01	6.687091e-02	1.043894e+00
1.773572e-01	2.878176e-01	6.185955e-02	1.119451e+00
2.039608e-01	3.086592e-01	5.709034e-02	1.200484e+00
2.345549e-01	3.310095e-01	5.223027e-02	1.287347e+00
2.697381e-01	3.549784e-01	4.859170e-02	1.380802e+00
3.101989e-01	3.806824e-01	4.472488e-02	1.481978e+00
3.567287e-01	4.082468e-01	4.136147e-02	1.591547e+00
4.102380e-01	4.378064e-01	3.785697e-02	1.710327e+00
4.717737e-01	4.695056e-01	3.382679e-02	1.839213e+00
5.425397e-01	5.034961e-01	3.059751e-02	1.930281e+00
6.239207e-01	5.373739e-01	2.707940e-02	2.016994e+00
7.175088e-01	5.693445e-01	2.450596e-02	2.103445e+00
8.251351e-01	6.148192e-01	2.201205e-02	2.189392e+00
9.489054e-01	6.716145e-01	1.984279e-02	2.274766e+00
1.091241e+00	7.284841e-01	1.792606e-02	2.359730e+00
1.254927e+00	7.893257e-01	1.604451e-02	2.444747e+00
1.443166e+00	8.510609e-01	1.451752e-02	2.530612e+00
1.659641e+00	9.110114e-01	1.298114e-02	2.618660e+00
1.908588e+00	9.739457e-01	1.176419e-02	2.710726e+00
2.194876e+00	1.026985e+00	1.049156e-02	2.809291e+00
2.524107e+00	1.076405e+00	9.416491e-03	2.917581e+00
2.902723e+00	1.116840e+00	8.427770e-03	3.039636e+00
3.338132e+00	1.158729e+00	7.453450e-03	3.180476e+00
3.838852e+00	1.202713e+00	6.742534e-03	3.346146e+00
4.414679e+00	1.234106e+00	5.971182e-03	3.543849e+00
5.076881e+00	1.262455e+00	5.342477e-03	3.782067e+00
5.838413e+00	1.286374e+00	4.759497e-03	4.070679e+00
6.714175e+00	1.301520e+00	4.187572e-03	4.421123e+00
7.721302e+00	1.314635e+00	3.737023e-03	4.846612e+00
8.879497e+00	1.321649e+00	3.308930e-03	5.362457e+00
1.021142e+01	1.323536e+00	2.948846e-03	5.986584e+00
1.174313e+01	1.320221e+00	2.624388e-03	6.740296e+00
1.350460e+01	1.307809e+00	2.324159e-03	7.649356e+00
1.553030e+01	1.291026e+00	2.066702e-03	8.745466e+00
1.785984e+01	1.267014e+00	1.842961e-03	1.006820e+01
2.053882e+01	1.237272e+00	1.641396e-03	1.166752e+01
2.361964e+01	1.201576e+00	1.446661e-03	1.360692e+01
2.716258e+01	1.161984e+00	1.295312e-03	1.596756e+01
3.123697e+01	1.117081e+00	1.128415e-03	1.885340e+01
3.592252e+01	1.066780e+00	1.012096e-03	2.239795e+01
4.131089e+01	1.013739e+00	8.957016e-04	2.677225e+01
4.750753e+01	9.555229e-01	7.869272e-04	3.219739e+01
5.463366e+01	9.615722e-01	7.038893e-04	3.894985e+01
6.282871e+01	8.856776e-01	6.108730e-04	4.741378e+01
7.225301e+01	8.139652e-01	5.437509e-04	5.805800e+01
8.309096e+01	7.456578e-01	4.768150e-04	7.145581e+01
9.555461e+01	6.804047e-01	4.209954e-04	8.837731e+01
1.098878e+02	6.189708e-01	3.735204e-04	1.098208e+02
1.263710e+02	5.618544e-01	3.271531e-04	1.370512e+02
1.453266e+02	5.085019e-01	2.918057e-04	1.717044e+02
1.671256e+02	4.580465e-01	2.561942e-04	2.159940e+02
1.921945e+02	4.118028e-01	2.289536e-04	2.728051e+02
2.210236e+02	3.718731e-01	2.007574e-04	3.455436e+02
2.541772e+02	3.357857e-01	1.776977e-04	4.384050e+02
2.923037e+02	3.026481e-01	1.564843e-04	5.570992e+02
3.361493e+02	2.723054e-01	1.363596e-04	7.090369e+02
3.865717e+02	2.446609e-01	1.217869e-04	9.037833e+02
4.445574e+02	2.196152e-01	1.062533e-04	1.153602e+03
5.112411e+02	1.970069e-01	9.392793e-05	1.474216e+03
5.879272e+02	1.763584e-01	8.243229e-05	1.886126e+03
6.761163e+02	1.578281e-01	7.152891e-05	2.415827e+03
7.775337e+02	1.414312e-01	6.291924e-05	3.096575e+03
8.941638e+02	1.268844e-01	5.499645e-05	3.969950e+03
1.028288e+03	1.138237e-01	4.837053e-05	5.089813e+03
1.182532e+03	1.021425e-01	0.000000e+00	6.525448e+03
1.359911e+03	9.171834e-02	0.000000e+00	8.364870e+03
1.563898e+03	8.242731e-02	0.000000e+00	1.071995e+04
1.798483e+03	7.415823e-02	0.000000e+00	1.373228e+04
2.068255e+03	6.681114e-02	0.000000e+00	1.758055e+04
2.378493e+03	6.029034e-02	0.000000e+00	2.248957e+04
2.735268e+03	5.450483e-02	0.000000e+00	2.874068e+04
3.145558e+03	4.938290e-02	0.000000e+00	3.668442e+04
3.617391e+03	4.485975e-02	0.000000e+00	4.675506e+04
4.160000e+03	4.086730e-02	0.000000e+00	5.948737e+04
4.784000e+03	3.734867e-02	0.000000e+00	7.553533e+04
5.501600e+03	3.425772e-02	0.000000e+00	9.569275e+04
6.326840e+03	3.154945e-02	0.000000e+00	1.209153e+05
7.275866e+03	2.918211e-02	0.000000e+00	1.523432e+05
8.367246e+03	2.712163e-02	0.000000e+00	1.913243e+05
9.622333e+03	2.533682e-02	0.000000e+00	2.394358e+05
