# Energy_MeV	dEdx_Elec_MeV_um	dEdx_Nucl_MeV_um	Range_um
1.000000e-05	2.503230e-03	2.941511e-02	5.120512e-03
1.150000e-05	2.706312e-03	3.229721e-02	5.491137e-03
1.322500e-05	2.923923e-03	3.524985e-02	5.888589e-03
1.520875e-05	3.157130e-03	3.854839e-02	6.314808e-03
1.749006e-05	3.407074e-03	4.205650e-02	6.771877e-03
2.011357e-05	3.674981e-03	4.576210e-02	7.262029e-03
2.313061e-05	3.962160e-03	4.990841e-02	7.787659e-03
2.660020e-05	4.270016e-03	5.413749e-02	8.351333e-03
3.059023e-05	4.600055e-03	5.879654e-02	8.955807e-03
3.517876e-05	4.953891e-03	6.357706e-02	9.604033e-03
4.045558e-05	5.333252e-03	6.893365e-02	1.029918e-02
4.652391e-05	5.739994e-03	7.448629e-02	1.104464e-02
5.350250e-05	6.176104e-03	8.046319e-02	1.184406e-02
6.152788e-05	6.643714e-03	8.677768e-02	1.270133e-02
7.075706e-05	7.145108e-03	9.315594e-02	1.362066e-02
8.137062e-05	7.682736e-03	1.002725e-01	1.460653e-02
9.357621e-05	8.259226e-03	1.074631e-01	1.566376e-02
1.076126e-04	8.877393e-03	1.151593e-01	1.679751e-02
1.237545e-04	9.540259e-03	1.232377e-01	1.801333e-02
1.423177e-04	1.025106e-02	1.314926e-01	1.931714e-02
1.636654e-04	1.101327e-02	1.399933e-01	2.071533e-02
1.882152e-04	1.183062e-02	1.486032e-01	2.221471e-02
2.164475e-04	1.270709e-02	1.574932e-01	2.382263e-02
2.489146e-04	1.364697e-02	1.665588e-01	2.554692e-02
2.862518e-04	1.465485e-02	1.758333e-01	2.739602e-02
3.291895e-04	1.573566e-02	1.845421e-01	2.937896e-02
3.785680e-04	1.689467e-02	1.937502e-01	3.150542e-02
4.353531e-04	1.813755e-02	2.032653e-01	3.378580e-02
5.006561e-04	1.947036e-02	2.117984e-01	3.623124e-02
5.757545e-04	2.089963e-02	2.215864e-01	3.885367e-02
6.621177e-04	2.243233e-02	2.292746e-01	4.166592e-02
7.614354e-04	2.407595e-02	2.378241e-01	4.468172e-02
8.756507e-04	2.583852e-02	2.461625e-01	4.791581e-02
1.006998e-03	2.772865e-02	2.532850e-01	5.138398e-02
1.158048e-03	2.975557e-02	2.614758e-01	5.510318e-02
1.331755e-03	3.192919e-02	2.676746e-01	5.909158e-02
1.531519e-03	3.426013e-02	2.742601e-01	6.336866e-02
1.761246e-03	3.675977e-02	2.798921e-01	6.795531e-02
2.025433e-03	3.944033e-02	2.848598e-01	7.287396e-02
2.329248e-03	4.231489e-02	2.899130e-01	7.814861e-02
2.678635e-03	4.539751e-02	2.935438e-01	8.380463e-02
3.080431e-03	4.870325e-02	2.972215e-01	8.987407e-02
3.542495e-03	5.224824e-02	2.997762e-01	9.637730e-02
4.073870e-03	5.604982e-02	3.023444e-01	1.033540e-01
4.684950e-03	6.012655e-02	3.040364e-01	1.108344e-01
5.387693e-03	6.449835e-02	3.053365e-01	1.188565e-01
6.195847e-03	6.918658e-02	3.060066e-01	1.274593e-01
7.125224e-03	7.421414e-02	3.057113e-01	1.366847e-01
8.194007e-03	7.960559e-02	3.051098e-01	1.465778e-01
9.423108e-03	8.538727e-02	3.035833e-01	1.571870e-01
1.083657e-02	9.158743e-02	3.014833e-01	1.685642e-01
1.246206e-02	9.823636e-02	2.986566e-01	1.807648e-01
1.433137e-02	1.053665e-01	2.949529e-01	1.938485e-01
1.648108e-02	1.130128e-01	2.905368e-01	2.078791e-01
1.895324e-02	1.212125e-01	2.853535e-01	2.229253e-01
2.179622e-02	1.300057e-01	2.793759e-01	2.390607e-01
2.506566e-02	1.394353e-01	2.727176e-01	2.563639e-01
2.882550e-02	1.495475e-01	2.652688e-01	2.749195e-01
3.314933e-02	1.603916e-01	2.576044e-01	2.948180e-01
3.812173e-02	1.720205e-01	2.490007e-01	3.161569e-01
4.383999e-02	1.844912e-01	2.396973e-01	3.390405e-01
5.041599e-02	1.978646e-01	2.304747e-01	3.635803e-01
5.797838e-02	2.122058e-01	2.198688e-01	3.898962e-01
6.667514e-02	2.275852e-01	2.106008e-01	4.181168e-01
7.667641e-02	2.440776e-01	2.000092e-01	4.483802e-01
8.817787e-02	2.617639e-01	1.893089e-01	4.808341e-01
1.014046e-01	2.807302e-01	1.792550e-01	5.156370e-01
1.166152e-01	3.010693e-01	1.677572e-01	5.529588e-01
1.341075e-01	3.228806e-01	1.580496e-01	5.929820e-01
1.542237e-01	3.462707e-01	1.474910e-01	6.359024e-01
1.773572e-01	3.713536e-01	1.377446e-01	6.819284e-01
2.039608e-01	3.982522e-01	1.284533e-01	7.312913e-01
2.345549e-01	4.270976e-01	1.186729e-01	7.842049e-01
2.697381e-01	4.580330e-01	1.103474e-01	8.411428e-01
3.101989e-01	4.912078e-01	1.017011e-01	9.027879e-01
3.567287e-01	5.267838e-01	9.429198e-02	9.695473e-01
4.102380e-01	5.649349e-01	8.637440e-02	1.041920e+00
4.717737e-01	6.058474e-01	7.992568e-02	1.120452e+00
5.425397e-01	6.497213e-01	7.391638e-02	1.205779e+00
6.239207e-01	6.938655e-01	6.813658e-02	1.286243e+00
7.175088e-01	7.371596e-01	6.269647e-02	1.325264e+00
8.251351e-01	7.997111e-01	5.644033e-02	1.362926e+00
9.489054e-01	8.776646e-01	5.076230e-02	1.399327e+00
1.091241e+00	9.604020e-01	4.529543e-02	1.434679e+00
1.254927e+00	1.051789e+00	4.057139e-02	1.469345e+00
1.443166e+00	1.150608e+00	3.654716e-02	1.503882e+00
1.659641e+00	1.255052e+00	3.295956e-02	1.539077e+00
1.908588e+00	1.369815e+00	2.972904e-02	1.575982e+00
2.194876e+00	1.482215e+00	2.675019e-02	1.615949e+00
2.524107e+00	1.592862e+00	2.407752e-02	1.660673e+00
2.902723e+00	1.695687e+00	2.152756e-02	1.712209e+00
3.338132e+00	1.804321e+00	1.950854e-02	1.773041e+00
3.838852e+00	1.920041e+00	1.744683e-02	1.846093e+00
4.414679e+00	2.014252e+00	1.558602e-02	1.934754e+00
5.076881e+00	2.104111e+00	1.404995e-02	2.042911e+00
5.838413e+00	2.188293e+00	1.230802e-02	2.174965e+00
6.714175e+00	2.254843e+00	1.120353e-02	2.335881e+00
7.721302e+00	2.321209e+00	9.933357e-03	2.531222e+00
8.879497e+00	2.378054e+00	8.851548e-03	2.767256e+00
1.021142e+01	2.426492e+00	7.945814e-03	3.051143e+00
1.174313e+01	2.468326e+00	6.935946e-03	3.391211e+00
1.350460e+01	2.489872e+00	6.236115e-03	3.797367e+00
1.553030e+01	2.506154e+00	5.496777e-03	4.281649e+00
1.785984e+01	2.507656e+00	4.903404e-03	4.858926e+00
2.053882e+01	2.496385e+00	4.374173e-03	5.547771e+00
2.361964e+01	2.475060e+00	3.852503e-03	6.371545e+00
2.716258e+01	2.433731e+00	3.452595e-03	7.359755e+00
3.123697e+01	2.385390e+00	3.053643e-03	8.549747e+00
3.592252e+01	2.328930e+00	2.740504e-03	9.988903e+00
4.131089e+01	2.261338e+00	2.417701e-03	1.173720e+01
4.750753e+01	2.182483e+00	2.156279e-03	1.387143e+01
5.463366e+01	2.354474e+00	1.896976e-03	1.648624e+01
6.282871e+01	2.198999e+00	1.679201e-03	1.971468e+01
7.225301e+01	2.047806e+00	1.498362e-03	2.371510e+01
8.309096e+01	1.900333e+00	1.316421e-03	2.867946e+01
9.555461e+01	1.756111e+00	1.172674e-03	3.486726e+01
1.098878e+02	1.617467e+00	1.028156e-03	4.261442e+01
1.263710e+02	1.485990e+00	9.053763e-04	5.234470e+01
1.453266e+02	1.360260e+00	7.960492e-04	6.460689e+01
1.671256e+02	1.239430e+00	7.036019e-04	8.014783e+01
1.921945e+02	1.126357e+00	6.220671e-04	9.993852e+01
2.210236e+02	1.027508e+00	5.491248e-04	1.251150e+02
2.541772e+02	9.365564e-01	4.862250e-04	1.570832e+02
2.923037e+02	8.512999e-01	4.267862e-04	1.977716e+02
3.361493e+02	7.717279e-01	3.812873e-04	2.496891e+02
3.865717e+02	6.979828e-01	3.348681e-04	3.160819e+02
4.445574e+02	6.301169e-01	2.951405e-04	4.011192e+02
5.112411e+02	5.679709e-01	2.621812e-04	5.101579e+02
5.879272e+02	5.105293e-01	2.257980e-04	6.501960e+02
6.761163e+02	4.584331e-01	2.031562e-04	8.302805e+02
7.775337e+02	4.119431e-01	1.772419e-04	1.061767e+03
8.941638e+02	3.703448e-01	1.561190e-04	1.358861e+03
1.028288e+03	3.327317e-01	1.382581e-04	1.739978e+03
1.182532e+03	2.989403e-01	1.188407e-04	2.228782e+03
1.359911e+03	2.687077e-01	1.054670e-04	2.855324e+03
1.563898e+03	2.416629e-01	9.167899e-05	3.657780e+03
1.798483e+03	2.175048e-01	8.074550e-05	4.684444e+03
2.068255e+03	1.960232e-01	7.108344e-05	5.996244e+03
2.378493e+03	1.769533e-01	6.177346e-05	7.669815e+03
2.735268e+03	1.600115e-01	5.463807e-05	9.801042e+03
3.145558e+03	1.450049e-01	4.771963e-05	1.250937e+04
3.617391e+03	1.317580e-01	0.000000e+00	1.594277e+04
4.160000e+03	1.200630e-01	0.000000e+00	2.028344e+04
4.784000e+03	1.097551e-01	0.000000e+00	2.575415e+04
5.501600e+03	1.007089e-01	0.000000e+00	3.262528e+04
6.326840e+03	9.278213e-02	0.000000e+00	4.122228e+04
7.275866e+03	8.584011e-02	0.000000e+00	5.193342e+04
8.367246e+03	7.979427e-02	0.000000e+00	6.521752e+04
9.622333e+03	7.456050e-02	0.000000e+00	8.161141e+04
