# Energy_MeV	dEdx_Elec_MeV_um	dEdx_Nucl_MeV_um	Range_um
1.000000e-05	1.879328e-03	2.346873e-02	1.090865e-02
1.150000e-05	2.022207e-03	2.539130e-02	1.169822e-02
1.322500e-05	2.175405e-03	2.751064e-02	1.254495e-02
1.520875e-05	2.339672e-03	2.982534e-02	1.345296e-02
1.749006e-05	2.515808e-03	3.214096e-02	1.442669e-02
2.011357e-05	2.704677e-03	3.480393e-02	1.547090e-02
2.313061e-05	2.907199e-03	3.732043e-02	1.659069e-02
2.660020e-05	3.124365e-03	4.016149e-02	1.779154e-02
3.059023e-05	3.357235e-03	4.319180e-02	1.907930e-02
3.517876e-05	3.606947e-03	4.617231e-02	2.046027e-02
4.045558e-05	3.874722e-03	4.959095e-02	2.194119e-02
4.652391e-05	4.161867e-03	5.283765e-02	2.352931e-02
5.350250e-05	4.469786e-03	5.636780e-02	2.523237e-02
6.152788e-05	4.799982e-03	5.993078e-02	2.705870e-02
7.075706e-05	5.154069e-03	6.351464e-02	2.901723e-02
8.137062e-05	5.533777e-03	6.738488e-02	3.111751e-02
9.357621e-05	5.940961e-03	7.101070e-02	3.336981e-02
1.076126e-04	6.377610e-03	7.481186e-02	3.578513e-02
1.237545e-04	6.845856e-03	7.843931e-02	3.837528e-02
1.423177e-04	7.347989e-03	8.241701e-02	4.115291e-02
1.636654e-04	7.886460e-03	8.606777e-02	4.413157e-02
1.882152e-04	8.463901e-03	8.985177e-02	4.732584e-02
2.164475e-04	9.083132e-03	9.353493e-02	5.075131e-02
2.489146e-04	9.747179e-03	9.683801e-02	5.442472e-02
2.862518e-04	1.045929e-02	1.004593e-01	5.836401e-02
3.291895e-04	1.122293e-02	1.035527e-01	6.258842e-02
3.785680e-04	1.204185e-02	1.067157e-01	6.711861e-02
4.353531e-04	1.292003e-02	1.097440e-01	7.197669e-02
5.006561e-04	1.386178e-02	1.124572e-01	7.718640e-02
5.757545e-04	1.487168e-02	1.149494e-01	8.277319e-02
6.621177e-04	1.595468e-02	1.171267e-01	8.876436e-02
7.614354e-04	1.711607e-02	1.191834e-01	9.518917e-02
8.756507e-04	1.836151e-02	1.209808e-01	1.020790e-01
1.006998e-03	1.969710e-02	1.225922e-01	1.094675e-01
1.158048e-03	2.112936e-02	1.237906e-01	1.173909e-01
1.331755e-03	2.266528e-02	1.249006e-01	1.258877e-01
1.531519e-03	2.431238e-02	1.258441e-01	1.349995e-01
1.761246e-03	2.607868e-02	1.263398e-01	1.447708e-01
2.025433e-03	2.797284e-02	1.268979e-01	1.552077e-01
2.329248e-03	3.000409e-02	1.268286e-01	1.664575e-01
2.678635e-03	3.218236e-02	1.266892e-01	1.785427e-01
3.080431e-03	3.451830e-02	1.262658e-01	1.914631e-01
3.542495e-03	3.702331e-02	1.254450e-01	2.053218e-01
4.073870e-03	3.970963e-02	1.244923e-01	2.201828e-01
4.684950e-03	4.259039e-02	1.230735e-01	2.361194e-01
5.387693e-03	4.567966e-02	1.214039e-01	2.532096e-01
6.195847e-03	4.899253e-02	1.193947e-01	2.715366e-01
7.125224e-03	5.254519e-02	1.170852e-01	2.911902e-01
8.194007e-03	5.635500e-02	1.144303e-01	3.122665e-01
9.423108e-03	6.044055e-02	1.115396e-01	3.348682e-01
1.083657e-02	6.482182e-02	1.083886e-01	3.591058e-01
1.246206e-02	6.952021e-02	1.050408e-01	3.850977e-01
1.433137e-02	7.455867e-02	1.012742e-01	4.129709e-01
1.648108e-02	7.996182e-02	9.749138e-02	4.428618e-01
1.895324e-02	8.575604e-02	9.338418e-02	4.749161e-01
2.179622e-02	9.196966e-02	8.925585e-02	5.092903e-01
2.506566e-02	9.863302e-02	8.515757e-02	5.461526e-01
2.882550e-02	1.057787e-01	8.062585e-02	5.856832e-01
3.314933e-02	1.134415e-01	7.643681e-02	6.280750e-01
3.812173e-02	1.216590e-01	7.196499e-02	6.735351e-01
4.383999e-02	1.304713e-01	6.756056e-02	7.222854e-01
5.041599e-02	1.399215e-01	6.324095e-02	7.745644e-01
5.797838e-02	1.500556e-01	5.909249e-02	8.306277e-01
6.667514e-02	1.609233e-01	5.516631e-02	8.907488e-01
7.667641e-02	1.725775e-01	5.121672e-02	9.552212e-01
8.817787e-02	1.850753e-01	4.749661e-02	1.024360e+00
1.014046e-01	1.984777e-01	4.382754e-02	1.098503e+00
1.166152e-01	2.128502e-01	4.066292e-02	1.178014e+00
1.341075e-01	2.282629e-01	3.737185e-02	1.263279e+00
1.542237e-01	2.447913e-01	3.426911e-02	1.354713e+00
1.773572e-01	2.625159e-01	3.195798e-02	1.452775e+00
2.039608e-01	2.815236e-01	2.930019e-02	1.557914e+00
2.345549e-01	3.019078e-01	2.710596e-02	1.671286e+00
2.697381e-01	3.237674e-01	2.467667e-02	1.794075e+00
3.101989e-01	3.472092e-01	2.206847e-02	1.927081e+00
3.567287e-01	3.723477e-01	1.996430e-02	2.071304e+00
4.102380e-01	3.993051e-01	1.759456e-02	2.209256e+00
4.717737e-01	4.282125e-01	1.600105e-02	2.324491e+00
5.425397e-01	4.534150e-01	1.436569e-02	2.440637e+00
6.239207e-01	4.779282e-01	1.297450e-02	2.557219e+00
7.175088e-01	5.156602e-01	1.170626e-02	2.673882e+00
8.251351e-01	5.567485e-01	1.045134e-02	2.790565e+00
9.489054e-01	5.976357e-01	9.463798e-03	2.907522e+00
1.091241e+00	6.365566e-01	8.483002e-03	3.025431e+00
1.254927e+00	6.767422e-01	7.673889e-03	3.145524e+00
1.443166e+00	7.103371e-01	6.823747e-03	3.269687e+00
1.659641e+00	7.437018e-01	6.152910e-03	3.400615e+00
1.908588e+00	7.725351e-01	5.471748e-03	3.541921e+00
2.194876e+00	7.936596e-01	4.881008e-03	3.698292e+00
2.524107e+00	8.128141e-01	4.391315e-03	3.875635e+00
2.902723e+00	8.317473e-01	3.878748e-03	4.081261e+00
3.338132e+00	8.484667e-01	3.487865e-03	4.324040e+00
3.838852e+00	8.605173e-01	3.086301e-03	4.614631e+00
4.414679e+00	8.676935e-01	2.733212e-03	4.965684e+00
5.076881e+00	8.729912e-01	2.425200e-03	5.392128e+00
5.838413e+00	8.724526e-01	2.153110e-03	5.911470e+00
6.714175e+00	8.695294e-01	1.920585e-03	6.544246e+00
7.721302e+00	8.635787e-01	1.702894e-03	7.314655e+00
8.879497e+00	8.524287e-01	1.515904e-03	8.251485e+00
1.021142e+01	8.381322e-01	1.342415e-03	9.389459e+00
1.174313e+01	8.190052e-01	1.203104e-03	1.077113e+01
1.350460e+01	7.964665e-01	1.064207e-03	1.244942e+01
1.553030e+01	7.700634e-01	9.420667e-04	1.449109e+01
1.785984e+01	7.408297e-01	8.421211e-04	1.698114e+01
2.053882e+01	7.087359e-01	7.309915e-04	2.002866e+01
2.361964e+01	6.762692e-01	6.600443e-04	2.377432e+01
2.716258e+01	6.403072e-01	5.798908e-04	2.839992e+01
3.123697e+01	5.999189e-01	5.130013e-04	3.414073e+01
3.592252e+01	5.619941e-01	4.573031e-04	4.130067e+01
4.131089e+01	5.602925e-01	3.954402e-04	5.027123e+01
4.750753e+01	5.124310e-01	3.531859e-04	6.155471e+01
5.463366e+01	4.683251e-01	3.095260e-04	7.584187e+01
6.282871e+01	4.270187e-01	2.744682e-04	9.394490e+01
7.225301e+01	3.881663e-01	2.428841e-04	1.169139e+02
8.309096e+01	3.515936e-01	2.125997e-04	1.461272e+02
9.555461e+01	3.176897e-01	1.894139e-04	1.833608e+02
1.098878e+02	2.866074e-01	1.667884e-04	2.308580e+02
1.263710e+02	2.577008e-01	1.487862e-04	2.915529e+02
1.453266e+02	2.309328e-01	1.300134e-04	3.694098e+02
1.671256e+02	2.068036e-01	1.157581e-04	4.694399e+02
1.921945e+02	1.863639e-01	1.011515e-04	5.974943e+02
2.210236e+02	1.677081e-01	8.907909e-05	7.610942e+02
2.541772e+02	1.507355e-01	7.904521e-05	9.703525e+02
2.923037e+02	1.353190e-01	6.875371e-05	1.238312e+03
3.361493e+02	1.213618e-01	6.114796e-05	1.581796e+03
3.865717e+02	1.088004e-01	5.323281e-05	2.022331e+03
4.445574e+02	9.745848e-02	4.655302e-05	2.587628e+03
5.112411e+02	8.718076e-02	0.000000e+00	3.313913e+03
5.879272e+02	7.798351e-02	0.000000e+00	4.247597e+03
6.761163e+02	6.990913e-02	0.000000e+00	5.446621e+03
7.775337e+02	6.270007e-02	0.000000e+00	6.984091e+03
8.941638e+02	5.624219e-02	0.000000e+00	8.955199e+03
1.028288e+03	5.047407e-02	0.000000e+00	1.148143e+04
1.182532e+03	4.532805e-02	0.000000e+00	1.471740e+04
1.359911e+03	4.074598e-02	0.000000e+00	1.885928e+04
1.563898e+03	3.667169e-02	0.000000e+00	2.415515e+04
1.798483e+03	3.305237e-02	0.000000e+00	3.091785e+04
2.068255e+03	2.984039e-02	0.000000e+00	3.954042e+04
2.378493e+03	2.699221e-02	0.000000e+00	5.051403e+04
2.735268e+03	2.447278e-02	0.000000e+00	6.444969e+04
3.145558e+03	2.224814e-02	0.000000e+00	8.210308e+04
3.617391e+03	2.028496e-02	0.000000e+00	1.044029e+05
4.160000e+03	1.855615e-02	0.000000e+00	1.324825e+05
4.784000e+03	1.703838e-02	0.000000e+00	1.677144e+05
5.501600e+03	1.570964e-02	0.000000e+00	2.117466e+05
6.326840e+03	1.455011e-02	0.000000e+00	2.665402e+05
7.275866e+03	1.354246e-02	0.000000e+00	3.344064e+05
8.367246e+03	1.267059e-02	0.000000e+00	4.180422e+05
9.622333e+03	1.191976e-02	0.000000e+00	5.205621e+05
