# Energy_MeV	dEdx_Elec_MeV_um	dEdx_Nucl_MeV_um	Range_um
1.000000e-05	2.248890e-03	3.181156e-02	5.437660e-03
1.150000e-05	2.429937e-03	3.491969e-02	5.831241e-03
1.322500e-05	2.623957e-03	3.829976e-02	6.253310e-03
1.520875e-05	2.831899e-03	4.194066e-02	6.705927e-03
1.749006e-05	3.054782e-03	4.596133e-02	7.191306e-03
2.011357e-05	3.293697e-03	5.020540e-02	7.711816e-03
2.313061e-05	3.549811e-03	5.483591e-02	8.270002e-03
2.660020e-05	3.824379e-03	5.980504e-02	8.868589e-03
3.059023e-05	4.118742e-03	6.507563e-02	9.510502e-03
3.517876e-05	4.434338e-03	7.084872e-02	1.019888e-02
4.045558e-05	4.772712e-03	7.696087e-02	1.093708e-02
4.652391e-05	5.135516e-03	8.339361e-02	1.172871e-02
5.350250e-05	5.524523e-03	9.030627e-02	1.257764e-02
6.152788e-05	5.941635e-03	9.778715e-02	1.348802e-02
7.075706e-05	6.388889e-03	1.055962e-01	1.446428e-02
8.137062e-05	6.868471e-03	1.142893e-01	1.551122e-02
9.357621e-05	7.382725e-03	1.227505e-01	1.663393e-02
1.076126e-04	7.934162e-03	1.320315e-01	1.783790e-02
1.237545e-04	8.525477e-03	1.418610e-01	1.912902e-02
1.423177e-04	9.159559e-03	1.519245e-01	2.051359e-02
1.636654e-04	9.839505e-03	1.631248e-01	2.199837e-02
1.882152e-04	1.056864e-02	1.739102e-01	2.359062e-02
2.164475e-04	1.135052e-02	1.857904e-01	2.529812e-02
2.489146e-04	1.218897e-02	1.974438e-01	2.712922e-02
2.862518e-04	1.308809e-02	2.093180e-01	2.909284e-02
3.291895e-04	1.405226e-02	2.220190e-01	3.119860e-02
3.785680e-04	1.508620e-02	2.341775e-01	3.345677e-02
4.353531e-04	1.619496e-02	2.473361e-01	3.587839e-02
5.006561e-04	1.738396e-02	2.590331e-01	3.847529e-02
5.757545e-04	1.865900e-02	2.717722e-01	4.126015e-02
6.621177e-04	2.002631e-02	2.845444e-01	4.424658e-02
7.614354e-04	2.149258e-02	2.969704e-01	4.744917e-02
8.756507e-04	2.306496e-02	3.096221e-01	5.088356e-02
1.006998e-03	2.475114e-02	3.204877e-01	5.456654e-02
1.158048e-03	2.655936e-02	3.320204e-01	5.851610e-02
1.331755e-03	2.849845e-02	3.430343e-01	6.275153e-02
1.531519e-03	3.057788e-02	3.534535e-01	6.729351e-02
1.761246e-03	3.280781e-02	3.637129e-01	7.216425e-02
2.025433e-03	3.519914e-02	3.726241e-01	7.738754e-02
2.329248e-03	3.776354e-02	3.810901e-01	8.298889e-02
2.678635e-03	4.051355e-02	3.887553e-01	8.899567e-02
3.080431e-03	4.346260e-02	3.953527e-01	9.543723e-02
3.542495e-03	4.662510e-02	4.016051e-01	1.023130e-01
4.073870e-03	5.001650e-02	4.069219e-01	1.097334e-01
4.684950e-03	5.365336e-02	4.112390e-01	1.177006e-01
5.387693e-03	5.755346e-02	4.149309e-01	1.262182e-01
6.195847e-03	6.173584e-02	4.179741e-01	1.353542e-01
7.125224e-03	6.622094e-02	4.200204e-01	1.451511e-01
8.194007e-03	7.103067e-02	4.219506e-01	1.556569e-01
9.423108e-03	7.618853e-02	4.219385e-01	1.669233e-01
1.083657e-02	8.171971e-02	4.215540e-01	1.790050e-01
1.246206e-02	8.765124e-02	4.201793e-01	1.919612e-01
1.433137e-02	9.401209e-02	4.177342e-01	2.058553e-01
1.648108e-02	1.008333e-01	4.146894e-01	2.207551e-01
1.895324e-02	1.081483e-01	4.101271e-01	2.367332e-01
2.179622e-02	1.159928e-01	4.047617e-01	2.538678e-01
2.506566e-02	1.244050e-01	3.981922e-01	2.722427e-01
2.882550e-02	1.334261e-01	3.906783e-01	2.919476e-01
3.314933e-02	1.431001e-01	3.820103e-01	3.130788e-01
3.812173e-02	1.534744e-01	3.725147e-01	3.357393e-01
4.383999e-02	1.645995e-01	3.619316e-01	3.600400e-01
5.041599e-02	1.765299e-01	3.510579e-01	3.860997e-01
5.797838e-02	1.893238e-01	3.389191e-01	4.140457e-01
6.667514e-02	2.030438e-01	3.260295e-01	4.440143e-01
7.667641e-02	2.177568e-01	3.126053e-01	4.761520e-01
8.817787e-02	2.335347e-01	2.985603e-01	5.106159e-01
1.014046e-01	2.504547e-01	2.851347e-01	5.475744e-01
1.166152e-01	2.685993e-01	2.706259e-01	5.872080e-01
1.341075e-01	2.880572e-01	2.560503e-01	6.297101e-01
1.542237e-01	3.089235e-01	2.413839e-01	6.752885e-01
1.773572e-01	3.313002e-01	2.265580e-01	7.241661e-01
2.039608e-01	3.552964e-01	2.124139e-01	7.765815e-01
2.345549e-01	3.810296e-01	1.984815e-01	8.327912e-01
2.697381e-01	4.086253e-01	1.849217e-01	8.930668e-01
3.101989e-01	4.382183e-01	1.721930e-01	9.577116e-01
3.567287e-01	4.699537e-01	1.595178e-01	1.027026e+00
4.102380e-01	5.039878e-01	1.473753e-01	1.101781e+00
4.717737e-01	5.404854e-01	1.364768e-01	1.182747e+00
5.425397e-01	5.796246e-01	1.256486e-01	1.270453e+00
6.239207e-01	6.215968e-01	1.153071e-01	1.365557e+00
7.175088e-01	6.666069e-01	1.069381e-01	1.468793e+00
8.251351e-01	7.148750e-01	9.827230e-02	1.581009e+00
9.489054e-01	7.603937e-01	9.141939e-02	1.703200e+00
1.091241e+00	8.081088e-01	8.353854e-02	1.765049e+00
1.254927e+00	8.829289e-01	7.447556e-02	1.806245e+00
1.443166e+00	9.671368e-01	6.705357e-02	1.845490e+00
1.659641e+00	1.059465e+00	5.927084e-02	1.883070e+00
1.908588e+00	1.159152e+00	5.391403e-02	1.919710e+00
2.194876e+00	1.270222e+00	4.827425e-02	1.956225e+00
2.524107e+00	1.387171e+00	4.361570e-02	1.993747e+00
2.902723e+00	1.514530e+00	3.944490e-02	2.033738e+00
3.338132e+00	1.649343e+00	3.527735e-02	2.078028e+00
3.838852e+00	1.773134e+00	3.190868e-02	2.128859e+00
4.414679e+00	1.902978e+00	2.845304e-02	2.188923e+00
5.076881e+00	2.039952e+00	2.582700e-02	2.261382e+00
5.838413e+00	2.174904e+00	2.313627e-02	2.349915e+00
6.714175e+00	2.301090e+00	2.069494e-02	2.458753e+00
7.721302e+00	2.409729e+00	1.844233e-02	2.592668e+00
8.879497e+00	2.518735e+00	1.639777e-02	2.757013e+00
1.021142e+01	2.606934e+00	1.477753e-02	2.957736e+00
1.174313e+01	2.693381e+00	1.316279e-02	3.201464e+00
1.350460e+01	2.777556e+00	1.173401e-02	3.495621e+00
1.553030e+01	2.841554e+00	1.040531e-02	3.848657e+00
1.785984e+01	2.902031e+00	9.210114e-03	4.270410e+00
2.053882e+01	2.942132e+00	8.186854e-03	4.772613e+00
2.361964e+01	2.971027e+00	7.272478e-03	5.369547e+00
2.716258e+01	2.990393e+00	6.450130e-03	6.078879e+00
3.123697e+01	2.984902e+00	5.754057e-03	6.922668e+00
3.592252e+01	2.968942e+00	5.109651e-03	7.928630e+00
4.131089e+01	2.930386e+00	4.524841e-03	9.131691e+00
4.750753e+01	2.884122e+00	4.047766e-03	1.057592e+01
5.463366e+01	2.829700e+00	3.590072e-03	1.231706e+01
6.282871e+01	2.756507e+00	3.183481e-03	1.442558e+01
7.225301e+01	3.124124e+00	2.836714e-03	1.699035e+01
8.309096e+01	2.925578e+00	2.467484e-03	2.012391e+01
9.555461e+01	2.742640e+00	2.220207e-03	2.398321e+01
1.098878e+02	2.561987e+00	1.958551e-03	2.874293e+01
1.263710e+02	2.384787e+00	1.731169e-03	3.463098e+01
1.453266e+02	2.210565e+00	1.540727e-03	4.194825e+01
1.671256e+02	2.042695e+00	1.337299e-03	5.108186e+01
1.921945e+02	1.882614e+00	1.192612e-03	6.251841e+01
2.210236e+02	1.727748e+00	1.042691e-03	7.689908e+01
2.541772e+02	1.579505e+00	9.225355e-04	9.509762e+01
2.923037e+02	1.441166e+00	8.199139e-04	1.182092e+02
3.361493e+02	1.321047e+00	7.183572e-04	1.474976e+02
3.865717e+02	1.207696e+00	6.397519e-04	1.846087e+02
4.445574e+02	1.100792e+00	5.605361e-04	2.317763e+02
5.112411e+02	1.000522e+00	5.013546e-04	2.918902e+02
5.879272e+02	9.070787e-01	4.421457e-04	3.686896e+02
6.761163e+02	8.207544e-01	3.897076e-04	4.669702e+02
7.775337e+02	7.409839e-01	3.413216e-04	5.929239e+02
8.941638e+02	6.672824e-01	2.995013e-04	7.546640e+02
1.028288e+03	6.001642e-01	2.662599e-04	9.625847e+02
1.182532e+03	5.404033e-01	2.339525e-04	1.229666e+03
1.359911e+03	4.862931e-01	2.059065e-04	1.572306e+03
1.563898e+03	4.373067e-01	1.796842e-04	2.011865e+03
1.798483e+03	3.932874e-01	1.570762e-04	2.575577e+03
2.068255e+03	3.538269e-01	1.375129e-04	3.298085e+03
2.378493e+03	3.184333e-01	1.206631e-04	4.223322e+03
2.735268e+03	2.867945e-01	1.055697e-04	5.406807e+03
3.145558e+03	2.586760e-01	9.293250e-05	6.918524e+03
3.617391e+03	2.336879e-01	8.154368e-05	8.846358e+03
4.160000e+03	2.114686e-01	7.110275e-05	1.130010e+04
4.784000e+03	1.918059e-01	6.295497e-05	1.441631e+04
5.501600e+03	1.744518e-01	5.510183e-05	1.836384e+04
6.326840e+03	1.591234e-01	4.812740e-05	2.335016e+04
7.275866e+03	1.456267e-01	0.000000e+00	2.962845e+04
8.367246e+03	1.337970e-01	0.000000e+00	3.750522e+04
9.622333e+03	1.234280e-01	0.000000e+00	4.734849e+04
