# Energy_MeV	dEdx_Elec_MeV_um	dEdx_Nucl_MeV_um	Range_um
1.000000e-05	2.036757e-03	3.125356e-02	6.448606e-03
1.150000e-05	2.197665e-03	3.429824e-02	6.915360e-03
1.322500e-05	2.370141e-03	3.754055e-02	7.415897e-03
1.520875e-05	2.555027e-03	4.117002e-02	7.952664e-03
1.749006e-05	2.753229e-03	4.494902e-02	8.528282e-03
2.011357e-05	2.965715e-03	4.911841e-02	9.145564e-03
2.313061e-05	3.193524e-03	5.358454e-02	9.807524e-03
2.660020e-05	3.437770e-03	5.829209e-02	1.051740e-02
3.059023e-05	3.699647e-03	6.350550e-02	1.127865e-02
3.517876e-05	3.980434e-03	6.894822e-02	1.209501e-02
4.045558e-05	4.281504e-03	7.478118e-02	1.297045e-02
4.652391e-05	4.604328e-03	8.093782e-02	1.390926e-02
5.350250e-05	4.950483e-03	8.763264e-02	1.491602e-02
6.152788e-05	5.321660e-03	9.469934e-02	1.599565e-02
7.075706e-05	5.719673e-03	1.024424e-01	1.715342e-02
8.137062e-05	6.146467e-03	1.101640e-01	1.839500e-02
9.357621e-05	6.604127e-03	1.184316e-01	1.972643e-02
1.076126e-04	7.094889e-03	1.272425e-01	2.115424e-02
1.237545e-04	7.621150e-03	1.363757e-01	2.268540e-02
1.423177e-04	8.185482e-03	1.463548e-01	2.432738e-02
1.636654e-04	8.790641e-03	1.561827e-01	2.608821e-02
1.882152e-04	9.439585e-03	1.668740e-01	2.797649e-02
2.164475e-04	1.013548e-02	1.773424e-01	3.000144e-02
2.489146e-04	1.088173e-02	1.881457e-01	3.217296e-02
2.862518e-04	1.168199e-02	1.994986e-01	3.450166e-02
3.291895e-04	1.254015e-02	2.105680e-01	3.699891e-02
3.785680e-04	1.346041e-02	2.225582e-01	3.967691e-02
4.353531e-04	1.444727e-02	2.330764e-01	4.254874e-02
5.006561e-04	1.550555e-02	2.445451e-01	4.562844e-02
5.757545e-04	1.664042e-02	2.562507e-01	4.893105e-02
6.621177e-04	1.785742e-02	2.673269e-01	5.247271e-02
7.614354e-04	1.916251e-02	2.790888e-01	5.627071e-02
8.756507e-04	2.056204e-02	2.887762e-01	6.034361e-02
1.006998e-03	2.206287e-02	2.992050e-01	6.471132e-02
1.158048e-03	2.367232e-02	3.093622e-01	6.939516e-02
1.331755e-03	2.539826e-02	3.186532e-01	7.441801e-02
1.531519e-03	2.724911e-02	3.281999e-01	7.980443e-02
1.761246e-03	2.923393e-02	3.361434e-01	8.558072e-02
2.025433e-03	3.136240e-02	3.439863e-01	9.177509e-02
2.329248e-03	3.364493e-02	3.510039e-01	9.841782e-02
2.678635e-03	3.609267e-02	3.569704e-01	1.055414e-01
3.080431e-03	3.871757e-02	3.628233e-01	1.131805e-01
3.542495e-03	4.153245e-02	3.675653e-01	1.213726e-01
4.073870e-03	4.455108e-02	3.716996e-01	1.300996e-01
4.684950e-03	4.778819e-02	3.749956e-01	1.395733e-01
5.387693e-03	5.125961e-02	3.777921e-01	1.496842e-01
6.195847e-03	5.498228e-02	3.798159e-01	1.605192e-01
7.125224e-03	5.897440e-02	3.815564e-01	1.721369e-01
8.194007e-03	6.325547e-02	3.817684e-01	1.845962e-01
9.423108e-03	6.784640e-02	3.814336e-01	1.979570e-01
1.083657e-02	7.276962e-02	3.802749e-01	2.122850e-01
1.246206e-02	7.804919e-02	3.782166e-01	2.276501e-01
1.433137e-02	8.371089e-02	3.755464e-01	2.441272e-01
1.648108e-02	8.978239e-02	3.715515e-01	2.617970e-01
1.895324e-02	9.629335e-02	3.667892e-01	2.807457e-01
2.179622e-02	1.032756e-01	3.609638e-01	3.010660e-01
2.506566e-02	1.107632e-01	3.542716e-01	3.228571e-01
2.882550e-02	1.187927e-01	3.465520e-01	3.462254e-01
3.314933e-02	1.274034e-01	3.380396e-01	3.712850e-01
3.812173e-02	1.366374e-01	3.284796e-01	3.981585e-01
4.383999e-02	1.465398e-01	3.187800e-01	4.269773e-01
5.041599e-02	1.571588e-01	3.079150e-01	4.578819e-01
5.797838e-02	1.685465e-01	2.962192e-01	4.910234e-01
6.667514e-02	1.807585e-01	2.842602e-01	5.265635e-01
7.667641e-02	1.938543e-01	2.713599e-01	5.646762e-01
8.817787e-02	2.078980e-01	2.593963e-01	6.055477e-01
1.014046e-01	2.229582e-01	2.463420e-01	6.493773e-01
1.166152e-01	2.391085e-01	2.330139e-01	6.963792e-01
1.341075e-01	2.564278e-01	2.199426e-01	7.467830e-01
1.542237e-01	2.750006e-01	2.062937e-01	8.008355e-01
1.773572e-01	2.949177e-01	1.936908e-01	8.588003e-01
2.039608e-01	3.162765e-01	1.809210e-01	9.209604e-01
2.345549e-01	3.391812e-01	1.685838e-01	9.876194e-01
2.697381e-01	3.637437e-01	1.571378e-01	1.059104e+00
3.101989e-01	3.900841e-01	1.454500e-01	1.135764e+00
3.567287e-01	4.183311e-01	1.346285e-01	1.217956e+00
4.102380e-01	4.486234e-01	1.244666e-01	1.306223e+00
4.717737e-01	4.811089e-01	1.148123e-01	1.401672e+00
5.425397e-01	5.159458e-01	1.054632e-01	1.505041e+00
6.239207e-01	5.533042e-01	9.752311e-02	1.617070e+00
7.175088e-01	5.933667e-01	8.961832e-02	1.738592e+00
8.251351e-01	6.363289e-01	8.347084e-02	1.870573e+00
9.489054e-01	6.820877e-01	7.645664e-02	2.014128e+00
1.091241e+00	7.236118e-01	6.839031e-02	2.083529e+00
1.254927e+00	7.784244e-01	6.137558e-02	2.143948e+00
1.443166e+00	8.534355e-01	5.425001e-02	2.202215e+00
1.659641e+00	9.344921e-01	4.931952e-02	2.258734e+00
1.908588e+00	1.024874e+00	4.414232e-02	2.313962e+00
2.194876e+00	1.119646e+00	3.995819e-02	2.368687e+00
2.524107e+00	1.223244e+00	3.608092e-02	2.424040e+00
2.902723e+00	1.335184e+00	3.231767e-02	2.481554e+00
3.338132e+00	1.446970e+00	2.921145e-02	2.543227e+00
3.838852e+00	1.564818e+00	2.598153e-02	2.611580e+00
4.414679e+00	1.663425e+00	2.363924e-02	2.689697e+00
5.076881e+00	1.770917e+00	2.119556e-02	2.781297e+00
5.838413e+00	1.888292e+00	1.892728e-02	2.890814e+00
6.714175e+00	1.984666e+00	1.691761e-02	3.023392e+00
7.721302e+00	2.081117e+00	1.498197e-02	3.184956e+00
8.879497e+00	2.161842e+00	1.353640e-02	3.382240e+00
1.021142e+01	2.235353e+00	1.206544e-02	3.622839e+00
1.174313e+01	2.303739e+00	1.073615e-02	3.915279e+00
1.350460e+01	2.360181e+00	9.550682e-03	4.269147e+00
1.553030e+01	2.415052e+00	8.426866e-03	4.695329e+00
1.785984e+01	2.455168e+00	7.514490e-03	5.206424e+00
2.053882e+01	2.483774e+00	6.662903e-03	5.817309e+00
2.361964e+01	2.505149e+00	5.909240e-03	6.545961e+00
2.716258e+01	2.507183e+00	5.278864e-03	7.414479e+00
3.123697e+01	2.502220e+00	4.676641e-03	8.450391e+00
3.592252e+01	2.481771e+00	4.155189e-03	9.688270e+00
4.131089e+01	2.446851e+00	3.703611e-03	1.117173e+01
4.750753e+01	2.400842e+00	3.294155e-03	1.295597e+01
5.463366e+01	2.346701e+00	2.925516e-03	1.511091e+01
6.282871e+01	2.282977e+00	2.600597e-03	1.772517e+01
7.225301e+01	2.207167e+00	2.264068e-03	2.091216e+01
8.309096e+01	2.404263e+00	2.032481e-03	2.481172e+01
9.555461e+01	2.244385e+00	1.795651e-03	2.961415e+01
1.098878e+02	2.092771e+00	1.591592e-03	3.556438e+01
1.263710e+02	1.943761e+00	1.412947e-03	4.294037e+01
1.453266e+02	1.798868e+00	1.227479e-03	5.212232e+01
1.671256e+02	1.658365e+00	1.093637e-03	6.360355e+01
1.921945e+02	1.524689e+00	9.545237e-04	7.801170e+01
2.210236e+02	1.397980e+00	8.474219e-04	9.614711e+01
2.541772e+02	1.274882e+00	7.514708e-04	1.190883e+02
2.923037e+02	1.159467e+00	6.596095e-04	1.482753e+02
3.361493e+02	1.056063e+00	5.868390e-04	1.854381e+02
3.865717e+02	9.632540e-01	5.124998e-04	2.326263e+02
4.445574e+02	8.762698e-01	4.597034e-04	2.926357e+02
5.112411e+02	7.949737e-01	4.058254e-04	3.691526e+02
5.879272e+02	7.195022e-01	3.569359e-04	4.669420e+02
6.761163e+02	6.498609e-01	3.137597e-04	5.921440e+02
7.775337e+02	5.860746e-01	2.739591e-04	7.526291e+02
8.941638e+02	5.271926e-01	2.442965e-04	9.586275e+02
1.028288e+03	4.735182e-01	2.148133e-04	1.223471e+03
1.182532e+03	4.252516e-01	1.886488e-04	1.564021e+03
1.359911e+03	3.823945e-01	1.652496e-04	2.001281e+03
1.563898e+03	3.436075e-01	1.439086e-04	2.562202e+03
1.798483e+03	3.086893e-01	1.264637e-04	3.281718e+03
2.068255e+03	2.774291e-01	1.107157e-04	4.204155e+03
2.378493e+03	2.494639e-01	9.681897e-05	5.385902e+03
2.735268e+03	2.244619e-01	8.540938e-05	6.898361e+03
3.145558e+03	2.022013e-01	7.473232e-05	8.831670e+03
3.617391e+03	1.824393e-01	6.542145e-05	1.129935e+04
4.160000e+03	1.648841e-01	5.767611e-05	1.444367e+04
4.784000e+03	1.493139e-01	5.055793e-05	1.844206e+04
5.501600e+03	1.355604e-01	0.000000e+00	2.351474e+04
6.326840e+03	1.234202e-01	0.000000e+00	2.993336e+04
7.275866e+03	1.127097e-01	0.000000e+00	3.803083e+04
8.367246e+03	1.032986e-01	0.000000e+00	4.821211e+04
9.622333e+03	9.505170e-02	0.000000e+00	6.096586e+04
