# Energy_MeV	dEdx_Elec_MeV_um	dEdx_Nucl_MeV_um	Range_um
1.000000e-05	2.124934e-03	3.045074e-02	6.376629e-03
1.150000e-05	2.292997e-03	3.338483e-02	6.838173e-03
1.322500e-05	2.473138e-03	3.651855e-02	7.333123e-03
1.520875e-05	2.666240e-03	3.993927e-02	7.863899e-03
1.749006e-05	2.873248e-03	4.357160e-02	8.433092e-03
2.011357e-05	3.095173e-03	4.748702e-02	9.043483e-03
2.313061e-05	3.333100e-03	5.170638e-02	9.698056e-03
2.660020e-05	3.588193e-03	5.620413e-02	1.040001e-02
3.059023e-05	3.861698e-03	6.113008e-02	1.115276e-02
3.517876e-05	4.154952e-03	6.609380e-02	1.196001e-02
4.045558e-05	4.469388e-03	7.162941e-02	1.282568e-02
4.652391e-05	4.806543e-03	7.758502e-02	1.375401e-02
5.350250e-05	5.168064e-03	8.367487e-02	1.474953e-02
6.152788e-05	5.555718e-03	9.057246e-02	1.581711e-02
7.075706e-05	5.971398e-03	9.709905e-02	1.696196e-02
8.137062e-05	6.417136e-03	1.044887e-01	1.818968e-02
9.357621e-05	6.895108e-03	1.122706e-01	1.950625e-02
1.076126e-04	7.407651e-03	1.201165e-01	2.091813e-02
1.237545e-04	7.957269e-03	1.289331e-01	2.243219e-02
1.423177e-04	8.546647e-03	1.373426e-01	2.405585e-02
1.636654e-04	9.178663e-03	1.465267e-01	2.579702e-02
1.882152e-04	9.856406e-03	1.557558e-01	2.766422e-02
2.164475e-04	1.058319e-02	1.649591e-01	2.966657e-02
2.489146e-04	1.136256e-02	1.749357e-01	3.181386e-02
2.862518e-04	1.219832e-02	1.843906e-01	3.411656e-02
3.291895e-04	1.309457e-02	1.942395e-01	3.658593e-02
3.785680e-04	1.405567e-02	2.036389e-01	3.923404e-02
4.353531e-04	1.508633e-02	2.135980e-01	4.207382e-02
5.006561e-04	1.619157e-02	2.232278e-01	4.511915e-02
5.757545e-04	1.737680e-02	2.332286e-01	4.838490e-02
6.621177e-04	1.864781e-02	2.423648e-01	5.188702e-02
7.614354e-04	2.001080e-02	2.511072e-01	5.564263e-02
8.756507e-04	2.147245e-02	2.600109e-01	5.967008e-02
1.006998e-03	2.303987e-02	2.681902e-01	6.398903e-02
1.158048e-03	2.472075e-02	2.765714e-01	6.862059e-02
1.331755e-03	2.652327e-02	2.839454e-01	7.358738e-02
1.531519e-03	2.845626e-02	2.911172e-01	7.891368e-02
1.761246e-03	3.052916e-02	2.972843e-01	8.462549e-02
2.025433e-03	3.275208e-02	3.029977e-01	9.075073e-02
2.329248e-03	3.513590e-02	3.081840e-01	9.731931e-02
2.678635e-03	3.769226e-02	3.126155e-01	1.043633e-01
3.080431e-03	4.043364e-02	3.168912e-01	1.119172e-01
3.542495e-03	4.337344e-02	3.197540e-01	1.200074e-01
4.073870e-03	4.652601e-02	3.225882e-01	1.287091e-01
4.684950e-03	4.990678e-02	3.248550e-01	1.380226e-01
5.387693e-03	5.353223e-02	3.262069e-01	1.480141e-01
6.195847e-03	5.742010e-02	3.275091e-01	1.587268e-01
7.125224e-03	6.158937e-02	3.272314e-01	1.702153e-01
8.194007e-03	6.606042e-02	3.267859e-01	1.825354e-01
9.423108e-03	7.085507e-02	3.255540e-01	1.957472e-01
1.083657e-02	7.599677e-02	3.234387e-01	2.099153e-01
1.246206e-02	8.151062e-02	3.208281e-01	2.251087e-01
1.433137e-02	8.742356e-02	3.170728e-01	2.414020e-01
1.648108e-02	9.376448e-02	3.126706e-01	2.588746e-01
1.895324e-02	1.005644e-01	3.073800e-01	2.776119e-01
2.179622e-02	1.078564e-01	3.013173e-01	2.977053e-01
2.506566e-02	1.156763e-01	2.943769e-01	3.192531e-01
2.882550e-02	1.240621e-01	2.868002e-01	3.423605e-01
3.314933e-02	1.330550e-01	2.785868e-01	3.671406e-01
3.812173e-02	1.426987e-01	2.698250e-01	3.937143e-01
4.383999e-02	1.530405e-01	2.601830e-01	4.222112e-01
5.041599e-02	1.641308e-01	2.502314e-01	4.527707e-01
5.797838e-02	1.760238e-01	2.394188e-01	4.855423e-01
6.667514e-02	1.887776e-01	2.289327e-01	5.206860e-01
7.667641e-02	2.024546e-01	2.181231e-01	5.583733e-01
8.817787e-02	2.171215e-01	2.067637e-01	5.987883e-01
1.014046e-01	2.328501e-01	1.957130e-01	6.421286e-01
1.166152e-01	2.497170e-01	1.839066e-01	6.886061e-01
1.341075e-01	2.678048e-01	1.729254e-01	7.384477e-01
1.542237e-01	2.872018e-01	1.615359e-01	7.918966e-01
1.773572e-01	3.080028e-01	1.510899e-01	8.492140e-01
2.039608e-01	3.303093e-01	1.408434e-01	9.106804e-01
2.345549e-01	3.542304e-01	1.306867e-01	9.765950e-01
2.697381e-01	3.798829e-01	1.213255e-01	1.047287e+00
3.101989e-01	4.073922e-01	1.116112e-01	1.123066e+00
3.567287e-01	4.368939e-01	1.037331e-01	1.204567e+00
4.102380e-01	4.685313e-01	9.531892e-02	1.292790e+00
4.717737e-01	5.024585e-01	8.743873e-02	1.388330e+00
5.425397e-01	5.388415e-01	8.125778e-02	1.491897e+00
6.239207e-01	5.778579e-01	7.483850e-02	1.604269e+00
7.175088e-01	6.196984e-01	6.931181e-02	1.726351e+00
8.251351e-01	6.624287e-01	6.295612e-02	1.819989e+00
9.489054e-01	7.039780e-01	5.608151e-02	1.879701e+00
1.091241e+00	7.626903e-01	5.046414e-02	1.937772e+00
1.254927e+00	8.374211e-01	4.477271e-02	1.994279e+00
1.443166e+00	9.160660e-01	4.065929e-02	2.049467e+00
1.659641e+00	1.003022e+00	3.651900e-02	2.103809e+00
1.908588e+00	1.095743e+00	3.291602e-02	2.158063e+00
2.194876e+00	1.193509e+00	2.975326e-02	2.213323e+00
2.524107e+00	1.300783e+00	2.662335e-02	2.271077e+00
2.902723e+00	1.402307e+00	2.401607e-02	2.333262e+00
3.338132e+00	1.503643e+00	2.155590e-02	2.402312e+00
3.838852e+00	1.593519e+00	1.944422e-02	2.481231e+00
4.414679e+00	1.688815e+00	1.739259e-02	2.573663e+00
5.076881e+00	1.791843e+00	1.561280e-02	2.683910e+00
5.838413e+00	1.872074e+00	1.380196e-02	2.817001e+00
6.714175e+00	1.950162e+00	1.240345e-02	2.978729e+00
7.721302e+00	2.020704e+00	1.110107e-02	3.175705e+00
8.879497e+00	2.077301e+00	9.880892e-03	3.415410e+00
1.021142e+01	2.132591e+00	8.842697e-03	3.706274e+00
1.174313e+01	2.177611e+00	7.774677e-03	4.057842e+00
1.350460e+01	2.216433e+00	6.942260e-03	4.481047e+00
1.553030e+01	2.247154e+00	6.124471e-03	4.988635e+00
1.785984e+01	2.261591e+00	5.463220e-03	5.595799e+00
2.053882e+01	2.270553e+00	4.863412e-03	6.321000e+00
2.361964e+01	2.265218e+00	4.306557e-03	7.187066e+00
2.716258e+01	2.249742e+00	3.848158e-03	8.222541e+00
3.123697e+01	2.223984e+00	3.386676e-03	9.463371e+00
3.592252e+01	2.182730e+00	3.050217e-03	1.095503e+01
4.131089e+01	2.133925e+00	2.702043e-03	1.275517e+01
4.750753e+01	2.077417e+00	2.392403e-03	1.493708e+01
5.463366e+01	2.011689e+00	2.126443e-03	1.759371e+01
6.282871e+01	1.935603e+00	1.856123e-03	2.084435e+01
7.225301e+01	2.061558e+00	1.670627e-03	2.483613e+01
8.309096e+01	1.920600e+00	1.472952e-03	2.977464e+01
9.555461e+01	1.784913e+00	1.302169e-03	3.590965e+01
1.098878e+02	1.652984e+00	1.153924e-03	4.353987e+01
1.263710e+02	1.524575e+00	1.005480e-03	5.307042e+01
1.453266e+02	1.401387e+00	8.936268e-04	6.502633e+01
1.671256e+02	1.284924e+00	7.849531e-04	8.007168e+01
1.921945e+02	1.174106e+00	6.932630e-04	9.906359e+01
2.210236e+02	1.067683e+00	6.152442e-04	1.231659e+02
2.541772e+02	9.684058e-01	5.404076e-04	1.539028e+02
2.923037e+02	8.813338e-01	4.789737e-04	1.930698e+02
3.361493e+02	8.018819e-01	4.232309e-04	2.428648e+02
3.865717e+02	7.276933e-01	3.756532e-04	3.063006e+02
4.445574e+02	6.586867e-01	3.307705e-04	3.873037e+02
5.112411e+02	5.949334e-01	2.928711e-04	4.909517e+02
5.879272e+02	5.364177e-01	2.539854e-04	6.237681e+02
6.761163e+02	4.830251e-01	2.258499e-04	7.941251e+02
7.775337e+02	4.337670e-01	1.991356e-04	1.012944e+03
8.941638e+02	3.891828e-01	1.748551e-04	1.294369e+03
1.028288e+03	3.494248e-01	1.546159e-04	1.656175e+03
1.182532e+03	3.139874e-01	1.335424e-04	2.120567e+03
1.359911e+03	2.819829e-01	1.179866e-04	2.716264e+03
1.563898e+03	2.532470e-01	1.024961e-04	3.480250e+03
1.798483e+03	2.275550e-01	9.028465e-05	4.459476e+03
2.068255e+03	2.045961e-01	7.939384e-05	5.713612e+03
2.378493e+03	1.841050e-01	6.922629e-05	7.318168e+03
2.735268e+03	1.658845e-01	6.119697e-05	9.368425e+03
3.145558e+03	1.497122e-01	5.306304e-05	1.198428e+04
3.617391e+03	1.353518e-01	4.727873e-05	1.531580e+04
4.160000e+03	1.226317e-01	0.000000e+00	1.954999e+04
4.784000e+03	1.114014e-01	0.000000e+00	2.491862e+04
5.501600e+03	1.014885e-01	0.000000e+00	3.170719e+04
6.326840e+03	9.275086e-02	0.000000e+00	4.026494e+04
7.275866e+03	8.507984e-02	0.000000e+00	5.101598e+04
8.367246e+03	7.835785e-02	0.000000e+00	6.447109e+04
9.622333e+03	7.247151e-02	0.000000e+00	8.124001e+04
