# Energy_MeV	dEdx_Elec_MeV_um	dEdx_Nucl_MeV_um	Range_um
1.000000e-05	1.976061e-03	2.260678e-02	1.034614e-02
1.150000e-05	2.126728e-03	2.445604e-02	1.109500e-02
1.322500e-05	2.288273e-03	2.653659e-02	1.189806e-02
1.520875e-05	2.461487e-03	2.867722e-02	1.275925e-02
1.749006e-05	2.647215e-03	3.095015e-02	1.368277e-02
2.011357e-05	2.846366e-03	3.344060e-02	1.467313e-02
2.313061e-05	3.059912e-03	3.586524e-02	1.573518e-02
2.660020e-05	3.288896e-03	3.865023e-02	1.687410e-02
3.059023e-05	3.534438e-03	4.142117e-02	1.809546e-02
3.517876e-05	3.797738e-03	4.434618e-02	1.940522e-02
4.045558e-05	4.080081e-03	4.754186e-02	2.080978e-02
4.652391e-05	4.382847e-03	5.068163e-02	2.231600e-02
5.350250e-05	4.707515e-03	5.401973e-02	2.393125e-02
6.152788e-05	5.055671e-03	5.732155e-02	2.566340e-02
7.075706e-05	5.429017e-03	6.077456e-02	2.752094e-02
8.137062e-05	5.829376e-03	6.435323e-02	2.951292e-02
9.357621e-05	6.258703e-03	6.787808e-02	3.164908e-02
1.076126e-04	6.719098e-03	7.134478e-02	3.393985e-02
1.237545e-04	7.212808e-03	7.483926e-02	3.639644e-02
1.423177e-04	7.742246e-03	7.861646e-02	3.903083e-02
1.636654e-04	8.309998e-03	8.191562e-02	4.185590e-02
1.882152e-04	8.918838e-03	8.562619e-02	4.488545e-02
2.164475e-04	9.571741e-03	8.879170e-02	4.813429e-02
2.489146e-04	1.027189e-02	9.202975e-02	5.161827e-02
2.862518e-04	1.102272e-02	9.542236e-02	5.535443e-02
3.291895e-04	1.182789e-02	9.815999e-02	5.936101e-02
3.785680e-04	1.269133e-02	1.012599e-01	6.365760e-02
4.353531e-04	1.361726e-02	1.038540e-01	6.826517e-02
5.006561e-04	1.461021e-02	1.063804e-01	7.320623e-02
5.757545e-04	1.567503e-02	1.086834e-01	7.850494e-02
6.621177e-04	1.681691e-02	1.106606e-01	8.418717e-02
7.614354e-04	1.804145e-02	1.125888e-01	9.028068e-02
8.756507e-04	1.935461e-02	1.140950e-01	9.681525e-02
1.006998e-03	2.076281e-02	1.155158e-01	1.038228e-01
1.158048e-03	2.227294e-02	1.165888e-01	1.113375e-01
1.331755e-03	2.389237e-02	1.176671e-01	1.193962e-01
1.531519e-03	2.562902e-02	1.183441e-01	1.280382e-01
1.761246e-03	2.749136e-02	1.188271e-01	1.373056e-01
2.025433e-03	2.948850e-02	1.192084e-01	1.472382e-01
2.329248e-03	3.163019e-02	1.190864e-01	1.579071e-01
2.678635e-03	3.392689e-02	1.189302e-01	1.693331e-01
3.080431e-03	3.638983e-02	1.183657e-01	1.815910e-01
3.542495e-03	3.903104e-02	1.175568e-01	1.947340e-01
4.073870e-03	4.186342e-02	1.165457e-01	2.088287e-01
4.684950e-03	4.490080e-02	1.151295e-01	2.239436e-01
5.387693e-03	4.815804e-02	1.134703e-01	2.401525e-01
6.195847e-03	5.165103e-02	1.114904e-01	2.575345e-01
7.125224e-03	5.539684e-02	1.092162e-01	2.761746e-01
8.194007e-03	5.941378e-02	1.066614e-01	2.961640e-01
9.423108e-03	6.372147e-02	1.038233e-01	3.176003e-01
1.083657e-02	6.834094e-02	1.008515e-01	3.405881e-01
1.246206e-02	7.329478e-02	9.757771e-02	3.652397e-01
1.433137e-02	7.860718e-02	9.393827e-02	3.916756e-01
1.648108e-02	8.430409e-02	9.041183e-02	4.200251e-01
1.895324e-02	9.041334e-02	8.638118e-02	4.504265e-01
2.179622e-02	9.696479e-02	8.268279e-02	4.830283e-01
2.506566e-02	1.039904e-01	7.866242e-02	5.179897e-01
2.882550e-02	1.115246e-01	7.435221e-02	5.554818e-01
3.314933e-02	1.196041e-01	7.053834e-02	5.956877e-01
3.812173e-02	1.282684e-01	6.615239e-02	6.388037e-01
4.383999e-02	1.375598e-01	6.223866e-02	6.850402e-01
5.041599e-02	1.475237e-01	5.819281e-02	7.346233e-01
5.797838e-02	1.582088e-01	5.428423e-02	7.877955e-01
6.667514e-02	1.696673e-01	5.063815e-02	8.448165e-01
7.667641e-02	1.819552e-01	4.685855e-02	9.059645e-01
8.817787e-02	1.951325e-01	4.356944e-02	9.715381e-01
1.014046e-01	2.092636e-01	4.023922e-02	1.041858e+00
1.166152e-01	2.244175e-01	3.727411e-02	1.117269e+00
1.341075e-01	2.406682e-01	3.408887e-02	1.198135e+00
1.542237e-01	2.580952e-01	3.155390e-02	1.284865e+00
1.773572e-01	2.767835e-01	2.929302e-02	1.377834e+00
2.039608e-01	2.968253e-01	2.683804e-02	1.477896e+00
2.345549e-01	3.183179e-01	2.476244e-02	1.586238e+00
2.697381e-01	3.413661e-01	2.237548e-02	1.703571e+00
3.101989e-01	3.660825e-01	2.014818e-02	1.830773e+00
3.567287e-01	3.925876e-01	1.808901e-02	1.962341e+00
4.102380e-01	4.210095e-01	1.605310e-02	2.065725e+00
4.717737e-01	4.479647e-01	1.452825e-02	2.170047e+00
5.425397e-01	4.716608e-01	1.306233e-02	2.274853e+00
6.239207e-01	5.059221e-01	1.182119e-02	2.379796e+00
7.175088e-01	5.476595e-01	1.063111e-02	2.484741e+00
8.251351e-01	5.871839e-01	9.537924e-03	2.589848e+00
9.489054e-01	6.275729e-01	8.572045e-03	2.695622e+00
1.091241e+00	6.666445e-01	7.733623e-03	2.803041e+00
1.254927e+00	7.017510e-01	6.954202e-03	2.913650e+00
1.443166e+00	7.372943e-01	6.170405e-03	3.029681e+00
1.659641e+00	7.651668e-01	5.590267e-03	3.154180e+00
1.908588e+00	7.893496e-01	4.923107e-03	3.291114e+00
2.194876e+00	8.081004e-01	4.448850e-03	3.445512e+00
2.524107e+00	8.269099e-01	3.969263e-03	3.623633e+00
2.902723e+00	8.457895e-01	3.506742e-03	3.833103e+00
3.338132e+00	8.574387e-01	3.164764e-03	4.083100e+00
3.838852e+00	8.663013e-01	2.771490e-03	4.384550e+00
4.414679e+00	8.723600e-01	2.480221e-03	4.750358e+00
5.076881e+00	8.725902e-01	2.196520e-03	5.195680e+00
5.838413e+00	8.708511e-01	1.949960e-03	5.738285e+00
6.714175e+00	8.650986e-01	1.738171e-03	6.399077e+00
7.721302e+00	8.554705e-01	1.533309e-03	7.202856e+00
8.879497e+00	8.422309e-01	1.374156e-03	8.179427e+00
1.021142e+01	8.238902e-01	1.218902e-03	9.365175e+00
1.174313e+01	8.023302e-01	1.091532e-03	1.080519e+01
1.350460e+01	7.768065e-01	9.592686e-04	1.255618e+01
1.553030e+01	7.482653e-01	8.571104e-04	1.469020e+01
1.785984e+01	7.159460e-01	7.592386e-04	1.729957e+01
2.053882e+01	6.845606e-01	6.660819e-04	2.050323e+01
2.361964e+01	6.492763e-01	5.978312e-04	2.445483e+01
2.716258e+01	6.102332e-01	5.225709e-04	2.935323e+01
3.123697e+01	5.715863e-01	4.663942e-04	3.545506e+01
3.592252e+01	5.726635e-01	4.118538e-04	4.309338e+01
4.131089e+01	5.235513e-01	3.595648e-04	5.268822e+01
4.750753e+01	4.787091e-01	3.181822e-04	6.482070e+01
5.463366e+01	4.368062e-01	2.799164e-04	8.019808e+01
6.282871e+01	3.973973e-01	2.485969e-04	9.969613e+01
7.225301e+01	3.602050e-01	2.191864e-04	1.244804e+02
8.309096e+01	3.256459e-01	1.931954e-04	1.560572e+02
9.555461e+01	2.939015e-01	1.704712e-04	1.963306e+02
1.098878e+02	2.645841e-01	1.515944e-04	2.477617e+02
1.263710e+02	2.371811e-01	1.340599e-04	3.136716e+02
1.453266e+02	2.123447e-01	1.171250e-04	3.983632e+02
1.671256e+02	1.911504e-01	1.046883e-04	5.069029e+02
1.921945e+02	1.720719e-01	9.038966e-05	6.455696e+02
2.210236e+02	1.547022e-01	8.089455e-05	8.228819e+02
2.541772e+02	1.389127e-01	7.106988e-05	1.049873e+03
2.923037e+02	1.246124e-01	6.198532e-05	1.340779e+03
3.361493e+02	1.117229e-01	5.524609e-05	1.713845e+03
3.865717e+02	1.001237e-01	4.756114e-05	2.192477e+03
4.445574e+02	8.956929e-02	4.206574e-05	2.807222e+03
5.112411e+02	8.011890e-02	0.000000e+00	3.597509e+03
5.879272e+02	7.177766e-02	0.000000e+00	4.612790e+03
6.761163e+02	6.437661e-02	0.000000e+00	5.914984e+03
7.775337e+02	5.774170e-02	0.000000e+00	7.584422e+03
8.941638e+02	5.181233e-02	0.000000e+00	9.724297e+03
1.028288e+03	4.652148e-02	0.000000e+00	1.246575e+04
1.182532e+03	4.180798e-02	0.000000e+00	1.597542e+04
1.359911e+03	3.761543e-02	0.000000e+00	2.046419e+04
1.563898e+03	3.389043e-02	0.000000e+00	2.619813e+04
1.798483e+03	3.058404e-02	0.000000e+00	3.351196e+04
2.068255e+03	2.765113e-02	0.000000e+00	4.282440e+04
2.378493e+03	2.505504e-02	0.000000e+00	5.465701e+04
2.735268e+03	2.276217e-02	0.000000e+00	6.965580e+04
3.145558e+03	2.073837e-02	0.000000e+00	8.861593e+04
3.617391e+03	1.895495e-02	0.000000e+00	1.125095e+05
4.160000e+03	1.738810e-02	0.000000e+00	1.425160e+05
4.784000e+03	1.601547e-02	0.000000e+00	1.800546e+05
5.501600e+03	1.481660e-02	0.000000e+00	2.268183e+05
6.326840e+03	1.377363e-02	0.000000e+00	2.848066e+05
7.275866e+03	1.287028e-02	0.000000e+00	3.563585e+05
8.367246e+03	1.209133e-02	0.000000e+00	4.441821e+05
9.622333e+03	1.142392e-02	0.000000e+00	5.513806e+05
