# Energy_MeV	dEdx_Elec_MeV_um	dEdx_Nucl_MeV_um	Range_um
1.000000e-05	2.222195e-03	3.005725e-02	6.068697e-03
1.150000e-05	2.398853e-03	3.300177e-02	6.507953e-03
1.322500e-05	2.588197e-03	3.601467e-02	6.979002e-03
1.520875e-05	2.791154e-03	3.939623e-02	7.484145e-03
1.749006e-05	3.008717e-03	4.297263e-02	8.025852e-03
2.011357e-05	3.241950e-03	4.675255e-02	8.606767e-03
2.313061e-05	3.491994e-03	5.098090e-02	9.229730e-03
2.660020e-05	3.760072e-03	5.531030e-02	9.897782e-03
3.059023e-05	4.047492e-03	6.009310e-02	1.061419e-02
3.517876e-05	4.355661e-03	6.496074e-02	1.138245e-02
4.045558e-05	4.686084e-03	7.039927e-02	1.220632e-02
4.652391e-05	5.040376e-03	7.610067e-02	1.308982e-02
5.350250e-05	5.420268e-03	8.222029e-02	1.403727e-02
6.152788e-05	5.827617e-03	8.865285e-02	1.505329e-02
7.075706e-05	6.264412e-03	9.518483e-02	1.614285e-02
8.137062e-05	6.732788e-03	1.023960e-01	1.731128e-02
9.357621e-05	7.235034e-03	1.097857e-01	1.856428e-02
1.076126e-04	7.773603e-03	1.176685e-01	1.990798e-02
1.237545e-04	8.351126e-03	1.258796e-01	2.134893e-02
1.423177e-04	8.970425e-03	1.343307e-01	2.289417e-02
1.636654e-04	9.634525e-03	1.429866e-01	2.455126e-02
1.882152e-04	1.034667e-02	1.518403e-01	2.632830e-02
2.164475e-04	1.111034e-02	1.608760e-01	2.823395e-02
2.489146e-04	1.192927e-02	1.701130e-01	3.027754e-02
2.862518e-04	1.280746e-02	1.796123e-01	3.246905e-02
3.291895e-04	1.374919e-02	1.884914e-01	3.481917e-02
3.785680e-04	1.475907e-02	1.979307e-01	3.733940e-02
4.353531e-04	1.584203e-02	2.075186e-01	4.004205e-02
5.006561e-04	1.700336e-02	2.163365e-01	4.294031e-02
5.757545e-04	1.824874e-02	2.263169e-01	4.604836e-02
6.621177e-04	1.958425e-02	2.341550e-01	4.938136e-02
7.614354e-04	2.101641e-02	2.429291e-01	5.295561e-02
8.756507e-04	2.255222e-02	2.513424e-01	5.678857e-02
1.006998e-03	2.419919e-02	2.586594e-01	6.089895e-02
1.158048e-03	2.596536e-02	2.669389e-01	6.530685e-02
1.331755e-03	2.785935e-02	2.732901e-01	7.003380e-02
1.531519e-03	2.989043e-02	2.800671e-01	7.510288e-02
1.761246e-03	3.206851e-02	2.857742e-01	8.053887e-02
2.025433e-03	3.440423e-02	2.907857e-01	8.636831e-02
2.329248e-03	3.690901e-02	2.958878e-01	9.261969e-02
2.678635e-03	3.959508e-02	2.996417e-01	9.932356e-02
3.080431e-03	4.247556e-02	3.034103e-01	1.064605e-01
3.542495e-03	4.556453e-02	3.059933e-01	1.142139e-01
4.073870e-03	4.887708e-02	3.085310e-01	1.224924e-01
4.684950e-03	5.242939e-02	3.103080e-01	1.313586e-01
5.387693e-03	5.623881e-02	3.116569e-01	1.408659e-01
6.195847e-03	6.032395e-02	3.122840e-01	1.510617e-01
7.125224e-03	6.470478e-02	3.119968e-01	1.619954e-01
8.194007e-03	6.940269e-02	3.113172e-01	1.737205e-01
9.423108e-03	7.444063e-02	3.097855e-01	1.862943e-01
1.083657e-02	7.984322e-02	3.076513e-01	1.997782e-01
1.246206e-02	8.563685e-02	3.047203e-01	2.142380e-01
1.433137e-02	9.184983e-02	3.009402e-01	2.297444e-01
1.648108e-02	9.851250e-02	2.964087e-01	2.463732e-01
1.895324e-02	1.056574e-01	2.911106e-01	2.642056e-01
2.179622e-02	1.133195e-01	2.849955e-01	2.833288e-01
2.506566e-02	1.215361e-01	2.781811e-01	3.038360e-01
2.882550e-02	1.303475e-01	2.705629e-01	3.258275e-01
3.314933e-02	1.397966e-01	2.627222e-01	3.494109e-01
3.812173e-02	1.499297e-01	2.539160e-01	3.747014e-01
4.383999e-02	1.607962e-01	2.444290e-01	4.018222e-01
5.041599e-02	1.724493e-01	2.349827e-01	4.309060e-01
5.797838e-02	1.849457e-01	2.242115e-01	4.620949e-01
6.667514e-02	1.983467e-01	2.146802e-01	4.955415e-01
7.667641e-02	2.127177e-01	2.038639e-01	5.314089e-01
8.817787e-02	2.281288e-01	1.929691e-01	5.698723e-01
1.014046e-01	2.446554e-01	1.826604e-01	6.111196e-01
1.166152e-01	2.623782e-01	1.710198e-01	6.553526e-01
1.341075e-01	2.813838e-01	1.610538e-01	7.027873e-01
1.542237e-01	3.017650e-01	1.502721e-01	7.536553e-01
1.773572e-01	3.236214e-01	1.402914e-01	8.082047e-01
2.039608e-01	3.470599e-01	1.308748e-01	8.667029e-01
2.345549e-01	3.721947e-01	1.209301e-01	9.294362e-01
2.697381e-01	3.991489e-01	1.123945e-01	9.966993e-01
3.101989e-01	4.280549e-01	1.035994e-01	1.068912e+00
3.567287e-01	4.590540e-01	9.599648e-02	1.146974e+00
4.102380e-01	4.922969e-01	8.805108e-02	1.231514e+00
4.717737e-01	5.279459e-01	8.134291e-02	1.323132e+00
5.425397e-01	5.661752e-01	7.515216e-02	1.422506e+00
6.239207e-01	6.071716e-01	6.946939e-02	1.530425e+00
7.175088e-01	6.511337e-01	6.390999e-02	1.632401e+00
8.251351e-01	6.912360e-01	5.751668e-02	1.686940e+00
9.489054e-01	7.427631e-01	5.161453e-02	1.739946e+00
1.091241e+00	8.145056e-01	4.598627e-02	1.791527e+00
1.254927e+00	8.920120e-01	4.130746e-02	1.841827e+00
1.443166e+00	9.783013e-01	3.717855e-02	1.891212e+00
1.659641e+00	1.067316e+00	3.355465e-02	1.940288e+00
1.908588e+00	1.164744e+00	3.021356e-02	1.989952e+00
2.194876e+00	1.268334e+00	2.721459e-02	2.041442e+00
2.524107e+00	1.371185e+00	2.450887e-02	2.096387e+00
2.902723e+00	1.479688e+00	2.189206e-02	2.156868e+00
3.338132e+00	1.565972e+00	1.984873e-02	2.225417e+00
3.838852e+00	1.660436e+00	1.774892e-02	2.305194e+00
4.414679e+00	1.762666e+00	1.586232e-02	2.399902e+00
5.076881e+00	1.847487e+00	1.428333e-02	2.513902e+00
5.838413e+00	1.931366e+00	1.252932e-02	2.652237e+00
6.714175e+00	1.999089e+00	1.139334e-02	2.820670e+00
7.721302e+00	2.061777e+00	1.011379e-02	3.025745e+00
8.879497e+00	2.117713e+00	9.007019e-03	3.274835e+00
1.021142e+01	2.163818e+00	8.075826e-03	3.576265e+00
1.174313e+01	2.208249e+00	7.061323e-03	3.939545e+00
1.350460e+01	2.237743e+00	6.342960e-03	4.375687e+00
1.553030e+01	2.258205e+00	5.595891e-03	4.897736e+00
1.785984e+01	2.270409e+00	4.983002e-03	5.521461e+00
2.053882e+01	2.266852e+00	4.450062e-03	6.266269e+00
2.361964e+01	2.256603e+00	3.921768e-03	7.156356e+00
2.716258e+01	2.231874e+00	3.511243e-03	8.222148e+00
3.123697e+01	2.195696e+00	3.107240e-03	9.502089e+00
3.592252e+01	2.148962e+00	2.785424e-03	1.104491e+01
4.131089e+01	2.094725e+00	2.463658e-03	1.291246e+01
4.750753e+01	2.031955e+00	2.192523e-03	1.518333e+01
5.463366e+01	1.958908e+00	1.925880e-03	1.795807e+01
6.282871e+01	2.105097e+00	1.708062e-03	2.136151e+01
7.225301e+01	1.960512e+00	1.522095e-03	2.556168e+01
8.309096e+01	1.824082e+00	1.341396e-03	3.077837e+01
9.555461e+01	1.690782e+00	1.192230e-03	3.726037e+01
1.098878e+02	1.561582e+00	1.043610e-03	4.534694e+01
1.263710e+02	1.436685e+00	9.211455e-04	5.547896e+01
1.453266e+02	1.318147e+00	8.089075e-04	6.821920e+01
1.671256e+02	1.206217e+00	7.158207e-04	8.428405e+01
1.921945e+02	1.098000e+00	6.320936e-04	1.046356e+02
2.210236e+02	9.966283e-01	5.581803e-04	1.305640e+02
2.541772e+02	9.056093e-01	4.946436e-04	1.636308e+02
2.923037e+02	8.245121e-01	4.331264e-04	2.056779e+02
3.361493e+02	7.487876e-01	3.876883e-04	2.592024e+02
3.865717e+02	6.782683e-01	3.410069e-04	3.275062e+02
4.445574e+02	6.129999e-01	3.002140e-04	4.148551e+02
5.112411e+02	5.529469e-01	2.663163e-04	5.267471e+02
5.879272e+02	4.981011e-01	2.297560e-04	6.702253e+02
6.761163e+02	4.476452e-01	2.064688e-04	8.544292e+02
7.775337e+02	4.017191e-01	1.806237e-04	1.091279e+03
8.941638e+02	3.604572e-01	1.587864e-04	1.395873e+03
1.028288e+03	3.239559e-01	1.404165e-04	1.787010e+03
1.182532e+03	2.909740e-01	1.209472e-04	2.288753e+03
1.359911e+03	2.613026e-01	1.072163e-04	2.932327e+03
1.563898e+03	2.347554e-01	9.329639e-05	3.757366e+03
1.798483e+03	2.110288e-01	8.199629e-05	4.814297e+03
2.068255e+03	1.898390e-01	7.228379e-05	6.166995e+03
2.378493e+03	1.709771e-01	6.286041e-05	7.896114e+03
2.735268e+03	1.542327e-01	5.553341e-05	1.010326e+04
3.145558e+03	1.393651e-01	4.853705e-05	1.291581e+04
3.617391e+03	1.261814e-01	0.000000e+00	1.649269e+04
4.160000e+03	1.145339e-01	0.000000e+00	2.103121e+04
4.784000e+03	1.042536e-01	0.000000e+00	2.677484e+04
5.501600e+03	9.518484e-02	0.000000e+00	3.402210e+04
6.326840e+03	8.721394e-02	0.000000e+00	4.313627e+04
7.275866e+03	8.022793e-02	0.000000e+00	5.455592e+04
8.367246e+03	7.410740e-02	0.000000e+00	6.880602e+04
9.622333e+03	6.876450e-02	0.000000e+00	8.650910e+04
