# Energy_MeV	dEdx_Elec_MeV_um	dEdx_Nucl_MeV_um	Range_um
1.000000e-05	2.416475e-03	2.991531e-02	5.329531e-03
1.150000e-05	2.611502e-03	3.280762e-02	5.715285e-03
1.322500e-05	2.820496e-03	3.587236e-02	6.128960e-03
1.520875e-05	3.044481e-03	3.924011e-02	6.572578e-03
1.749006e-05	3.284555e-03	4.280264e-02	7.048304e-03
2.011357e-05	3.541892e-03	4.662827e-02	7.558464e-03
2.313061e-05	3.817750e-03	5.078878e-02	8.105550e-03
2.660020e-05	4.113479e-03	5.518037e-02	8.692234e-03
3.059023e-05	4.430526e-03	6.000292e-02	9.321382e-03
3.517876e-05	4.770440e-03	6.486261e-02	9.996069e-03
4.045558e-05	5.134882e-03	7.032608e-02	1.071959e-02
4.652391e-05	5.525633e-03	7.610603e-02	1.149548e-02
5.350250e-05	5.944605e-03	8.210550e-02	1.232753e-02
6.152788e-05	6.393842e-03	8.882087e-02	1.321980e-02
7.075706e-05	6.875542e-03	9.522381e-02	1.417666e-02
8.137062e-05	7.392057e-03	1.025173e-01	1.520277e-02
9.357621e-05	7.945912e-03	1.100484e-01	1.630316e-02
1.076126e-04	8.539812e-03	1.177748e-01	1.748319e-02
1.237545e-04	9.176658e-03	1.263485e-01	1.874863e-02
1.423177e-04	9.859564e-03	1.346341e-01	2.010567e-02
1.636654e-04	1.059186e-02	1.435779e-01	2.156092e-02
1.882152e-04	1.137714e-02	1.525270e-01	2.312152e-02
2.164475e-04	1.221922e-02	1.615995e-01	2.479506e-02
2.489146e-04	1.312222e-02	1.712663e-01	2.658974e-02
2.862518e-04	1.409056e-02	1.805773e-01	2.851432e-02
3.291895e-04	1.512897e-02	1.900519e-01	3.057820e-02
3.785680e-04	1.624251e-02	1.992995e-01	3.279147e-02
4.353531e-04	1.743663e-02	2.091436e-01	3.516493e-02
5.006561e-04	1.871717e-02	2.183355e-01	3.771019e-02
5.757545e-04	2.009037e-02	2.281681e-01	4.043967e-02
6.621177e-04	2.156295e-02	2.368925e-01	4.336672e-02
7.614354e-04	2.314210e-02	2.454828e-01	4.650563e-02
8.756507e-04	2.483553e-02	2.542900e-01	4.987173e-02
1.006998e-03	2.665152e-02	2.620334e-01	5.348147e-02
1.158048e-03	2.859895e-02	2.702650e-01	5.735249e-02
1.331755e-03	3.068732e-02	2.773378e-01	6.150369e-02
1.531519e-03	3.292683e-02	2.842982e-01	6.595536e-02
1.761246e-03	3.532843e-02	2.903090e-01	7.072924e-02
2.025433e-03	3.790386e-02	2.957721e-01	7.584866e-02
2.329248e-03	4.066568e-02	3.008698e-01	8.133863e-02
2.678635e-03	4.362740e-02	3.050706e-01	8.718493e-02
3.080431e-03	4.680348e-02	3.091245e-01	9.352411e-02
3.542495e-03	5.020944e-02	3.119173e-01	1.003127e-01
4.073870e-03	5.386192e-02	3.147127e-01	1.075728e-01
4.684950e-03	5.777876e-02	3.167765e-01	1.153587e-01
5.387693e-03	6.197910e-02	3.180890e-01	1.237084e-01
6.195847e-03	6.648346e-02	3.192496e-01	1.326623e-01
7.125224e-03	7.131384e-02	3.189597e-01	1.422642e-01
8.194007e-03	7.649384e-02	3.185186e-01	1.525612e-01
9.423108e-03	8.204877e-02	3.172008e-01	1.636035e-01
1.083657e-02	8.800576e-02	3.150996e-01	1.754451e-01
1.246206e-02	9.439392e-02	3.124816e-01	1.881437e-01
1.433137e-02	1.012445e-01	3.087690e-01	2.017614e-01
1.648108e-02	1.085908e-01	3.044129e-01	2.163648e-01
1.895324e-02	1.164689e-01	2.991970e-01	2.320253e-01
2.179622e-02	1.249173e-01	2.932133e-01	2.488193e-01
2.506566e-02	1.339771e-01	2.864139e-01	2.668287e-01
2.882550e-02	1.436927e-01	2.789406e-01	2.861416e-01
3.314933e-02	1.541114e-01	2.709491e-01	3.068526e-01
3.812173e-02	1.652844e-01	2.623142e-01	3.290626e-01
4.383999e-02	1.772660e-01	2.527887e-01	3.528802e-01
5.041599e-02	1.901148e-01	2.431733e-01	3.784216e-01
5.797838e-02	2.038936e-01	2.325256e-01	4.058117e-01
6.667514e-02	2.186698e-01	2.224322e-01	4.351845e-01
7.667641e-02	2.345154e-01	2.117957e-01	4.666833e-01
8.817787e-02	2.515080e-01	2.005646e-01	5.004618e-01
1.014046e-01	2.697305e-01	1.899884e-01	5.366852e-01
1.166152e-01	2.892720e-01	1.783756e-01	5.755306e-01
1.341075e-01	3.102279e-01	1.677766e-01	6.171878e-01
1.542237e-01	3.327005e-01	1.567504e-01	6.618599e-01
1.773572e-01	3.567998e-01	1.464609e-01	7.097659e-01
2.039608e-01	3.826434e-01	1.365894e-01	7.611375e-01
2.345549e-01	4.103575e-01	1.265935e-01	8.162293e-01
2.697381e-01	4.400783e-01	1.176005e-01	8.753212e-01
3.101989e-01	4.719518e-01	1.083241e-01	9.391114e-01
3.567287e-01	5.061324e-01	1.005630e-01	1.008202e+00
4.102380e-01	5.427870e-01	9.225848e-02	1.083055e+00
4.717737e-01	5.820947e-01	8.490259e-02	1.164231e+00
5.425397e-01	6.242475e-01	7.885461e-02	1.252362e+00
6.239207e-01	6.694516e-01	7.251503e-02	1.348179e+00
7.175088e-01	7.116516e-01	6.705885e-02	1.411640e+00
8.251351e-01	7.596413e-01	6.078424e-02	1.453298e+00
9.489054e-01	8.318392e-01	5.435104e-02	1.493480e+00
1.091241e+00	9.116509e-01	4.885054e-02	1.532391e+00
1.254927e+00	9.994859e-01	4.336815e-02	1.570310e+00
1.443166e+00	1.092378e+00	3.932510e-02	1.607717e+00
1.659641e+00	1.195244e+00	3.533981e-02	1.645316e+00
1.908588e+00	1.302991e+00	3.189296e-02	1.684078e+00
2.194876e+00	1.415977e+00	2.877715e-02	1.725275e+00
2.524107e+00	1.535301e+00	2.577890e-02	1.770526e+00
2.902723e+00	1.635087e+00	2.321680e-02	1.821839e+00
3.338132e+00	1.741594e+00	2.088207e-02	1.881610e+00
3.838852e+00	1.854579e+00	1.880954e-02	1.952754e+00
4.414679e+00	1.958724e+00	1.677821e-02	2.038640e+00
5.076881e+00	2.058736e+00	1.511077e-02	2.143167e+00
5.838413e+00	2.138673e+00	1.333459e-02	2.270784e+00
6.714175e+00	2.218289e+00	1.201343e-02	2.426510e+00
7.721302e+00	2.284120e+00	1.073621e-02	2.615994e+00
8.879497e+00	2.344545e+00	9.527139e-03	2.845572e+00
1.021142e+01	2.404890e+00	8.556481e-03	3.122413e+00
1.174313e+01	2.443665e+00	7.509097e-03	3.454774e+00
1.350460e+01	2.478445e+00	6.713892e-03	3.852342e+00
1.553030e+01	2.499021e+00	5.929487e-03	4.326758e+00
1.785984e+01	2.506770e+00	5.276845e-03	4.892269e+00
2.053882e+01	2.507317e+00	4.704294e-03	5.566568e+00
2.361964e+01	2.487632e+00	4.157060e-03	6.371833e+00
2.716258e+01	2.458308e+00	3.720787e-03	7.336019e+00
3.123697e+01	2.414052e+00	3.282964e-03	8.494476e+00
3.592252e+01	2.362216e+00	2.951375e-03	9.891970e+00
4.131089e+01	2.301867e+00	2.607667e-03	1.158530e+01
4.750753e+01	2.228890e+00	2.316073e-03	1.364672e+01
5.463366e+01	2.451164e+00	2.055307e-03	1.616686e+01
6.282871e+01	2.287272e+00	1.798183e-03	1.926341e+01
7.225301e+01	2.133958e+00	1.616320e-03	2.309703e+01
8.309096e+01	1.984074e+00	1.421126e-03	2.784697e+01
9.555461e+01	1.838158e+00	1.260461e-03	3.375285e+01
1.098878e+02	1.696071e+00	1.115123e-03	4.112845e+01
1.263710e+02	1.560332e+00	9.728131e-04	5.037678e+01
1.453266e+02	1.431701e+00	8.629466e-04	6.200695e+01
1.671256e+02	1.307682e+00	7.586184e-04	7.669503e+01
1.921945e+02	1.190145e+00	6.711590e-04	9.535810e+01
2.210236e+02	1.082373e+00	5.942883e-04	1.191312e+02
2.541772e+02	9.879298e-01	5.227807e-04	1.493333e+02
2.923037e+02	8.994037e-01	4.624420e-04	1.877126e+02
3.361493e+02	8.165751e-01	4.096914e-04	2.366167e+02
3.865717e+02	7.395134e-01	3.630195e-04	2.990786e+02
4.445574e+02	6.682499e-01	3.185507e-04	3.790171e+02
5.112411e+02	6.028858e-01	2.832260e-04	4.814536e+02
5.879272e+02	5.427440e-01	2.451064e-04	6.128801e+02
6.761163e+02	4.876199e-01	2.186044e-04	7.817915e+02
7.775337e+02	4.377205e-01	1.924172e-04	9.990191e+02
8.941638e+02	3.936525e-01	1.683400e-04	1.278063e+03
1.028288e+03	3.537874e-01	1.494963e-04	1.636055e+03
1.182532e+03	3.178303e-01	1.288388e-04	2.095296e+03
1.359911e+03	2.856067e-01	1.140031e-04	2.684150e+03
1.563898e+03	2.567773e-01	9.916988e-05	3.438706e+03
1.798483e+03	2.309944e-01	8.711371e-05	4.404711e+03
2.068255e+03	2.080078e-01	7.673049e-05	5.639957e+03
2.378493e+03	1.875939e-01	6.674032e-05	7.217289e+03
2.735268e+03	1.694640e-01	5.912035e-05	9.228130e+03
3.145558e+03	1.533693e-01	5.141449e-05	1.178665e+04
3.617391e+03	1.391392e-01	4.571108e-05	1.503474e+04
4.160000e+03	1.265801e-01	0.000000e+00	1.914776e+04
4.784000e+03	1.154943e-01	0.000000e+00	2.434097e+04
5.501600e+03	1.057412e-01	0.000000e+00	3.087681e+04
6.326840e+03	9.719214e-02	0.000000e+00	3.907267e+04
7.275866e+03	8.970001e-02	0.000000e+00	4.930916e+04
8.367246e+03	8.315042e-02	0.000000e+00	6.203851e+04
9.622333e+03	7.746337e-02	0.000000e+00	7.779296e+04
