# Energy_MeV	dEdx_Elec_MeV_um	dEdx_Nucl_MeV_um	Range_um
1.000000e-05	2.233844e-03	3.080589e-02	5.821220e-03
1.150000e-05	2.412241e-03	3.369297e-02	6.242563e-03
1.322500e-05	2.603439e-03	3.698572e-02	6.694403e-03
1.520875e-05	2.808374e-03	4.036410e-02	7.178947e-03
1.749006e-05	3.028050e-03	4.414721e-02	7.698563e-03
2.011357e-05	3.263540e-03	4.815471e-02	8.255789e-03
2.313061e-05	3.515997e-03	5.238634e-02	8.853347e-03
2.660020e-05	3.786655e-03	5.711921e-02	9.494157e-03
3.059023e-05	4.076836e-03	6.197241e-02	1.018135e-02
3.517876e-05	4.387960e-03	6.730389e-02	1.091828e-02
4.045558e-05	4.721547e-03	7.277690e-02	1.170855e-02
4.652391e-05	5.079227e-03	7.885176e-02	1.255602e-02
5.350250e-05	5.462748e-03	8.523195e-02	1.346483e-02
6.152788e-05	5.873983e-03	9.211332e-02	1.443943e-02
7.075706e-05	6.314943e-03	9.925733e-02	1.548456e-02
8.137062e-05	6.787782e-03	1.066030e-01	1.660534e-02
9.357621e-05	7.294810e-03	1.146436e-01	1.780724e-02
1.076126e-04	7.838504e-03	1.229078e-01	1.909614e-02
1.237545e-04	8.421520e-03	1.317729e-01	2.047833e-02
1.423177e-04	9.046708e-03	1.408857e-01	2.196056e-02
1.636654e-04	9.717121e-03	1.503883e-01	2.355008e-02
1.882152e-04	1.043603e-02	1.600181e-01	2.525465e-02
2.164475e-04	1.120696e-02	1.699352e-01	2.708259e-02
2.489146e-04	1.203367e-02	1.800322e-01	2.904284e-02
2.862518e-04	1.292019e-02	1.902868e-01	3.114498e-02
3.291895e-04	1.387086e-02	2.009701e-01	3.339927e-02
3.785680e-04	1.489033e-02	2.107943e-01	3.581673e-02
4.353531e-04	1.598357e-02	2.213715e-01	3.840916e-02
5.006561e-04	1.715592e-02	2.320579e-01	4.118924e-02
5.757545e-04	1.841312e-02	2.418961e-01	4.417054e-02
6.621177e-04	1.976130e-02	2.529629e-01	4.736762e-02
7.614354e-04	2.120705e-02	2.616987e-01	5.079612e-02
8.756507e-04	2.275744e-02	2.714478e-01	5.447277e-02
1.006998e-03	2.442003e-02	2.807808e-01	5.841553e-02
1.158048e-03	2.620296e-02	2.890127e-01	6.264368e-02
1.331755e-03	2.811492e-02	2.981607e-01	6.717786e-02
1.531519e-03	3.016526e-02	3.052459e-01	7.204023e-02
1.761246e-03	3.236400e-02	3.127099e-01	7.725454e-02
2.025433e-03	3.472188e-02	3.190854e-01	8.284627e-02
2.329248e-03	3.725042e-02	3.246398e-01	8.884272e-02
2.678635e-03	3.996197e-02	3.302689e-01	9.527321e-02
3.080431e-03	4.286978e-02	3.344681e-01	1.021667e-01
3.542495e-03	4.598805e-02	3.385706e-01	1.095489e-01
4.073870e-03	4.933201e-02	3.414815e-01	1.174987e-01
4.684950e-03	5.291802e-02	3.442452e-01	1.260010e-01
5.387693e-03	5.676357e-02	3.461968e-01	1.351217e-01
6.195847e-03	6.088746e-02	3.477215e-01	1.449016e-01
7.125224e-03	6.530984e-02	3.483021e-01	1.553894e-01
8.194007e-03	7.005231e-02	3.479858e-01	1.666364e-01
9.423108e-03	7.513803e-02	3.471568e-01	1.786974e-01
1.083657e-02	8.059187e-02	3.454098e-01	1.916314e-01
1.246206e-02	8.644045e-02	3.430168e-01	2.055015e-01
1.433137e-02	9.271235e-02	3.396596e-01	2.203757e-01
1.648108e-02	9.943821e-02	3.354142e-01	2.363264e-01
1.895324e-02	1.066509e-01	3.302987e-01	2.534316e-01
2.179622e-02	1.143856e-01	3.243458e-01	2.717748e-01
2.506566e-02	1.226802e-01	3.174713e-01	2.914459e-01
2.882550e-02	1.315752e-01	3.098323e-01	3.125407e-01
3.314933e-02	1.411139e-01	3.012694e-01	3.351624e-01
3.812173e-02	1.513431e-01	2.925132e-01	3.594213e-01
4.383999e-02	1.623127e-01	2.826653e-01	3.854361e-01
5.041599e-02	1.740762e-01	2.720682e-01	4.133341e-01
5.797838e-02	1.866912e-01	2.614445e-01	4.432513e-01
6.667514e-02	2.002193e-01	2.494394e-01	4.753338e-01
7.667641e-02	2.147266e-01	2.387906e-01	5.097383e-01
8.817787e-02	2.302839e-01	2.267649e-01	5.466333e-01
1.014046e-01	2.469672e-01	2.146098e-01	5.861988e-01
1.166152e-01	2.648581e-01	2.030115e-01	6.286280e-01
1.341075e-01	2.840440e-01	1.901378e-01	6.741281e-01
1.542237e-01	3.046185e-01	1.789481e-01	7.229215e-01
1.773572e-01	3.266822e-01	1.670109e-01	7.752468e-01
2.039608e-01	3.503429e-01	1.558482e-01	8.313599e-01
2.345549e-01	3.757162e-01	1.453608e-01	8.915321e-01
2.697381e-01	4.029260e-01	1.343696e-01	9.560677e-01
3.101989e-01	4.321053e-01	1.247665e-01	1.025250e+00
3.567287e-01	4.633985e-01	1.150826e-01	1.099788e+00
4.102380e-01	4.969566e-01	1.065254e-01	1.180510e+00
4.717737e-01	5.329438e-01	9.774394e-02	1.267941e+00
5.425397e-01	5.715357e-01	9.031432e-02	1.362735e+00
6.239207e-01	6.129209e-01	8.333647e-02	1.465618e+00
7.175088e-01	6.573017e-01	7.717273e-02	1.577428e+00
8.251351e-01	7.006330e-01	7.092592e-02	1.670778e+00
9.489054e-01	7.449401e-01	6.374208e-02	1.720928e+00
1.091241e+00	8.119295e-01	5.719917e-02	1.769316e+00
1.254927e+00	8.905865e-01	5.085694e-02	1.816115e+00
1.443166e+00	9.752585e-01	4.582046e-02	1.861620e+00
1.659641e+00	1.067214e+00	4.117386e-02	1.906338e+00
1.908588e+00	1.168342e+00	3.719836e-02	1.951036e+00
2.194876e+00	1.273260e+00	3.351501e-02	1.996783e+00
2.524107e+00	1.387344e+00	3.014160e-02	2.044999e+00
2.902723e+00	1.502368e+00	2.717561e-02	2.097502e+00
3.338132e+00	1.608887e+00	2.423047e-02	2.156560e+00
3.838852e+00	1.714110e+00	2.200436e-02	2.224905e+00
4.414679e+00	1.823383e+00	1.968935e-02	2.305851e+00
5.076881e+00	1.934708e+00	1.759277e-02	2.403269e+00
5.838413e+00	2.031114e+00	1.581452e-02	2.521641e+00
6.714175e+00	2.117208e+00	1.390255e-02	2.666102e+00
7.721302e+00	2.202476e+00	1.262364e-02	2.842449e+00
8.879497e+00	2.265932e+00	1.121688e-02	3.057228e+00
1.021142e+01	2.330046e+00	9.987204e-03	3.317765e+00
1.174313e+01	2.388215e+00	8.938434e-03	3.632331e+00
1.350460e+01	2.432993e+00	7.831945e-03	4.010398e+00
1.553030e+01	2.473500e+00	7.023371e-03	4.463025e+00
1.785984e+01	2.493334e+00	6.203368e-03	5.003416e+00
2.053882e+01	2.506387e+00	5.518676e-03	5.647665e+00
2.361964e+01	2.507924e+00	4.928897e-03	6.415691e+00
2.716258e+01	2.493073e+00	4.349006e-03	7.332412e+00
3.123697e+01	2.468946e+00	3.886915e-03	8.429197e+00
3.592252e+01	2.426287e+00	3.445344e-03	9.745686e+00
4.131089e+01	2.376624e+00	3.082948e-03	1.133206e+01
4.750753e+01	2.318850e+00	2.729488e-03	1.325202e+01
5.463366e+01	2.249066e+00	2.428366e-03	1.558622e+01
6.282871e+01	2.498494e+00	2.128033e-03	1.843748e+01
7.225301e+01	2.328335e+00	1.893184e-03	2.193417e+01
8.309096e+01	2.173975e+00	1.683717e-03	2.625672e+01
9.555461e+01	2.023198e+00	1.485863e-03	3.161245e+01
1.098878e+02	1.876429e+00	1.320220e-03	3.826355e+01
1.263710e+02	1.732909e+00	1.152819e-03	4.655982e+01
1.453266e+02	1.595299e+00	1.020464e-03	5.695330e+01
1.671256e+02	1.464890e+00	8.942143e-04	7.001335e+01
1.921945e+02	1.339857e+00	7.924826e-04	8.648437e+01
2.210236e+02	1.220283e+00	7.004630e-04	1.073810e+02
2.541772e+02	1.108484e+00	6.172737e-04	1.339988e+02
2.923037e+02	1.012112e+00	5.478842e-04	1.678417e+02
3.361493e+02	9.221222e-01	4.792467e-04	2.108233e+02
3.865717e+02	8.378218e-01	4.293593e-04	2.655540e+02
4.445574e+02	7.592085e-01	3.779907e-04	3.354158e+02
5.112411e+02	6.864013e-01	3.326895e-04	4.247840e+02
5.879272e+02	6.195027e-01	2.945067e-04	5.392710e+02
6.761163e+02	5.581337e-01	2.547792e-04	6.861022e+02
7.775337e+02	5.015896e-01	2.285479e-04	8.747322e+02
8.941638e+02	4.503481e-01	2.001827e-04	1.117320e+03
1.028288e+03	4.048054e-01	1.759334e-04	1.429075e+03
1.182532e+03	3.638813e-01	1.552410e-04	1.829115e+03
1.359911e+03	3.269098e-01	1.340551e-04	2.342298e+03
1.563898e+03	2.937282e-01	1.185987e-04	3.000420e+03
1.798483e+03	2.640440e-01	1.033454e-04	3.843899e+03
2.068255e+03	2.374919e-01	9.072095e-05	4.924033e+03
2.378493e+03	2.137898e-01	7.998965e-05	6.305680e+03
2.735268e+03	1.927255e-01	6.965980e-05	8.070638e+03
3.145558e+03	1.740238e-01	6.141154e-05	1.032171e+04
3.617391e+03	1.574118e-01	5.378064e-05	1.318743e+04
4.160000e+03	1.427082e-01	4.748232e-05	1.682777e+04
4.784000e+03	1.297308e-01	0.000000e+00	2.144073e+04
5.501600e+03	1.182737e-01	0.000000e+00	2.726982e+04
6.326840e+03	1.081821e-01	0.000000e+00	3.461244e+04
7.275866e+03	9.933066e-02	0.000000e+00	4.382908e+04
8.367246e+03	9.157418e-02	0.000000e+00	5.535304e+04
9.622333e+03	8.478500e-02	0.000000e+00	6.970045e+04
