# Energy_MeV	dEdx_Elec_MeV_um	dEdx_Nucl_MeV_um	Range_um
1.000000e-05	2.175537e-03	3.238264e-02	5.496813e-03
1.150000e-05	2.350447e-03	3.544677e-02	5.894676e-03
1.322500e-05	2.537892e-03	3.890117e-02	6.321335e-03
1.520875e-05	2.738792e-03	4.269534e-02	6.778877e-03
1.749006e-05	2.954129e-03	4.673396e-02	7.269536e-03
2.011357e-05	3.184958e-03	5.124721e-02	7.795708e-03
2.313061e-05	3.432406e-03	5.595387e-02	8.359966e-03
2.660020e-05	3.697684e-03	6.114052e-02	8.965065e-03
3.059023e-05	3.982090e-03	6.670668e-02	9.613961e-03
3.517876e-05	4.287014e-03	7.256180e-02	1.030982e-02
4.045558e-05	4.613945e-03	7.904784e-02	1.105605e-02
4.652391e-05	4.964482e-03	8.582699e-02	1.185630e-02
5.350250e-05	5.340337e-03	9.308516e-02	1.271446e-02
6.152788e-05	5.743348e-03	1.007546e-01	1.363474e-02
7.075706e-05	6.175484e-03	1.090693e-01	1.462163e-02
8.137062e-05	6.638856e-03	1.178810e-01	1.567995e-02
9.357621e-05	7.135727e-03	1.275275e-01	1.681488e-02
1.076126e-04	7.668527e-03	1.371268e-01	1.803195e-02
1.237545e-04	8.239857e-03	1.474274e-01	1.933711e-02
1.423177e-04	8.852510e-03	1.583617e-01	2.073674e-02
1.636654e-04	9.509478e-03	1.697536e-01	2.223768e-02
1.882152e-04	1.021397e-02	1.821872e-01	2.384725e-02
2.164475e-04	1.096943e-02	1.943948e-01	2.557333e-02
2.489146e-04	1.177955e-02	2.077138e-01	2.742434e-02
2.862518e-04	1.264828e-02	2.207263e-01	2.940933e-02
3.291895e-04	1.357987e-02	2.341665e-01	3.153799e-02
3.785680e-04	1.457888e-02	2.483089e-01	3.382073e-02
4.353531e-04	1.565017e-02	2.620722e-01	3.626869e-02
5.006561e-04	1.679899e-02	2.770361e-01	3.889383e-02
5.757545e-04	1.803094e-02	2.900896e-01	4.170899e-02
6.621177e-04	1.935206e-02	3.043059e-01	4.472791e-02
7.614354e-04	2.076878e-02	3.189119e-01	4.796534e-02
8.756507e-04	2.228803e-02	3.327192e-01	5.143710e-02
1.006998e-03	2.391724e-02	3.473141e-01	5.516014e-02
1.158048e-03	2.566436e-02	3.593923e-01	5.915266e-02
1.331755e-03	2.753793e-02	3.722967e-01	6.343416e-02
1.531519e-03	2.954709e-02	3.849770e-01	6.802556e-02
1.761246e-03	3.170168e-02	3.965626e-01	7.294928e-02
2.025433e-03	3.401220e-02	4.083868e-01	7.822939e-02
2.329248e-03	3.648996e-02	4.182891e-01	8.389168e-02
2.678635e-03	3.914705e-02	4.280165e-01	8.996380e-02
3.080431e-03	4.199646e-02	4.367818e-01	9.647543e-02
3.542495e-03	4.505210e-02	4.441716e-01	1.034584e-01
4.073870e-03	4.832890e-02	4.514330e-01	1.109047e-01
4.684950e-03	5.184288e-02	4.573470e-01	1.189561e-01
5.387693e-03	5.561120e-02	4.624688e-01	1.275927e-01
6.195847e-03	5.965226e-02	4.665828e-01	1.368265e-01
7.125224e-03	6.398582e-02	4.700141e-01	1.467302e-01
8.194007e-03	6.863303e-02	4.725577e-01	1.573505e-01
9.423108e-03	7.361661e-02	4.747355e-01	1.687393e-01
1.083657e-02	7.896090e-02	4.749633e-01	1.809525e-01
1.246206e-02	8.469201e-02	4.745542e-01	1.940497e-01
1.433137e-02	9.083794e-02	4.730739e-01	2.080949e-01
1.648108e-02	9.742871e-02	4.705254e-01	2.231567e-01
1.895324e-02	1.044965e-01	4.671984e-01	2.393087e-01
2.179622e-02	1.120759e-01	4.622081e-01	2.566297e-01
2.506566e-02	1.202039e-01	4.562824e-01	2.752044e-01
2.882550e-02	1.289202e-01	4.490176e-01	2.951237e-01
3.314933e-02	1.382673e-01	4.406819e-01	3.164847e-01
3.812173e-02	1.482911e-01	4.310728e-01	3.393918e-01
4.383999e-02	1.590403e-01	4.204673e-01	3.639569e-01
5.041599e-02	1.705676e-01	4.085499e-01	3.903000e-01
5.797838e-02	1.829292e-01	3.964832e-01	4.185500e-01
6.667514e-02	1.961856e-01	3.829858e-01	4.488447e-01
7.667641e-02	2.104015e-01	3.684023e-01	4.813320e-01
8.817787e-02	2.256463e-01	3.535016e-01	5.161707e-01
1.014046e-01	2.419945e-01	3.374663e-01	5.535312e-01
1.166152e-01	2.595261e-01	3.225564e-01	5.935960e-01
1.341075e-01	2.783266e-01	3.063730e-01	6.365607e-01
1.542237e-01	2.984878e-01	2.897440e-01	6.826349e-01
1.773572e-01	3.201084e-01	2.734517e-01	7.320440e-01
2.039608e-01	3.432938e-01	2.565168e-01	7.850296e-01
2.345549e-01	3.681575e-01	2.408113e-01	8.418503e-01
2.697381e-01	3.948208e-01	2.249543e-01	9.027842e-01
3.101989e-01	4.234139e-01	2.095559e-01	9.681258e-01
3.567287e-01	4.540767e-01	1.953520e-01	1.038203e+00
4.102380e-01	4.869592e-01	1.808348e-01	1.113349e+00
4.717737e-01	5.222234e-01	1.673472e-01	1.194419e+00
5.425397e-01	5.600400e-01	1.547265e-01	1.282226e+00
6.239207e-01	6.005938e-01	1.426893e-01	1.377347e+00
7.175088e-01	6.440829e-01	1.311338e-01	1.480496e+00
8.251351e-01	6.907198e-01	1.211892e-01	1.592470e+00
9.489054e-01	7.407324e-01	1.113906e-01	1.714193e+00
1.091241e+00	7.872958e-01	1.037968e-01	1.846745e+00
1.254927e+00	8.370830e-01	9.506391e-02	1.942498e+00
1.443166e+00	9.143818e-01	8.502107e-02	1.983354e+00
1.659641e+00	1.000902e+00	7.623768e-02	2.021902e+00
1.908588e+00	1.096273e+00	6.745262e-02	2.058554e+00
2.194876e+00	1.199227e+00	6.129460e-02	2.094047e+00
2.524107e+00	1.314130e+00	5.483216e-02	2.129352e+00
2.902723e+00	1.436250e+00	4.965762e-02	2.165728e+00
3.338132e+00	1.569314e+00	4.484255e-02	2.204778e+00
3.838852e+00	1.712250e+00	4.018101e-02	2.248492e+00
4.414679e+00	1.844668e+00	3.630060e-02	2.299285e+00
5.076881e+00	1.986040e+00	3.229233e-02	2.360038e+00
5.838413e+00	2.136406e+00	2.937096e-02	2.434128e+00
6.714175e+00	2.283565e+00	2.635272e-02	2.525428e+00
7.721302e+00	2.424933e+00	2.351914e-02	2.638400e+00
8.879497e+00	2.545739e+00	2.101217e-02	2.778047e+00
1.021142e+01	2.667599e+00	1.861851e-02	2.949946e+00
1.174313e+01	2.769051e+00	1.681513e-02	3.160281e+00
1.350460e+01	2.867872e+00	1.500072e-02	3.415884e+00
1.553030e+01	2.966242e+00	1.333988e-02	3.724415e+00
1.785984e+01	3.041521e+00	1.186099e-02	4.094553e+00
2.053882e+01	3.113836e+00	1.047261e-02	4.536388e+00
2.361964e+01	3.166125e+00	9.334996e-03	5.061946e+00
2.716258e+01	3.205285e+00	8.280144e-03	5.685858e+00
3.123697e+01	3.236187e+00	7.338517e-03	6.426208e+00
3.592252e+01	3.237870e+00	6.558356e-03	7.305568e+00
4.131089e+01	3.228386e+00	5.811722e-03	8.352263e+00
4.750753e+01	3.194223e+00	5.161522e-03	9.601946e+00
5.463366e+01	3.152075e+00	4.601812e-03	1.109954e+01
6.282871e+01	3.101761e+00	4.091072e-03	1.290178e+01
7.225301e+01	3.028974e+00	3.636801e-03	1.508031e+01
8.309096e+01	3.445004e+00	3.230274e-03	1.772508e+01
9.555461e+01	3.233201e+00	2.814737e-03	2.095068e+01
1.098878e+02	3.036938e+00	2.525027e-03	2.491615e+01
1.263710e+02	2.842080e+00	2.230483e-03	2.979665e+01
1.453266e+02	2.650240e+00	1.978516e-03	3.582295e+01
1.671256e+02	2.461016e+00	1.754963e-03	4.329866e+01
1.921945e+02	2.278315e+00	1.526002e-03	5.261356e+01
2.210236e+02	2.103527e+00	1.358750e-03	6.425721e+01
2.541772e+02	1.933811e+00	1.186312e-03	7.887633e+01
2.923037e+02	1.771175e+00	1.052804e-03	9.735164e+01
3.361493e+02	1.619583e+00	9.337219e-04	1.207796e+02
3.865717e+02	1.487259e+00	8.200126e-04	1.504228e+02
4.445574e+02	1.362014e+00	7.290647e-04	1.879387e+02
5.112411e+02	1.243491e+00	6.368669e-04	2.355719e+02
5.879272e+02	1.131992e+00	5.710078e-04	2.962258e+02
6.761163e+02	1.027780e+00	5.045230e-04	3.736568e+02
7.775337e+02	9.312182e-01	4.434287e-04	4.726832e+02
8.941638e+02	8.416943e-01	3.895592e-04	5.995325e+02
1.028288e+03	7.588222e-01	3.403963e-04	7.623679e+02
1.182532e+03	6.831511e-01	3.033869e-04	9.716359e+02
1.359911e+03	6.156667e-01	2.670518e-04	1.240377e+03
1.563898e+03	5.543651e-01	2.343518e-04	1.585098e+03
1.798483e+03	4.988024e-01	2.051571e-04	2.027309e+03
2.068255e+03	4.488315e-01	1.788169e-04	2.594414e+03
2.378493e+03	4.039806e-01	1.570636e-04	3.321278e+03
2.735268e+03	3.636864e-01	1.375652e-04	4.252111e+03
3.145558e+03	3.276361e-01	1.201991e-04	5.442768e+03
3.617391e+03	2.955928e-01	1.060891e-04	6.963648e+03
4.160000e+03	2.670988e-01	9.285522e-05	8.903130e+03
4.784000e+03	2.417457e-01	8.124434e-05	1.137160e+04
5.501600e+03	2.193092e-01	7.165071e-05	1.450629e+04
6.326840e+03	1.995055e-01	6.281901e-05	1.847688e+04
7.275866e+03	1.820080e-01	5.509052e-05	2.349175e+04
8.367246e+03	1.666030e-01	4.831338e-05	2.980514e+04
9.622333e+03	1.531044e-01	0.000000e+00	3.772471e+04
