# Energy_MeV	dEdx_Elec_MeV_um	dEdx_Nucl_MeV_um	Range_um
1.000000e-05	2.652235e-03	2.846501e-02	4.792537e-03
1.150000e-05	2.869403e-03	3.119069e-02	5.139423e-03
1.322500e-05	3.102077e-03	3.407780e-02	5.511418e-03
1.520875e-05	3.351399e-03	3.721687e-02	5.910337e-03
1.749006e-05	3.618591e-03	4.054673e-02	6.338130e-03
2.011357e-05	3.904962e-03	4.415528e-02	6.796887e-03
2.313061e-05	4.211914e-03	4.805356e-02	7.288850e-03
2.660020e-05	4.540948e-03	5.220962e-02	7.816421e-03
3.059023e-05	4.893674e-03	5.652801e-02	8.382177e-03
3.517876e-05	5.271817e-03	6.122279e-02	8.988884e-03
4.045558e-05	5.677225e-03	6.638708e-02	9.639504e-03
4.652391e-05	6.111881e-03	7.156068e-02	1.033722e-02
5.350250e-05	6.577908e-03	7.746044e-02	1.108543e-02
6.152788e-05	7.077586e-03	8.313959e-02	1.188780e-02
7.075706e-05	7.613354e-03	8.943456e-02	1.274824e-02
8.137062e-05	8.187832e-03	9.624582e-02	1.367097e-02
9.357621e-05	8.803826e-03	1.028766e-01	1.466048e-02
1.076126e-04	9.464347e-03	1.104717e-01	1.572161e-02
1.237545e-04	1.017262e-02	1.177654e-01	1.685955e-02
1.423177e-04	1.093211e-02	1.256699e-01	1.807986e-02
1.636654e-04	1.174652e-02	1.336907e-01	1.938849e-02
1.882152e-04	1.261984e-02	1.416574e-01	2.079183e-02
2.164475e-04	1.355633e-02	1.503073e-01	2.229676e-02
2.489146e-04	1.456056e-02	1.584226e-01	2.391061e-02
2.862518e-04	1.563744e-02	1.670161e-01	2.564127e-02
3.291895e-04	1.679224e-02	1.750931e-01	2.749720e-02
3.785680e-04	1.803059e-02	1.839518e-01	2.948746e-02
4.353531e-04	1.935855e-02	1.922475e-01	3.162178e-02
5.006561e-04	2.078259e-02	2.006383e-01	3.391058e-02
5.757545e-04	2.230969e-02	2.090729e-01	3.636505e-02
6.621177e-04	2.394730e-02	2.163992e-01	3.899717e-02
7.614354e-04	2.570342e-02	2.244828e-01	4.181980e-02
8.756507e-04	2.758662e-02	2.315556e-01	4.484674e-02
1.006998e-03	2.960612e-02	2.385725e-01	4.809278e-02
1.158048e-03	3.177177e-02	2.455013e-01	5.157376e-02
1.331755e-03	3.409415e-02	2.515178e-01	5.530669e-02
1.531519e-03	3.658462e-02	2.572044e-01	5.930982e-02
1.761246e-03	3.925533e-02	2.621508e-01	6.360270e-02
2.025433e-03	4.211934e-02	2.667447e-01	6.820629e-02
2.329248e-03	4.519064e-02	2.708861e-01	7.313915e-02
2.678635e-03	4.848422e-02	2.744619e-01	7.843989e-02
3.080431e-03	5.201619e-02	2.772794e-01	8.411586e-02
3.542495e-03	5.580379e-02	2.797456e-01	9.020501e-02
4.073870e-03	5.986554e-02	2.819700e-01	9.673372e-02
4.684950e-03	6.422126e-02	2.830953e-01	1.037352e-01
5.387693e-03	6.889225e-02	2.843665e-01	1.112435e-01
6.195847e-03	7.390132e-02	2.843139e-01	1.192953e-01
7.125224e-03	7.927295e-02	2.840122e-01	1.279298e-01
8.194007e-03	8.503336e-02	2.831708e-01	1.371892e-01
9.423108e-03	9.121072e-02	2.813588e-01	1.471189e-01
1.083657e-02	9.783519e-02	2.792751e-01	1.577673e-01
1.246206e-02	1.049391e-01	2.761656e-01	1.691865e-01
1.433137e-02	1.125573e-01	2.724789e-01	1.814321e-01
1.648108e-02	1.207268e-01	2.680344e-01	1.945641e-01
1.895324e-02	1.294876e-01	2.629242e-01	2.086466e-01
2.179622e-02	1.388826e-01	2.570105e-01	2.237484e-01
2.506566e-02	1.489575e-01	2.506079e-01	2.399433e-01
2.882550e-02	1.597617e-01	2.435503e-01	2.573104e-01
3.314933e-02	1.713479e-01	2.361244e-01	2.759344e-01
3.812173e-02	1.837727e-01	2.277619e-01	2.959066e-01
4.383999e-02	1.970968e-01	2.192466e-01	3.173244e-01
5.041599e-02	2.113854e-01	2.101455e-01	3.402924e-01
5.797838e-02	2.267081e-01	2.007777e-01	3.649227e-01
6.667514e-02	2.431399e-01	1.916933e-01	3.913358e-01
7.667641e-02	2.607610e-01	1.816046e-01	4.196609e-01
8.817787e-02	2.796576e-01	1.721060e-01	4.500360e-01
1.014046e-01	2.999219e-01	1.621918e-01	4.826097e-01
1.166152e-01	3.216529e-01	1.521931e-01	5.175409e-01
1.341075e-01	3.449569e-01	1.426166e-01	5.550008e-01
1.542237e-01	3.699476e-01	1.332313e-01	5.951714e-01
1.773572e-01	3.967471e-01	1.243665e-01	6.382539e-01
2.039608e-01	4.254864e-01	1.155725e-01	6.844358e-01
2.345549e-01	4.563081e-01	1.071075e-01	7.341110e-01
2.697381e-01	4.893612e-01	9.889713e-02	7.878851e-01
3.101989e-01	5.248068e-01	9.170398e-02	8.461194e-01
3.567287e-01	5.628179e-01	8.440412e-02	9.092477e-01
4.102380e-01	6.035803e-01	7.718504e-02	9.777439e-01
4.717737e-01	6.472932e-01	7.204931e-02	1.052161e+00
5.425397e-01	6.917157e-01	6.614322e-02	1.124913e+00
6.239207e-01	7.346887e-01	6.120579e-02	1.159157e+00
7.175088e-01	7.958319e-01	5.582871e-02	1.192212e+00
8.251351e-01	8.734630e-01	4.980916e-02	1.224154e+00
9.489054e-01	9.556876e-01	4.513484e-02	1.255164e+00
1.091241e+00	1.046896e+00	3.977218e-02	1.285552e+00
1.254927e+00	1.144983e+00	3.617221e-02	1.315798e+00
1.443166e+00	1.249278e+00	3.247466e-02	1.346577e+00
1.659641e+00	1.364259e+00	2.929611e-02	1.378799e+00
1.908588e+00	1.475829e+00	2.646229e-02	1.413634e+00
2.194876e+00	1.587785e+00	2.361420e-02	1.452551e+00
2.524107e+00	1.689852e+00	2.140608e-02	1.497331e+00
2.902723e+00	1.798286e+00	1.916534e-02	1.550129e+00
3.338132e+00	1.915399e+00	1.735228e-02	1.613488e+00
3.838852e+00	2.008917e+00	1.545047e-02	1.690353e+00
4.414679e+00	2.099969e+00	1.390479e-02	1.784105e+00
5.076881e+00	2.183532e+00	1.239276e-02	1.898576e+00
5.838413e+00	2.251337e+00	1.102183e-02	2.038088e+00
6.714175e+00	2.318416e+00	9.934742e-03	2.207484e+00
7.721302e+00	2.374844e+00	8.786398e-03	2.412221e+00
8.879497e+00	2.424438e+00	7.884448e-03	2.658522e+00
1.021142e+01	2.465965e+00	6.992993e-03	2.953622e+00
1.174313e+01	2.488778e+00	6.179528e-03	3.306116e+00
1.350460e+01	2.506080e+00	5.489960e-03	3.726437e+00
1.553030e+01	2.507571e+00	4.873456e-03	4.227460e+00
1.785984e+01	2.497430e+00	4.344584e-03	4.825262e+00
2.053882e+01	2.476262e+00	3.858053e-03	5.540060e+00
2.361964e+01	2.436080e+00	3.428153e-03	6.397383e+00
2.716258e+01	2.388157e+00	3.034129e-03	7.429542e+00
3.123697e+01	2.332112e+00	2.719736e-03	8.677522e+00
3.592252e+01	2.265212e+00	2.411449e-03	1.019320e+01
4.131089e+01	2.186736e+00	2.128280e-03	1.204307e+01
4.750753e+01	2.363234e+00	1.906384e-03	1.430886e+01
5.463366e+01	2.207002e+00	1.652705e-03	1.710519e+01
6.282871e+01	2.055703e+00	1.492570e-03	2.057022e+01
7.225301e+01	1.907980e+00	1.314612e-03	2.486925e+01
8.309096e+01	1.763589e+00	1.159146e-03	3.022653e+01
9.555461e+01	1.624612e+00	1.035482e-03	3.693245e+01
1.098878e+02	1.492800e+00	8.950645e-04	4.535372e+01
1.263710e+02	1.366840e+00	7.998757e-04	5.596385e+01
1.453266e+02	1.245613e+00	7.009512e-04	6.940650e+01
1.671256e+02	1.132128e+00	6.205327e-04	8.652299e+01
1.921945e+02	1.032493e+00	5.498625e-04	1.083014e+02
2.210236e+02	9.412137e-01	4.805155e-04	1.359536e+02
2.541772e+02	8.556520e-01	4.290719e-04	1.711436e+02
2.923037e+02	7.757737e-01	3.772812e-04	2.160398e+02
3.361493e+02	7.017275e-01	3.368738e-04	2.734475e+02
3.865717e+02	6.335504e-01	2.948397e-04	3.469718e+02
4.445574e+02	5.711506e-01	2.618715e-04	4.412421e+02
5.112411e+02	5.134242e-01	2.294399e-04	5.623015e+02
5.879272e+02	4.610523e-01	2.013189e-04	7.179752e+02
6.761163e+02	4.142546e-01	1.790400e-04	9.180969e+02
7.775337e+02	3.724385e-01	1.559647e-04	1.174955e+03
8.941638e+02	3.346189e-01	1.383619e-04	1.504455e+03
1.028288e+03	3.006306e-01	1.207873e-04	1.927069e+03
1.182532e+03	2.702201e-01	1.053577e-04	2.468788e+03
1.359911e+03	2.430156e-01	9.218222e-05	3.162639e+03
1.563898e+03	2.187105e-01	8.082831e-05	4.050410e+03
1.798483e+03	1.970935e-01	7.110873e-05	5.184826e+03
2.068255e+03	1.779039e-01	6.228348e-05	6.632220e+03
2.378493e+03	1.608555e-01	5.469733e-05	8.475611e+03
2.735268e+03	1.457509e-01	4.772763e-05	1.081844e+04
3.145558e+03	1.324163e-01	0.000000e+00	1.378889e+04
3.617391e+03	1.206441e-01	0.000000e+00	1.754485e+04
4.160000e+03	1.102663e-01	0.000000e+00	2.227945e+04
4.784000e+03	1.011568e-01	0.000000e+00	2.822717e+04
5.501600e+03	9.317470e-02	0.000000e+00	3.567040e+04
6.326840e+03	8.618327e-02	0.000000e+00	4.494618e+04
7.275866e+03	8.009206e-02	0.000000e+00	5.645303e+04
8.367246e+03	7.481791e-02	0.000000e+00	7.065745e+04
9.622333e+03	7.026498e-02	0.000000e+00	8.809999e+04
