# Energy_MeV	dEdx_Elec_MeV_um	dEdx_Nucl_MeV_um	Range_um
1.000000e-05	2.626513e-03	2.951730e-02	4.687993e-03
1.150000e-05	2.842278e-03	3.233845e-02	5.027313e-03
1.322500e-05	3.073439e-03	3.541627e-02	5.391192e-03
1.520875e-05	3.321129e-03	3.870698e-02	5.781410e-03
1.749006e-05	3.586564e-03	4.225846e-02	6.199871e-03
2.011357e-05	3.871043e-03	4.604299e-02	6.648621e-03
2.313061e-05	4.175959e-03	5.013934e-02	7.129852e-03
2.660020e-05	4.502804e-03	5.454463e-02	7.645914e-03
3.059023e-05	4.853177e-03	5.928205e-02	8.199330e-03
3.517876e-05	5.228792e-03	6.415458e-02	8.792801e-03
4.045558e-05	5.631486e-03	6.950724e-02	9.429229e-03
4.652391e-05	6.063226e-03	7.534778e-02	1.011172e-02
5.350250e-05	6.526123e-03	8.121534e-02	1.084361e-02
6.152788e-05	7.022439e-03	8.794268e-02	1.162848e-02
7.075706e-05	7.554601e-03	9.431907e-02	1.247016e-02
8.137062e-05	8.125208e-03	1.014978e-01	1.337275e-02
9.357621e-05	8.737049e-03	1.091663e-01	1.434068e-02
1.076126e-04	9.393113e-03	1.166984e-01	1.537866e-02
1.237545e-04	1.009661e-02	1.253604e-01	1.649178e-02
1.423177e-04	1.085096e-02	1.335415e-01	1.768546e-02
1.636654e-04	1.165987e-02	1.425201e-01	1.896555e-02
1.882152e-04	1.252729e-02	1.515383e-01	2.033828e-02
2.164475e-04	1.345744e-02	1.605551e-01	2.181038e-02
2.489146e-04	1.445488e-02	1.704184e-01	2.338903e-02
2.862518e-04	1.552448e-02	1.795252e-01	2.508194e-02
3.291895e-04	1.667147e-02	1.892572e-01	2.689738e-02
3.785680e-04	1.790144e-02	1.983595e-01	2.884423e-02
4.353531e-04	1.922041e-02	2.083150e-01	3.093199e-02
5.006561e-04	2.063482e-02	2.176796e-01	3.317086e-02
5.757545e-04	2.215158e-02	2.272561e-01	3.557179e-02
6.621177e-04	2.377810e-02	2.366043e-01	3.814649e-02
7.614354e-04	2.552233e-02	2.449681e-01	4.090755e-02
8.756507e-04	2.739278e-02	2.540037e-01	4.386846e-02
1.006998e-03	2.939860e-02	2.619718e-01	4.704369e-02
1.158048e-03	3.154959e-02	2.699842e-01	5.044873e-02
1.331755e-03	3.385624e-02	2.776325e-01	5.410024e-02
1.531519e-03	3.632985e-02	2.844994e-01	5.801604e-02
1.761246e-03	3.898247e-02	2.908079e-01	6.221528e-02
2.025433e-03	4.182708e-02	2.964069e-01	6.671845e-02
2.329248e-03	4.487758e-02	3.015507e-01	7.152523e-02
2.678635e-03	4.814886e-02	3.061225e-01	7.671266e-02
3.080431e-03	5.165690e-02	3.102065e-01	8.228234e-02
3.542495e-03	5.541885e-02	3.132690e-01	8.823691e-02
4.073870e-03	5.945308e-02	3.160892e-01	9.462368e-02
4.684950e-03	6.377931e-02	3.184879e-01	1.014725e-01
5.387693e-03	6.841866e-02	3.197569e-01	1.088170e-01
6.195847e-03	7.339380e-02	3.212163e-01	1.166931e-01
7.125224e-03	7.872904e-02	3.210163e-01	1.251392e-01
8.194007e-03	8.445044e-02	3.206806e-01	1.341967e-01
9.423108e-03	9.058595e-02	3.196138e-01	1.439098e-01
1.083657e-02	9.716554e-02	3.175553e-01	1.543259e-01
1.246206e-02	1.042214e-01	3.151858e-01	1.654959e-01
1.433137e-02	1.117879e-01	3.115726e-01	1.774744e-01
1.648108e-02	1.199021e-01	3.073726e-01	1.903200e-01
1.895324e-02	1.286036e-01	3.022873e-01	2.040953e-01
2.179622e-02	1.379349e-01	2.964600e-01	2.188677e-01
2.506566e-02	1.479416e-01	2.897397e-01	2.347093e-01
2.882550e-02	1.586726e-01	2.824477e-01	2.516975e-01
3.314933e-02	1.701803e-01	2.744367e-01	2.699154e-01
3.812173e-02	1.825210e-01	2.660030e-01	2.894519e-01
4.383999e-02	1.957548e-01	2.565410e-01	3.104024e-01
5.041599e-02	2.099465e-01	2.468965e-01	3.328693e-01
5.797838e-02	2.251655e-01	2.365168e-01	3.569624e-01
6.667514e-02	2.414860e-01	2.260347e-01	3.827994e-01
7.667641e-02	2.589877e-01	2.156705e-01	4.105066e-01
8.817787e-02	2.777563e-01	2.043277e-01	4.402190e-01
1.014046e-01	2.978833e-01	1.935952e-01	4.720821e-01
1.166152e-01	3.194672e-01	1.822823e-01	5.062515e-01
1.341075e-01	3.426133e-01	1.711467e-01	5.428942e-01
1.542237e-01	3.674347e-01	1.602222e-01	5.821894e-01
1.773572e-01	3.940527e-01	1.497300e-01	6.243270e-01
2.039608e-01	4.225973e-01	1.396815e-01	6.695190e-01
2.345549e-01	4.532084e-01	1.297727e-01	7.179753e-01
2.697381e-01	4.860376e-01	1.203334e-01	7.702349e-01
3.101989e-01	5.212429e-01	1.109651e-01	8.268364e-01
3.567287e-01	5.589964e-01	1.029910e-01	8.881495e-01
4.102380e-01	5.994826e-01	9.465712e-02	9.546344e-01
4.717737e-01	6.428992e-01	8.673660e-02	1.026804e+00
5.425397e-01	6.894585e-01	8.086226e-02	1.105252e+00
6.239207e-01	7.336497e-01	7.410677e-02	1.182517e+00
7.175088e-01	7.801338e-01	6.874335e-02	1.214976e+00
8.251351e-01	8.529825e-01	6.261787e-02	1.246090e+00
9.489054e-01	9.348971e-01	5.586857e-02	1.275924e+00
1.091241e+00	1.024396e+00	5.052377e-02	1.304788e+00
1.254927e+00	1.120719e+00	4.448155e-02	1.333065e+00
1.443166e+00	1.227836e+00	4.054448e-02	1.361329e+00
1.659641e+00	1.339700e+00	3.635149e-02	1.390361e+00
1.908588e+00	1.460695e+00	3.284045e-02	1.421178e+00
2.194876e+00	1.587248e+00	2.966313e-02	1.455069e+00
2.524107e+00	1.701126e+00	2.647468e-02	1.493624e+00
2.902723e+00	1.819400e+00	2.398006e-02	1.538762e+00
3.338132e+00	1.943651e+00	2.145044e-02	1.592731e+00
3.838852e+00	2.065223e+00	1.943392e-02	1.658210e+00
4.414679e+00	2.177468e+00	1.731953e-02	1.738244e+00
5.076881e+00	2.273331e+00	1.558234e-02	1.836304e+00
5.838413e+00	2.369071e+00	1.385477e-02	1.956297e+00
6.714175e+00	2.445449e+00	1.236003e-02	2.102587e+00
7.721302e+00	2.519768e+00	1.111788e-02	2.280060e+00
8.879497e+00	2.591423e+00	9.846077e-03	2.494208e+00
1.021142e+01	2.644218e+00	8.832712e-03	2.751302e+00
1.174313e+01	2.693147e+00	7.814096e-03	3.058676e+00
1.350460e+01	2.723078e+00	6.925406e-03	3.425083e+00
1.553030e+01	2.742446e+00	6.138107e-03	3.861200e+00
1.785984e+01	2.752559e+00	5.457734e-03	4.380247e+00
2.053882e+01	2.740576e+00	4.859028e-03	4.998754e+00
2.361964e+01	2.718879e+00	4.315367e-03	5.737516e+00
2.716258e+01	2.677559e+00	3.841007e-03	6.622775e+00
3.123697e+01	2.628712e+00	3.394064e-03	7.687699e+00
3.592252e+01	2.571695e+00	3.046796e-03	8.974309e+00
4.131089e+01	2.498993e+00	2.694603e-03	1.053582e+01
4.750753e+01	2.796733e+00	2.385848e-03	1.243946e+01
5.463366e+01	2.613718e+00	2.132275e-03	1.477051e+01
6.282871e+01	2.444964e+00	1.847997e-03	1.764774e+01
7.225301e+01	2.279205e+00	1.671155e-03	2.120412e+01
8.309096e+01	2.117231e+00	1.467788e-03	2.561315e+01
9.555461e+01	1.958589e+00	1.299187e-03	3.110392e+01
1.098878e+02	1.806208e+00	1.157865e-03	3.797145e+01
1.263710e+02	1.661351e+00	1.001884e-03	4.658706e+01
1.453266e+02	1.521645e+00	8.949375e-04	5.744012e+01
1.671256e+02	1.388259e+00	7.831472e-04	7.119719e+01
1.921945e+02	1.264152e+00	6.944878e-04	8.869497e+01
2.210236e+02	1.156539e+00	6.154797e-04	1.109011e+02
2.541772e+02	1.055304e+00	5.386836e-04	1.390750e+02
2.923037e+02	9.601770e-01	4.799511e-04	1.749239e+02
3.361493e+02	8.712622e-01	4.221501e-04	2.206564e+02
3.865717e+02	7.886745e-01	3.767526e-04	2.791290e+02
4.445574e+02	7.126253e-01	3.301410e-04	3.540048e+02
5.112411e+02	6.425540e-01	2.931265e-04	4.500110e+02
5.879272e+02	5.779890e-01	2.560622e-04	5.733391e+02
6.761163e+02	5.193552e-01	2.255565e-04	7.319189e+02
7.775337e+02	4.672818e-01	2.000947e-04	9.356505e+02
8.941638e+02	4.202341e-01	1.746008e-04	1.197038e+03
1.028288e+03	3.777042e-01	1.548391e-04	1.532365e+03
1.182532e+03	3.395266e-01	1.347537e-04	1.962390e+03
1.359911e+03	3.053395e-01	1.179622e-04	2.513518e+03
1.563898e+03	2.747215e-01	1.030156e-04	3.219239e+03
1.798483e+03	2.473809e-01	9.042121e-05	4.121872e+03
2.068255e+03	2.230879e-01	7.941739e-05	5.274770e+03
2.378493e+03	2.015088e-01	6.957690e-05	6.744938e+03
2.735268e+03	1.823342e-01	6.122468e-05	8.616090e+03
3.145558e+03	1.653693e-01	5.335216e-05	1.099235e+04
3.617391e+03	1.503967e-01	4.733745e-05	1.400247e+04
4.160000e+03	1.371755e-01	0.000000e+00	1.780467e+04
4.784000e+03	1.255357e-01	0.000000e+00	2.259200e+04
5.501600e+03	1.153318e-01	0.000000e+00	2.859820e+04
6.326840e+03	1.063887e-01	0.000000e+00	3.610390e+04
7.275866e+03	9.856344e-02	0.000000e+00	4.544295e+04
8.367246e+03	9.176347e-02	0.000000e+00	5.700872e+04
9.622333e+03	8.588356e-02	0.000000e+00	7.126010e+04
