# Energy_MeV	dEdx_Elec_MeV_um	dEdx_Nucl_MeV_um	Range_um
1.000000e-05	2.550893e-03	3.240717e-02	4.380440e-03
1.150000e-05	2.762703e-03	3.547552e-02	4.697499e-03
1.322500e-05	2.989587e-03	3.895449e-02	5.037506e-03
1.520875e-05	3.232661e-03	4.272641e-02	5.402124e-03
1.749006e-05	3.493118e-03	4.677089e-02	5.793132e-03
2.011357e-05	3.772234e-03	5.128560e-02	6.212442e-03
2.313061e-05	4.071377e-03	5.600093e-02	6.662102e-03
2.660020e-05	4.392011e-03	6.118907e-02	7.144308e-03
3.059023e-05	4.735705e-03	6.672661e-02	7.661417e-03
3.517876e-05	5.104142e-03	7.261063e-02	8.215955e-03
4.045558e-05	5.499121e-03	7.908681e-02	8.810630e-03
4.652391e-05	5.922576e-03	8.587699e-02	9.448348e-03
5.350250e-05	6.376575e-03	9.310466e-02	1.013222e-02
6.152788e-05	6.863338e-03	1.007822e-01	1.086560e-02
7.075706e-05	7.385245e-03	1.091712e-01	1.165206e-02
8.137062e-05	7.944844e-03	1.178923e-01	1.249544e-02
9.357621e-05	8.544872e-03	1.275457e-01	1.339987e-02
1.076126e-04	9.188259e-03	1.371047e-01	1.436976e-02
1.237545e-04	9.878151e-03	1.474097e-01	1.540985e-02
1.423177e-04	1.061792e-02	1.584617e-01	1.652522e-02
1.636654e-04	1.141117e-02	1.697088e-01	1.772132e-02
1.882152e-04	1.226179e-02	1.821455e-01	1.900400e-02
2.164475e-04	1.317393e-02	1.943448e-01	2.037952e-02
2.489146e-04	1.415205e-02	2.075912e-01	2.185460e-02
2.862518e-04	1.520092e-02	2.206710e-01	2.343645e-02
3.291895e-04	1.632567e-02	2.340417e-01	2.513279e-02
3.785680e-04	1.753179e-02	2.481954e-01	2.695192e-02
4.353531e-04	1.882519e-02	2.618878e-01	2.890271e-02
5.006561e-04	2.021217e-02	2.766031e-01	3.099471e-02
5.757545e-04	2.169951e-02	2.897743e-01	3.323812e-02
6.621177e-04	2.329448e-02	3.041677e-01	3.564391e-02
7.614354e-04	2.500486e-02	3.184983e-01	3.822384e-02
8.756507e-04	2.683903e-02	3.322821e-01	4.099050e-02
1.006998e-03	2.880593e-02	3.467744e-01	4.395741e-02
1.158048e-03	3.091518e-02	3.588235e-01	4.713907e-02
1.331755e-03	3.317708e-02	3.719381e-01	5.055102e-02
1.531519e-03	3.560267e-02	3.843188e-01	5.420993e-02
1.761246e-03	3.820382e-02	3.958699e-01	5.813368e-02
2.025433e-03	4.099323e-02	4.076802e-01	6.234142e-02
2.329248e-03	4.398452e-02	4.175649e-01	6.685373e-02
2.678635e-03	4.719230e-02	4.272562e-01	7.169264e-02
3.080431e-03	5.063226e-02	4.358305e-01	7.687963e-02
3.542495e-03	5.432119e-02	4.433167e-01	8.243495e-02
4.073870e-03	5.827712e-02	4.505069e-01	8.841718e-02
4.684950e-03	6.251937e-02	4.563995e-01	9.481517e-02
5.387693e-03	6.706867e-02	4.614402e-01	1.016784e-01
6.195847e-03	7.194725e-02	4.655261e-01	1.090378e-01
7.125224e-03	7.717892e-02	4.690845e-01	1.169298e-01
8.194007e-03	8.278926e-02	4.714269e-01	1.253931e-01
9.423108e-03	8.880568e-02	4.735686e-01	1.344690e-01
1.083657e-02	9.525756e-02	4.737714e-01	1.442017e-01
1.246206e-02	1.021764e-01	4.733300e-01	1.546389e-01
1.433137e-02	1.095961e-01	4.719320e-01	1.658317e-01
1.648108e-02	1.175528e-01	4.692524e-01	1.778345e-01
1.895324e-02	1.260853e-01	4.658981e-01	1.907061e-01
2.179622e-02	1.352355e-01	4.609060e-01	2.045093e-01
2.506566e-02	1.450480e-01	4.549406e-01	2.193116e-01
2.882550e-02	1.555707e-01	4.476789e-01	2.351854e-01
3.314933e-02	1.668550e-01	4.393313e-01	2.522081e-01
3.812173e-02	1.789561e-01	4.296892e-01	2.704628e-01
4.383999e-02	1.919331e-01	4.191097e-01	2.900389e-01
5.041599e-02	2.058493e-01	4.072860e-01	3.110319e-01
5.797838e-02	2.207728e-01	3.951678e-01	3.335445e-01
6.667514e-02	2.367765e-01	3.815634e-01	3.576864e-01
7.667641e-02	2.539385e-01	3.671477e-01	3.835757e-01
8.817787e-02	2.723428e-01	3.522438e-01	4.113390e-01
1.014046e-01	2.920791e-01	3.363205e-01	4.411118e-01
1.166152e-01	3.132439e-01	3.214214e-01	4.730396e-01
1.341075e-01	3.359407e-01	3.050369e-01	5.072782e-01
1.542237e-01	3.602803e-01	2.886980e-01	5.439950e-01
1.773572e-01	3.863816e-01	2.724252e-01	5.833696e-01
2.039608e-01	4.143721e-01	2.555227e-01	6.255944e-01
2.345549e-01	4.443886e-01	2.398240e-01	6.708737e-01
2.697381e-01	4.765777e-01	2.240068e-01	7.194364e-01
3.101989e-01	5.110966e-01	2.088577e-01	7.714961e-01
3.567287e-01	5.481171e-01	1.945220e-01	8.275859e-01
4.102380e-01	5.878171e-01	1.800971e-01	8.883303e-01
4.717737e-01	6.303906e-01	1.666238e-01	9.541221e-01
5.425397e-01	6.760455e-01	1.541480e-01	1.025456e+00
6.239207e-01	7.250051e-01	1.421407e-01	1.102876e+00
7.175088e-01	7.775085e-01	1.303515e-01	1.187015e+00
8.251351e-01	8.279789e-01	1.208861e-01	1.278609e+00
9.489054e-01	8.786412e-01	1.110913e-01	1.378530e+00
1.091241e+00	9.546418e-01	1.032375e-01	1.435771e+00
1.254927e+00	1.044022e+00	9.447595e-02	1.457751e+00
1.443166e+00	1.141330e+00	8.440015e-02	1.478147e+00
1.659641e+00	1.248420e+00	7.601643e-02	1.497476e+00
1.908588e+00	1.367479e+00	6.711447e-02	1.516359e+00
2.194876e+00	1.494986e+00	6.102475e-02	1.535767e+00
2.524107e+00	1.636728e+00	5.467859e-02	1.556787e+00
2.902723e+00	1.788010e+00	4.941145e-02	1.580766e+00
3.338132e+00	1.939748e+00	4.464340e-02	1.609322e+00
3.838852e+00	2.099386e+00	3.991962e-02	1.644365e+00
4.414679e+00	2.268969e+00	3.613934e-02	1.688118e+00
5.076881e+00	2.446562e+00	3.220572e-02	1.743131e+00
5.838413e+00	2.612470e+00	2.926080e-02	1.812281e+00
6.714175e+00	2.765871e+00	2.618113e-02	1.898794e+00
7.721302e+00	2.921509e+00	2.343096e-02	2.006252e+00
8.879497e+00	3.045784e+00	2.093539e-02	2.138585e+00
1.021142e+01	3.174489e+00	1.855185e-02	2.300106e+00
1.174313e+01	3.297662e+00	1.675703e-02	2.495588e+00
1.350460e+01	3.403787e+00	1.490023e-02	2.730400e+00
1.553030e+01	3.508038e+00	1.329027e-02	3.010727e+00
1.785984e+01	3.583027e+00	1.181841e-02	3.343875e+00
2.053882e+01	3.651220e+00	1.042667e-02	3.738691e+00
2.361964e+01	3.704860e+00	9.292090e-03	4.206067e+00
2.716258e+01	3.731772e+00	8.239296e-03	4.759554e+00
3.123697e+01	3.746680e+00	7.319555e-03	5.416115e+00
3.592252e+01	3.724197e+00	6.527782e-03	6.197044e+00
4.131089e+01	3.695018e+00	5.786114e-03	7.129099e+00
4.750753e+01	3.657845e+00	5.137709e-03	8.245980e+00
5.463366e+01	3.594295e+00	4.584654e-03	9.590013e+00
6.282871e+01	4.155377e+00	4.076085e-03	1.121475e+01
7.225301e+01	3.909204e+00	3.609348e-03	1.318633e+01
8.309096e+01	3.689002e+00	3.218575e-03	1.559851e+01
9.555461e+01	3.467793e+00	2.797077e-03	1.855625e+01
1.098878e+02	3.248151e+00	2.516237e-03	2.219149e+01
1.263710e+02	3.029173e+00	2.222262e-03	2.668057e+01
1.453266e+02	2.815912e+00	1.963289e-03	3.225030e+01
1.671256e+02	2.610832e+00	1.748654e-03	3.918424e+01
1.921945e+02	2.411069e+00	1.515087e-03	4.785250e+01
2.210236e+02	2.217799e+00	1.352587e-03	5.876071e+01
2.541772e+02	2.034303e+00	1.181879e-03	7.255070e+01
2.923037e+02	1.875295e+00	1.047292e-03	8.995833e+01
3.361493e+02	1.724738e+00	9.294457e-04	1.119208e+02
3.865717e+02	1.581134e+00	8.140456e-04	1.397242e+02
4.445574e+02	1.444894e+00	7.257564e-04	1.750358e+02
5.112411e+02	1.316641e+00	6.344686e-04	2.200146e+02
5.879272e+02	1.196900e+00	5.689003e-04	2.774328e+02
6.761163e+02	1.085397e+00	5.009187e-04	3.508653e+02
7.775337e+02	9.812808e-01	4.417947e-04	4.449999e+02
8.941638e+02	8.855713e-01	3.882067e-04	5.658747e+02
1.028288e+03	7.993559e-01	3.391869e-04	7.210497e+02
1.182532e+03	7.209838e-01	3.023723e-04	9.200418e+02
1.359911e+03	6.496171e-01	2.651112e-04	1.175245e+03
1.563898e+03	5.852018e-01	2.334882e-04	1.502523e+03
1.798483e+03	5.272559e-01	2.044472e-04	1.922050e+03
2.068255e+03	4.750144e-01	1.780093e-04	2.459432e+03
2.378493e+03	4.280737e-01	1.563205e-04	3.147041e+03
2.735268e+03	3.862826e-01	1.368648e-04	4.025693e+03
3.145558e+03	3.490982e-01	1.199211e-04	5.146666e+03
3.617391e+03	3.159372e-01	1.055756e-04	6.574048e+03
4.160000e+03	2.865360e-01	9.243815e-05	8.387586e+03
4.784000e+03	2.605814e-01	8.086387e-05	1.068595e+04
5.501600e+03	2.376326e-01	7.138244e-05	1.359049e+04
6.326840e+03	2.173991e-01	6.254343e-05	1.724938e+04
7.275866e+03	1.996661e-01	5.463617e-05	2.184223e+04
8.367246e+03	1.841223e-01	4.814114e-05	2.758494e+04
9.622333e+03	1.704955e-01	0.000000e+00	3.473466e+04
