# Energy_MeV	dEdx_Elec_MeV_um	dEdx_Nucl_MeV_um	Range_um
1.000000e-05	2.603476e-03	2.212872e-02	6.413650e-03
1.150000e-05	2.809268e-03	2.402184e-02	6.877874e-03
1.322500e-05	3.029851e-03	2.606716e-02	7.375698e-03
1.520875e-05	3.266307e-03	2.821018e-02	7.909555e-03
1.749006e-05	3.519790e-03	3.061206e-02	8.482053e-03
2.011357e-05	3.791541e-03	3.307419e-02	9.095988e-03
2.313061e-05	4.082888e-03	3.569741e-02	9.754360e-03
2.660020e-05	4.395256e-03	3.855574e-02	1.046039e-02
3.059023e-05	4.730171e-03	4.135666e-02	1.121751e-02
3.517876e-05	5.089270e-03	4.457392e-02	1.202944e-02
4.045558e-05	5.474308e-03	4.775689e-02	1.290014e-02
4.652391e-05	5.887166e-03	5.113134e-02	1.383386e-02
5.350250e-05	6.329861e-03	5.481273e-02	1.483516e-02
6.152788e-05	6.804558e-03	5.843682e-02	1.590894e-02
7.075706e-05	7.313574e-03	6.227135e-02	1.706044e-02
8.137062e-05	7.859397e-03	6.605251e-02	1.829528e-02
9.357621e-05	8.444694e-03	7.005645e-02	1.961950e-02
1.076126e-04	9.072325e-03	7.416582e-02	2.103957e-02
1.237545e-04	9.745355e-03	7.823227e-02	2.256243e-02
1.423177e-04	1.046707e-02	8.219691e-02	2.419551e-02
1.636654e-04	1.124100e-02	8.622441e-02	2.594679e-02
1.882152e-04	1.207093e-02	9.063127e-02	2.782484e-02
2.164475e-04	1.296091e-02	9.435765e-02	2.983881e-02
2.489146e-04	1.391528e-02	9.863118e-02	3.199856e-02
2.862518e-04	1.493871e-02	1.022532e-01	3.431463e-02
3.291895e-04	1.603620e-02	1.059802e-01	3.679834e-02
3.785680e-04	1.721311e-02	1.099240e-01	3.946183e-02
4.353531e-04	1.847520e-02	1.130251e-01	4.231810e-02
5.006561e-04	1.982862e-02	1.165914e-01	4.538110e-02
5.757545e-04	2.127999e-02	1.195796e-01	4.866581e-02
6.621177e-04	2.283639e-02	1.224447e-01	5.218827e-02
7.614354e-04	2.450545e-02	1.250991e-01	5.596568e-02
8.756507e-04	2.629529e-02	1.273619e-01	6.001651e-02
1.006998e-03	2.821468e-02	1.296071e-01	6.436053e-02
1.158048e-03	3.027298e-02	1.313308e-01	6.901898e-02
1.331755e-03	3.248026e-02	1.329176e-01	7.401462e-02
1.531519e-03	3.484730e-02	1.341789e-01	7.935242e-02
1.761246e-03	3.738565e-02	1.354242e-01	8.511928e-02
2.025433e-03	4.010773e-02	1.361836e-01	9.127908e-02
2.329248e-03	4.302682e-02	1.367322e-01	9.788675e-02
2.678635e-03	4.615719e-02	1.371631e-01	1.049714e-01
3.080431e-03	4.951414e-02	1.370149e-01	1.125692e-01
3.542495e-03	5.311406e-02	1.368444e-01	1.207168e-01
4.073870e-03	5.697453e-02	1.361701e-01	1.294542e-01
4.684950e-03	6.111443e-02	1.352288e-01	1.388240e-01
5.387693e-03	6.555397e-02	1.340621e-01	1.488720e-01
6.195847e-03	7.031485e-02	1.324218e-01	1.596473e-01
7.125224e-03	7.542031e-02	1.305055e-01	1.712025e-01
8.194007e-03	8.089531e-02	1.282174e-01	1.835941e-01
9.423108e-03	8.676658e-02	1.255890e-01	1.968826e-01
1.083657e-02	9.306283e-02	1.226473e-01	2.111328e-01
1.246206e-02	9.981479e-02	1.193678e-01	2.264145e-01
1.433137e-02	1.070555e-01	1.159564e-01	2.428024e-01
1.648108e-02	1.148202e-01	1.121767e-01	2.603765e-01
1.895324e-02	1.231470e-01	1.079732e-01	2.792225e-01
2.179622e-02	1.320764e-01	1.039299e-01	2.994325e-01
2.506566e-02	1.416522e-01	9.928004e-02	3.211055e-01
2.882550e-02	1.519211e-01	9.504644e-02	3.443472e-01
3.314933e-02	1.629332e-01	9.041217e-02	3.692711e-01
3.812173e-02	1.747424e-01	8.546241e-02	3.959989e-01
4.383999e-02	1.874064e-01	8.106799e-02	4.246612e-01
5.041599e-02	2.009870e-01	7.603114e-02	4.553983e-01
5.797838e-02	2.155505e-01	7.150961e-02	4.883603e-01
6.667514e-02	2.311682e-01	6.689978e-02	5.237079e-01
7.667641e-02	2.479163e-01	6.240500e-02	5.616139e-01
8.817787e-02	2.658766e-01	5.819794e-02	6.022635e-01
1.014046e-01	2.851369e-01	5.386494e-02	6.458553e-01
1.166152e-01	3.057913e-01	5.004864e-02	6.926057e-01
1.341075e-01	3.279406e-01	4.628873e-02	7.427222e-01
1.542237e-01	3.516945e-01	4.283202e-02	7.965933e-01
1.773572e-01	3.771683e-01	3.911892e-02	8.548897e-01
2.039608e-01	4.044859e-01	3.629496e-02	9.180207e-01
2.345549e-01	4.337808e-01	3.370422e-02	9.864512e-01
2.697381e-01	4.651961e-01	3.080568e-02	1.060692e+00
3.101989e-01	4.988808e-01	2.840500e-02	1.117232e+00
3.567287e-01	5.334892e-01	2.564422e-02	1.167720e+00
4.102380e-01	5.648813e-01	2.316582e-02	1.218078e+00
4.717737e-01	6.079116e-01	2.080439e-02	1.268158e+00
5.425397e-01	6.638372e-01	1.843824e-02	1.317901e+00
6.239207e-01	7.205657e-01	1.668259e-02	1.367384e+00
7.175088e-01	7.818573e-01	1.499670e-02	1.416852e+00
8.251351e-01	8.424792e-01	1.359397e-02	1.466740e+00
9.489054e-01	9.032260e-01	1.220702e-02	1.517783e+00
1.091241e+00	9.665271e-01	1.095450e-02	1.571006e+00
1.254927e+00	1.019631e+00	9.842681e-03	1.627803e+00
1.443166e+00	1.071534e+00	8.886782e-03	1.689992e+00
1.659641e+00	1.111243e+00	7.990761e-03	1.759863e+00
1.908588e+00	1.153100e+00	7.090352e-03	1.840258e+00
2.194876e+00	1.198941e+00	6.423859e-03	1.934618e+00
2.524107e+00	1.229772e+00	5.663395e-03	2.047044e+00
2.902723e+00	1.259586e+00	5.113171e-03	2.182375e+00
3.338132e+00	1.283076e+00	4.562295e-03	2.346252e+00
3.838852e+00	1.299732e+00	4.029594e-03	2.545210e+00
4.414679e+00	1.313795e+00	3.636787e-03	2.786799e+00
5.076881e+00	1.320683e+00	3.191578e-03	3.079762e+00
5.838413e+00	1.323932e+00	2.848107e-03	3.434315e+00
6.714175e+00	1.320677e+00	2.526949e-03	3.862576e+00
7.721302e+00	1.309638e+00	2.242477e-03	4.379165e+00
8.879497e+00	1.293895e+00	1.996121e-03	5.002033e+00
1.021142e+01	1.270314e+00	1.764347e-03	5.753555e+00
1.174313e+01	1.241536e+00	1.577945e-03	6.661934e+00
1.350460e+01	1.206479e+00	1.403655e-03	7.763004e+00
1.553030e+01	1.167412e+00	1.254292e-03	9.102526e+00
1.785984e+01	1.123087e+00	1.099193e-03	1.073911e+01
2.053882e+01	1.073686e+00	9.849325e-04	1.274801e+01
2.361964e+01	1.020707e+00	8.725392e-04	1.522564e+01
2.716258e+01	9.633775e-01	7.655260e-04	1.829671e+01
3.123697e+01	9.719230e-01	6.871529e-04	2.211696e+01
3.592252e+01	8.951257e-01	5.987271e-04	2.690079e+01
4.131089e+01	8.230349e-01	5.359538e-04	3.291718e+01
4.750753e+01	7.542762e-01	4.733263e-04	4.048695e+01
5.463366e+01	6.886295e-01	4.129184e-04	5.004359e+01
6.282871e+01	6.266733e-01	3.653051e-04	6.214935e+01
7.225301e+01	5.690014e-01	3.212825e-04	7.751883e+01
8.309096e+01	5.153670e-01	2.859748e-04	9.707054e+01
9.555461e+01	4.643271e-01	2.516360e-04	1.220431e+02
1.098878e+02	4.175472e-01	2.218606e-04	1.540691e+02
1.263710e+02	3.767704e-01	1.959914e-04	1.950951e+02
1.453266e+02	3.402813e-01	1.741968e-04	2.474754e+02
1.671256e+02	3.067667e-01	1.540499e-04	3.144126e+02
1.921945e+02	2.760676e-01	1.345864e-04	4.000824e+02
2.210236e+02	2.480854e-01	1.203070e-04	5.098731e+02
2.541772e+02	2.227094e-01	1.042302e-04	6.507014e+02
2.923037e+02	1.998085e-01	9.297679e-05	8.314255e+02
3.361493e+02	1.789044e-01	8.169687e-05	1.063571e+03
3.865717e+02	1.601090e-01	7.122565e-05	1.362086e+03
4.445574e+02	1.434274e-01	6.348820e-05	1.745795e+03
5.112411e+02	1.286782e-01	5.481203e-05	2.238174e+03
5.879272e+02	1.154313e-01	4.829824e-05	2.869514e+03
6.761163e+02	1.035783e-01	4.225262e-05	3.678927e+03
7.775337e+02	9.299926e-02	0.000000e+00	4.716073e+03
8.941638e+02	8.356815e-02	0.000000e+00	6.044114e+03
1.028288e+03	7.517271e-02	0.000000e+00	7.743024e+03
1.182532e+03	6.771195e-02	0.000000e+00	9.913755e+03
1.359911e+03	6.108972e-02	0.000000e+00	1.268340e+04
1.563898e+03	5.521370e-02	0.000000e+00	1.621113e+04
1.798483e+03	5.000960e-02	0.000000e+00	2.069533e+04
2.068255e+03	4.541295e-02	0.000000e+00	2.638200e+04
2.378493e+03	4.135548e-02	0.000000e+00	3.357434e+04
2.735268e+03	3.777832e-02	0.000000e+00	4.264346e+04
3.145558e+03	3.463462e-02	0.000000e+00	5.404026e+04
3.617391e+03	3.187940e-02	0.000000e+00	6.830815e+04
4.160000e+03	2.947007e-02	0.000000e+00	8.609635e+04
4.784000e+03	2.737168e-02	0.000000e+00	1.081732e+05
5.501600e+03	2.555304e-02	0.000000e+00	1.354389e+05
6.326840e+03	2.398324e-02	0.000000e+00	1.689378e+05
7.275866e+03	2.263607e-02	0.000000e+00	2.098685e+05
8.367246e+03	2.149018e-02	0.000000e+00	2.595931e+05
9.622333e+03	2.052504e-02	0.000000e+00	3.196455e+05
