# Energy_MeV	dEdx_Elec_MeV_um	dEdx_Nucl_MeV_um	Range_um
1.000000e-05	2.167231e-03	2.363924e-02	8.509030e-03
1.150000e-05	2.334518e-03	2.567896e-02	9.124918e-03
1.322500e-05	2.513869e-03	2.780706e-02	9.785385e-03
1.520875e-05	2.706160e-03	3.011022e-02	1.049366e-02
1.749006e-05	2.912331e-03	3.266703e-02	1.125319e-02
2.011357e-05	3.133389e-03	3.519999e-02	1.206770e-02
2.313061e-05	3.370416e-03	3.809355e-02	1.294117e-02
2.660020e-05	3.624569e-03	4.090150e-02	1.387786e-02
3.059023e-05	3.897090e-03	4.398824e-02	1.488235e-02
3.517876e-05	4.189310e-03	4.736834e-02	1.595954e-02
4.045558e-05	4.502658e-03	5.061230e-02	1.711470e-02
4.652391e-05	4.838664e-03	5.433605e-02	1.835347e-02
5.350250e-05	5.198971e-03	5.795085e-02	1.968190e-02
6.152788e-05	5.585337e-03	6.182061e-02	2.110649e-02
7.075706e-05	5.999652e-03	6.578545e-02	2.263419e-02
8.137062e-05	6.443938e-03	6.972189e-02	2.427246e-02
9.357621e-05	6.920367e-03	7.396426e-02	2.602932e-02
1.076126e-04	7.431267e-03	7.797635e-02	2.791333e-02
1.237545e-04	7.979132e-03	8.217387e-02	2.993372e-02
1.423177e-04	8.566641e-03	8.618244e-02	3.210033e-02
1.636654e-04	9.196662e-03	9.059409e-02	3.442377e-02
1.882152e-04	9.872274e-03	9.464992e-02	3.691538e-02
2.164475e-04	1.059678e-02	9.875786e-02	3.958734e-02
2.489146e-04	1.137371e-02	1.029580e-01	4.245269e-02
2.862518e-04	1.220687e-02	1.065429e-01	4.552544e-02
3.291895e-04	1.310033e-02	1.105899e-01	4.882059e-02
3.785680e-04	1.405845e-02	1.140433e-01	5.235426e-02
4.353531e-04	1.508591e-02	1.174753e-01	5.614368e-02
5.006561e-04	1.618774e-02	1.209448e-01	6.020739e-02
5.757545e-04	1.736931e-02	1.238902e-01	6.456524e-02
6.621177e-04	1.863639e-02	1.267249e-01	6.923850e-02
7.614354e-04	1.999518e-02	1.291349e-01	7.425002e-02
8.756507e-04	2.145232e-02	1.314289e-01	7.962428e-02
1.006998e-03	2.301493e-02	1.334936e-01	8.538752e-02
1.158048e-03	2.469063e-02	1.352417e-01	9.156792e-02
1.331755e-03	2.648761e-02	1.366557e-01	9.819565e-02
1.531519e-03	2.841466e-02	1.378585e-01	1.053031e-01
1.761246e-03	3.048119e-02	1.389984e-01	1.129250e-01
2.025433e-03	3.269728e-02	1.395349e-01	1.210925e-01
2.329248e-03	3.507378e-02	1.401501e-01	1.298684e-01
2.678635e-03	3.762229e-02	1.401620e-01	1.392656e-01
3.080431e-03	4.035526e-02	1.400070e-01	1.493468e-01
3.542495e-03	4.328604e-02	1.396236e-01	1.601561e-01
4.073870e-03	4.642895e-02	1.387285e-01	1.717481e-01
4.684950e-03	4.979934e-02	1.376990e-01	1.841791e-01
5.387693e-03	5.341368e-02	1.361961e-01	1.975099e-01
6.195847e-03	5.728962e-02	1.343817e-01	2.118055e-01
7.125224e-03	6.144611e-02	1.322093e-01	2.271358e-01
8.194007e-03	6.590345e-02	1.297010e-01	2.435758e-01
9.423108e-03	7.068341e-02	1.267982e-01	2.612057e-01
1.083657e-02	7.580934e-02	1.236522e-01	2.801117e-01
1.246206e-02	8.130629e-02	1.201945e-01	3.003860e-01
1.433137e-02	8.720111e-02	1.165364e-01	3.221278e-01
1.648108e-02	9.352260e-02	1.123994e-01	3.454435e-01
1.895324e-02	1.003016e-01	1.082291e-01	3.704467e-01
2.179622e-02	1.075713e-01	1.037671e-01	3.972595e-01
2.506566e-02	1.153672e-01	9.913135e-02	4.260130e-01
2.882550e-02	1.237274e-01	9.468057e-02	4.568478e-01
3.314933e-02	1.326927e-01	8.965796e-02	4.899146e-01
3.812173e-02	1.423069e-01	8.501334e-02	5.253747e-01
4.383999e-02	1.526169e-01	8.015777e-02	5.634012e-01
5.041599e-02	1.636733e-01	7.518178e-02	6.041801e-01
5.797838e-02	1.755298e-01	7.048890e-02	6.479109e-01
6.667514e-02	1.882446e-01	6.583136e-02	6.948069e-01
7.667641e-02	2.018797e-01	6.150306e-02	7.450972e-01
8.817787e-02	2.165016e-01	5.713765e-02	7.990273e-01
1.014046e-01	2.321820e-01	5.293779e-02	8.568610e-01
1.166152e-01	2.489972e-01	4.891627e-02	9.188812e-01
1.341075e-01	2.670296e-01	4.534305e-02	9.853887e-01
1.542237e-01	2.863672e-01	4.177130e-02	1.056718e+00
1.773572e-01	3.071044e-01	3.816612e-02	1.133179e+00
2.039608e-01	3.293437e-01	3.566264e-02	1.215481e+00
2.345549e-01	3.531928e-01	3.278365e-02	1.304596e+00
2.697381e-01	3.787681e-01	3.023719e-02	1.401106e+00
3.101989e-01	4.061945e-01	2.759504e-02	1.505736e+00
3.567287e-01	4.356057e-01	2.465506e-02	1.613335e+00
4.102380e-01	4.671430e-01	2.237500e-02	1.693512e+00
4.717737e-01	4.976638e-01	1.976599e-02	1.774107e+00
5.425397e-01	5.260921e-01	1.790291e-02	1.854781e+00
6.239207e-01	5.672348e-01	1.610018e-02	1.935302e+00
7.175088e-01	6.172146e-01	1.450852e-02	2.015592e+00
8.251351e-01	6.664322e-01	1.309622e-02	2.095768e+00
9.489054e-01	7.175780e-01	1.170669e-02	2.176251e+00
1.091241e+00	7.688041e-01	1.059837e-02	2.257820e+00
1.254927e+00	8.162840e-01	9.508576e-03	2.341674e+00
1.443166e+00	8.651752e-01	8.595676e-03	2.429540e+00
1.659641e+00	9.055834e-01	7.638492e-03	2.523747e+00
1.908588e+00	9.413175e-01	6.885131e-03	2.627332e+00
2.194876e+00	9.705999e-01	6.146455e-03	2.744139e+00
2.524107e+00	1.000382e+00	5.455569e-03	2.878912e+00
2.902723e+00	1.030658e+00	4.924569e-03	3.037414e+00
3.338132e+00	1.051598e+00	4.344402e-03	3.226543e+00
3.838852e+00	1.069034e+00	3.905009e-03	3.454453e+00
4.414679e+00	1.083302e+00	3.469575e-03	3.730711e+00
5.076881e+00	1.089789e+00	3.058802e-03	4.066462e+00
5.838413e+00	1.094356e+00	2.721449e-03	4.474674e+00
6.714175e+00	1.094119e+00	2.412816e-03	4.970487e+00
7.721302e+00	1.088963e+00	2.155366e-03	5.571754e+00
8.879497e+00	1.079687e+00	1.911890e-03	6.299820e+00
1.021142e+01	1.063016e+00	1.697156e-03	7.180638e+00
1.174313e+01	1.042579e+00	1.504403e-03	8.246279e+00
1.350460e+01	1.016706e+00	1.347038e-03	9.536939e+00
1.553030e+01	9.863665e-01	1.196396e-03	1.110352e+01
1.785984e+01	9.512402e-01	1.053600e-03	1.301100e+01
2.053882e+01	9.148529e-01	9.452353e-04	1.534270e+01
2.361964e+01	8.737996e-01	8.218354e-04	1.820579e+01
2.716258e+01	8.280167e-01	7.395992e-04	2.173839e+01
3.123697e+01	7.814563e-01	6.526957e-04	2.611801e+01
3.592252e+01	7.934096e-01	5.739065e-04	3.157444e+01
4.131089e+01	7.278038e-01	5.135185e-04	3.839662e+01
4.750753e+01	6.680308e-01	4.451741e-04	4.698576e+01
5.463366e+01	6.117657e-01	3.963367e-04	5.782735e+01
6.282871e+01	5.585209e-01	3.481625e-04	7.152365e+01
7.225301e+01	5.079298e-01	3.076880e-04	8.887848e+01
8.309096e+01	4.606293e-01	2.723710e-04	1.109324e+02
9.555461e+01	4.169120e-01	2.385679e-04	1.390025e+02
1.098878e+02	3.762562e-01	2.126375e-04	1.747947e+02
1.263710e+02	3.380714e-01	1.874766e-04	2.206163e+02
1.453266e+02	3.032669e-01	1.670366e-04	2.794556e+02
1.671256e+02	2.734658e-01	1.458250e-04	3.548278e+02
1.921945e+02	2.465084e-01	1.297725e-04	4.511009e+02
2.210236e+02	2.218630e-01	1.139367e-04	5.742052e+02
2.541772e+02	1.993835e-01	9.971013e-05	7.318201e+02
2.923037e+02	1.789701e-01	8.883204e-05	9.338557e+02
3.361493e+02	1.605323e-01	7.714493e-05	1.193009e+03
3.865717e+02	1.439111e-01	6.857708e-05	1.525568e+03
4.445574e+02	1.287715e-01	5.999598e-05	1.952791e+03
5.112411e+02	1.152051e-01	5.218060e-05	2.502101e+03
5.879272e+02	1.032281e-01	4.574528e-05	3.207879e+03
6.761163e+02	9.259314e-02	0.000000e+00	4.113179e+03
7.775337e+02	8.305447e-02	0.000000e+00	5.273870e+03
8.941638e+02	7.452851e-02	0.000000e+00	6.761693e+03
1.028288e+03	6.692109e-02	0.000000e+00	8.667820e+03
1.182532e+03	6.014308e-02	0.000000e+00	1.110810e+04
1.359911e+03	5.411308e-02	0.000000e+00	1.422913e+04
1.563898e+03	4.875583e-02	0.000000e+00	1.821589e+04
1.798483e+03	4.400097e-02	0.000000e+00	2.330103e+04
2.068255e+03	3.978288e-02	0.000000e+00	2.977563e+04
2.378493e+03	3.604934e-02	0.000000e+00	3.800219e+04
2.735268e+03	3.275222e-02	0.000000e+00	4.842970e+04
3.145558e+03	2.984202e-02	0.000000e+00	6.161079e+04
3.617391e+03	2.727757e-02	0.000000e+00	7.822098e+04
4.160000e+03	2.502491e-02	0.000000e+00	9.907979e+04
4.784000e+03	2.305149e-02	0.000000e+00	1.251733e+05
5.501600e+03	2.132746e-02	0.000000e+00	1.576776e+05
6.326840e+03	1.982757e-02	0.000000e+00	1.979816e+05
7.275866e+03	1.852862e-02	0.000000e+00	2.477098e+05
8.367246e+03	1.740850e-02	0.000000e+00	3.087429e+05
9.622333e+03	1.644877e-02	0.000000e+00	3.832356e+05
