# Energy_MeV	dEdx_Elec_MeV_um	dEdx_Nucl_MeV_um	Range_um
1.000000e-05	2.015527e-03	2.490061e-02	9.194810e-03
1.150000e-05	2.170295e-03	2.702105e-02	9.860335e-03
1.322500e-05	2.336230e-03	2.934151e-02	1.057403e-02
1.520875e-05	2.514143e-03	3.173512e-02	1.133939e-02
1.749006e-05	2.704904e-03	3.442471e-02	1.216014e-02
2.011357e-05	2.909444e-03	3.719410e-02	1.304029e-02
2.313061e-05	3.128764e-03	4.016266e-02	1.398416e-02
2.660020e-05	3.363935e-03	4.334852e-02	1.499634e-02
3.059023e-05	3.616107e-03	4.651580e-02	1.608178e-02
3.517876e-05	3.886510e-03	5.009887e-02	1.724579e-02
4.045558e-05	4.176466e-03	5.368639e-02	1.849405e-02
4.652391e-05	4.487393e-03	5.750771e-02	1.983266e-02
5.350250e-05	4.820808e-03	6.159033e-02	2.126815e-02
6.152788e-05	5.178342e-03	6.569065e-02	2.280755e-02
7.075706e-05	5.561740e-03	6.997233e-02	2.445838e-02
8.137062e-05	5.972876e-03	7.425914e-02	2.622869e-02
9.357621e-05	6.413758e-03	7.871887e-02	2.812713e-02
1.076126e-04	6.886540e-03	8.329420e-02	3.016299e-02
1.237545e-04	7.393533e-03	8.789918e-02	3.234620e-02
1.423177e-04	7.937212e-03	9.230895e-02	3.468744e-02
1.636654e-04	8.520234e-03	9.687750e-02	3.719813e-02
1.882152e-04	9.145448e-03	1.017014e-01	3.989056e-02
2.164475e-04	9.815907e-03	1.059596e-01	4.277785e-02
2.489146e-04	1.053489e-02	1.108132e-01	4.587414e-02
2.862518e-04	1.130590e-02	1.147668e-01	4.919453e-02
3.291895e-04	1.213271e-02	1.190043e-01	5.275526e-02
3.785680e-04	1.301937e-02	1.232948e-01	5.657371e-02
4.353531e-04	1.397019e-02	1.268236e-01	6.066855e-02
5.006561e-04	1.498983e-02	1.308818e-01	6.505977e-02
5.757545e-04	1.608327e-02	1.340963e-01	6.976883e-02
6.621177e-04	1.725585e-02	1.373730e-01	7.481874e-02
7.614354e-04	1.851329e-02	1.402645e-01	8.023415e-02
8.756507e-04	1.986175e-02	1.427859e-01	8.604155e-02
1.006998e-03	2.130781e-02	1.453014e-01	9.226928e-02
1.158048e-03	2.285852e-02	1.471684e-01	9.894778e-02
1.331755e-03	2.452148e-02	1.490006e-01	1.061097e-01
1.531519e-03	2.630480e-02	1.503313e-01	1.137899e-01
1.761246e-03	2.821719e-02	1.516690e-01	1.220261e-01
2.025433e-03	3.026801e-02	1.525224e-01	1.308584e-01
2.329248e-03	3.246725e-02	1.531604e-01	1.403183e-01
2.678635e-03	3.482568e-02	1.535650e-01	1.504922e-01
3.080431e-03	3.735481e-02	1.534118e-01	1.613820e-01
3.542495e-03	4.006700e-02	1.531572e-01	1.730645e-01
4.073870e-03	4.297550e-02	1.524043e-01	1.855903e-01
4.684950e-03	4.609452e-02	1.513543e-01	1.990231e-01
5.387693e-03	4.943929e-02	1.499873e-01	2.134283e-01
6.195847e-03	5.302615e-02	1.481426e-01	2.288761e-01
7.125224e-03	5.687263e-02	1.459608e-01	2.454420e-01
8.194007e-03	6.099752e-02	1.433810e-01	2.632069e-01
9.423108e-03	6.542097e-02	1.404111e-01	2.822576e-01
1.083657e-02	7.016460e-02	1.370920e-01	3.026874e-01
1.246206e-02	7.525156e-02	1.333888e-01	3.245958e-01
1.433137e-02	8.070673e-02	1.295517e-01	3.480899e-01
1.648108e-02	8.655674e-02	1.252772e-01	3.732845e-01
1.895324e-02	9.283017e-02	1.205887e-01	4.003027e-01
2.179622e-02	9.955768e-02	1.160096e-01	4.292767e-01
2.506566e-02	1.067721e-01	1.107437e-01	4.603477e-01
2.882550e-02	1.145088e-01	1.060451e-01	4.936675e-01
3.314933e-02	1.228054e-01	1.007896e-01	5.293991e-01
3.812173e-02	1.317025e-01	9.533963e-02	5.677171e-01
4.383999e-02	1.412436e-01	9.035252e-02	6.088086e-01
5.041599e-02	1.514753e-01	8.461734e-02	6.528742e-01
5.797838e-02	1.624476e-01	7.968725e-02	7.001291e-01
6.667514e-02	1.742140e-01	7.443360e-02	7.508045e-01
7.667641e-02	1.868322e-01	6.947850e-02	8.051480e-01
8.817787e-02	2.003636e-01	6.479535e-02	8.634249e-01
1.014046e-01	2.148744e-01	5.988674e-02	9.259197e-01
1.166152e-01	2.304355e-01	5.570147e-02	9.929377e-01
1.341075e-01	2.471230e-01	5.139421e-02	1.064807e+00
1.542237e-01	2.650183e-01	4.762431e-02	1.141877e+00
1.773572e-01	2.842089e-01	4.358499e-02	1.224534e+00
2.039608e-01	3.047885e-01	4.034974e-02	1.313137e+00
2.345549e-01	3.268584e-01	3.738145e-02	1.408433e+00
2.697381e-01	3.505261e-01	3.435344e-02	1.511588e+00
3.101989e-01	3.759068e-01	3.164692e-02	1.623299e+00
3.567287e-01	4.031245e-01	2.853442e-02	1.744396e+00
4.102380e-01	4.323122e-01	2.568783e-02	1.873693e+00
4.717737e-01	4.636100e-01	2.298588e-02	1.967233e+00
5.425397e-01	4.948078e-01	2.049912e-02	2.061310e+00
6.239207e-01	5.228067e-01	1.850409e-02	2.155518e+00
7.175088e-01	5.621414e-01	1.666440e-02	2.249569e+00
8.251351e-01	6.120473e-01	1.505666e-02	2.343349e+00
9.489054e-01	6.607401e-01	1.354221e-02	2.436967e+00
1.091241e+00	7.124252e-01	1.217172e-02	2.530871e+00
1.254927e+00	7.628769e-01	1.090781e-02	2.625921e+00
1.443166e+00	8.111207e-01	9.865853e-03	2.723459e+00
1.659641e+00	8.611078e-01	8.844960e-03	2.825428e+00
1.908588e+00	9.009046e-01	7.877444e-03	2.934467e+00
2.194876e+00	9.383685e-01	7.117211e-03	3.054026e+00
2.524107e+00	9.672078e-01	6.244009e-03	3.188484e+00
2.902723e+00	9.970077e-01	5.670320e-03	3.343262e+00
3.338132e+00	1.028548e+00	5.041772e-03	3.524949e+00
3.838852e+00	1.049170e+00	4.475158e-03	3.741451e+00
4.414679e+00	1.067596e+00	4.026956e-03	4.002122e+00
5.076881e+00	1.081648e+00	3.516108e-03	4.317943e+00
5.838413e+00	1.089150e+00	3.158130e-03	4.701712e+00
6.714175e+00	1.094380e+00	2.789959e-03	5.168326e+00
7.721302e+00	1.094147e+00	2.483543e-03	5.735161e+00
8.879497e+00	1.089899e+00	2.214306e-03	6.422676e+00
1.021142e+01	1.080763e+00	1.949347e-03	7.255297e+00
1.174313e+01	1.064976e+00	1.749052e-03	8.262663e+00
1.350460e+01	1.045190e+00	1.548354e-03	9.481342e+00
1.553030e+01	1.019709e+00	1.388887e-03	1.095711e+01
1.785984e+01	9.899198e-01	1.222735e-03	1.274783e+01
2.053882e+01	9.552490e-01	1.091817e-03	1.492740e+01
2.361964e+01	9.190770e-01	9.635232e-04	1.759048e+01
2.716258e+01	8.784212e-01	8.494624e-04	2.085881e+01
3.123697e+01	8.333317e-01	7.599937e-04	2.488924e+01
3.592252e+01	7.866123e-01	6.659090e-04	2.988342e+01
4.131089e+01	7.363120e-01	5.939271e-04	3.610268e+01
4.750753e+01	7.346903e-01	5.224296e-04	4.387460e+01
5.463366e+01	6.743277e-01	4.582098e-04	5.365198e+01
6.282871e+01	6.177609e-01	4.040397e-04	6.599449e+01
7.225301e+01	5.641702e-01	3.563479e-04	8.158191e+01
8.309096e+01	5.132937e-01	3.157853e-04	1.013268e+02
9.555461e+01	4.656225e-01	2.785368e-04	1.264114e+02
1.098878e+02	4.215282e-01	2.461319e-04	1.583343e+02
1.263710e+02	3.806329e-01	2.164924e-04	1.990275e+02
1.453266e+02	3.420731e-01	1.930805e-04	2.510975e+02
1.671256e+02	3.069083e-01	1.701046e-04	3.179538e+02
1.921945e+02	2.765621e-01	1.493314e-04	4.036367e+02
2.210236e+02	2.493380e-01	1.330268e-04	5.130858e+02
2.541772e+02	2.244441e-01	1.145344e-04	6.530156e+02
2.923037e+02	2.017326e-01	1.029501e-04	8.321498e+02
3.361493e+02	1.811014e-01	9.006958e-05	1.061744e+03
3.865717e+02	1.624530e-01	7.900849e-05	1.356231e+03
4.445574e+02	1.456604e-01	7.017308e-05	1.734110e+03
5.112411e+02	1.303460e-01	6.020458e-05	2.219481e+03
5.879272e+02	1.166139e-01	5.347927e-05	2.843538e+03
6.761163e+02	1.044606e-01	4.653955e-05	3.645485e+03
7.775337e+02	9.369985e-02	0.000000e+00	4.674293e+03
8.941638e+02	8.404513e-02	0.000000e+00	5.993325e+03
1.028288e+03	7.541295e-02	0.000000e+00	7.684209e+03
1.182532e+03	6.771000e-02	0.000000e+00	9.850623e+03
1.359911e+03	6.084541e-02	0.000000e+00	1.262439e+04
1.563898e+03	5.473743e-02	0.000000e+00	1.617236e+04
1.798483e+03	4.931023e-02	0.000000e+00	2.070514e+04
2.068255e+03	4.449294e-02	0.000000e+00	2.648776e+04
2.378493e+03	4.021903e-02	0.000000e+00	3.385194e+04
2.735268e+03	3.643488e-02	0.000000e+00	4.321107e+04
3.145558e+03	3.309257e-02	0.000000e+00	5.507747e+04
3.617391e+03	3.014232e-02	0.000000e+00	7.008216e+04
4.160000e+03	2.754183e-02	0.000000e+00	8.899711e+04
4.784000e+03	2.525673e-02	0.000000e+00	1.127597e+05
5.501600e+03	2.325434e-02	0.000000e+00	1.424987e+05
6.326840e+03	2.150438e-02	0.000000e+00	1.795618e+05
7.275866e+03	1.998115e-02	0.000000e+00	2.255426e+05
8.367246e+03	1.866138e-02	0.000000e+00	2.823067e+05
9.622333e+03	1.752271e-02	0.000000e+00	3.520163e+05
