# Energy_MeV	dEdx_Elec_MeV_um	dEdx_Nucl_MeV_um	Range_um
1.000000e-05	6.369819e-04	9.667720e-03	3.139807e-02
1.150000e-05	6.830869e-04	1.013258e-02	3.367068e-02
1.322500e-05	7.325291e-04	1.065839e-02	3.610778e-02
1.520875e-05	7.855500e-04	1.119357e-02	3.872128e-02
1.749006e-05	8.424085e-04	1.166768e-02	4.152395e-02
2.011357e-05	9.033825e-04	1.216433e-02	4.452947e-02
2.313061e-05	9.687698e-04	1.262300e-02	4.775254e-02
2.660020e-05	1.038890e-03	1.309579e-02	5.120889e-02
3.059023e-05	1.114085e-03	1.357798e-02	5.491542e-02
3.517876e-05	1.194723e-03	1.397849e-02	5.889023e-02
4.045558e-05	1.281198e-03	1.438854e-02	6.315273e-02
4.652391e-05	1.373932e-03	1.478231e-02	6.772376e-02
5.350250e-05	1.473378e-03	1.513103e-02	7.262564e-02
6.152788e-05	1.580022e-03	1.545702e-02	7.788232e-02
7.075706e-05	1.694384e-03	1.574169e-02	8.351949e-02
8.137062e-05	1.817025e-03	1.602713e-02	8.956467e-02
9.357621e-05	1.948542e-03	1.625377e-02	9.604741e-02
1.076126e-04	2.089579e-03	1.643287e-02	1.029994e-01
1.237545e-04	2.240823e-03	1.660046e-02	1.104545e-01
1.423177e-04	2.403015e-03	1.675976e-02	1.184493e-01
1.636654e-04	2.576947e-03	1.686628e-02	1.270227e-01
1.882152e-04	2.763468e-03	1.692709e-02	1.362167e-01
2.164475e-04	2.963489e-03	1.695922e-02	1.460761e-01
2.489146e-04	3.177988e-03	1.696853e-02	1.566492e-01
2.862518e-04	3.408012e-03	1.694129e-02	1.679875e-01
3.291895e-04	3.654686e-03	1.686992e-02	1.801465e-01
3.785680e-04	3.919214e-03	1.674863e-02	1.931856e-01
4.353531e-04	4.202889e-03	1.659598e-02	2.071685e-01
5.006561e-04	4.507096e-03	1.640809e-02	2.221635e-01
5.757545e-04	4.833322e-03	1.616743e-02	2.382438e-01
6.621177e-04	5.183161e-03	1.589167e-02	2.554880e-01
7.614354e-04	5.558321e-03	1.556606e-02	2.738751e-01
8.756507e-04	5.960635e-03	1.520787e-02	2.938104e-01
1.006998e-03	6.392069e-03	1.480936e-02	3.150832e-01
1.158048e-03	6.854730e-03	1.439411e-02	3.378913e-01
1.331755e-03	7.350879e-03	1.391976e-02	3.623465e-01
1.531519e-03	7.882939e-03	1.340823e-02	3.885730e-01
1.761246e-03	8.453511e-03	1.290360e-02	4.166974e-01
2.025433e-03	9.065380e-03	1.235830e-02	4.468577e-01
2.329248e-03	9.721537e-03	1.182272e-02	4.792011e-01
2.678635e-03	1.042519e-02	1.124566e-02	5.138853e-01
3.080431e-03	1.117977e-02	1.063852e-02	5.510799e-01
3.542495e-03	1.198897e-02	1.008428e-02	5.909668e-01
4.073870e-03	1.285673e-02	9.497811e-03	6.337409e-01
4.684950e-03	1.378731e-02	8.907871e-03	6.796109e-01
5.387693e-03	1.478524e-02	8.352402e-03	7.288009e-01
6.195847e-03	1.585541e-02	7.799360e-03	7.815511e-01
7.125224e-03	1.700303e-02	7.277742e-03	8.381197e-01
8.194007e-03	1.823372e-02	6.736006e-03	8.987829e-01
9.423108e-03	1.955348e-02	6.241668e-03	9.638368e-01
1.083657e-02	2.096878e-02	5.808615e-03	1.033599e+00
1.246206e-02	2.248651e-02	5.361634e-03	1.108411e+00
1.433137e-02	2.411409e-02	4.898799e-03	1.188638e+00
1.648108e-02	2.585948e-02	4.543576e-03	1.274672e+00
1.895324e-02	2.773121e-02	4.239593e-03	1.366933e+00
2.179622e-02	2.973841e-02	3.890014e-03	1.465871e+00
2.506566e-02	3.189089e-02	3.516688e-03	1.571971e+00
2.882550e-02	3.419917e-02	3.173618e-03	1.685751e+00
3.314933e-02	3.667452e-02	2.908551e-03	1.807766e+00
3.812173e-02	3.932904e-02	2.630108e-03	1.938612e+00
4.383999e-02	4.217570e-02	2.357783e-03	2.078929e+00
5.041599e-02	4.522840e-02	2.094096e-03	2.229402e+00
5.797838e-02	4.850205e-02	1.894532e-03	2.390774e+00
6.667514e-02	5.201266e-02	1.711027e-03	2.563779e+00
7.667641e-02	5.547541e-02	1.534639e-03	2.749634e+00
8.817787e-02	5.892817e-02	1.382046e-03	2.950671e+00
1.014046e-01	6.255400e-02	1.241152e-03	3.168384e+00
1.166152e-01	6.634669e-02	1.127995e-03	3.404351e+00
1.341075e-01	7.029388e-02	1.004718e-03	3.660328e+00
1.542237e-01	7.437495e-02	8.928679e-04	3.938356e+00
1.773572e-01	7.855840e-02	8.064537e-04	4.240796e+00
2.039608e-01	8.279877e-02	7.220563e-04	4.570429e+00
2.345549e-01	8.703322e-02	6.457160e-04	4.930566e+00
2.697381e-01	9.117808e-02	5.756479e-04	5.325221e+00
3.101989e-01	9.512606e-02	5.080242e-04	5.759321e+00
3.567287e-01	9.874520e-02	4.570351e-04	6.239010e+00
4.102380e-01	1.018809e-01	4.069932e-04	6.772033e+00
4.717737e-01	1.043629e-01	3.585711e-04	7.368265e+00
5.425397e-01	1.060186e-01	3.200514e-04	8.040410e+00
6.239207e-01	1.066924e-01	2.839535e-04	8.804905e+00
7.175088e-01	1.062692e-01	2.533234e-04	9.683087e+00
8.251351e-01	1.046982e-01	2.233306e-04	1.070267e+01
9.489054e-01	1.020081e-01	1.981578e-04	1.189961e+01
1.091241e+00	9.831031e-02	1.785144e-04	1.332038e+01
1.254927e+00	9.378738e-02	1.584147e-04	1.502476e+01
1.443166e+00	8.866777e-02	1.389444e-04	1.708916e+01
1.659641e+00	8.319469e-02	1.235344e-04	1.961048e+01
1.908588e+00	7.759567e-02	1.101657e-04	2.271070e+01
2.194876e+00	7.205921e-02	9.821742e-05	2.654232e+01
2.524107e+00	6.672228e-02	8.657831e-05	3.129495e+01
2.902723e+00	6.166886e-02	7.586149e-05	3.720365e+01
3.338132e+00	5.693734e-02	6.725809e-05	4.455988e+01
3.838852e+00	5.253266e-02	5.981269e-05	5.372598e+01
4.414679e+00	4.843933e-02	5.283761e-05	6.515439e+01
5.076881e+00	4.463237e-02	4.616040e-05	7.941282e+01
5.838413e+00	4.108508e-02	4.087307e-05	9.721712e+01
6.714175e+00	3.777338e-02	3.620423e-05	1.194735e+02
7.721302e+00	3.467761e-02	0.000000e+00	1.473331e+02
8.879497e+00	3.178262e-02	0.000000e+00	1.822615e+02
1.021142e+01	2.907698e-02	0.000000e+00	2.261286e+02
1.174313e+01	2.655189e-02	0.000000e+00	2.813215e+02
1.350460e+01	2.420014e-02	0.000000e+00	3.509082e+02
1.553030e+01	2.203682e-02	0.000000e+00	4.387378e+02
1.785984e+01	1.994287e-02	0.000000e+00	5.499850e+02
2.053882e+01	1.807771e-02	0.000000e+00	6.912933e+02
2.361964e+01	1.637564e-02	0.000000e+00	8.705638e+02
2.716258e+01	1.480661e-02	0.000000e+00	1.098375e+03
3.123697e+01	1.336550e-02	0.000000e+00	1.388430e+03
3.592252e+01	1.205274e-02	0.000000e+00	1.758184e+03
4.131089e+01	1.086239e-02	0.000000e+00	2.229940e+03
4.750753e+01	9.736756e-03	0.000000e+00	2.833540e+03
5.463366e+01	8.718746e-03	0.000000e+00	3.608513e+03
6.282871e+01	7.835594e-03	0.000000e+00	4.602429e+03
7.225301e+01	7.057094e-03	0.000000e+00	5.872092e+03
8.309096e+01	6.348296e-03	0.000000e+00	7.494252e+03
9.555461e+01	5.704089e-03	0.000000e+00	9.569309e+03
1.098878e+02	5.119928e-03	0.000000e+00	1.222675e+04
1.263710e+02	4.592373e-03	0.000000e+00	1.563299e+04
1.453266e+02	4.117828e-03	0.000000e+00	2.000109e+04
1.671256e+02	3.686069e-03	0.000000e+00	2.560794e+04
1.921945e+02	3.297939e-03	0.000000e+00	3.281368e+04
2.210236e+02	2.952934e-03	0.000000e+00	4.207312e+04
2.541772e+02	2.648791e-03	0.000000e+00	5.395304e+04
2.923037e+02	2.375954e-03	0.000000e+00	6.918245e+04
3.361493e+02	2.131907e-03	0.000000e+00	8.870526e+04
3.865717e+02	1.913949e-03	0.000000e+00	1.137198e+05
4.445574e+02	1.719571e-03	0.000000e+00	1.457509e+05
5.112411e+02	1.546602e-03	0.000000e+00	1.867298e+05
5.879272e+02	1.392833e-03	0.000000e+00	2.390949e+05
6.761163e+02	1.256267e-03	0.000000e+00	3.059169e+05
7.775337e+02	1.135138e-03	0.000000e+00	3.910433e+05
8.941638e+02	1.027867e-03	0.000000e+00	4.992719e+05
1.028288e+03	9.330457e-04	0.000000e+00	6.365551e+05
1.182532e+03	8.493435e-04	0.000000e+00	8.102330e+05
1.359911e+03	7.755723e-04	0.000000e+00	1.029296e+06
1.563898e+03	7.107038e-04	0.000000e+00	1.304677e+06
1.798483e+03	6.538221e-04	0.000000e+00	1.649561e+06
2.068255e+03	6.041058e-04	0.000000e+00	2.079711e+06
2.378493e+03	5.608033e-04	0.000000e+00	2.613805e+06
2.735268e+03	5.232371e-04	0.000000e+00	3.273745e+06
3.145558e+03	4.908033e-04	0.000000e+00	4.084960e+06
3.617391e+03	4.629687e-04	0.000000e+00	5.076672e+06
4.160000e+03	4.392642e-04	0.000000e+00	6.282112e+06
4.784000e+03	4.192712e-04	0.000000e+00	7.738740e+06
5.501600e+03	4.026144e-04	0.000000e+00	9.488205e+06
6.326840e+03	3.884170e-04	0.000000e+00	1.157808e+07
7.275866e+03	3.766460e-04	0.000000e+00	1.333636e+07
8.367246e+03	3.672514e-04	0.000000e+00	1.333636e+07
9.622333e+03	3.599751e-04	0.000000e+00	1.333636e+07
