# Energy_MeV	dEdx_Elec_MeV_um	dEdx_Nucl_MeV_um	Range_um
1.000000e-05	2.485032e-03	2.759254e-02	5.615681e-03
1.150000e-05	2.684314e-03	3.016977e-02	6.022147e-03
1.322500e-05	2.897885e-03	3.292524e-02	6.458033e-03
1.520875e-05	3.126791e-03	3.583822e-02	6.925469e-03
1.749006e-05	3.372153e-03	3.906438e-02	7.426738e-03
2.011357e-05	3.635171e-03	4.240143e-02	7.964289e-03
2.313061e-05	3.917131e-03	4.605304e-02	8.540749e-03
2.660020e-05	4.219413e-03	4.980648e-02	9.158932e-03
3.059023e-05	4.543493e-03	5.402564e-02	9.821861e-03
3.517876e-05	4.890957e-03	5.838759e-02	1.053277e-02
4.045558e-05	5.263503e-03	6.303521e-02	1.129514e-02
4.652391e-05	5.662950e-03	6.806759e-02	1.211269e-02
5.350250e-05	6.091252e-03	7.302649e-02	1.298941e-02
6.152788e-05	6.550501e-03	7.865073e-02	1.392959e-02
7.075706e-05	7.042941e-03	8.430727e-02	1.493782e-02
8.137062e-05	7.570978e-03	9.029026e-02	1.601903e-02
9.357621e-05	8.137192e-03	9.673596e-02	1.717850e-02
1.076126e-04	8.744350e-03	1.031554e-01	1.842188e-02
1.237545e-04	9.395417e-03	1.099068e-01	1.975527e-02
1.423177e-04	1.009358e-02	1.166578e-01	2.118517e-02
1.636654e-04	1.084224e-02	1.236549e-01	2.271856e-02
1.882152e-04	1.164506e-02	1.308853e-01	2.436294e-02
2.164475e-04	1.250596e-02	1.380952e-01	2.612635e-02
2.489146e-04	1.342914e-02	1.450871e-01	2.801738e-02
2.862518e-04	1.441913e-02	1.522408e-01	3.004530e-02
3.291895e-04	1.548075e-02	1.598213e-01	3.221999e-02
3.785680e-04	1.661919e-02	1.665688e-01	3.455209e-02
4.353531e-04	1.784001e-02	1.741695e-01	3.705299e-02
5.006561e-04	1.914918e-02	1.804781e-01	3.973490e-02
5.757545e-04	2.055309e-02	1.871143e-01	4.261094e-02
6.621177e-04	2.205861e-02	1.938744e-01	4.569514e-02
7.614354e-04	2.367308e-02	1.994777e-01	4.900258e-02
8.756507e-04	2.540439e-02	2.058335e-01	5.254941e-02
1.006998e-03	2.726100e-02	2.109640e-01	5.635297e-02
1.158048e-03	2.925198e-02	2.161397e-01	6.043182e-02
1.331755e-03	3.138706e-02	2.207342e-01	6.480591e-02
1.531519e-03	3.367667e-02	2.247084e-01	6.949660e-02
1.761246e-03	3.613200e-02	2.286477e-01	7.452680e-02
2.025433e-03	3.876503e-02	2.316391e-01	7.992109e-02
2.329248e-03	4.158864e-02	2.345551e-01	8.570228e-02
2.678635e-03	4.461661e-02	2.366617e-01	9.191237e-02
3.080431e-03	4.786374e-02	2.387780e-01	9.856321e-02
3.542495e-03	5.134590e-02	2.401610e-01	1.056982e-01
4.073870e-03	5.508009e-02	2.411617e-01	1.133483e-01
4.684950e-03	5.908455e-02	2.418519e-01	1.215523e-01
5.387693e-03	6.337886e-02	2.416135e-01	1.303502e-01
6.195847e-03	6.798398e-02	2.412316e-01	1.397849e-01
7.125224e-03	7.292243e-02	2.400807e-01	1.499024e-01
8.194007e-03	7.821831e-02	2.384384e-01	1.607522e-01
9.423108e-03	8.389751e-02	2.363232e-01	1.723873e-01
1.083657e-02	8.998777e-02	2.334363e-01	1.848647e-01
1.246206e-02	9.651885e-02	2.300292e-01	1.982451e-01
1.433137e-02	1.035226e-01	2.259891e-01	2.125940e-01
1.648108e-02	1.110334e-01	2.213416e-01	2.279815e-01
1.895324e-02	1.190877e-01	2.161310e-01	2.444827e-01
2.179622e-02	1.277251e-01	2.103341e-01	2.621784e-01
2.506566e-02	1.369876e-01	2.042904e-01	2.811549e-01
2.882550e-02	1.469205e-01	1.975985e-01	3.015048e-01
3.314933e-02	1.575724e-01	1.902316e-01	3.233276e-01
3.812173e-02	1.689952e-01	1.830240e-01	3.467302e-01
4.383999e-02	1.812449e-01	1.747792e-01	3.718266e-01
5.041599e-02	1.943812e-01	1.673287e-01	3.987394e-01
5.797838e-02	2.084683e-01	1.590993e-01	4.276001e-01
6.667514e-02	2.235750e-01	1.504532e-01	4.585498e-01
7.667641e-02	2.397752e-01	1.426439e-01	4.917398e-01
8.817787e-02	2.571479e-01	1.336631e-01	5.273321e-01
1.014046e-01	2.757781e-01	1.258381e-01	5.655004e-01
1.166152e-01	2.957567e-01	1.175572e-01	6.064314e-01
1.341075e-01	3.171814e-01	1.097076e-01	6.503251e-01
1.542237e-01	3.401569e-01	1.023483e-01	6.973952e-01
1.773572e-01	3.647953e-01	9.461306e-02	7.478774e-01
2.039608e-01	3.912170e-01	8.801396e-02	8.019913e-01
2.345549e-01	4.195530e-01	8.119264e-02	8.602008e-01
2.697381e-01	4.499403e-01	7.525752e-02	9.232145e-01
3.101989e-01	4.825270e-01	6.889806e-02	9.914549e-01
3.567287e-01	5.174725e-01	6.371929e-02	1.065431e+00
4.102380e-01	5.549473e-01	5.906831e-02	1.145697e+00
4.717737e-01	5.951346e-01	5.427381e-02	1.232902e+00
5.425397e-01	6.360144e-01	5.003749e-02	1.282692e+00
6.239207e-01	6.759073e-01	4.516571e-02	1.327817e+00
7.175088e-01	7.324455e-01	4.061458e-02	1.371994e+00
8.251351e-01	8.039352e-01	3.638129e-02	1.415241e+00
9.489054e-01	8.783329e-01	3.240542e-02	1.457711e+00
1.091241e+00	9.601993e-01	2.928111e-02	1.499729e+00
1.254927e+00	1.046951e+00	2.635635e-02	1.541823e+00
1.443166e+00	1.137007e+00	2.381255e-02	1.584776e+00
1.659641e+00	1.234971e+00	2.142875e-02	1.629662e+00
1.908588e+00	1.325579e+00	1.924601e-02	1.677883e+00
2.194876e+00	1.414278e+00	1.726661e-02	1.731225e+00
2.524107e+00	1.491643e+00	1.559882e-02	1.791916e+00
2.902723e+00	1.573190e+00	1.399977e-02	1.862642e+00
3.338132e+00	1.660605e+00	1.245179e-02	1.946610e+00
3.838852e+00	1.727752e+00	1.126094e-02	2.047581e+00
4.414679e+00	1.792083e+00	9.891456e-03	2.169911e+00
5.076881e+00	1.849941e+00	8.967520e-03	2.318594e+00
5.838413e+00	1.894692e+00	7.982921e-03	2.499308e+00
6.714175e+00	1.937918e+00	7.074774e-03	2.718487e+00
7.721302e+00	1.972037e+00	6.372681e-03	2.983459e+00
8.879497e+00	1.999841e+00	5.565273e-03	3.302653e+00
1.021142e+01	2.020501e+00	4.997863e-03	3.685949e+00
1.174313e+01	2.026402e+00	4.416051e-03	4.145154e+00
1.350460e+01	2.027038e+00	3.927801e-03	4.694666e+00
1.553030e+01	2.015380e+00	3.503678e-03	5.352322e+00
1.785984e+01	1.994414e+00	3.084253e-03	6.140469e+00
2.053882e+01	1.964384e+00	2.768356e-03	7.087309e+00
2.361964e+01	1.921794e+00	2.449801e-03	8.228588e+00
2.716258e+01	1.872243e+00	2.197959e-03	9.609734e+00
3.123697e+01	1.815458e+00	1.935867e-03	1.128861e+01
3.592252e+01	1.751148e+00	1.727145e-03	1.333876e+01
4.131089e+01	1.677800e+00	1.526172e-03	1.585474e+01
4.750753e+01	1.764156e+00	1.343142e-03	1.895354e+01
5.463366e+01	1.639392e+00	1.202988e-03	2.279862e+01
6.282871e+01	1.519713e+00	1.054436e-03	2.758830e+01
7.225301e+01	1.403920e+00	9.396310e-04	3.356168e+01
8.309096e+01	1.291675e+00	8.276284e-04	4.104223e+01
9.555461e+01	1.184462e+00	7.249163e-04	5.044932e+01
1.098878e+02	1.083466e+00	6.400766e-04	6.231374e+01
1.263710e+02	9.877459e-01	5.640781e-04	7.732152e+01
1.453266e+02	8.961432e-01	4.998357e-04	9.640389e+01
1.671256e+02	8.110319e-01	4.411486e-04	1.207782e+02
1.921945e+02	7.366946e-01	3.894340e-04	1.518788e+02
2.210236e+02	6.689505e-01	3.428434e-04	1.914676e+02
2.541772e+02	6.059467e-01	3.054519e-04	2.419554e+02
2.923037e+02	5.475729e-01	2.694622e-04	3.064796e+02
3.361493e+02	4.938349e-01	2.361565e-04	3.890962e+02
3.865717e+02	4.446824e-01	2.106145e-04	4.950121e+02
4.445574e+02	3.999708e-01	1.812839e-04	6.309090e+02
5.112411e+02	3.588209e-01	1.628985e-04	8.055013e+02
5.879272e+02	3.216826e-01	1.427205e-04	1.030064e+03
6.761163e+02	2.886555e-01	1.249582e-04	1.318760e+03
7.775337e+02	2.592574e-01	1.111171e-04	1.689283e+03
8.941638e+02	2.327457e-01	9.534622e-05	2.164533e+03
1.028288e+03	2.089653e-01	8.468464e-05	2.773982e+03
1.182532e+03	1.877183e-01	7.371188e-05	3.555049e+03
1.359911e+03	1.687490e-01	6.479944e-05	4.555293e+03
1.563898e+03	1.518350e-01	5.703410e-05	5.834895e+03
1.798483e+03	1.367993e-01	4.946744e-05	7.469803e+03
2.068255e+03	1.234547e-01	4.389484e-05	9.555576e+03
2.378493e+03	1.116107e-01	0.000000e+00	1.221182e+04
2.735268e+03	1.011229e-01	0.000000e+00	1.558755e+04
3.145558e+03	9.186313e-02	0.000000e+00	1.986746e+04
3.617391e+03	8.369056e-02	0.000000e+00	2.527899e+04
4.160000e+03	7.648870e-02	0.000000e+00	3.210036e+04
4.784000e+03	7.016572e-02	0.000000e+00	4.066933e+04
5.501600e+03	6.462480e-02	0.000000e+00	5.139265e+04
6.326840e+03	5.977421e-02	0.000000e+00	6.475574e+04
7.275866e+03	5.554868e-02	0.000000e+00	8.133256e+04
8.367246e+03	5.188867e-02	0.000000e+00	1.017949e+05
9.622333e+03	4.872985e-02	0.000000e+00	1.269212e+05
