# Energy_MeV	dEdx_Elec_MeV_um	dEdx_Nucl_MeV_um	Range_um
1.000000e-05	2.237042e-03	3.280909e-02	5.097925e-03
1.150000e-05	2.418636e-03	3.614741e-02	5.466916e-03
1.322500e-05	2.613220e-03	3.960039e-02	5.862614e-03
1.520875e-05	2.821748e-03	4.346289e-02	6.286953e-03
1.749006e-05	3.045242e-03	4.769497e-02	6.742006e-03
2.011357e-05	3.284795e-03	5.221062e-02	7.229996e-03
2.313061e-05	3.541581e-03	5.727104e-02	7.753307e-03
2.660020e-05	3.816854e-03	6.254166e-02	8.314495e-03
3.059023e-05	4.111961e-03	6.840204e-02	8.916303e-03
3.517876e-05	4.428346e-03	7.461817e-02	9.561669e-03
4.045558e-05	4.767554e-03	8.118035e-02	1.025375e-02
4.652391e-05	5.131243e-03	8.846219e-02	1.099592e-02
5.350250e-05	5.521192e-03	9.604434e-02	1.179181e-02
6.152788e-05	5.939305e-03	1.043410e-01	1.264531e-02
7.075706e-05	6.387626e-03	1.128267e-01	1.356058e-02
8.137062e-05	6.868345e-03	1.221426e-01	1.454210e-02
9.357621e-05	7.383812e-03	1.321523e-01	1.559467e-02
1.076126e-04	7.936545e-03	1.428262e-01	1.672342e-02
1.237545e-04	8.529244e-03	1.539313e-01	1.793387e-02
1.423177e-04	9.164805e-03	1.653298e-01	1.923193e-02
1.636654e-04	9.846334e-03	1.776286e-01	2.062395e-02
1.882152e-04	1.057716e-02	1.906278e-01	2.211672e-02
2.164475e-04	1.136085e-02	2.043871e-01	2.371754e-02
2.489146e-04	1.220124e-02	2.184934e-01	2.543423e-02
2.862518e-04	1.310243e-02	2.332306e-01	2.727517e-02
3.291895e-04	1.406883e-02	2.481579e-01	2.924937e-02
3.785680e-04	1.510515e-02	2.636130e-01	3.136645e-02
4.353531e-04	1.621646e-02	2.792633e-01	3.363677e-02
5.006561e-04	1.740819e-02	2.952174e-01	3.607142e-02
5.757545e-04	1.868616e-02	3.117987e-01	3.868229e-02
6.621177e-04	2.005661e-02	3.271589e-01	4.148213e-02
7.614354e-04	2.152625e-02	3.432954e-01	4.448463e-02
8.756507e-04	2.310223e-02	3.598167e-01	4.770445e-02
1.006998e-03	2.479228e-02	3.755130e-01	5.115732e-02
1.158048e-03	2.660464e-02	3.923408e-01	5.486012e-02
1.331755e-03	2.854817e-02	4.063298e-01	5.883092e-02
1.531519e-03	3.063236e-02	4.211247e-01	6.308913e-02
1.761246e-03	3.286740e-02	4.356817e-01	6.765556e-02
2.025433e-03	3.526420e-02	4.487940e-01	7.255251e-02
2.329248e-03	3.783447e-02	4.626376e-01	7.780389e-02
2.678635e-03	4.059078e-02	4.739449e-01	8.343538e-02
3.080431e-03	4.354658e-02	4.855138e-01	8.947448e-02
3.542495e-03	4.671631e-02	4.955737e-01	9.595069e-02
4.073870e-03	5.011546e-02	5.041075e-01	1.028956e-01
4.684950e-03	5.376064e-02	5.126861e-01	1.103433e-01
5.387693e-03	5.766966e-02	5.194324e-01	1.183342e-01
6.195847e-03	6.186160e-02	5.258508e-01	1.268967e-01
7.125224e-03	6.635696e-02	5.304105e-01	1.360827e-01
8.194007e-03	7.117769e-02	5.344966e-01	1.459320e-01
9.423108e-03	7.634734e-02	5.377701e-01	1.564944e-01
1.083657e-02	8.189117e-02	5.401890e-01	1.678214e-01
1.246206e-02	8.783626e-02	5.410706e-01	1.799682e-01
1.433137e-02	9.421165e-02	5.406258e-01	1.929941e-01
1.648108e-02	1.010485e-01	5.392041e-01	2.069629e-01
1.895324e-02	1.083802e-01	5.366534e-01	2.219428e-01
2.179622e-02	1.162426e-01	5.329900e-01	2.380069e-01
2.506566e-02	1.246740e-01	5.277435e-01	2.552338e-01
2.882550e-02	1.337157e-01	5.211946e-01	2.737075e-01
3.314933e-02	1.434119e-01	5.132544e-01	2.935183e-01
3.812173e-02	1.538099e-01	5.040301e-01	3.147631e-01
4.383999e-02	1.649604e-01	4.933991e-01	3.375457e-01
5.041599e-02	1.769181e-01	4.815214e-01	3.619772e-01
5.797838e-02	1.897413e-01	4.682644e-01	3.881770e-01
6.667514e-02	2.034926e-01	4.546074e-01	4.162732e-01
7.667641e-02	2.182392e-01	4.394859e-01	4.464032e-01
8.817787e-02	2.340532e-01	4.229998e-01	4.787139e-01
1.014046e-01	2.510118e-01	4.063537e-01	5.133632e-01
1.166152e-01	2.691979e-01	3.879833e-01	5.505203e-01
1.341075e-01	2.887003e-01	3.710987e-01	5.903671e-01
1.542237e-01	3.096144e-01	3.527505e-01	6.330982e-01
1.773572e-01	3.320421e-01	3.336433e-01	6.789220e-01
2.039608e-01	3.560932e-01	3.155083e-01	7.280623e-01
2.345549e-01	3.818852e-01	2.958327e-01	7.807595e-01
2.697381e-01	4.095440e-01	2.781980e-01	8.372713e-01
3.101989e-01	4.392047e-01	2.596930e-01	8.978722e-01
3.567287e-01	4.710123e-01	2.420626e-01	9.628666e-01
4.102380e-01	5.051221e-01	2.259960e-01	1.032536e+00
4.717737e-01	5.417027e-01	2.090267e-01	1.107502e+00
5.425397e-01	5.809314e-01	1.939637e-01	1.188665e+00
6.239207e-01	6.229994e-01	1.788270e-01	1.276560e+00
7.175088e-01	6.681123e-01	1.654984e-01	1.371847e+00
8.251351e-01	7.164906e-01	1.522369e-01	1.475242e+00
9.489054e-01	7.683706e-01	1.401237e-01	1.587582e+00
1.091241e+00	8.200848e-01	1.291854e-01	1.709837e+00
1.254927e+00	8.695564e-01	1.201438e-01	1.843155e+00
1.443166e+00	9.404932e-01	1.104862e-01	1.939297e+00
1.659641e+00	1.028838e+00	9.937993e-02	1.969487e+00
1.908588e+00	1.123865e+00	8.873904e-02	1.997434e+00
2.194876e+00	1.229835e+00	7.880810e-02	2.023801e+00
2.524107e+00	1.346100e+00	7.122509e-02	2.049398e+00
2.902723e+00	1.472239e+00	6.399163e-02	2.075471e+00
3.338132e+00	1.613093e+00	5.784844e-02	2.103448e+00
3.838852e+00	1.760820e+00	5.209999e-02	2.135097e+00
4.414679e+00	1.914792e+00	4.685016e-02	2.172544e+00
5.076881e+00	2.070675e+00	4.223987e-02	2.218307e+00
5.838413e+00	2.238534e+00	3.765350e-02	2.275322e+00
6.714175e+00	2.420597e+00	3.417335e-02	2.346966e+00
7.721302e+00	2.582598e+00	3.067909e-02	2.437064e+00
8.879497e+00	2.741270e+00	2.734361e-02	2.549894e+00
1.021142e+01	2.894650e+00	2.454886e-02	2.690235e+00
1.174313e+01	3.023386e+00	2.164880e-02	2.863321e+00
1.350460e+01	3.155180e+00	1.959522e-02	3.074904e+00
1.553030e+01	3.275451e+00	1.748015e-02	3.331332e+00
1.785984e+01	3.386820e+00	1.551109e-02	3.639719e+00
2.053882e+01	3.492450e+00	1.387271e-02	4.008227e+00
2.361964e+01	3.569497e+00	1.218599e-02	4.446460e+00
2.716258e+01	3.642803e+00	1.091410e-02	4.965996e+00
3.123697e+01	3.695179e+00	9.646807e-03	5.581062e+00
3.592252e+01	3.728459e+00	8.557053e-03	6.309330e+00
4.131089e+01	3.749069e+00	7.660559e-03	7.172908e+00
4.750753e+01	3.728256e+00	6.759821e-03	8.199532e+00
5.463366e+01	3.700854e+00	6.039822e-03	9.424059e+00
6.282871e+01	3.664557e+00	5.350924e-03	1.089037e+01
7.225301e+01	3.606394e+00	4.785171e-03	1.265354e+01
8.309096e+01	3.530971e+00	4.256319e-03	1.478365e+01
9.555461e+01	3.947704e+00	3.769820e-03	1.736587e+01
1.098878e+02	3.726430e+00	3.300489e-03	2.052104e+01
1.263710e+02	3.505574e+00	2.939144e-03	2.439027e+01
1.453266e+02	3.285510e+00	2.611784e-03	2.914198e+01
1.671256e+02	3.066099e+00	2.317288e-03	3.500500e+01
1.921945e+02	2.851719e+00	2.049349e-03	4.227424e+01
2.210236e+02	2.645542e+00	1.787718e-03	5.131898e+01
2.541772e+02	2.444931e+00	1.585906e-03	6.261594e+01
2.923037e+02	2.250079e+00	1.389027e-03	7.681528e+01
3.361493e+02	2.064900e+00	1.232322e-03	9.475960e+01
3.865717e+02	1.901756e+00	1.088738e-03	1.174229e+02
4.445574e+02	1.749959e+00	9.591735e-04	1.460064e+02
5.112411e+02	1.605103e+00	8.514284e-04	1.821699e+02
5.879272e+02	1.467527e+00	7.432844e-04	2.280750e+02
6.761163e+02	1.337929e+00	6.665705e-04	2.865208e+02
7.775337e+02	1.216746e+00	5.892522e-04	3.611062e+02
8.941638e+02	1.104023e+00	5.165952e-04	4.564618e+02
1.028288e+03	9.984487e-01	4.569105e-04	5.786496e+02
1.182532e+03	9.013170e-01	3.960504e-04	7.355208e+02
1.359911e+03	8.134371e-01	3.546273e-04	9.369413e+02
1.563898e+03	7.338627e-01	3.120952e-04	1.195269e+03
1.798483e+03	6.612963e-01	2.731735e-04	1.526547e+03
2.068255e+03	5.957103e-01	2.408271e-04	1.951411e+03
2.378493e+03	5.367206e-01	2.083629e-04	2.496077e+03
2.735268e+03	4.835511e-01	1.842734e-04	3.193857e+03
3.145558e+03	4.357103e-01	1.607050e-04	4.086888e+03
3.617391e+03	3.930671e-01	1.405866e-04	5.228314e+03
4.160000e+03	3.551456e-01	1.243136e-04	6.684963e+03
4.784000e+03	3.213229e-01	1.082639e-04	8.540421e+03
5.501600e+03	2.912962e-01	9.540551e-05	1.089878e+04
6.326840e+03	2.647856e-01	8.351105e-05	1.388898e+04
7.275866e+03	2.413502e-01	7.367421e-05	1.766973e+04
8.367246e+03	2.206676e-01	6.470403e-05	2.243511e+04
9.622333e+03	2.025274e-01	5.655715e-05	2.842067e+04
