# Energy_MeV	dEdx_Elec_MeV_um	dEdx_Nucl_MeV_um	Range_um
1.000000e-05	2.070416e-03	2.638512e-02	8.227520e-03
1.150000e-05	2.230617e-03	2.873023e-02	8.823032e-03
1.322500e-05	2.402367e-03	3.126971e-02	9.461648e-03
1.520875e-05	2.586507e-03	3.397200e-02	1.014649e-02
1.749006e-05	2.783935e-03	3.678791e-02	1.088089e-02
2.011357e-05	2.995617e-03	3.984091e-02	1.166846e-02
2.313061e-05	3.222587e-03	4.319458e-02	1.251303e-02
2.660020e-05	3.465954e-03	4.657260e-02	1.341873e-02
3.059023e-05	3.726909e-03	5.040952e-02	1.438998e-02
3.517876e-05	4.006725e-03	5.411478e-02	1.543154e-02
4.045558e-05	4.306770e-03	5.820902e-02	1.654848e-02
4.652391e-05	4.628509e-03	6.263100e-02	1.774627e-02
5.350250e-05	4.973516e-03	6.696419e-02	1.903075e-02
6.152788e-05	5.343475e-03	7.190421e-02	2.040821e-02
7.075706e-05	5.740194e-03	7.665826e-02	2.188537e-02
8.137062e-05	6.165610e-03	8.181546e-02	2.346944e-02
9.357621e-05	6.621804e-03	8.703369e-02	2.516817e-02
1.076126e-04	7.111002e-03	9.222308e-02	2.698986e-02
1.237545e-04	7.635596e-03	9.784861e-02	2.894340e-02
1.423177e-04	8.198147e-03	1.031449e-01	3.103833e-02
1.636654e-04	8.801405e-03	1.087683e-01	3.328491e-02
1.882152e-04	9.448317e-03	1.140153e-01	3.569408e-02
2.164475e-04	1.014204e-02	1.197662e-01	3.827764e-02
2.489146e-04	1.088597e-02	1.252008e-01	4.104820e-02
2.862518e-04	1.168374e-02	1.306611e-01	4.401929e-02
3.291895e-04	1.253924e-02	1.361768e-01	4.720543e-02
3.785680e-04	1.345665e-02	1.409452e-01	5.062218e-02
4.353531e-04	1.444046e-02	1.461903e-01	5.428624e-02
5.006561e-04	1.549547e-02	1.508324e-01	5.821551e-02
5.757545e-04	1.662684e-02	1.554001e-01	6.242918e-02
6.621177e-04	1.784009e-02	1.599248e-01	6.694783e-02
7.614354e-04	1.914116e-02	1.638400e-01	7.179355e-02
8.756507e-04	2.053639e-02	1.675544e-01	7.699001e-02
1.006998e-03	2.203260e-02	1.707970e-01	8.256259e-02
1.158048e-03	2.363710e-02	1.737799e-01	8.853851e-02
1.331755e-03	2.535774e-02	1.764917e-01	9.494697e-02
1.531519e-03	2.720291e-02	1.788198e-01	1.018193e-01
1.761246e-03	2.918164e-02	1.806715e-01	1.091890e-01
2.025433e-03	3.130358e-02	1.822785e-01	1.170922e-01
2.329248e-03	3.357911e-02	1.837172e-01	1.255307e-01
2.678635e-03	3.601934e-02	1.844757e-01	1.346324e-01
3.080431e-03	3.863619e-02	1.853062e-01	1.444072e-01
3.542495e-03	4.144244e-02	1.852837e-01	1.548575e-01
4.073870e-03	4.445182e-02	1.850907e-01	1.660664e-01
4.684950e-03	4.767901e-02	1.845481e-01	1.780862e-01
5.387693e-03	5.113978e-02	1.833766e-01	1.909759e-01
6.195847e-03	5.485105e-02	1.820248e-01	2.047986e-01
7.125224e-03	5.883094e-02	1.800057e-01	2.196217e-01
8.194007e-03	6.309889e-02	1.776119e-01	2.355178e-01
9.423108e-03	6.767576e-02	1.747205e-01	2.525645e-01
1.083657e-02	7.258390e-02	1.713988e-01	2.708450e-01
1.246206e-02	7.784729e-02	1.675539e-01	2.904486e-01
1.433137e-02	8.349166e-02	1.633859e-01	3.114711e-01
1.648108e-02	8.954456e-02	1.587816e-01	3.340153e-01
1.895324e-02	9.603557e-02	1.539551e-01	3.581913e-01
2.179622e-02	1.029964e-01	1.485233e-01	3.841171e-01
2.506566e-02	1.104611e-01	1.429603e-01	4.119194e-01
2.882550e-02	1.184660e-01	1.370406e-01	4.417340e-01
3.314933e-02	1.270504e-01	1.309212e-01	4.737067e-01
3.812173e-02	1.362561e-01	1.250110e-01	5.079937e-01
4.383999e-02	1.461281e-01	1.184618e-01	5.447623e-01
5.041599e-02	1.567147e-01	1.122427e-01	5.841921e-01
5.797838e-02	1.680675e-01	1.057920e-01	6.264759e-01
6.667514e-02	1.802420e-01	9.926727e-02	6.718205e-01
7.667641e-02	1.932977e-01	9.303740e-02	7.204470e-01
8.817787e-02	2.072985e-01	8.691450e-02	7.725930e-01
1.014046e-01	2.223126e-01	8.111501e-02	8.285132e-01
1.166152e-01	2.384134e-01	7.540260e-02	8.884813e-01
1.341075e-01	2.556796e-01	6.987193e-02	9.527899e-01
1.542237e-01	2.741955e-01	6.452993e-02	1.021754e+00
1.773572e-01	2.940517e-01	5.981950e-02	1.095706e+00
2.039608e-01	3.153450e-01	5.506821e-02	1.175019e+00
2.345549e-01	3.381797e-01	5.033158e-02	1.260059e+00
2.697381e-01	3.626683e-01	4.698424e-02	1.351766e+00
3.101989e-01	3.889293e-01	4.313527e-02	1.451092e+00
3.567287e-01	4.170912e-01	3.994525e-02	1.558684e+00
4.102380e-01	4.472914e-01	3.645047e-02	1.675351e+00
4.717737e-01	4.796768e-01	3.249047e-02	1.791706e+00
5.425397e-01	5.144035e-01	2.944491e-02	1.874760e+00
6.239207e-01	5.467068e-01	2.594252e-02	1.957788e+00
7.175088e-01	5.800777e-01	2.360540e-02	2.040480e+00
8.251351e-01	6.314464e-01	2.118484e-02	2.122650e+00
9.489054e-01	6.882171e-01	1.910993e-02	2.204293e+00
1.091241e+00	7.475780e-01	1.726893e-02	2.285643e+00
1.254927e+00	8.073496e-01	1.540291e-02	2.367236e+00
1.443166e+00	8.713243e-01	1.397029e-02	2.449985e+00
1.659641e+00	9.298321e-01	1.249875e-02	2.535306e+00
1.908588e+00	9.894319e-01	1.132256e-02	2.625135e+00
2.194876e+00	1.044795e+00	1.008924e-02	2.722056e+00
2.524107e+00	1.088212e+00	9.072402e-03	2.829392e+00
2.902723e+00	1.129912e+00	8.087749e-03	2.951293e+00
3.338132e+00	1.172398e+00	7.190462e-03	3.092855e+00
3.838852e+00	1.211880e+00	6.482496e-03	3.260201e+00
4.414679e+00	1.244649e+00	5.738108e-03	3.460587e+00
5.076881e+00	1.269440e+00	5.144474e-03	3.702545e+00
5.838413e+00	1.292329e+00	4.563914e-03	3.995978e+00
6.714175e+00	1.305880e+00	4.032703e-03	4.352340e+00
7.721302e+00	1.316683e+00	3.583861e-03	4.784863e+00
8.879497e+00	1.324004e+00	3.181165e-03	5.308923e+00
1.021142e+01	1.322568e+00	2.834303e-03	5.942597e+00
1.174313e+01	1.317229e+00	2.518483e-03	6.707476e+00
1.350460e+01	1.303340e+00	2.237253e-03	7.629819e+00
1.553030e+01	1.284013e+00	1.980776e-03	8.742093e+00
1.785984e+01	1.258950e+00	1.774594e-03	1.008498e+01
2.053882e+01	1.226847e+00	1.573848e-03	1.170996e+01
2.361964e+01	1.189970e+00	1.388583e-03	1.368259e+01
2.716258e+01	1.148706e+00	1.244064e-03	1.608676e+01
3.123697e+01	1.102390e+00	1.077867e-03	1.902996e+01
3.592252e+01	1.049886e+00	9.738663e-04	2.265029e+01
4.131089e+01	9.966901e-01	8.579618e-04	2.712493e+01
4.750753e+01	1.018519e+00	7.562903e-04	3.268077e+01
5.463366e+01	9.378231e-01	6.757473e-04	3.960827e+01
6.282871e+01	8.633394e-01	5.836997e-04	4.830856e+01
7.225301e+01	7.926213e-01	5.221106e-04	5.924772e+01
8.309096e+01	7.253107e-01	4.572997e-04	7.303175e+01
9.555461e+01	6.611523e-01	4.048062e-04	9.045914e+01
1.098878e+02	6.009739e-01	3.589050e-04	1.125611e+02
1.263710e+02	5.451360e-01	3.135621e-04	1.406426e+02
1.453266e+02	4.925738e-01	2.800796e-04	1.764172e+02
1.671256e+02	4.434209e-01	2.460431e-04	2.222079e+02
1.921945e+02	3.986925e-01	2.198439e-04	2.809479e+02
2.210236e+02	3.604785e-01	1.925935e-04	3.560602e+02
2.541772e+02	3.253099e-01	1.708802e-04	4.519640e+02
2.923037e+02	2.930519e-01	1.497567e-04	5.746079e+02
3.361493e+02	2.635556e-01	1.313490e-04	7.316663e+02
3.865717e+02	2.367054e-01	1.168380e-04	9.330407e+02
4.445574e+02	2.124335e-01	1.018847e-04	1.191399e+03
5.112411e+02	1.904368e-01	9.028826e-05	1.523049e+03
5.879272e+02	1.704555e-01	7.884136e-05	1.949307e+03
6.761163e+02	1.525421e-01	6.876533e-05	2.497461e+03
7.775337e+02	1.368009e-01	6.018872e-05	3.201561e+03
8.941638e+02	1.227241e-01	5.276975e-05	4.104579e+03
1.028288e+03	1.100987e-01	4.639284e-05	5.262463e+03
1.182532e+03	9.881759e-02	0.000000e+00	6.746587e+03
1.359911e+03	8.875261e-02	0.000000e+00	8.647772e+03
1.563898e+03	7.978649e-02	0.000000e+00	1.108127e+04
1.798483e+03	7.181097e-02	0.000000e+00	1.419279e+04
2.068255e+03	6.472724e-02	0.000000e+00	1.816610e+04
2.378493e+03	5.844100e-02	0.000000e+00	2.323206e+04
2.735268e+03	5.286590e-02	0.000000e+00	2.967916e+04
3.145558e+03	4.793482e-02	0.000000e+00	3.786625e+04
3.617391e+03	4.358146e-02	0.000000e+00	4.823711e+04
4.160000e+03	3.973968e-02	0.000000e+00	6.133710e+04
4.784000e+03	3.635699e-02	0.000000e+00	7.783169e+04
5.501600e+03	3.338823e-02	0.000000e+00	9.852666e+04
6.326840e+03	3.078864e-02	0.000000e+00	1.243895e+05
7.275866e+03	2.851880e-02	0.000000e+00	1.565712e+05
8.367246e+03	2.654624e-02	0.000000e+00	1.964283e+05
9.622333e+03	2.483972e-02	0.000000e+00	2.455433e+05
