# Energy_MeV	dEdx_Elec_MeV_um	dEdx_Nucl_MeV_um	Range_um
1.000000e-05	2.213996e-03	3.279308e-02	5.158347e-03
1.150000e-05	2.393437e-03	3.613124e-02	5.531711e-03
1.322500e-05	2.585719e-03	3.959833e-02	5.932099e-03
1.520875e-05	2.791783e-03	4.346280e-02	6.361468e-03
1.749006e-05	3.012640e-03	4.767334e-02	6.821914e-03
2.011357e-05	3.249369e-03	5.220809e-02	7.315688e-03
2.313061e-05	3.503131e-03	5.727135e-02	7.845201e-03
2.660020e-05	3.775164e-03	6.255398e-02	8.413041e-03
3.059023e-05	4.066801e-03	6.844684e-02	9.021982e-03
3.517876e-05	4.379467e-03	7.463203e-02	9.674997e-03
4.045558e-05	4.714690e-03	8.123362e-02	1.037528e-02
4.652391e-05	5.074109e-03	8.851122e-02	1.112625e-02
5.350250e-05	5.459480e-03	9.611873e-02	1.193157e-02
6.152788e-05	5.872686e-03	1.045078e-01	1.279518e-02
7.075706e-05	6.315747e-03	1.129520e-01	1.372131e-02
8.137062e-05	6.790828e-03	1.222824e-01	1.471446e-02
9.357621e-05	7.300250e-03	1.323717e-01	1.577950e-02
1.076126e-04	7.846501e-03	1.429938e-01	1.692163e-02
1.237545e-04	8.432252e-03	1.542869e-01	1.814643e-02
1.423177e-04	9.060363e-03	1.656304e-01	1.945988e-02
1.636654e-04	9.733903e-03	1.779727e-01	2.086839e-02
1.882152e-04	1.045616e-02	1.911033e-01	2.237886e-02
2.164475e-04	1.123067e-02	2.047964e-01	2.399865e-02
2.489146e-04	1.206121e-02	2.191348e-01	2.573569e-02
2.862518e-04	1.295185e-02	2.338002e-01	2.759845e-02
3.291895e-04	1.390692e-02	2.489204e-01	2.959604e-02
3.785680e-04	1.493110e-02	2.645922e-01	3.173821e-02
4.353531e-04	1.602939e-02	2.801665e-01	3.403544e-02
5.006561e-04	1.720715e-02	2.964066e-01	3.649895e-02
5.757545e-04	1.847015e-02	3.129081e-01	3.914076e-02
6.621177e-04	1.982455e-02	3.286623e-01	4.197379e-02
7.614354e-04	2.127696e-02	3.449288e-01	4.501187e-02
8.756507e-04	2.283449e-02	3.613660e-01	4.826986e-02
1.006998e-03	2.450474e-02	3.773737e-01	5.176366e-02
1.158048e-03	2.629587e-02	3.943817e-01	5.551034e-02
1.331755e-03	2.821663e-02	4.086927e-01	5.952820e-02
1.531519e-03	3.027641e-02	4.236803e-01	6.383689e-02
1.761246e-03	3.248526e-02	4.381632e-01	6.845743e-02
2.025433e-03	3.485399e-02	4.516188e-01	7.341242e-02
2.329248e-03	3.739415e-02	4.656700e-01	7.872605e-02
2.678635e-03	4.011817e-02	4.772050e-01	8.442428e-02
3.080431e-03	4.303934e-02	4.891220e-01	9.053496e-02
3.542495e-03	4.617195e-02	4.991348e-01	9.708792e-02
4.073870e-03	4.953128e-02	5.079842e-01	1.041152e-01
4.684950e-03	5.313377e-02	5.166643e-01	1.116194e-01
5.387693e-03	5.699699e-02	5.236076e-01	1.197358e-01
6.195847e-03	6.113983e-02	5.303708e-01	1.284009e-01
7.125224e-03	6.558253e-02	5.349115e-01	1.376958e-01
8.194007e-03	7.034679e-02	5.391262e-01	1.476616e-01
9.423108e-03	7.545589e-02	5.426099e-01	1.583493e-01
1.083657e-02	8.093478e-02	5.450209e-01	1.698104e-01
1.246206e-02	8.681023e-02	5.462143e-01	1.821012e-01
1.433137e-02	9.311095e-02	5.457749e-01	1.952816e-01
1.648108e-02	9.986771e-02	5.444710e-01	2.094159e-01
1.895324e-02	1.071135e-01	5.420650e-01	2.245733e-01
2.179622e-02	1.148838e-01	5.384229e-01	2.408278e-01
2.506566e-02	1.232165e-01	5.333454e-01	2.582589e-01
2.882550e-02	1.321523e-01	5.268310e-01	2.769516e-01
3.314933e-02	1.417349e-01	5.189796e-01	2.969972e-01
3.812173e-02	1.520110e-01	5.097997e-01	3.184938e-01
4.383999e-02	1.630310e-01	4.992225e-01	3.415464e-01
5.041599e-02	1.748486e-01	4.873296e-01	3.662675e-01
5.797838e-02	1.875216e-01	4.741387e-01	3.927779e-01
6.667514e-02	2.011118e-01	4.603588e-01	4.212071e-01
7.667641e-02	2.156857e-01	4.452147e-01	4.516940e-01
8.817787e-02	2.313145e-01	4.288125e-01	4.843878e-01
1.014046e-01	2.480744e-01	4.119925e-01	5.194479e-01
1.166152e-01	2.660475e-01	3.935403e-01	5.570455e-01
1.341075e-01	2.853215e-01	3.764021e-01	5.973643e-01
1.542237e-01	3.059905e-01	3.579165e-01	6.406017e-01
1.773572e-01	3.281556e-01	3.389066e-01	6.869687e-01
2.039608e-01	3.519250e-01	3.204534e-01	7.366917e-01
2.345549e-01	3.774148e-01	3.006003e-01	7.900135e-01
2.697381e-01	4.047496e-01	2.827255e-01	8.471946e-01
3.101989e-01	4.340629e-01	2.638290e-01	9.085146e-01
3.567287e-01	4.654979e-01	2.462481e-01	9.742774e-01
4.102380e-01	4.992082e-01	2.298250e-01	1.044776e+00
4.717737e-01	5.353599e-01	2.127422e-01	1.120545e+00
5.425397e-01	5.741290e-01	1.974256e-01	1.202530e+00
6.239207e-01	6.157042e-01	1.817767e-01	1.291314e+00
7.175088e-01	6.602887e-01	1.685088e-01	1.387550e+00
8.251351e-01	7.081002e-01	1.550674e-01	1.491953e+00
9.489054e-01	7.593724e-01	1.424666e-01	1.605362e+00
1.091241e+00	8.124078e-01	1.315731e-01	1.728744e+00
1.254927e+00	8.607273e-01	1.222077e-01	1.863240e+00
1.443166e+00	9.267479e-01	1.125993e-01	1.980066e+00
1.659641e+00	1.013256e+00	1.015495e-01	2.011414e+00
1.908588e+00	1.106905e+00	9.050622e-02	2.040373e+00
2.194876e+00	1.211791e+00	8.061680e-02	2.067584e+00
2.524107e+00	1.325348e+00	7.258358e-02	2.093847e+00
2.902723e+00	1.450165e+00	6.538336e-02	2.120368e+00
3.338132e+00	1.589078e+00	5.902091e-02	2.148565e+00
3.838852e+00	1.734452e+00	5.309000e-02	2.180192e+00
4.414679e+00	1.890597e+00	4.786441e-02	2.217363e+00
5.076881e+00	2.042849e+00	4.307335e-02	2.262583e+00
5.838413e+00	2.209047e+00	3.850794e-02	2.318786e+00
6.714175e+00	2.394588e+00	3.484662e-02	2.389350e+00
7.721302e+00	2.553679e+00	3.129016e-02	2.478122e+00
8.879497e+00	2.717460e+00	2.797165e-02	2.589383e+00
1.021142e+01	2.867268e+00	2.508091e-02	2.727960e+00
1.174313e+01	3.001723e+00	2.212110e-02	2.899123e+00
1.350460e+01	3.136508e+00	1.999609e-02	3.108667e+00
1.553030e+01	3.253979e+00	1.783626e-02	3.362983e+00
1.785984e+01	3.370422e+00	1.586373e-02	3.669200e+00
2.053882e+01	3.473591e+00	1.418071e-02	4.035474e+00
2.361964e+01	3.556424e+00	1.245771e-02	4.471355e+00
2.716258e+01	3.634672e+00	1.115420e-02	4.988305e+00
3.123697e+01	3.685828e+00	9.842767e-03	5.600385e+00
3.592252e+01	3.725259e+00	8.744636e-03	6.325027e+00
4.131089e+01	3.745389e+00	7.825634e-03	7.184023e+00
4.750753e+01	3.732175e+00	6.912535e-03	8.204700e+00
5.463366e+01	3.706490e+00	6.175152e-03	9.421396e+00
6.282871e+01	3.671038e+00	5.454767e-03	1.087732e+01
7.225301e+01	3.618075e+00	4.891500e-03	1.262672e+01
8.309096e+01	3.544594e+00	4.351752e-03	1.473869e+01
9.555461e+01	3.988053e+00	3.849550e-03	1.729695e+01
1.098878e+02	3.763086e+00	3.382248e-03	2.041828e+01
1.263710e+02	3.542847e+00	2.997672e-03	2.424621e+01
1.453266e+02	3.322368e+00	2.671725e-03	2.894393e+01
1.671256e+02	3.102819e+00	2.370066e-03	3.473581e+01
1.921945e+02	2.887350e+00	2.093293e-03	4.191137e+01
2.210236e+02	2.679853e+00	1.832791e-03	5.083481e+01
2.541772e+02	2.479171e+00	1.619516e-03	6.197140e+01
2.923037e+02	2.282279e+00	1.423527e-03	7.595263e+01
3.361493e+02	2.095426e+00	1.260095e-03	9.361150e+01
3.865717e+02	1.928260e+00	1.111292e-03	1.159248e+02
4.445574e+02	1.775082e+00	9.823192e-04	1.440621e+02
5.112411e+02	1.629011e+00	8.697008e-04	1.796393e+02
5.879272e+02	1.490132e+00	7.620450e-04	2.247765e+02
6.761163e+02	1.359212e+00	6.807562e-04	2.822174e+02
7.775337e+02	1.236570e+00	6.018908e-04	3.554956e+02
8.941638e+02	1.122490e+00	5.288697e-04	4.491507e+02
1.028288e+03	1.015662e+00	4.676646e-04	5.691092e+02
1.182532e+03	9.171110e-01	4.053889e-04	7.230852e+02
1.359911e+03	8.275587e-01	3.623992e-04	9.208129e+02
1.563898e+03	7.467889e-01	3.188814e-04	1.174446e+03
1.798483e+03	6.730385e-01	2.792567e-04	1.499682e+03
2.068255e+03	6.062876e-01	2.465904e-04	1.916816e+03
2.378493e+03	5.462402e-01	2.132621e-04	2.451616e+03
2.735268e+03	4.921389e-01	1.886319e-04	3.136851e+03
3.145558e+03	4.434070e-01	1.641765e-04	4.013996e+03
3.617391e+03	3.999070e-01	1.437120e-04	5.135381e+03
4.160000e+03	3.612374e-01	1.271804e-04	6.566862e+03
4.784000e+03	3.267542e-01	1.107082e-04	8.390874e+03
5.501600e+03	2.961022e-01	9.770316e-05	1.071016e+04
6.326840e+03	2.690282e-01	8.522586e-05	1.365209e+04
7.275866e+03	2.451029e-01	7.543193e-05	1.737365e+04
8.367246e+03	2.239707e-01	6.626288e-05	2.206703e+04
9.622333e+03	2.054192e-01	5.783647e-05	2.796576e+04
