# Energy_MeV	dEdx_Elec_MeV_um	dEdx_Nucl_MeV_um	Range_um
1.000000e-05	3.310606e-03	6.147572e-03	7.720085e-03
1.150000e-05	3.568013e-03	6.590305e-03	8.278869e-03
1.322500e-05	3.843967e-03	7.053168e-03	8.878098e-03
1.520875e-05	4.139816e-03	7.544718e-03	9.520700e-03
1.749006e-05	4.457007e-03	8.062132e-03	1.020981e-02
2.011357e-05	4.797089e-03	8.577600e-03	1.094880e-02
2.313061e-05	5.161726e-03	9.101381e-03	1.174128e-02
2.660020e-05	5.552698e-03	9.660724e-03	1.259113e-02
3.059023e-05	5.971917e-03	1.021366e-02	1.350248e-02
3.517876e-05	6.421431e-03	1.078067e-02	1.447979e-02
4.045558e-05	6.903436e-03	1.130507e-02	1.552785e-02
4.652391e-05	7.420288e-03	1.188291e-02	1.665176e-02
5.350250e-05	7.974511e-03	1.248856e-02	1.785703e-02
6.152788e-05	8.568814e-03	1.300392e-02	1.914953e-02
7.075706e-05	9.206100e-03	1.356679e-02	2.053558e-02
8.137062e-05	9.889482e-03	1.408704e-02	2.202196e-02
9.357621e-05	1.062230e-02	1.459648e-02	2.361592e-02
1.076126e-04	1.140813e-02	1.514434e-02	2.532525e-02
1.237545e-04	1.225082e-02	1.557291e-02	2.715831e-02
1.423177e-04	1.315448e-02	1.603823e-02	2.912404e-02
1.636654e-04	1.412352e-02	1.648521e-02	3.123205e-02
1.882152e-04	1.516269e-02	1.685712e-02	3.349264e-02
2.164475e-04	1.627705e-02	1.722915e-02	3.591686e-02
2.489146e-04	1.747206e-02	1.753499e-02	3.851654e-02
2.862518e-04	1.875354e-02	1.784792e-02	4.130439e-02
3.291895e-04	2.012776e-02	1.810365e-02	4.427980e-02
3.785680e-04	2.160144e-02	1.829892e-02	4.750125e-02
4.353531e-04	2.318177e-02	1.849094e-02	5.093899e-02
5.006561e-04	2.487647e-02	1.865792e-02	5.462641e-02
5.757545e-04	2.669383e-02	1.876939e-02	5.858005e-02
6.621177e-04	2.864272e-02	1.883951e-02	6.282003e-02
7.614354e-04	3.073265e-02	1.888056e-02	6.736688e-02
8.756507e-04	3.297385e-02	1.888080e-02	7.224286e-02
1.006998e-03	3.537727e-02	1.885223e-02	7.747176e-02
1.158048e-03	3.795463e-02	1.876644e-02	8.307911e-02
1.331755e-03	4.071854e-02	1.863236e-02	8.909231e-02
1.531519e-03	4.368249e-02	1.846434e-02	9.554077e-02
1.761246e-03	4.686097e-02	1.824840e-02	1.024560e-01
2.025433e-03	5.026951e-02	1.798048e-02	1.098717e-01
2.329248e-03	5.392475e-02	1.766985e-02	1.178242e-01
2.678635e-03	5.784455e-02	1.730643e-02	1.263523e-01
3.080431e-03	6.204807e-02	1.690464e-02	1.354976e-01
3.542495e-03	6.655584e-02	1.645806e-02	1.453050e-01
4.073870e-03	7.138988e-02	1.599244e-02	1.558221e-01
4.684950e-03	7.657380e-02	1.546500e-02	1.671005e-01
5.387693e-03	8.213293e-02	1.488913e-02	1.791952e-01
6.195847e-03	8.809444e-02	1.433177e-02	1.921654e-01
7.125224e-03	9.448744e-02	1.371642e-02	2.060744e-01
8.194007e-03	1.013432e-01	1.311297e-02	2.209900e-01
9.423108e-03	1.086951e-01	1.247963e-02	2.369853e-01
1.083657e-02	1.165792e-01	1.179274e-02	2.541383e-01
1.246206e-02	1.250339e-01	1.118971e-02	2.725330e-01
1.433137e-02	1.341006e-01	1.052678e-02	2.922590e-01
1.648108e-02	1.438235e-01	9.864904e-03	3.134127e-01
1.895324e-02	1.542502e-01	9.256595e-03	3.360975e-01
2.179622e-02	1.654316e-01	8.628945e-03	3.604242e-01
2.506566e-02	1.774223e-01	8.060027e-03	3.865134e-01
2.882550e-02	1.902808e-01	7.461411e-03	4.144820e-01
3.314933e-02	2.040715e-01	6.908976e-03	4.445366e-01
3.812173e-02	2.188610e-01	6.427636e-03	4.770535e-01
4.383999e-02	2.347209e-01	5.923526e-03	5.122673e-01
5.041599e-02	2.517289e-01	5.419516e-03	5.504353e-01
5.797838e-02	2.699679e-01	5.032464e-03	5.918419e-01
6.667514e-02	2.895271e-01	4.687686e-03	6.368185e-01
7.667641e-02	3.091030e-01	4.291191e-03	6.778138e-01
8.817787e-02	3.209566e-01	3.903218e-03	7.144651e-01
1.014046e-01	3.369975e-01	3.520271e-03	7.513019e-01
1.166152e-01	3.581948e-01	3.216517e-03	7.882608e-01
1.341075e-01	3.764433e-01	2.901146e-03	8.253873e-01
1.542237e-01	3.947007e-01	2.588876e-03	8.628625e-01
1.773572e-01	4.090796e-01	2.315387e-03	9.010376e-01
2.039608e-01	4.220192e-01	2.089390e-03	9.404790e-01
2.345549e-01	4.336727e-01	1.890517e-03	9.819993e-01
2.697381e-01	4.413179e-01	1.690843e-03	1.026705e+00
3.101989e-01	4.479218e-01	1.524271e-03	1.076043e+00
3.567287e-01	4.507603e-01	1.371062e-03	1.131855e+00
4.102380e-01	4.533474e-01	1.242296e-03	1.196441e+00
4.717737e-01	4.558472e-01	1.109802e-03	1.272638e+00
5.425397e-01	4.547062e-01	9.821552e-04	1.363906e+00
6.239207e-01	4.523837e-01	8.914229e-04	1.474427e+00
7.175088e-01	4.477627e-01	7.950637e-04	1.609232e+00
8.251351e-01	4.411411e-01	7.092347e-04	1.774333e+00
9.489054e-01	4.328019e-01	6.351231e-04	1.976899e+00
1.091241e+00	4.223036e-01	5.578338e-04	2.225476e+00
1.254927e+00	4.101736e-01	5.049909e-04	2.530286e+00
1.443166e+00	3.961198e-01	4.479538e-04	2.903666e+00
1.659641e+00	3.807699e-01	3.942289e-04	3.360684e+00
1.908588e+00	3.635989e-01	3.528562e-04	3.920026e+00
2.194876e+00	3.457920e-01	3.119019e-04	4.605231e+00
2.524107e+00	3.267397e-01	2.790686e-04	5.446407e+00
2.902723e+00	3.068741e-01	2.463291e-04	6.482544e+00
3.338132e+00	2.887865e-01	2.184820e-04	7.764590e+00
3.838852e+00	2.696455e-01	1.966537e-04	9.359443e+00
4.414679e+00	2.492071e-01	1.741555e-04	1.135505e+01
5.076881e+00	2.288692e-01	1.530789e-04	1.386664e+01
5.838413e+00	2.090768e-01	1.366052e-04	1.704544e+01
6.714175e+00	2.068113e-01	1.215008e-04	2.108375e+01
7.721302e+00	1.874310e-01	1.077382e-04	2.624245e+01
8.879497e+00	1.696547e-01	9.558015e-05	3.285369e+01
1.021142e+01	1.531296e-01	8.347071e-05	4.131436e+01
1.174313e+01	1.377737e-01	7.435876e-05	5.215020e+01
1.350460e+01	1.236719e-01	6.594542e-05	6.603522e+01
1.553030e+01	1.108956e-01	5.794454e-05	8.381920e+01
1.785984e+01	9.938596e-02	5.093505e-05	1.065821e+02
2.053882e+01	8.867098e-02	4.493428e-05	1.357641e+02
2.361964e+01	7.909242e-02	3.992004e-05	1.732632e+02
2.716258e+01	7.087935e-02	0.000000e+00	2.213536e+02
3.123697e+01	6.367952e-02	0.000000e+00	2.827663e+02
3.592252e+01	5.717652e-02	0.000000e+00	3.612021e+02
4.131089e+01	5.130143e-02	0.000000e+00	4.614988e+02
4.750753e+01	4.600018e-02	0.000000e+00	5.899027e+02
5.463366e+01	4.122991e-02	0.000000e+00	7.544439e+02
6.282871e+01	3.694951e-02	0.000000e+00	9.654099e+02
7.225301e+01	3.306052e-02	0.000000e+00	1.236184e+03
8.309096e+01	2.957079e-02	0.000000e+00	1.584155e+03
9.555461e+01	2.647513e-02	0.000000e+00	2.031255e+03
1.098878e+02	2.374476e-02	0.000000e+00	2.604830e+03
1.263710e+02	2.129655e-02	0.000000e+00	3.340110e+03
1.453266e+02	1.910767e-02	0.000000e+00	4.282654e+03
1.671256e+02	1.715358e-02	0.000000e+00	5.490301e+03
1.921945e+02	1.541170e-02	0.000000e+00	7.036636e+03
2.210236e+02	1.386215e-02	0.000000e+00	9.014833e+03
2.541772e+02	1.248499e-02	0.000000e+00	1.154253e+04
2.923037e+02	1.126214e-02	0.000000e+00	1.476785e+04
3.361493e+02	1.017735e-02	0.000000e+00	1.887631e+04
3.865717e+02	9.216640e-03	0.000000e+00	2.409923e+04
4.445574e+02	8.367674e-03	0.000000e+00	3.072352e+04
5.112411e+02	7.618242e-03	0.000000e+00	3.910285e+04
5.879272e+02	6.957559e-03	0.000000e+00	4.967030e+04
6.761163e+02	6.376626e-03	0.000000e+00	6.295226e+04
7.775337e+02	5.867337e-03	0.000000e+00	7.958336e+04
8.941638e+02	5.422313e-03	0.000000e+00	1.003221e+05
1.028288e+03	5.034837e-03	0.000000e+00	1.260666e+05
1.182532e+03	4.698846e-03	0.000000e+00	1.578697e+05
1.359911e+03	4.408824e-03	0.000000e+00	1.969533e+05
1.563898e+03	4.159959e-03	0.000000e+00	2.447205e+05
1.798483e+03	3.948112e-03	0.000000e+00	3.027664e+05
2.068255e+03	3.769535e-03	0.000000e+00	3.728885e+05
2.378493e+03	3.620832e-03	0.000000e+00	4.570842e+05
2.735268e+03	3.493804e-03	0.000000e+00	5.576410e+05
3.145558e+03	3.388822e-03	0.000000e+00	6.364850e+05
3.617391e+03	3.305134e-03	0.000000e+00	6.364850e+05
4.160000e+03	3.240420e-03	0.000000e+00	6.364850e+05
4.784000e+03	3.192527e-03	0.000000e+00	6.364850e+05
5.501600e+03	3.159516e-03	0.000000e+00	6.364850e+05
6.326840e+03	3.139625e-03	0.000000e+00	6.364850e+05
7.275866e+03	3.131208e-03	0.000000e+00	6.364850e+05
8.367246e+03	3.132752e-03	0.000000e+00	6.364850e+05
9.622333e+03	3.142877e-03	0.000000e+00	6.364850e+05
