# Energy_MeV	dEdx_Elec_MeV_um	dEdx_Nucl_MeV_um	Range_um
1.000000e-05	2.107301e-03	2.768854e-02	7.532267e-03
1.150000e-05	2.271473e-03	3.019559e-02	8.077457e-03
1.322500e-05	2.447471e-03	3.285906e-02	8.662107e-03
1.520875e-05	2.636155e-03	3.583466e-02	9.289075e-03
1.749006e-05	2.838447e-03	3.886969e-02	9.961423e-03
2.011357e-05	3.055337e-03	4.220490e-02	1.068244e-02
2.313061e-05	3.287884e-03	4.563670e-02	1.145564e-02
2.660020e-05	3.537225e-03	4.947663e-02	1.228480e-02
3.059023e-05	3.804578e-03	5.344512e-02	1.317398e-02
3.517876e-05	4.091250e-03	5.775590e-02	1.412752e-02
4.045558e-05	4.398641e-03	6.223419e-02	1.515008e-02
4.652391e-05	4.728254e-03	6.683455e-02	1.624665e-02
5.350250e-05	5.081698e-03	7.192739e-02	1.742259e-02
6.152788e-05	5.460701e-03	7.705886e-02	1.868365e-02
7.075706e-05	5.867115e-03	8.260989e-02	2.003598e-02
8.137062e-05	6.302924e-03	8.833964e-02	2.148619e-02
9.357621e-05	6.770258e-03	9.429327e-02	2.304138e-02
1.076126e-04	7.271401e-03	1.003397e-01	2.470912e-02
1.237545e-04	7.808800e-03	1.064978e-01	2.649758e-02
1.423177e-04	8.385081e-03	1.128713e-01	2.841549e-02
1.636654e-04	9.003060e-03	1.192961e-01	3.047222e-02
1.882152e-04	9.665755e-03	1.259856e-01	3.267782e-02
2.164475e-04	1.037640e-02	1.321231e-01	3.504305e-02
2.489146e-04	1.113848e-02	1.387653e-01	3.757949e-02
2.862518e-04	1.195570e-02	1.454581e-01	4.029951e-02
3.291895e-04	1.283207e-02	1.515980e-01	4.321641e-02
3.785680e-04	1.377186e-02	1.586370e-01	4.634444e-02
4.353531e-04	1.477966e-02	1.640003e-01	4.969887e-02
5.006561e-04	1.586040e-02	1.701681e-01	5.329611e-02
5.757545e-04	1.701935e-02	1.759711e-01	5.715371e-02
6.621177e-04	1.826219e-02	1.811097e-01	6.129052e-02
7.614354e-04	1.959497e-02	1.869078e-01	6.572676e-02
8.756507e-04	2.102422e-02	1.913105e-01	7.048410e-02
1.006998e-03	2.255691e-02	1.960034e-01	7.558578e-02
1.158048e-03	2.420054e-02	1.999365e-01	8.105671e-02
1.331755e-03	2.596312e-02	2.034673e-01	8.692364e-02
1.531519e-03	2.785328e-02	2.069961e-01	9.321522e-02
1.761246e-03	2.988025e-02	2.096157e-01	9.996219e-02
2.025433e-03	3.205392e-02	2.121848e-01	1.071975e-01
2.329248e-03	3.438492e-02	2.139952e-01	1.149565e-01
2.678635e-03	3.688464e-02	2.157923e-01	1.232216e-01
3.080431e-03	3.956528e-02	2.169510e-01	1.321947e-01
3.542495e-03	4.243995e-02	2.178900e-01	1.417716e-01
4.073870e-03	4.552269e-02	2.182725e-01	1.520338e-01
4.684950e-03	4.882855e-02	2.180607e-01	1.630374e-01
5.387693e-03	5.237369e-02	2.175864e-01	1.748380e-01
6.195847e-03	5.617543e-02	2.164500e-01	1.874925e-01
7.125224e-03	6.025234e-02	2.149366e-01	2.010631e-01
8.194007e-03	6.462433e-02	2.128510e-01	2.156159e-01
9.423108e-03	6.931277e-02	2.101807e-01	2.312221e-01
1.083657e-02	7.434056e-02	2.069798e-01	2.479578e-01
1.246206e-02	7.973227e-02	2.032452e-01	2.659048e-01
1.433137e-02	8.551422e-02	1.989317e-01	2.851509e-01
1.648108e-02	9.171468e-02	1.941517e-01	3.057901e-01
1.895324e-02	9.836392e-02	1.887871e-01	3.279231e-01
2.179622e-02	1.054944e-01	1.833093e-01	3.516580e-01
2.506566e-02	1.131411e-01	1.771042e-01	3.771109e-01
2.882550e-02	1.213412e-01	1.705024e-01	4.044063e-01
3.314933e-02	1.301348e-01	1.638504e-01	4.336772e-01
3.812173e-02	1.395649e-01	1.563161e-01	4.650667e-01
4.383999e-02	1.496776e-01	1.496726e-01	4.987281e-01
5.041599e-02	1.605222e-01	1.420389e-01	5.348261e-01
5.797838e-02	1.721518e-01	1.345129e-01	5.735370e-01
6.667514e-02	1.846231e-01	1.272605e-01	6.150496e-01
7.667641e-02	1.979971e-01	1.191588e-01	6.595669e-01
8.817787e-02	2.123391e-01	1.121567e-01	7.073063e-01
1.014046e-01	2.277192e-01	1.046556e-01	7.585014e-01
1.166152e-01	2.442125e-01	9.774463e-02	8.134020e-01
1.341075e-01	2.618996e-01	9.110787e-02	8.722763e-01
1.542237e-01	2.808669e-01	8.421683e-02	9.354115e-01
1.773572e-01	3.012071e-01	7.821127e-02	1.003117e+00
2.039608e-01	3.230195e-01	7.215510e-02	1.075725e+00
2.345549e-01	3.464107e-01	6.681086e-02	1.153572e+00
2.697381e-01	3.714957e-01	6.119255e-02	1.237171e+00
3.101989e-01	3.983970e-01	5.669100e-02	1.327569e+00
3.567287e-01	4.272454e-01	5.235384e-02	1.425468e+00
4.102380e-01	4.581818e-01	4.832284e-02	1.531569e+00
4.717737e-01	4.913575e-01	4.440006e-02	1.646659e+00
5.425397e-01	5.269330e-01	3.988886e-02	1.753394e+00
6.239207e-01	5.648530e-01	3.591776e-02	1.828456e+00
7.175088e-01	5.987516e-01	3.197239e-02	1.903008e+00
8.251351e-01	6.431148e-01	2.872894e-02	1.976828e+00
9.489054e-01	7.034883e-01	2.583650e-02	2.049832e+00
1.091241e+00	7.669046e-01	2.331816e-02	2.122127e+00
1.254927e+00	8.365023e-01	2.102131e-02	2.194069e+00
1.443166e+00	9.052958e-01	1.890439e-02	2.266324e+00
1.659641e+00	9.778126e-01	1.704083e-02	2.339923e+00
1.908588e+00	1.052195e+00	1.522893e-02	2.416348e+00
2.194876e+00	1.120097e+00	1.380662e-02	2.497637e+00
2.524107e+00	1.188726e+00	1.232438e-02	2.586411e+00
2.902723e+00	1.239182e+00	1.103658e-02	2.685984e+00
3.338132e+00	1.293684e+00	9.928209e-03	2.800441e+00
3.838852e+00	1.352556e+00	8.721134e-03	2.934722e+00
4.414679e+00	1.397474e+00	7.924158e-03	3.094715e+00
5.076881e+00	1.440909e+00	7.020693e-03	3.287325e+00
5.838413e+00	1.474319e+00	6.266033e-03	3.520567e+00
6.714175e+00	1.502579e+00	5.612479e-03	3.803685e+00
7.721302e+00	1.526391e+00	4.910760e-03	4.147274e+00
8.879497e+00	1.542336e+00	4.405871e-03	4.563527e+00
1.021142e+01	1.555656e+00	3.888732e-03	5.066571e+00
1.174313e+01	1.559503e+00	3.467091e-03	5.673035e+00
1.350460e+01	1.556005e+00	3.091477e-03	6.402841e+00
1.553030e+01	1.546650e+00	2.727034e-03	7.280308e+00
1.785984e+01	1.526949e+00	2.438521e-03	8.335594e+00
2.053882e+01	1.501917e+00	2.161645e-03	9.606554e+00
2.361964e+01	1.468448e+00	1.935701e-03	1.114111e+01
2.716258e+01	1.428878e+00	1.707942e-03	1.300024e+01
3.123697e+01	1.382839e+00	1.524339e-03	1.526176e+01
3.592252e+01	1.331270e+00	1.337228e-03	1.802525e+01
4.131089e+01	1.274018e+00	1.188202e-03	2.141802e+01
4.750753e+01	1.211812e+00	1.057709e-03	2.560415e+01
5.463366e+01	1.239564e+00	9.297165e-04	3.078859e+01
6.282871e+01	1.145063e+00	8.288084e-04	3.724892e+01
7.225301e+01	1.056746e+00	7.245248e-04	4.534494e+01
8.309096e+01	9.717726e-01	6.400591e-04	5.549362e+01
9.555461e+01	8.904557e-01	5.621911e-04	6.826085e+01
1.098878e+02	8.129840e-01	4.969180e-04	8.438190e+01
1.263710e+02	7.403760e-01	4.392826e-04	1.047955e+02
1.453266e+02	6.727120e-01	3.873254e-04	1.307009e+02
1.671256e+02	6.079108e-01	3.436670e-04	1.637080e+02
1.921945e+02	5.480519e-01	3.015609e-04	2.059652e+02
2.210236e+02	4.950613e-01	2.695142e-04	2.600688e+02
2.541772e+02	4.480506e-01	2.365528e-04	3.291033e+02
2.923037e+02	4.046769e-01	2.087816e-04	4.172449e+02
3.361493e+02	3.647722e-01	1.849981e-04	5.299844e+02
3.865717e+02	3.282447e-01	1.598659e-04	6.744059e+02
4.445574e+02	2.949822e-01	1.435274e-04	8.596216e+02
5.112411e+02	2.648797e-01	1.252728e-04	1.097293e+03
5.879272e+02	2.373858e-01	1.104151e-04	1.402551e+03
6.761163e+02	2.125553e-01	9.752661e-05	1.795095e+03
7.775337e+02	1.904054e-01	8.406742e-05	2.299828e+03
8.941638e+02	1.708790e-01	7.441881e-05	2.947761e+03
1.028288e+03	1.533196e-01	6.479497e-05	3.778665e+03
1.182532e+03	1.375835e-01	5.702787e-05	4.844106e+03
1.359911e+03	1.235315e-01	5.018059e-05	6.209536e+03
1.563898e+03	1.109970e-01	4.368832e-05	7.958250e+03
1.798483e+03	9.983110e-02	0.000000e+00	1.019576e+04
2.068255e+03	8.990416e-02	0.000000e+00	1.305532e+04
2.378493e+03	8.109232e-02	0.000000e+00	1.670476e+04
2.735268e+03	7.327249e-02	0.000000e+00	2.135447e+04
3.145558e+03	6.634327e-02	0.000000e+00	2.726686e+04
3.617391e+03	6.022144e-02	0.000000e+00	3.476763e+04
4.160000e+03	5.481782e-02	0.000000e+00	4.425857e+04
4.784000e+03	5.005220e-02	0.000000e+00	5.623203e+04
5.501600e+03	4.586256e-02	0.000000e+00	7.128699e+04
6.326840e+03	4.218968e-02	0.000000e+00	9.014621e+04
7.275866e+03	3.897542e-02	0.000000e+00	1.136744e+05
8.367246e+03	3.617299e-02	0.000000e+00	1.428964e+05
9.622333e+03	3.374257e-02	0.000000e+00	1.790151e+05
