# Energy_MeV	dEdx_Elec_MeV_um	dEdx_Nucl_MeV_um	Range_um
1.000000e-05	2.095313e-03	3.055430e-02	6.475997e-03
1.150000e-05	2.260778e-03	3.348083e-02	6.944733e-03
1.322500e-05	2.438138e-03	3.665338e-02	7.447396e-03
1.520875e-05	2.628262e-03	4.006511e-02	7.986443e-03
1.749006e-05	2.832079e-03	4.373179e-02	8.564506e-03
2.011357e-05	3.050586e-03	4.767902e-02	9.184409e-03
2.313061e-05	3.284850e-03	5.189680e-02	9.849182e-03
2.660020e-05	3.536018e-03	5.645065e-02	1.056207e-02
3.059023e-05	3.805316e-03	6.136379e-02	1.132656e-02
3.517876e-05	4.094061e-03	6.641058e-02	1.214638e-02
4.045558e-05	4.403664e-03	7.196630e-02	1.302554e-02
4.652391e-05	4.735638e-03	7.793409e-02	1.396834e-02
5.350250e-05	5.091604e-03	8.408244e-02	1.497937e-02
6.152788e-05	5.473303e-03	9.102272e-02	1.606359e-02
7.075706e-05	5.882598e-03	9.764663e-02	1.722628e-02
8.137062e-05	6.321490e-03	1.050901e-01	1.847313e-02
9.357621e-05	6.792124e-03	1.129267e-01	1.981022e-02
1.076126e-04	7.296797e-03	1.208202e-01	2.124410e-02
1.237545e-04	7.837977e-03	1.297163e-01	2.278176e-02
1.423177e-04	8.418306e-03	1.382179e-01	2.443071e-02
1.636654e-04	9.040621e-03	1.475687e-01	2.619902e-02
1.882152e-04	9.707961e-03	1.568913e-01	2.809532e-02
2.164475e-04	1.042359e-02	1.661642e-01	3.012887e-02
2.489146e-04	1.119099e-02	1.762715e-01	3.230962e-02
2.862518e-04	1.201393e-02	1.858081e-01	3.464820e-02
3.291895e-04	1.289642e-02	1.959683e-01	3.715606e-02
3.785680e-04	1.384278e-02	2.053462e-01	3.984543e-02
4.353531e-04	1.485761e-02	2.154217e-01	4.272947e-02
5.006561e-04	1.594590e-02	2.253084e-01	4.582225e-02
5.757545e-04	1.711294e-02	2.352873e-01	4.913889e-02
6.621177e-04	1.836444e-02	2.448641e-01	5.269559e-02
7.614354e-04	1.970652e-02	2.535882e-01	5.650972e-02
8.756507e-04	2.114574e-02	2.626493e-01	6.059992e-02
1.006998e-03	2.268911e-02	2.711032e-01	6.498618e-02
1.158048e-03	2.434419e-02	2.794675e-01	6.968991e-02
1.331755e-03	2.611906e-02	2.872169e-01	7.473410e-02
1.531519e-03	2.802239e-02	2.943731e-01	8.014340e-02
1.761246e-03	3.006348e-02	3.008124e-01	8.594422e-02
2.025433e-03	3.225229e-02	3.067575e-01	9.216491e-02
2.329248e-03	3.459953e-02	3.119423e-01	9.883585e-02
2.678635e-03	3.711666e-02	3.166279e-01	1.059896e-01
3.080431e-03	3.981598e-02	3.208953e-01	1.136612e-01
3.542495e-03	4.271066e-02	3.240200e-01	1.218351e-01
4.073870e-03	4.581487e-02	3.269512e-01	1.307064e-01
4.684950e-03	4.914376e-02	3.293114e-01	1.401741e-01
5.387693e-03	5.271358e-02	3.307277e-01	1.503207e-01
6.195847e-03	5.654180e-02	3.321524e-01	1.612003e-01
7.125224e-03	6.064709e-02	3.319777e-01	1.728679e-01
8.194007e-03	6.504953e-02	3.316112e-01	1.853799e-01
9.423108e-03	6.977062e-02	3.304706e-01	1.987976e-01
1.083657e-02	7.483342e-02	3.283709e-01	2.131865e-01
1.246206e-02	8.026266e-02	3.258482e-01	2.286168e-01
1.433137e-02	8.608488e-02	3.221250e-01	2.451639e-01
1.648108e-02	9.232851e-02	3.177695e-01	2.629087e-01
1.895324e-02	9.902405e-02	3.124859e-01	2.819379e-01
2.179622e-02	1.062042e-01	3.064458e-01	3.023446e-01
2.506566e-02	1.139041e-01	2.994810e-01	3.242282e-01
2.882550e-02	1.221613e-01	2.919137e-01	3.476956e-01
3.314933e-02	1.310161e-01	2.835848e-01	3.728618e-01
3.812173e-02	1.405119e-01	2.748453e-01	3.998496e-01
4.383999e-02	1.506950e-01	2.651626e-01	4.287907e-01
5.041599e-02	1.616151e-01	2.550512e-01	4.598265e-01
5.797838e-02	1.733256e-01	2.442648e-01	4.931086e-01
6.667514e-02	1.858838e-01	2.334426e-01	5.287999e-01
7.667641e-02	1.993509e-01	2.226579e-01	5.670746e-01
8.817787e-02	2.137928e-01	2.111734e-01	6.081195e-01
1.014046e-01	2.292799e-01	1.998558e-01	6.521351e-01
1.166152e-01	2.458881e-01	1.880759e-01	6.993366e-01
1.341075e-01	2.636983e-01	1.766974e-01	7.499549e-01
1.542237e-01	2.827977e-01	1.653345e-01	8.042369e-01
1.773572e-01	3.032795e-01	1.545719e-01	8.624478e-01
2.039608e-01	3.252438e-01	1.440145e-01	9.248716e-01
2.345549e-01	3.487978e-01	1.338816e-01	9.918140e-01
2.697381e-01	3.740567e-01	1.241712e-01	1.063604e+00
3.101989e-01	4.011439e-01	1.144181e-01	1.140573e+00
3.567287e-01	4.301925e-01	1.062001e-01	1.223237e+00
4.102380e-01	4.613444e-01	9.763567e-02	1.312632e+00
4.717737e-01	4.947511e-01	8.938205e-02	1.409443e+00
5.425397e-01	5.305757e-01	8.320732e-02	1.514367e+00
6.239207e-01	5.689934e-01	7.654622e-02	1.628183e+00
7.175088e-01	6.101918e-01	7.103504e-02	1.751796e+00
8.251351e-01	6.539978e-01	6.469718e-02	1.863297e+00
9.489054e-01	6.942821e-01	5.751069e-02	1.925290e+00
1.091241e+00	7.475258e-01	5.190215e-02	1.985526e+00
1.254927e+00	8.199812e-01	4.589836e-02	2.044152e+00
1.443166e+00	8.977584e-01	4.177451e-02	2.101340e+00
1.659641e+00	9.842056e-01	3.746687e-02	2.157525e+00
1.908588e+00	1.074104e+00	3.378152e-02	2.213420e+00
2.194876e+00	1.171611e+00	3.056651e-02	2.270070e+00
2.524107e+00	1.276229e+00	2.729915e-02	2.328913e+00
2.902723e+00	1.378611e+00	2.469736e-02	2.391841e+00
3.338132e+00	1.485402e+00	2.210164e-02	2.461252e+00
3.838852e+00	1.572541e+00	1.999402e-02	2.540094e+00
4.414679e+00	1.667202e+00	1.789372e-02	2.631989e+00
5.076881e+00	1.770444e+00	1.603894e-02	2.741213e+00
5.838413e+00	1.853346e+00	1.423141e-02	2.872782e+00
6.714175e+00	1.935843e+00	1.272674e-02	3.032499e+00
7.721302e+00	2.004237e+00	1.142671e-02	3.226985e+00
8.879497e+00	2.065474e+00	1.017219e-02	3.463754e+00
1.021142e+01	2.121963e+00	9.088670e-03	3.751274e+00
1.174313e+01	2.167101e+00	8.022572e-03	4.099113e+00
1.350460e+01	2.210197e+00	7.134356e-03	4.518202e+00
1.553030e+01	2.239982e+00	6.312834e-03	5.021226e+00
1.785984e+01	2.259010e+00	5.622967e-03	5.623227e+00
2.053882e+01	2.271335e+00	4.995823e-03	6.342417e+00
2.361964e+01	2.266463e+00	4.440145e-03	7.201232e+00
2.716258e+01	2.254971e+00	3.956202e-03	8.227670e+00
3.123697e+01	2.229998e+00	3.486702e-03	9.456947e+00
3.592252e+01	2.192613e+00	3.135140e-03	1.093358e+01
4.131089e+01	2.145396e+00	2.778395e-03	1.271398e+01
4.750753e+01	2.090609e+00	2.456438e-03	1.486980e+01
5.463366e+01	2.027136e+00	2.190948e-03	1.749202e+01
6.282871e+01	1.953367e+00	1.904160e-03	2.069722e+01
7.225301e+01	2.094585e+00	1.718311e-03	2.462960e+01
8.309096e+01	1.950708e+00	1.515103e-03	2.948547e+01
9.555461e+01	1.814599e+00	1.337403e-03	3.551723e+01
1.098878e+02	1.681561e+00	1.189419e-03	4.301337e+01
1.263710e+02	1.552601e+00	1.032487e-03	5.236784e+01
1.453266e+02	1.428109e+00	9.208623e-04	6.409208e+01
1.671256e+02	1.310075e+00	8.071207e-04	7.883725e+01
1.921945e+02	1.198612e+00	7.131471e-04	9.743471e+01
2.210236e+02	1.090624e+00	6.335749e-04	1.210046e+02
2.541772e+02	9.897578e-01	5.550682e-04	1.510416e+02
2.923037e+02	8.997083e-01	4.937590e-04	1.893419e+02
3.361493e+02	8.190081e-01	4.346179e-04	2.380392e+02
3.865717e+02	7.436524e-01	3.871279e-04	3.000406e+02
4.445574e+02	6.734951e-01	3.410513e-04	3.791742e+02
5.112411e+02	6.085958e-01	3.014018e-04	4.803870e+02
5.879272e+02	5.489152e-01	2.625837e-04	6.100497e+02
6.761163e+02	4.944283e-01	2.320650e-04	7.763259e+02
7.775337e+02	4.442581e-01	2.053970e-04	9.898236e+02
8.941638e+02	3.986572e-01	1.803673e-04	1.264358e+03
1.028288e+03	3.577635e-01	1.591792e-04	1.617395e+03
1.182532e+03	3.215221e-01	1.381424e-04	2.070685e+03
1.359911e+03	2.887772e-01	1.214451e-04	2.652148e+03
1.563898e+03	2.593332e-01	1.057401e-04	3.397958e+03
1.798483e+03	2.329950e-01	9.309436e-05	4.354018e+03
2.068255e+03	2.094562e-01	8.167540e-05	5.578725e+03
2.378493e+03	1.884364e-01	7.152907e-05	7.146025e+03
2.735268e+03	1.697311e-01	6.301653e-05	9.149277e+03
3.145558e+03	1.531267e-01	5.463521e-05	1.170606e+04
3.617391e+03	1.383831e-01	4.867132e-05	1.496373e+04
4.160000e+03	1.253124e-01	0.000000e+00	1.910606e+04
4.784000e+03	1.137670e-01	0.000000e+00	2.436114e+04
5.501600e+03	1.035766e-01	0.000000e+00	3.101029e+04
6.326840e+03	9.458866e-02	0.000000e+00	3.939827e+04
7.275866e+03	8.669108e-02	0.000000e+00	4.994437e+04
8.367246e+03	7.976975e-02	0.000000e+00	6.315456e+04
9.622333e+03	7.370640e-02	0.000000e+00	7.963402e+04
