# Energy_MeV	dEdx_Elec_MeV_um	dEdx_Nucl_MeV_um	Range_um
1.000000e-05	2.604567e-03	1.708459e-02	7.704170e-03
1.150000e-05	2.807111e-03	1.856112e-02	8.261802e-03
1.322500e-05	3.024249e-03	1.998512e-02	8.859796e-03
1.520875e-05	3.257041e-03	2.161094e-02	9.501072e-03
1.749006e-05	3.506626e-03	2.323682e-02	1.018876e-02
2.011357e-05	3.774223e-03	2.497015e-02	1.092623e-02
2.313061e-05	4.061140e-03	2.693531e-02	1.171708e-02
2.660020e-05	4.368780e-03	2.875701e-02	1.256517e-02
3.059023e-05	4.698646e-03	3.084732e-02	1.347464e-02
3.517876e-05	5.052349e-03	3.295264e-02	1.444994e-02
4.045558e-05	5.431618e-03	3.512495e-02	1.549584e-02
4.652391e-05	5.838307e-03	3.741715e-02	1.661743e-02
5.350250e-05	6.274401e-03	3.962336e-02	1.782021e-02
6.152788e-05	6.742032e-03	4.206228e-02	1.911005e-02
7.075706e-05	7.243484e-03	4.438590e-02	2.049325e-02
8.137062e-05	7.781208e-03	4.673580e-02	2.197656e-02
9.357621e-05	8.357829e-03	4.906843e-02	2.356723e-02
1.076126e-04	8.976167e-03	5.155999e-02	2.527304e-02
1.237545e-04	9.639240e-03	5.394197e-02	2.710232e-02
1.423177e-04	1.035029e-02	5.623868e-02	2.906400e-02
1.636654e-04	1.111279e-02	5.864205e-02	3.116767e-02
1.882152e-04	1.193046e-02	6.073283e-02	3.342360e-02
2.164475e-04	1.280730e-02	6.303438e-02	3.584281e-02
2.489146e-04	1.374760e-02	6.508631e-02	3.843714e-02
2.862518e-04	1.475594e-02	6.700003e-02	4.121924e-02
3.291895e-04	1.583726e-02	6.901088e-02	4.420271e-02
3.785680e-04	1.699683e-02	7.073523e-02	4.740212e-02
4.353531e-04	1.824032e-02	7.234978e-02	5.083311e-02
5.006561e-04	1.957380e-02	7.376157e-02	5.451244e-02
5.757545e-04	2.100380e-02	7.512028e-02	5.845808e-02
6.621177e-04	2.253729e-02	7.631974e-02	6.268931e-02
7.614354e-04	2.418177e-02	7.732555e-02	6.722679e-02
8.756507e-04	2.594527e-02	7.814198e-02	7.209270e-02
1.006998e-03	2.783641e-02	7.885501e-02	7.729350e-02
1.158048e-03	2.986442e-02	7.957811e-02	8.289252e-02
1.331755e-03	3.203922e-02	7.986899e-02	8.891041e-02
1.531519e-03	3.437142e-02	8.020170e-02	9.534441e-02
1.761246e-03	3.687242e-02	8.028327e-02	1.022458e-01
2.025433e-03	3.955445e-02	8.018519e-02	1.096462e-01
2.329248e-03	4.243059e-02	8.002793e-02	1.175823e-01
2.678635e-03	4.551491e-02	7.951487e-02	1.260928e-01
3.080431e-03	4.882247e-02	7.892485e-02	1.352193e-01
3.542495e-03	5.236943e-02	7.812177e-02	1.450064e-01
4.073870e-03	5.617312e-02	7.709333e-02	1.555019e-01
4.684950e-03	6.025211e-02	7.588527e-02	1.667571e-01
5.387693e-03	6.462635e-02	7.446936e-02	1.788268e-01
6.195847e-03	6.931719e-02	7.283431e-02	1.917702e-01
7.125224e-03	7.434755e-02	7.105731e-02	2.056505e-01
8.194007e-03	7.974201e-02	6.911181e-02	2.205355e-01
9.423108e-03	8.552693e-02	6.702932e-02	2.364978e-01
1.083657e-02	9.173055e-02	6.468552e-02	2.536154e-01
1.246206e-02	9.838320e-02	6.229653e-02	2.719720e-01
1.433137e-02	1.055174e-01	5.979201e-02	2.916574e-01
1.648108e-02	1.131679e-01	5.714260e-02	3.127676e-01
1.895324e-02	1.213722e-01	5.460236e-02	3.354057e-01
2.179622e-02	1.301703e-01	5.173490e-02	3.596823e-01
2.506566e-02	1.396052e-01	4.904266e-02	3.857161e-01
2.882550e-02	1.497231e-01	4.632512e-02	4.136344e-01
3.314933e-02	1.605732e-01	4.344443e-02	4.435734e-01
3.812173e-02	1.722088e-01	4.075546e-02	4.756793e-01
4.383999e-02	1.846864e-01	3.809413e-02	5.101089e-01
5.041599e-02	1.980673e-01	3.560989e-02	5.470307e-01
5.797838e-02	2.124166e-01	3.306804e-02	5.866250e-01
6.667514e-02	2.278046e-01	3.063603e-02	6.290854e-01
7.667641e-02	2.443063e-01	2.835415e-02	6.746173e-01
8.817787e-02	2.620025e-01	2.629749e-02	7.234503e-01
1.014046e-01	2.809796e-01	2.425125e-02	7.758057e-01
1.166152e-01	3.013318e-01	2.208215e-02	8.322503e-01
1.341075e-01	3.231571e-01	2.069944e-02	8.933830e-01
1.542237e-01	3.465622e-01	1.910931e-02	9.596011e-01
1.773572e-01	3.716613e-01	1.746840e-02	1.031402e+00
2.039608e-01	3.985757e-01	1.597615e-02	1.100617e+00
2.345549e-01	4.274359e-01	1.431648e-02	1.158080e+00
2.697381e-01	4.528267e-01	1.305480e-02	1.216004e+00
3.101989e-01	4.772559e-01	1.161101e-02	1.274150e+00
3.567287e-01	5.146216e-01	1.039941e-02	1.332340e+00
4.102380e-01	5.557845e-01	9.395729e-03	1.390538e+00
4.717737e-01	5.965332e-01	8.437897e-03	1.448868e+00
5.425397e-01	6.356139e-01	7.639833e-03	1.507662e+00
6.239207e-01	6.758969e-01	6.829323e-03	1.567528e+00
7.175088e-01	7.094456e-01	6.163573e-03	1.629398e+00
8.251351e-01	7.430400e-01	5.558645e-03	1.694606e+00
9.489054e-01	7.717782e-01	5.005399e-03	1.764943e+00
1.091241e+00	7.932193e-01	4.453011e-03	1.842734e+00
1.254927e+00	8.123866e-01	4.003809e-03	1.930910e+00
1.443166e+00	8.312584e-01	3.593287e-03	2.033101e+00
1.659641e+00	8.481975e-01	3.183024e-03	2.153711e+00
1.908588e+00	8.602093e-01	2.873384e-03	2.298035e+00
2.194876e+00	8.675549e-01	2.534159e-03	2.472360e+00
2.524107e+00	8.730030e-01	2.272537e-03	2.684102e+00
2.902723e+00	8.724662e-01	2.030654e-03	2.941963e+00
3.338132e+00	8.696596e-01	1.783606e-03	3.256147e+00
3.838852e+00	8.637280e-01	1.589129e-03	3.638679e+00
4.414679e+00	8.527266e-01	1.409138e-03	4.103856e+00
5.076881e+00	8.385474e-01	1.260390e-03	4.668922e+00
5.838413e+00	8.194817e-01	1.115317e-03	5.354997e+00
6.714175e+00	7.970376e-01	9.879524e-04	6.188344e+00
7.721302e+00	7.707192e-01	8.791243e-04	7.202075e+00
8.879497e+00	7.415520e-01	7.864020e-04	8.438349e+00
1.021142e+01	7.094356e-01	7.001825e-04	9.951264e+00
1.174313e+01	6.770731e-01	6.122058e-04	1.181057e+01
1.350460e+01	6.411762e-01	5.520421e-04	1.410641e+01
1.553030e+01	6.009176e-01	4.835316e-04	1.695544e+01
1.785984e+01	5.629224e-01	4.310492e-04	2.050833e+01
2.053882e+01	5.614596e-01	3.828070e-04	2.495936e+01
2.361964e+01	5.134875e-01	3.336124e-04	3.055722e+01
2.716258e+01	4.693085e-01	3.000919e-04	3.764446e+01
3.123697e+01	4.279438e-01	2.621728e-04	4.662481e+01
3.592252e+01	3.890411e-01	2.310911e-04	5.801828e+01
4.131089e+01	3.524104e-01	2.043403e-04	7.250836e+01
4.750753e+01	3.184391e-01	1.796270e-04	9.097602e+01
5.463366e+01	2.872938e-01	1.594701e-04	1.145339e+02
6.282871e+01	2.583489e-01	1.398020e-04	1.446356e+02
7.225301e+01	2.315206e-01	1.240454e-04	1.832454e+02
8.309096e+01	2.072951e-01	1.101143e-04	2.328524e+02
9.555461e+01	1.868143e-01	9.757135e-05	2.963639e+02
1.098878e+02	1.681188e-01	8.516003e-05	3.775040e+02
1.263710e+02	1.511094e-01	7.565730e-05	4.812863e+02
1.453266e+02	1.356577e-01	6.686930e-05	6.141779e+02
1.671256e+02	1.216673e-01	5.823995e-05	7.845224e+02
1.921945e+02	1.090750e-01	5.198651e-05	1.002995e+03
2.210236e+02	9.770888e-02	4.504477e-05	1.283335e+03
2.541772e+02	8.740511e-02	0.000000e+00	1.643502e+03
2.923037e+02	7.818405e-02	0.000000e+00	2.106519e+03
3.361493e+02	7.008468e-02	0.000000e+00	2.701144e+03
3.865717e+02	6.285755e-02	0.000000e+00	3.463628e+03
4.445574e+02	5.638301e-02	0.000000e+00	4.441166e+03
5.112411e+02	5.059972e-02	0.000000e+00	5.694025e+03
5.879272e+02	4.544007e-02	0.000000e+00	7.298889e+03
6.761163e+02	4.084566e-02	0.000000e+00	9.353084e+03
7.775337e+02	3.676026e-02	0.000000e+00	1.197968e+04
8.941638e+02	3.313102e-02	0.000000e+00	1.533388e+04
1.028288e+03	2.991018e-02	0.000000e+00	1.961073e+04
1.182532e+03	2.705402e-02	0.000000e+00	2.505394e+04
1.359911e+03	2.452739e-02	0.000000e+00	3.196679e+04
1.563898e+03	2.229635e-02	0.000000e+00	4.072437e+04
1.798483e+03	2.032748e-02	0.000000e+00	5.178774e+04
2.068255e+03	1.859353e-02	0.000000e+00	6.571966e+04
2.378493e+03	1.707115e-02	0.000000e+00	8.320173e+04
2.735268e+03	1.573829e-02	0.000000e+00	1.050526e+05
3.145558e+03	1.457506e-02	0.000000e+00	1.322466e+05
3.617391e+03	1.356410e-02	0.000000e+00	1.659323e+05
4.160000e+03	1.268927e-02	0.000000e+00	2.074503e+05
4.784000e+03	1.193579e-02	0.000000e+00	2.583491e+05
5.501600e+03	1.129134e-02	0.000000e+00	3.203990e+05
6.326840e+03	1.074514e-02	0.000000e+00	3.956031e+05
7.275866e+03	1.028704e-02	0.000000e+00	4.862065e+05
8.367246e+03	9.904378e-03	0.000000e+00	5.947158e+05
9.622333e+03	9.576815e-03	0.000000e+00	7.240520e+05
