# Energy_MeV	dEdx_Elec_MeV_um	dEdx_Nucl_MeV_um	Range_um
1.000000e-05	2.066859e-03	3.064616e-02	6.574087e-03
1.150000e-05	2.229838e-03	3.356407e-02	7.049923e-03
1.322500e-05	2.404537e-03	3.677417e-02	7.560201e-03
1.520875e-05	2.591810e-03	4.017570e-02	8.107412e-03
1.749006e-05	2.792572e-03	4.387526e-02	8.694231e-03
2.011357e-05	3.007806e-03	4.784548e-02	9.323524e-03
2.313061e-05	3.238564e-03	5.206733e-02	9.998365e-03
2.660020e-05	3.485974e-03	5.667536e-02	1.072205e-02
3.059023e-05	3.751245e-03	6.157393e-02	1.149812e-02
3.517876e-05	4.035673e-03	6.670153e-02	1.233036e-02
4.045558e-05	4.340648e-03	7.224116e-02	1.322284e-02
4.652391e-05	4.667661e-03	7.823235e-02	1.417991e-02
5.350250e-05	5.018309e-03	8.445720e-02	1.520626e-02
6.152788e-05	5.394306e-03	9.142318e-02	1.630690e-02
7.075706e-05	5.797489e-03	9.815580e-02	1.748720e-02
8.137062e-05	6.229827e-03	1.055926e-01	1.875294e-02
9.357621e-05	6.693433e-03	1.134624e-01	2.011028e-02
1.076126e-04	7.190572e-03	1.214763e-01	2.156588e-02
1.237545e-04	7.723672e-03	1.304385e-01	2.312683e-02
1.423177e-04	8.295339e-03	1.390386e-01	2.480076e-02
1.636654e-04	8.908364e-03	1.485192e-01	2.659585e-02
1.882152e-04	9.565744e-03	1.578474e-01	2.852087e-02
2.164475e-04	1.027069e-02	1.673029e-01	3.058523e-02
2.489146e-04	1.102664e-02	1.774690e-01	3.279900e-02
2.862518e-04	1.183730e-02	1.871511e-01	3.517301e-02
3.291895e-04	1.270662e-02	1.976144e-01	3.771885e-02
3.785680e-04	1.363885e-02	2.069703e-01	4.044896e-02
4.353531e-04	1.463854e-02	2.171592e-01	4.337668e-02
5.006561e-04	1.571059e-02	2.272969e-01	4.651631e-02
5.757545e-04	1.686021e-02	2.372502e-01	4.988318e-02
6.621177e-04	1.809304e-02	2.472624e-01	5.349375e-02
7.614354e-04	1.941510e-02	2.559649e-01	5.736566e-02
8.756507e-04	2.083283e-02	2.651809e-01	6.151782e-02
1.006998e-03	2.235318e-02	2.739038e-01	6.597051e-02
1.158048e-03	2.398356e-02	2.822479e-01	7.074549e-02
1.331755e-03	2.573195e-02	2.903690e-01	7.586609e-02
1.531519e-03	2.760687e-02	2.975070e-01	8.135731e-02
1.761246e-03	2.961751e-02	3.042154e-01	8.724600e-02
2.025433e-03	3.177366e-02	3.102997e-01	9.356091e-02
2.329248e-03	3.408588e-02	3.155703e-01	1.003329e-01
2.678635e-03	3.656545e-02	3.205073e-01	1.075950e-01
3.080431e-03	3.922449e-02	3.247648e-01	1.153828e-01
3.542495e-03	4.207598e-02	3.281492e-01	1.236714e-01
4.073870e-03	4.513387e-02	3.311040e-01	1.326714e-01
4.684950e-03	4.841309e-02	3.335295e-01	1.422981e-01
5.387693e-03	5.192965e-02	3.351082e-01	1.525974e-01
6.195847e-03	5.570074e-02	3.366365e-01	1.636420e-01
7.125224e-03	5.974478e-02	3.365825e-01	1.754864e-01
8.194007e-03	6.408153e-02	3.362706e-01	1.881879e-01
9.423108e-03	6.873218e-02	3.351583e-01	2.018088e-01
1.083657e-02	7.371944e-02	3.331622e-01	2.164155e-01
1.246206e-02	7.906767e-02	3.307103e-01	2.320796e-01
1.433137e-02	8.480301e-02	3.270383e-01	2.488774e-01
1.648108e-02	9.095348e-02	3.227311e-01	2.668910e-01
1.895324e-02	9.754912e-02	3.174625e-01	2.862084e-01
2.179622e-02	1.046222e-01	3.114410e-01	3.069241e-01
2.506566e-02	1.122071e-01	3.044931e-01	3.291393e-01
2.882550e-02	1.203411e-01	2.968994e-01	3.529623e-01
3.314933e-02	1.290639e-01	2.884589e-01	3.785095e-01
3.812173e-02	1.384179e-01	2.797448e-01	4.059059e-01
4.383999e-02	1.484491e-01	2.700245e-01	4.352855e-01
5.041599e-02	1.592063e-01	2.597585e-01	4.667915e-01
5.797838e-02	1.707421e-01	2.490023e-01	5.005778e-01
6.667514e-02	1.831128e-01	2.378494e-01	5.368095e-01
7.667641e-02	1.963790e-01	2.270937e-01	5.756638e-01
8.817787e-02	2.106054e-01	2.154874e-01	6.173306e-01
1.014046e-01	2.258615e-01	2.039096e-01	6.620131e-01
1.166152e-01	2.422218e-01	1.921607e-01	7.099296e-01
1.341075e-01	2.597663e-01	1.803901e-01	7.613142e-01
1.542237e-01	2.785807e-01	1.690581e-01	8.164184e-01
1.773572e-01	2.987569e-01	1.579838e-01	8.755112e-01
2.039608e-01	3.203935e-01	1.471965e-01	9.388807e-01
2.345549e-01	3.435961e-01	1.370154e-01	1.006837e+00
2.697381e-01	3.684781e-01	1.269608e-01	1.079711e+00
3.101989e-01	3.951611e-01	1.172334e-01	1.157859e+00
3.567287e-01	4.237760e-01	1.086194e-01	1.241700e+00
4.102380e-01	4.544630e-01	9.994694e-02	1.332251e+00
4.717737e-01	4.873711e-01	9.167957e-02	1.430323e+00
5.425397e-01	5.226612e-01	8.512029e-02	1.536585e+00
6.239207e-01	5.605056e-01	7.821885e-02	1.651829e+00
7.175088e-01	6.010892e-01	7.272511e-02	1.776959e+00
8.251351e-01	6.446098e-01	6.640732e-02	1.906215e+00
9.489054e-01	6.851387e-01	5.914186e-02	1.970454e+00
1.091241e+00	7.332254e-01	5.331683e-02	2.032915e+00
1.254927e+00	8.035352e-01	4.711517e-02	2.093684e+00
1.443166e+00	8.804939e-01	4.287045e-02	2.152908e+00
1.659641e+00	9.653734e-01	3.839749e-02	2.210979e+00
1.908588e+00	1.053697e+00	3.466554e-02	2.268565e+00
2.194876e+00	1.150960e+00	3.136563e-02	2.326666e+00
2.524107e+00	1.252480e+00	2.803477e-02	2.386672e+00
2.902723e+00	1.356266e+00	2.536720e-02	2.450426e+00
3.338132e+00	1.466114e+00	2.263742e-02	2.520287e+00
3.838852e+00	1.552759e+00	2.053465e-02	2.599147e+00
4.414679e+00	1.646821e+00	1.838621e-02	2.690607e+00
5.076881e+00	1.747005e+00	1.645781e-02	2.798914e+00
5.838413e+00	1.835685e+00	1.465428e-02	2.929069e+00
6.714175e+00	1.922341e+00	1.304431e-02	3.086875e+00
7.721302e+00	1.988708e+00	1.174713e-02	3.278965e+00
8.879497e+00	2.054321e+00	1.045856e-02	3.512887e+00
1.021142e+01	2.109137e+00	9.330515e-03	3.797142e+00
1.174313e+01	2.157190e+00	8.266751e-03	4.141327e+00
1.350460e+01	2.204316e+00	7.323167e-03	4.556379e+00
1.553030e+01	2.233219e+00	6.503654e-03	5.054935e+00
1.785984e+01	2.256577e+00	5.780078e-03	5.651910e+00
2.053882e+01	2.268537e+00	5.127604e-03	6.365287e+00
2.361964e+01	2.267638e+00	4.571642e-03	7.217147e+00
2.716258e+01	2.259902e+00	4.062422e-03	8.234975e+00
3.123697e+01	2.235668e+00	3.594064e-03	9.453296e+00
3.592252e+01	2.201932e+00	3.218635e-03	1.091572e+01
4.131089e+01	2.156133e+00	2.853412e-03	1.267748e+01
4.750753e+01	2.103050e+00	2.527462e-03	1.480870e+01
5.463366e+01	2.041702e+00	2.254448e-03	1.739850e+01
6.282871e+01	1.970118e+00	1.959937e-03	2.056059e+01
7.225301e+01	2.127439e+00	1.765214e-03	2.443735e+01
8.309096e+01	1.981138e+00	1.556524e-03	2.921587e+01
9.555461e+01	1.843693e+00	1.374239e-03	3.514847e+01
1.098878e+02	1.709870e+00	1.224367e-03	4.251817e+01
1.263710e+02	1.580114e+00	1.062111e-03	5.170652e+01
1.453266e+02	1.454404e+00	9.476677e-04	6.321164e+01
1.671256e+02	1.334842e+00	8.289129e-04	7.767248e+01
1.921945e+02	1.221953e+00	7.327123e-04	9.589851e+01
2.210236e+02	1.113263e+00	6.516099e-04	1.189686e+02
2.541772e+02	1.010852e+00	5.704692e-04	1.483410e+02
2.923037e+02	9.177937e-01	5.083132e-04	1.858096e+02
3.361493e+02	8.358962e-01	4.458079e-04	2.334681e+02
3.865717e+02	7.594185e-01	3.984240e-04	2.941132e+02
4.445574e+02	6.881575e-01	3.511644e-04	3.714784e+02
5.112411e+02	6.221297e-01	3.097952e-04	4.703861e+02
5.879272e+02	5.613093e-01	2.710599e-04	5.970600e+02
6.761163e+02	5.057227e-01	2.381752e-04	7.594718e+02
7.775337e+02	4.546773e-01	2.115640e-04	9.679360e+02
8.941638e+02	4.080786e-01	1.857905e-04	1.235935e+03
1.028288e+03	3.660503e-01	1.636700e-04	1.580620e+03
1.182532e+03	3.290105e-01	1.426779e-04	2.023351e+03
1.359911e+03	2.955380e-01	1.248474e-04	2.591305e+03
1.563898e+03	2.653969e-01	1.091802e-04	3.319837e+03
1.798483e+03	2.384157e-01	9.586005e-05	4.253870e+03
2.068255e+03	2.142983e-01	8.391907e-05	5.450571e+03
2.378493e+03	1.927563e-01	7.379778e-05	6.982391e+03
2.735268e+03	1.735697e-01	6.480683e-05	8.940848e+03
3.145558e+03	1.565338e-01	5.644551e-05	1.144128e+04
3.617391e+03	1.414085e-01	5.004160e-05	1.462841e+04
4.160000e+03	1.279904e-01	0.000000e+00	1.868291e+04
4.784000e+03	1.161303e-01	0.000000e+00	2.382926e+04
5.501600e+03	1.056629e-01	0.000000e+00	3.034472e+04
6.326840e+03	9.642656e-02	0.000000e+00	3.856956e+04
7.275866e+03	8.830333e-02	0.000000e+00	4.891835e+04
8.367246e+03	8.118253e-02	0.000000e+00	6.189220e+04
9.622333e+03	7.494320e-02	0.000000e+00	7.809166e+04
