# Energy_MeV	dEdx_Elec_MeV_um	dEdx_Nucl_MeV_um	Range_um
1.000000e-05	2.320290e-03	2.445550e-02	7.274663e-03
1.150000e-05	2.501581e-03	2.665174e-02	7.801207e-03
1.322500e-05	2.695925e-03	2.892339e-02	8.365862e-03
1.520875e-05	2.904273e-03	3.136516e-02	8.971388e-03
1.749006e-05	3.127644e-03	3.393809e-02	9.620741e-03
2.011357e-05	3.367129e-03	3.682297e-02	1.031710e-02
2.313061e-05	3.623899e-03	3.972147e-02	1.106385e-02
2.660020e-05	3.899208e-03	4.294182e-02	1.186466e-02
3.059023e-05	4.194403e-03	4.621866e-02	1.272343e-02
3.517876e-05	4.510926e-03	4.965403e-02	1.364436e-02
4.045558e-05	4.850323e-03	5.348333e-02	1.463194e-02
4.652391e-05	5.214253e-03	5.721392e-02	1.569101e-02
5.350250e-05	5.604493e-03	6.135829e-02	1.682674e-02
6.152788e-05	6.022952e-03	6.557061e-02	1.804466e-02
7.075706e-05	6.471672e-03	6.997026e-02	1.935075e-02
8.137062e-05	6.952846e-03	7.447136e-02	2.075136e-02
9.357621e-05	7.468825e-03	7.896185e-02	2.225336e-02
1.076126e-04	8.022131e-03	8.374101e-02	2.386407e-02
1.237545e-04	8.615465e-03	8.843398e-02	2.559136e-02
1.423177e-04	9.251728e-03	9.329359e-02	2.744368e-02
1.636654e-04	9.934026e-03	9.785843e-02	2.943007e-02
1.882152e-04	1.066569e-02	1.028100e-01	3.156023e-02
2.164475e-04	1.145031e-02	1.076516e-01	3.384458e-02
2.489146e-04	1.229170e-02	1.122238e-01	3.629427e-02
2.862518e-04	1.319397e-02	1.172659e-01	3.892126e-02
3.291895e-04	1.416155e-02	1.212939e-01	4.173841e-02
3.785680e-04	1.519914e-02	1.258826e-01	4.475945e-02
4.353531e-04	1.631183e-02	1.300573e-01	4.799917e-02
5.006561e-04	1.750504e-02	1.338774e-01	5.147337e-02
5.757545e-04	1.878462e-02	1.380808e-01	5.519904e-02
6.621177e-04	2.015679e-02	1.413651e-01	5.919438e-02
7.614354e-04	2.162829e-02	1.447347e-01	6.347890e-02
8.756507e-04	2.320628e-02	1.475842e-01	6.807353e-02
1.006998e-03	2.489848e-02	1.502298e-01	7.300073e-02
1.158048e-03	2.671316e-02	1.527591e-01	7.828457e-02
1.331755e-03	2.865917e-02	1.547048e-01	8.395084e-02
1.531519e-03	3.074604e-02	1.565007e-01	9.002725e-02
1.761246e-03	3.298395e-02	1.578514e-01	9.654347e-02
2.025433e-03	3.538384e-02	1.592155e-01	1.035256e-01
2.329248e-03	3.795743e-02	1.599509e-01	1.110290e-01
2.678635e-03	4.071729e-02	1.606359e-01	1.190629e-01
3.080431e-03	4.367691e-02	1.608470e-01	1.276817e-01
3.542495e-03	4.685074e-02	1.606748e-01	1.369230e-01
4.073870e-03	5.025430e-02	1.603324e-01	1.468333e-01
4.684950e-03	5.390420e-02	1.594030e-01	1.574611e-01
5.387693e-03	5.781828e-02	1.582576e-01	1.688580e-01
6.195847e-03	6.201566e-02	1.566748e-01	1.810798e-01
7.125224e-03	6.651685e-02	1.546631e-01	1.941862e-01
8.194007e-03	7.134384e-02	1.522665e-01	2.082413e-01
9.423108e-03	7.652020e-02	1.494727e-01	2.233138e-01
1.083657e-02	8.207123e-02	1.462419e-01	2.394771e-01
1.246206e-02	8.802404e-02	1.426982e-01	2.568103e-01
1.433137e-02	9.440772e-02	1.387617e-01	2.753982e-01
1.648108e-02	1.012535e-01	1.346610e-01	2.953315e-01
1.895324e-02	1.085947e-01	1.300227e-01	3.167076e-01
2.179622e-02	1.164673e-01	1.251972e-01	3.396308e-01
2.506566e-02	1.249097e-01	1.202312e-01	3.642132e-01
2.882550e-02	1.339632e-01	1.147563e-01	3.905749e-01
3.314933e-02	1.436719e-01	1.098026e-01	4.188449e-01
3.812173e-02	1.540834e-01	1.041059e-01	4.491609e-01
4.383999e-02	1.652485e-01	9.865104e-02	4.816711e-01
5.041599e-02	1.772217e-01	9.324678e-02	5.165344e-01
5.797838e-02	1.900615e-01	8.733415e-02	5.539213e-01
6.667514e-02	2.038307e-01	8.211109e-02	5.940144e-01
7.667641e-02	2.185966e-01	7.663688e-02	6.370092e-01
8.817787e-02	2.344311e-01	7.163071e-02	6.831159e-01
1.014046e-01	2.514118e-01	6.665872e-02	7.325599e-01
1.166152e-01	2.696216e-01	6.165893e-02	7.855832e-01
1.341075e-01	2.891494e-01	5.718299e-02	8.424427e-01
1.542237e-01	3.100906e-01	5.284156e-02	9.034250e-01
1.773572e-01	3.325475e-01	4.886604e-02	9.687939e-01
2.039608e-01	3.566313e-01	4.462496e-02	1.039160e+00
2.345549e-01	3.824585e-01	4.157476e-02	1.115351e+00
2.697381e-01	4.101550e-01	3.836983e-02	1.197866e+00
3.101989e-01	4.398562e-01	3.529878e-02	1.287322e+00
3.567287e-01	4.717072e-01	3.235845e-02	1.384397e+00
4.102380e-01	5.058593e-01	2.897707e-02	1.450158e+00
4.717737e-01	5.393808e-01	2.627107e-02	1.515099e+00
5.425397e-01	5.716545e-01	2.335223e-02	1.579827e+00
6.239207e-01	6.184007e-01	2.098538e-02	1.644170e+00
7.175088e-01	6.751934e-01	1.890159e-02	1.708086e+00
8.251351e-01	7.326032e-01	1.700756e-02	1.771710e+00
9.489054e-01	7.932168e-01	1.537139e-02	1.835408e+00
1.091241e+00	8.555392e-01	1.377922e-02	1.899792e+00
1.254927e+00	9.150805e-01	1.244156e-02	1.965895e+00
1.443166e+00	9.772964e-01	1.115744e-02	2.035117e+00
1.659641e+00	1.030842e+00	1.008924e-02	2.109353e+00
1.908588e+00	1.078964e+00	8.984619e-03	2.191059e+00
2.194876e+00	1.119785e+00	8.068625e-03	2.283305e+00
2.524107e+00	1.161696e+00	7.246395e-03	2.389905e+00
2.902723e+00	1.204704e+00	6.380891e-03	2.515442e+00
3.338132e+00	1.236398e+00	5.789824e-03	2.665372e+00
3.838852e+00	1.263975e+00	5.110097e-03	2.846116e+00
4.414679e+00	1.288122e+00	4.580010e-03	3.065149e+00
5.076881e+00	1.302470e+00	4.095319e-03	3.331124e+00
5.838413e+00	1.315081e+00	3.586749e-03	3.654033e+00
6.714175e+00	1.322162e+00	3.211258e-03	4.045465e+00
7.721302e+00	1.323325e+00	2.836317e-03	4.518996e+00
8.879497e+00	1.319979e+00	2.535471e-03	5.090782e+00
1.021142e+01	1.306834e+00	2.253743e-03	5.780382e+00
1.174313e+01	1.289495e+00	1.991360e-03	6.611892e+00
1.350460e+01	1.265254e+00	1.776815e-03	7.615420e+00
1.553030e+01	1.234996e+00	1.579981e-03	8.828988e+00
1.785984e+01	1.198995e+00	1.412300e-03	1.030096e+01
2.053882e+01	1.159084e+00	1.239851e-03	1.209313e+01
2.361964e+01	1.113873e+00	1.113014e-03	1.428472e+01
2.716258e+01	1.063090e+00	9.742961e-04	1.697744e+01
3.123697e+01	1.010015e+00	8.684500e-04	2.030159e+01
3.592252e+01	1.039155e+00	7.717150e-04	2.442547e+01
4.131089e+01	9.561470e-01	6.746256e-04	2.956006e+01
4.750753e+01	8.807019e-01	6.050659e-04	3.599920e+01
5.463366e+01	8.091991e-01	5.277631e-04	4.409667e+01
6.282871e+01	7.411465e-01	4.667978e-04	5.429127e+01
7.225301e+01	6.760948e-01	4.109285e-04	6.716999e+01
8.309096e+01	6.149366e-01	3.617617e-04	8.349344e+01
9.555461e+01	5.581024e-01	3.207378e-04	1.042245e+02
1.098878e+02	5.049290e-01	2.818018e-04	1.306123e+02
1.263710e+02	4.547631e-01	2.505924e-04	1.643495e+02
1.453266e+02	4.087994e-01	2.208582e-04	2.076278e+02
1.671256e+02	3.693096e-01	1.967553e-04	2.630237e+02
1.921945e+02	3.334342e-01	1.719214e-04	3.337441e+02
2.210236e+02	3.004946e-01	1.525162e-04	4.241481e+02
2.541772e+02	2.703392e-01	1.348889e-04	5.398828e+02
2.923037e+02	2.428719e-01	1.168901e-04	6.882374e+02
3.361493e+02	2.179994e-01	1.047813e-04	8.785515e+02
3.865717e+02	1.955295e-01	9.101339e-05	1.122809e+03
4.445574e+02	1.750297e-01	8.064447e-05	1.436649e+03
5.112411e+02	1.566379e-01	7.109252e-05	1.840241e+03
5.879272e+02	1.403891e-01	6.134473e-05	2.358864e+03
6.761163e+02	1.259479e-01	5.417177e-05	3.024179e+03
7.775337e+02	1.129849e-01	4.720930e-05	3.877264e+03
8.941638e+02	1.013936e-01	0.000000e+00	4.970857e+03
1.028288e+03	9.105022e-02	0.000000e+00	6.371977e+03
1.182532e+03	8.183232e-02	0.000000e+00	8.165780e+03
1.359911e+03	7.362924e-02	0.000000e+00	1.046001e+04
1.563898e+03	6.634148e-02	0.000000e+00	1.339064e+04
1.798483e+03	5.987355e-02	0.000000e+00	1.712867e+04
2.068255e+03	5.413533e-02	0.000000e+00	2.188802e+04
2.378493e+03	4.905632e-02	0.000000e+00	2.793515e+04
2.735268e+03	4.457147e-02	0.000000e+00	3.560004e+04
3.145558e+03	4.061294e-02	0.000000e+00	4.528884e+04
3.617391e+03	3.712488e-02	0.000000e+00	5.749800e+04
4.160000e+03	3.406145e-02	0.000000e+00	7.282977e+04
4.784000e+03	3.137767e-02	0.000000e+00	9.200881e+04
5.501600e+03	2.903226e-02	0.000000e+00	1.158992e+05
6.326840e+03	2.699157e-02	0.000000e+00	1.455217e+05
7.275866e+03	2.522440e-02	0.000000e+00	1.820697e+05
8.367246e+03	2.370041e-02	0.000000e+00	2.269250e+05
9.622333e+03	2.239459e-02	0.000000e+00	2.816706e+05
