# Energy_MeV	dEdx_Elec_MeV_um	dEdx_Nucl_MeV_um	Range_um
1.000000e-05	1.794357e-03	1.554241e-02	1.473970e-02
1.150000e-05	1.928954e-03	1.668717e-02	1.580656e-02
1.322500e-05	2.073283e-03	1.800111e-02	1.695065e-02
1.520875e-05	2.228047e-03	1.924114e-02	1.817755e-02
1.749006e-05	2.394004e-03	2.062172e-02	1.949325e-02
2.011357e-05	2.571964e-03	2.206491e-02	2.090418e-02
2.313061e-05	2.762796e-03	2.352812e-02	2.241724e-02
2.660020e-05	2.967434e-03	2.506475e-02	2.403981e-02
3.059023e-05	3.186876e-03	2.655312e-02	2.577982e-02
3.517876e-05	3.422195e-03	2.817982e-02	2.764578e-02
4.045558e-05	3.674540e-03	2.977931e-02	2.964680e-02
4.652391e-05	3.945145e-03	3.138937e-02	3.179265e-02
5.350250e-05	4.235331e-03	3.295579e-02	3.409382e-02
6.152788e-05	4.546515e-03	3.460174e-02	3.656154e-02
7.075706e-05	4.880219e-03	3.627945e-02	3.920789e-02
8.137062e-05	5.238072e-03	3.779693e-02	4.204578e-02
9.357621e-05	5.621823e-03	3.945842e-02	4.508907e-02
1.076126e-04	6.033347e-03	4.088053e-02	4.835264e-02
1.237545e-04	6.474653e-03	4.240143e-02	5.185243e-02
1.423177e-04	6.947898e-03	4.387328e-02	5.560554e-02
1.636654e-04	7.455394e-03	4.513805e-02	5.963030e-02
1.882152e-04	7.999620e-03	4.652040e-02	6.394637e-02
2.164475e-04	8.583235e-03	4.770207e-02	6.857484e-02
2.489146e-04	9.209090e-03	4.880950e-02	7.353833e-02
2.862518e-04	9.880242e-03	4.981187e-02	7.886107e-02
3.291895e-04	1.059997e-02	5.073143e-02	8.456907e-02
3.785680e-04	1.137179e-02	5.156831e-02	9.069023e-02
4.353531e-04	1.219948e-02	5.225521e-02	9.725444e-02
5.006561e-04	1.308707e-02	5.283702e-02	1.042938e-01
5.757545e-04	1.403890e-02	5.333252e-02	1.118426e-01
6.621177e-04	1.505963e-02	5.383348e-02	1.199378e-01
7.614354e-04	1.615423e-02	5.406862e-02	1.286190e-01
8.756507e-04	1.732806e-02	5.428916e-02	1.379285e-01
1.006998e-03	1.858686e-02	5.439826e-02	1.479118e-01
1.158048e-03	1.993676e-02	5.433419e-02	1.585358e-01
1.331755e-03	2.138437e-02	5.425234e-02	1.700783e-01
1.531519e-03	2.293676e-02	5.393428e-02	1.824150e-01
1.761246e-03	2.460151e-02	5.354536e-02	1.956181e-01
2.025433e-03	2.638675e-02	5.303950e-02	2.097764e-01
2.329248e-03	2.830122e-02	5.236316e-02	2.249600e-01
2.678635e-03	3.035425e-02	5.157073e-02	2.412423e-01
3.080431e-03	3.255587e-02	5.063489e-02	2.587031e-01
3.542495e-03	3.491686e-02	4.955570e-02	2.774279e-01
4.073870e-03	3.744873e-02	4.836974e-02	2.975081e-01
4.684950e-03	4.016386e-02	4.705798e-02	3.190415e-01
5.387693e-03	4.307551e-02	4.567555e-02	3.421335e-01
6.195847e-03	4.619791e-02	4.412783e-02	3.668969e-01
7.125224e-03	4.954631e-02	4.248745e-02	3.934529e-01
8.194007e-03	5.313706e-02	4.083328e-02	4.219310e-01
9.423108e-03	5.698772e-02	3.901999e-02	4.524702e-01
1.083657e-02	6.111709e-02	3.731523e-02	4.852198e-01
1.246206e-02	6.554535e-02	3.542101e-02	5.203399e-01
1.433137e-02	7.029412e-02	3.353214e-02	5.580022e-01
1.648108e-02	7.538661e-02	3.173678e-02	5.983905e-01
1.895324e-02	8.084770e-02	2.977193e-02	6.417018e-01
2.179622e-02	8.670407e-02	2.795346e-02	6.881481e-01
2.506566e-02	9.298432e-02	2.614556e-02	7.379564e-01
2.882550e-02	9.971914e-02	2.441535e-02	7.913699e-01
3.314933e-02	1.069414e-01	2.270830e-02	8.486494e-01
3.812173e-02	1.146865e-01	2.104007e-02	9.100745e-01
4.383999e-02	1.229921e-01	1.950217e-02	9.759457e-01
5.041599e-02	1.318989e-01	1.807361e-02	1.046585e+00
5.797838e-02	1.414504e-01	1.668737e-02	1.122337e+00
6.667514e-02	1.516932e-01	1.519291e-02	1.203572e+00
7.667641e-02	1.626774e-01	1.419927e-02	1.290687e+00
8.817787e-02	1.744566e-01	1.314740e-02	1.384107e+00
1.014046e-01	1.870885e-01	1.200582e-02	1.484282e+00
1.166152e-01	2.006348e-01	1.102081e-02	1.591780e+00
1.341075e-01	2.151620e-01	9.888062e-03	1.707920e+00
1.542237e-01	2.307407e-01	9.005650e-03	1.833705e+00
1.773572e-01	2.474469e-01	8.046033e-03	1.970003e+00
2.039608e-01	2.653624e-01	7.167886e-03	2.117830e+00
2.345549e-01	2.845746e-01	6.480775e-03	2.278346e+00
2.697381e-01	3.051771e-01	5.813639e-03	2.436984e+00
3.101989e-01	3.178639e-01	5.277599e-03	2.570343e+00
3.567287e-01	3.321804e-01	4.721013e-03	2.704491e+00
4.102380e-01	3.526461e-01	4.253193e-03	2.839102e+00
4.717737e-01	3.719493e-01	3.831425e-03	2.974244e+00
5.425397e-01	3.909826e-01	3.452972e-03	3.110432e+00
6.239207e-01	4.052995e-01	3.087841e-03	3.248780e+00
7.175088e-01	4.193516e-01	2.758566e-03	3.391138e+00
8.251351e-01	4.306007e-01	2.487169e-03	3.540228e+00
9.489054e-01	4.394612e-01	2.200600e-03	3.699788e+00
1.091241e+00	4.472691e-01	1.984553e-03	3.874763e+00
1.254927e+00	4.500090e-01	1.760280e-03	4.071480e+00
1.443166e+00	4.527713e-01	1.566722e-03	4.297877e+00
1.659641e+00	4.551838e-01	1.406805e-03	4.563764e+00
1.908588e+00	4.550535e-01	1.236331e-03	4.881140e+00
2.194876e+00	4.534526e-01	1.100988e-03	5.264544e+00
2.524107e+00	4.489932e-01	9.772965e-04	5.731484e+00
2.902723e+00	4.430706e-01	8.706511e-04	6.302912e+00
3.338132e+00	4.350370e-01	7.721468e-04	7.003821e+00
3.838852e+00	4.251061e-01	6.838659e-04	7.863987e+00
4.414679e+00	4.134379e-01	6.095142e-04	8.918996e+00
5.076881e+00	3.998757e-01	5.443841e-04	1.021167e+01
5.838413e+00	3.847963e-01	4.851272e-04	1.179415e+01
6.714175e+00	3.680841e-01	4.232607e-04	1.373081e+01
7.721302e+00	3.505564e-01	3.817361e-04	1.610245e+01
8.879497e+00	3.313629e-01	3.359909e-04	1.901201e+01
1.021142e+01	3.121920e-01	2.974204e-04	2.259244e+01
1.174313e+01	2.932954e-01	2.655238e-04	2.701713e+01
1.350460e+01	2.746064e-01	2.303619e-04	3.251355e+01
1.553030e+01	2.546811e-01	2.076160e-04	3.938071e+01
1.785984e+01	2.334792e-01	1.821284e-04	4.801106e+01
2.053882e+01	2.143789e-01	1.598722e-04	5.891899e+01
2.361964e+01	2.119693e-01	1.414966e-04	7.276468e+01
2.716258e+01	1.922141e-01	1.239924e-04	9.042232e+01
3.123697e+01	1.740567e-01	1.105968e-04	1.130520e+02
3.592252e+01	1.572148e-01	9.686244e-05	1.420138e+02
4.131089e+01	1.415717e-01	8.585641e-05	1.791009e+02
4.750753e+01	1.271381e-01	7.611348e-05	2.266188e+02
5.463366e+01	1.140201e-01	6.749122e-05	2.874945e+02
6.282871e+01	1.022057e-01	5.928627e-05	3.654159e+02
7.225301e+01	9.128655e-02	5.224065e-05	4.652453e+02
8.309096e+01	8.142954e-02	4.643004e-05	5.934820e+02
9.555461e+01	7.283139e-02	4.039107e-05	7.581059e+02
1.098878e+02	6.544363e-02	0.000000e+00	9.684913e+02
1.263710e+02	5.876922e-02	0.000000e+00	1.237115e+03
1.453266e+02	5.274111e-02	0.000000e+00	1.580508e+03
1.671256e+02	4.729876e-02	0.000000e+00	2.019998e+03
1.921945e+02	4.239588e-02	0.000000e+00	2.583072e+03
2.210236e+02	3.799578e-02	0.000000e+00	3.304912e+03
2.541772e+02	3.401233e-02	0.000000e+00	4.231060e+03
2.923037e+02	3.042249e-02	0.000000e+00	5.420985e+03
3.361493e+02	2.721893e-02	0.000000e+00	6.950226e+03
3.865717e+02	2.441177e-02	0.000000e+00	8.912874e+03
4.445574e+02	2.189424e-02	0.000000e+00	1.142892e+04
5.112411e+02	1.964165e-02	0.000000e+00	1.465443e+04
5.879272e+02	1.763024e-02	0.000000e+00	1.878767e+04
6.761163e+02	1.583608e-02	0.000000e+00	2.408110e+04
7.775337e+02	1.423950e-02	0.000000e+00	3.085465e+04
8.941638e+02	1.282029e-02	0.000000e+00	3.951250e+04
1.028288e+03	1.155973e-02	0.000000e+00	5.056404e+04
1.182532e+03	1.044124e-02	0.000000e+00	6.464823e+04
1.359911e+03	9.450134e-03	0.000000e+00	8.256258e+04
1.563898e+03	8.573885e-03	0.000000e+00	1.052977e+05
1.798483e+03	7.800222e-03	0.000000e+00	1.340767e+05
2.068255e+03	7.117849e-03	0.000000e+00	1.703999e+05
2.378493e+03	6.517412e-03	0.000000e+00	2.160945e+05
2.735268e+03	5.990613e-03	0.000000e+00	2.733684e+05
3.145558e+03	5.529891e-03	0.000000e+00	3.448660e+05
3.617391e+03	5.128364e-03	0.000000e+00	4.337260e+05
4.160000e+03	4.779813e-03	0.000000e+00	5.436379e+05
4.784000e+03	4.478575e-03	0.000000e+00	6.788943e+05
5.501600e+03	4.219646e-03	0.000000e+00	8.444383e+05
6.326840e+03	3.998744e-03	0.000000e+00	1.045903e+06
7.275866e+03	3.812034e-03	0.000000e+00	1.289648e+06
8.367246e+03	3.656026e-03	0.000000e+00	1.582768e+06
9.622333e+03	3.524228e-03	0.000000e+00	1.933274e+06
