# Energy_MeV	dEdx_Elec_MeV_um	dEdx_Nucl_MeV_um	Range_um
1.000000e-05	2.810383e-03	2.623639e-02	4.652217e-03
1.150000e-05	3.041521e-03	2.868091e-02	4.988947e-03
1.322500e-05	3.289147e-03	3.130771e-02	5.350049e-03
1.520875e-05	3.554476e-03	3.407974e-02	5.737289e-03
1.749006e-05	3.838809e-03	3.714127e-02	6.152557e-03
2.011357e-05	4.143539e-03	4.034532e-02	6.597882e-03
2.313061e-05	4.470159e-03	4.382163e-02	7.075440e-03
2.660020e-05	4.820265e-03	4.740446e-02	7.587564e-03
3.059023e-05	5.195572e-03	5.141628e-02	8.136756e-03
3.517876e-05	5.597915e-03	5.561227e-02	8.725699e-03
4.045558e-05	6.029261e-03	5.999498e-02	9.357269e-03
4.652391e-05	6.491719e-03	6.487675e-02	1.003455e-02
5.350250e-05	6.987549e-03	6.955940e-02	1.076086e-02
6.152788e-05	7.519174e-03	7.493585e-02	1.153974e-02
7.075706e-05	8.089194e-03	8.038067e-02	1.237499e-02
8.137062e-05	8.700392e-03	8.602059e-02	1.327070e-02
9.357621e-05	9.355756e-03	9.229231e-02	1.423124e-02
1.076126e-04	1.005849e-02	9.834651e-02	1.526130e-02
1.237545e-04	1.081202e-02	1.048607e-01	1.636592e-02
1.423177e-04	1.162004e-02	1.113091e-01	1.755050e-02
1.636654e-04	1.248649e-02	1.180080e-01	1.882081e-02
1.882152e-04	1.341560e-02	1.250389e-01	2.018307e-02
2.164475e-04	1.441191e-02	1.318355e-01	2.164393e-02
2.489146e-04	1.548030e-02	1.386859e-01	2.321053e-02
2.862518e-04	1.662598e-02	1.454234e-01	2.489052e-02
3.291895e-04	1.785454e-02	1.527901e-01	2.669211e-02
3.785680e-04	1.917200e-02	1.592799e-01	2.862410e-02
4.353531e-04	2.058478e-02	1.664339e-01	3.069593e-02
5.006561e-04	2.209979e-02	1.727707e-01	3.291772e-02
5.757545e-04	2.372443e-02	1.790134e-01	3.530032e-02
6.621177e-04	2.546663e-02	1.856603e-01	3.785537e-02
7.614354e-04	2.733492e-02	1.910731e-01	4.059537e-02
8.756507e-04	2.933840e-02	1.970494e-01	4.353368e-02
1.006998e-03	3.148689e-02	2.022538e-01	4.668467e-02
1.158048e-03	3.379086e-02	2.071952e-01	5.006373e-02
1.331755e-03	3.626157e-02	2.117114e-01	5.368737e-02
1.531519e-03	3.891111e-02	2.155930e-01	5.757329e-02
1.761246e-03	4.175240e-02	2.193679e-01	6.171069e-02
2.025433e-03	4.479933e-02	2.224050e-01	6.619874e-02
2.329248e-03	4.806678e-02	2.252169e-01	7.100350e-02
2.678635e-03	5.157073e-02	2.273467e-01	7.614241e-02
3.080431e-03	5.532828e-02	2.294403e-01	8.165348e-02
3.542495e-03	5.935779e-02	2.308653e-01	8.756357e-02
4.073870e-03	6.367895e-02	2.317956e-01	9.390131e-02
4.684950e-03	6.831287e-02	2.326453e-01	1.006978e-01
5.387693e-03	7.328218e-02	2.324094e-01	1.079862e-01
6.195847e-03	7.861117e-02	2.321380e-01	1.158022e-01
7.125224e-03	8.432587e-02	2.311065e-01	1.241839e-01
8.194007e-03	9.045419e-02	2.295460e-01	1.331723e-01
9.423108e-03	9.702607e-02	2.276488e-01	1.428112e-01
1.083657e-02	1.040736e-01	2.249175e-01	1.531478e-01
1.246206e-02	1.116313e-01	2.217359e-01	1.642327e-01
1.433137e-02	1.197360e-01	2.179141e-01	1.761198e-01
1.648108e-02	1.284273e-01	2.135317e-01	1.888673e-01
1.895324e-02	1.377476e-01	2.085793e-01	2.025374e-01
2.179622e-02	1.477426e-01	2.031066e-01	2.171971e-01
2.506566e-02	1.584610e-01	1.973095e-01	2.329179e-01
2.882550e-02	1.699553e-01	1.909969e-01	2.497764e-01
3.314933e-02	1.822814e-01	1.839395e-01	2.678552e-01
3.812173e-02	1.954998e-01	1.770547e-01	2.872425e-01
4.383999e-02	2.096749e-01	1.692830e-01	3.080333e-01
5.041599e-02	2.248760e-01	1.619714e-01	3.303288e-01
5.797838e-02	2.411773e-01	1.542198e-01	3.542380e-01
6.667514e-02	2.586586e-01	1.458175e-01	3.798777e-01
7.667641e-02	2.774051e-01	1.383294e-01	4.073733e-01
8.817787e-02	2.975085e-01	1.298731e-01	4.368592e-01
1.014046e-01	3.190671e-01	1.221093e-01	4.684792e-01
1.166152e-01	3.421860e-01	1.142217e-01	5.023880e-01
1.341075e-01	3.669783e-01	1.065498e-01	5.387501e-01
1.542237e-01	3.935651e-01	9.944631e-02	5.777449e-01
1.773572e-01	4.220771e-01	9.211332e-02	6.195734e-01
2.039608e-01	4.526551e-01	8.558448e-02	6.647329e-01
2.345549e-01	4.854462e-01	7.904264e-02	7.136441e-01
2.697381e-01	5.206108e-01	7.323845e-02	7.666366e-01
3.101989e-01	5.583206e-01	6.701869e-02	8.241058e-01
3.567287e-01	5.987600e-01	6.192872e-02	8.865004e-01
4.102380e-01	6.421261e-01	5.757107e-02	9.529135e-01
4.717737e-01	6.828404e-01	5.269091e-02	9.851254e-01
5.425397e-01	7.296406e-01	4.868817e-02	1.016451e+00
6.239207e-01	7.994232e-01	4.408502e-02	1.046926e+00
7.175088e-01	8.761884e-01	3.963914e-02	1.076621e+00
8.251351e-01	9.604343e-01	3.567008e-02	1.105725e+00
9.489054e-01	1.048634e+00	3.156252e-02	1.134565e+00
1.091241e+00	1.145850e+00	2.862269e-02	1.163632e+00
1.254927e+00	1.246619e+00	2.570567e-02	1.193612e+00
1.443166e+00	1.350767e+00	2.327169e-02	1.225416e+00
1.659641e+00	1.459809e+00	2.094326e-02	1.260209e+00
1.908588e+00	1.547920e+00	1.876217e-02	1.299427e+00
2.194876e+00	1.641852e+00	1.690003e-02	1.344853e+00
2.524107e+00	1.741308e+00	1.521277e-02	1.398597e+00
2.902723e+00	1.831406e+00	1.371022e-02	1.463143e+00
3.338132e+00	1.917586e+00	1.216329e-02	1.541377e+00
3.838852e+00	1.984968e+00	1.101287e-02	1.636595e+00
4.414679e+00	2.051641e+00	9.726782e-03	1.752556e+00
5.076881e+00	2.106063e+00	8.756299e-03	1.893490e+00
5.838413e+00	2.154820e+00	7.831807e-03	2.064172e+00
6.714175e+00	2.202912e+00	6.904873e-03	2.270041e+00
7.721302e+00	2.231607e+00	6.237065e-03	2.517375e+00
8.879497e+00	2.255998e+00	5.478957e-03	2.813576e+00
1.021142e+01	2.267871e+00	4.887232e-03	3.167558e+00
1.174313e+01	2.267917e+00	4.332088e-03	3.590258e+00
1.350460e+01	2.261071e+00	3.838812e-03	4.095281e+00
1.553030e+01	2.237012e+00	3.424563e-03	4.699713e+00
1.785984e+01	2.204139e+00	3.026122e-03	5.425125e+00
2.053882e+01	2.158670e+00	2.708575e-03	6.298846e+00
2.361964e+01	2.105994e+00	2.402616e-03	7.355555e+00
2.716258e+01	2.045147e+00	2.151236e-03	8.639339e+00
3.123697e+01	1.974078e+00	1.890824e-03	1.020639e+01
3.592252e+01	2.135684e+00	1.687821e-03	1.212732e+01
4.131089e+01	1.988468e+00	1.499158e-03	1.449408e+01
4.750753e+01	1.850717e+00	1.310434e-03	1.743185e+01
5.463366e+01	1.716713e+00	1.178870e-03	2.108107e+01
6.282871e+01	1.586765e+00	1.030318e-03	2.562981e+01
7.225301e+01	1.460773e+00	9.186252e-04	3.132416e+01
8.309096e+01	1.340848e+00	8.134906e-04	3.848030e+01
9.555461e+01	1.227616e+00	7.080797e-04	4.749831e+01
1.098878e+02	1.118753e+00	6.282994e-04	5.890976e+01
1.263710e+02	1.015971e+00	5.517907e-04	7.343494e+01
1.453266e+02	9.221590e-01	4.902838e-04	9.196489e+01
1.671256e+02	8.399902e-01	4.325938e-04	1.155373e+02
1.921945e+02	7.632442e-01	3.805303e-04	1.455293e+02
2.210236e+02	6.917188e-01	3.367211e-04	1.837858e+02
2.541772e+02	6.254193e-01	2.985545e-04	2.326894e+02
2.923037e+02	5.643239e-01	2.647529e-04	2.953172e+02
3.361493e+02	5.084715e-01	2.307289e-04	3.756100e+02
3.865717e+02	4.572146e-01	2.065213e-04	4.786623e+02
4.445574e+02	4.103740e-01	1.789518e-04	6.111364e+02
5.112411e+02	3.680833e-01	1.593915e-04	7.815204e+02
5.879272e+02	3.308348e-01	1.404532e-04	1.000391e+03
6.761163e+02	2.971857e-01	1.220079e-04	1.281174e+03
7.775337e+02	2.668759e-01	1.090172e-04	1.641347e+03
8.941638e+02	2.397379e-01	9.407778e-05	2.103130e+03
1.028288e+03	2.154795e-01	8.299155e-05	2.694800e+03
1.182532e+03	1.938107e-01	7.251807e-05	3.452199e+03
1.359911e+03	1.745071e-01	6.346815e-05	4.420611e+03
1.563898e+03	1.573657e-01	5.584562e-05	5.657115e+03
1.798483e+03	1.421473e-01	4.858652e-05	7.233347e+03
2.068255e+03	1.286446e-01	0.000000e+00	9.238760e+03
2.378493e+03	1.167078e-01	0.000000e+00	1.178453e+04
2.735268e+03	1.061727e-01	0.000000e+00	1.500803e+04
3.145558e+03	9.687590e-02	0.000000e+00	1.907788e+04
3.617391e+03	8.869768e-02	0.000000e+00	2.419963e+04
4.160000e+03	8.152808e-02	0.000000e+00	3.062182e+04
4.784000e+03	7.524584e-02	0.000000e+00	3.864247e+04
5.501600e+03	6.975564e-02	0.000000e+00	4.861562e+04
6.326840e+03	6.498831e-02	0.000000e+00	6.095786e+04
7.275866e+03	6.086680e-02	0.000000e+00	7.615445e+04
8.367246e+03	5.731744e-02	0.000000e+00	9.476476e+04
9.622333e+03	5.428673e-02	0.000000e+00	1.174270e+05
