# Energy_MeV	dEdx_Elec_MeV_um	dEdx_Nucl_MeV_um	Range_um
1.000000e-05	2.514258e-03	2.846716e-02	5.284659e-03
1.150000e-05	2.717395e-03	3.107578e-02	5.667165e-03
1.322500e-05	2.935077e-03	3.397920e-02	6.077358e-03
1.520875e-05	3.168371e-03	3.707609e-02	6.517240e-03
1.749006e-05	3.418419e-03	4.034615e-02	6.988961e-03
2.011357e-05	3.686445e-03	4.399718e-02	7.494826e-03
2.313061e-05	3.973761e-03	4.773043e-02	8.037306e-03
2.660020e-05	4.281770e-03	5.182964e-02	8.619050e-03
3.059023e-05	4.611981e-03	5.605209e-02	9.242901e-03
3.517876e-05	4.966006e-03	6.078939e-02	9.911907e-03
4.045558e-05	5.345576e-03	6.567669e-02	1.062934e-02
4.652391e-05	5.752547e-03	7.093755e-02	1.139869e-02
5.350250e-05	6.188908e-03	7.652180e-02	1.222374e-02
6.152788e-05	6.656790e-03	8.213533e-02	1.310850e-02
7.075706e-05	7.158481e-03	8.843638e-02	1.405730e-02
8.137062e-05	7.696430e-03	9.476406e-02	1.507477e-02
9.357621e-05	8.273268e-03	1.015371e-01	1.616589e-02
1.076126e-04	8.891812e-03	1.086885e-01	1.733599e-02
1.237545e-04	9.555085e-03	1.159548e-01	1.859078e-02
1.423177e-04	1.026633e-02	1.234708e-01	1.993639e-02
1.636654e-04	1.102901e-02	1.310430e-01	2.137939e-02
1.882152e-04	1.184687e-02	1.389012e-01	2.292684e-02
2.164475e-04	1.272389e-02	1.469184e-01	2.458630e-02
2.489146e-04	1.366436e-02	1.550805e-01	2.636587e-02
2.862518e-04	1.467287e-02	1.627858e-01	2.827425e-02
3.291895e-04	1.575436e-02	1.708861e-01	3.032075e-02
3.785680e-04	1.691410e-02	1.793367e-01	3.251538e-02
4.353531e-04	1.815777e-02	1.868332e-01	3.486886e-02
5.006561e-04	1.949143e-02	1.954410e-01	3.739269e-02
5.757545e-04	2.092161e-02	2.022808e-01	4.009919e-02
6.621177e-04	2.245528e-02	2.097974e-01	4.300159e-02
7.614354e-04	2.409994e-02	2.172214e-01	4.611407e-02
8.756507e-04	2.586364e-02	2.234821e-01	4.945183e-02
1.006998e-03	2.775497e-02	2.306820e-01	5.303118e-02
1.158048e-03	2.978319e-02	2.362195e-01	5.686961e-02
1.331755e-03	3.195820e-02	2.420032e-01	6.098586e-02
1.531519e-03	3.429063e-02	2.470154e-01	6.540005e-02
1.761246e-03	3.679187e-02	2.514270e-01	7.013374e-02
2.025433e-03	3.947414e-02	2.558711e-01	7.521006e-02
2.329248e-03	4.235054e-02	2.591045e-01	8.061347e-02
2.678635e-03	4.543513e-02	2.623279e-01	8.648439e-02
3.080431e-03	4.874298e-02	2.646219e-01	9.275409e-02
3.542495e-03	5.229025e-02	2.669286e-01	9.946774e-02
4.073870e-03	5.609426e-02	2.684109e-01	1.066669e-01
4.684950e-03	6.017360e-02	2.695478e-01	1.143874e-01
5.387693e-03	6.454820e-02	2.701785e-01	1.226666e-01
6.195847e-03	6.923943e-02	2.699123e-01	1.315451e-01
7.125224e-03	7.427021e-02	2.694153e-01	1.410663e-01
8.194007e-03	7.966511e-02	2.680654e-01	1.512766e-01
9.423108e-03	8.545050e-02	2.662102e-01	1.622259e-01
1.083657e-02	9.165463e-02	2.637450e-01	1.739677e-01
1.246206e-02	9.830782e-02	2.604800e-01	1.865594e-01
1.433137e-02	1.054426e-01	2.565996e-01	2.000625e-01
1.648108e-02	1.130937e-01	2.520330e-01	2.145430e-01
1.895324e-02	1.212987e-01	2.467698e-01	2.300715e-01
2.179622e-02	1.300975e-01	2.409040e-01	2.467240e-01
2.506566e-02	1.395332e-01	2.343441e-01	2.645819e-01
2.882550e-02	1.496518e-01	2.275854e-01	2.837324e-01
3.314933e-02	1.605029e-01	2.200112e-01	3.042689e-01
3.812173e-02	1.721393e-01	2.117880e-01	3.262918e-01
4.383999e-02	1.846180e-01	2.036719e-01	3.499088e-01
5.041599e-02	1.979999e-01	1.943382e-01	3.752353e-01
5.797838e-02	2.123503e-01	1.861334e-01	4.023950e-01
6.667514e-02	2.277395e-01	1.768156e-01	4.315203e-01
7.667641e-02	2.442426e-01	1.673225e-01	4.627537e-01
8.817787e-02	2.619401e-01	1.584793e-01	4.962479e-01
1.014046e-01	2.809186e-01	1.483489e-01	5.321665e-01
1.166152e-01	3.012708e-01	1.397394e-01	5.706849e-01
1.341075e-01	3.230961e-01	1.304592e-01	6.119910e-01
1.542237e-01	3.465011e-01	1.218158e-01	6.562872e-01
1.773572e-01	3.716002e-01	1.135879e-01	7.037900e-01
2.039608e-01	3.985159e-01	1.049315e-01	7.547240e-01
2.345549e-01	4.273809e-01	9.759994e-02	8.094000e-01
2.697381e-01	4.583365e-01	9.000872e-02	8.684979e-01
3.101989e-01	4.915326e-01	8.342072e-02	9.325013e-01
3.567287e-01	5.271315e-01	7.637132e-02	1.001861e+00
4.102380e-01	5.653071e-01	7.071140e-02	1.077091e+00
4.717737e-01	6.062459e-01	6.543786e-02	1.158788e+00
5.425397e-01	6.501459e-01	6.023281e-02	1.237000e+00
6.239207e-01	6.903114e-01	5.543999e-02	1.278379e+00
7.175088e-01	7.413208e-01	4.992826e-02	1.318597e+00
8.251351e-01	8.128510e-01	4.494434e-02	1.357733e+00
9.489054e-01	8.902792e-01	4.014527e-02	1.395893e+00
1.091241e+00	9.765247e-01	3.589575e-02	1.433352e+00
1.254927e+00	1.065277e+00	3.235720e-02	1.470566e+00
1.443166e+00	1.162686e+00	2.916589e-02	1.508209e+00
1.659641e+00	1.265975e+00	2.633004e-02	1.547214e+00
1.908588e+00	1.368971e+00	2.368225e-02	1.588811e+00
2.194876e+00	1.477988e+00	2.130639e-02	1.634570e+00
2.524107e+00	1.564023e+00	1.906441e-02	1.686404e+00
2.902723e+00	1.658434e+00	1.726708e-02	1.746699e+00
3.338132e+00	1.760371e+00	1.545536e-02	1.818254e+00
3.838852e+00	1.845763e+00	1.379238e-02	1.904365e+00
4.414679e+00	1.930051e+00	1.244293e-02	2.008847e+00
5.076881e+00	1.997581e+00	1.090440e-02	2.136057e+00
5.838413e+00	2.060697e+00	9.919330e-03	2.290946e+00
6.714175e+00	2.116474e+00	8.803563e-03	2.479090e+00
7.721302e+00	2.162862e+00	7.833795e-03	2.706787e+00
8.879497e+00	2.207683e+00	7.038167e-03	2.981227e+00
1.021142e+01	2.237092e+00	6.136899e-03	3.310735e+00
1.174313e+01	2.257971e+00	5.521669e-03	3.705165e+00
1.350460e+01	2.270140e+00	4.871624e-03	4.176428e+00
1.553030e+01	2.266965e+00	4.342919e-03	4.739175e+00
1.785984e+01	2.257075e+00	3.872478e-03	5.411671e+00
2.053882e+01	2.232417e+00	3.408933e-03	6.216877e+00
2.361964e+01	2.196587e+00	3.057380e-03	7.183808e+00
2.716258e+01	2.149986e+00	2.703809e-03	8.349233e+00
3.123697e+01	2.095913e+00	2.427435e-03	9.759831e+00
3.592252e+01	2.033345e+00	2.138936e-03	1.147490e+01
4.131089e+01	1.960507e+00	1.909363e-03	1.357031e+01
4.750753e+01	2.108143e+00	1.681603e-03	1.614032e+01
5.463366e+01	1.963438e+00	1.486468e-03	1.931140e+01
6.282871e+01	1.826835e+00	1.327631e-03	2.324977e+01
7.225301e+01	1.693469e+00	1.164698e-03	2.814318e+01
8.309096e+01	1.564189e+00	1.038485e-03	3.424739e+01
9.555461e+01	1.439176e+00	9.115519e-04	4.189494e+01
1.098878e+02	1.320492e+00	8.014781e-04	5.151060e+01
1.263710e+02	1.208426e+00	7.054418e-04	6.363468e+01
1.453266e+02	1.100144e+00	6.229591e-04	7.899209e+01
1.671256e+02	9.986255e-01	5.514234e-04	9.855605e+01
1.921945e+02	9.073236e-01	4.864649e-04	1.235073e+02
2.210236e+02	8.261115e-01	4.304597e-04	1.552360e+02
2.541772e+02	7.502803e-01	3.782732e-04	1.956233e+02
2.923037e+02	6.796562e-01	3.376347e-04	2.471602e+02
3.361493e+02	6.142808e-01	2.968533e-04	3.130642e+02
3.865717e+02	5.541197e-01	2.612748e-04	3.974837e+02
4.445574e+02	4.991698e-01	2.323273e-04	5.057320e+02
5.112411e+02	4.486309e-01	1.998349e-04	6.447016e+02
5.879272e+02	4.026103e-01	1.799492e-04	8.233851e+02
6.761163e+02	3.612412e-01	1.570807e-04	1.053179e+03
7.775337e+02	3.246643e-01	1.382156e-04	1.348275e+03
8.941638e+02	2.916135e-01	1.225290e-04	1.726820e+03
1.028288e+03	2.618761e-01	1.051791e-04	2.212374e+03
1.182532e+03	2.352681e-01	9.342337e-05	2.834844e+03
1.359911e+03	2.114868e-01	8.117166e-05	3.632284e+03
1.563898e+03	1.902475e-01	7.155110e-05	4.652900e+03
1.798483e+03	1.713400e-01	6.295369e-05	5.957561e+03
2.068255e+03	1.545549e-01	5.467708e-05	7.622958e+03
2.378493e+03	1.396512e-01	4.840537e-05	9.745241e+03
2.735268e+03	1.264346e-01	0.000000e+00	1.244439e+04
3.145558e+03	1.147573e-01	0.000000e+00	1.586936e+04
3.617391e+03	1.044508e-01	0.000000e+00	2.020402e+04
4.160000e+03	9.535858e-02	0.000000e+00	2.567380e+04
4.784000e+03	8.736633e-02	0.000000e+00	3.255309e+04
5.501600e+03	8.036147e-02	0.000000e+00	4.117324e+04
6.326840e+03	7.422429e-02	0.000000e+00	5.193089e+04
7.275866e+03	6.886621e-02	0.000000e+00	6.529651e+04
8.367246e+03	6.421849e-02	0.000000e+00	8.182272e+04
9.622333e+03	6.020246e-02	0.000000e+00	1.021520e+05
