# Energy_MeV	dEdx_Elec_MeV_um	dEdx_Nucl_MeV_um	Range_um
1.000000e-05	2.373075e-03	3.147461e-02	5.116533e-03
1.150000e-05	2.565618e-03	3.454629e-02	5.486870e-03
1.322500e-05	2.771935e-03	3.781500e-02	5.884013e-03
1.520875e-05	2.993039e-03	4.149564e-02	6.309901e-03
1.749006e-05	3.230011e-03	4.532752e-02	6.766615e-03
2.011357e-05	3.484013e-03	4.959406e-02	7.256386e-03
2.313061e-05	3.756287e-03	5.408301e-02	7.781607e-03
2.660020e-05	4.048165e-03	5.888755e-02	8.344844e-03
3.059023e-05	4.361075e-03	6.418063e-02	8.948848e-03
3.517876e-05	4.696545e-03	6.968107e-02	9.596570e-03
4.045558e-05	5.056217e-03	7.577227e-02	1.029118e-02
4.652391e-05	5.441847e-03	8.188810e-02	1.103606e-02
5.350250e-05	5.855321e-03	8.873704e-02	1.183485e-02
6.152788e-05	6.298660e-03	9.601934e-02	1.269146e-02
7.075706e-05	6.774030e-03	1.036582e-01	1.361008e-02
8.137062e-05	7.283753e-03	1.119795e-01	1.459518e-02
9.357621e-05	7.830320e-03	1.201339e-01	1.565159e-02
1.076126e-04	8.416402e-03	1.292404e-01	1.678446e-02
1.237545e-04	9.044862e-03	1.387166e-01	1.799933e-02
1.423177e-04	9.718770e-03	1.485577e-01	1.930213e-02
1.636654e-04	1.044142e-02	1.591637e-01	2.069923e-02
1.882152e-04	1.121634e-02	1.697123e-01	2.219745e-02
2.164475e-04	1.204732e-02	1.808332e-01	2.380411e-02
2.489146e-04	1.293842e-02	1.921337e-01	2.552707e-02
2.862518e-04	1.389398e-02	2.035185e-01	2.737473e-02
3.291895e-04	1.491869e-02	2.154882e-01	2.935613e-02
3.785680e-04	1.601754e-02	2.273476e-01	3.148094e-02
4.353531e-04	1.719591e-02	2.390032e-01	3.375955e-02
5.006561e-04	1.845954e-02	2.507919e-01	3.620308e-02
5.757545e-04	1.981462e-02	2.629641e-01	3.882348e-02
6.621177e-04	2.126777e-02	2.744801e-01	4.163354e-02
7.614354e-04	2.282607e-02	2.870221e-01	4.464700e-02
8.756507e-04	2.449716e-02	2.975105e-01	4.787858e-02
1.006998e-03	2.628918e-02	3.084738e-01	5.134405e-02
1.158048e-03	2.821089e-02	3.192367e-01	5.506036e-02
1.331755e-03	3.027169e-02	3.289060e-01	5.904566e-02
1.531519e-03	3.248164e-02	3.394159e-01	6.331942e-02
1.761246e-03	3.485154e-02	3.478308e-01	6.790251e-02
2.025433e-03	3.739296e-02	3.566050e-01	7.281733e-02
2.329248e-03	4.011832e-02	3.639543e-01	7.808788e-02
2.678635e-03	4.304094e-02	3.705881e-01	8.373993e-02
3.080431e-03	4.617508e-02	3.770920e-01	8.979770e-02
3.542495e-03	4.953608e-02	3.820959e-01	9.628722e-02
4.073870e-03	5.314033e-02	3.871676e-01	1.032749e-01
4.684950e-03	5.700546e-02	3.904864e-01	1.107480e-01
5.387693e-03	6.115034e-02	3.938099e-01	1.187646e-01
6.195847e-03	6.559522e-02	3.963242e-01	1.273605e-01
7.125224e-03	7.036182e-02	3.980176e-01	1.365788e-01
8.194007e-03	7.547343e-02	3.991755e-01	1.464643e-01
9.423108e-03	8.095501e-02	3.988252e-01	1.570652e-01
1.083657e-02	8.683335e-02	3.980944e-01	1.684335e-01
1.246206e-02	9.313716e-02	3.963572e-01	1.806246e-01
1.433137e-02	9.989724e-02	3.937017e-01	1.936982e-01
1.648108e-02	1.071466e-01	3.902101e-01	2.077180e-01
1.895324e-02	1.149207e-01	3.854980e-01	2.227525e-01
2.179622e-02	1.232575e-01	3.799007e-01	2.388752e-01
2.506566e-02	1.321977e-01	3.732787e-01	2.561649e-01
2.882550e-02	1.417850e-01	3.656597e-01	2.747062e-01
3.314933e-02	1.520662e-01	3.570629e-01	2.945893e-01
3.812173e-02	1.630915e-01	3.475578e-01	3.159116e-01
4.383999e-02	1.749149e-01	3.375365e-01	3.387772e-01
5.041599e-02	1.875941e-01	3.265456e-01	3.632980e-01
5.797838e-02	2.011910e-01	3.146003e-01	3.895936e-01
6.667514e-02	2.157721e-01	3.024885e-01	4.177923e-01
7.667641e-02	2.314085e-01	2.889261e-01	4.480320e-01
8.817787e-02	2.481767e-01	2.765285e-01	4.804607e-01
1.014046e-01	2.661586e-01	2.629709e-01	5.152366e-01
1.166152e-01	2.854420e-01	2.490707e-01	5.525296e-01
1.341075e-01	3.061212e-01	2.357992e-01	5.925216e-01
1.542237e-01	3.282971e-01	2.209920e-01	6.354084e-01
1.773572e-01	3.520782e-01	2.081154e-01	6.813995e-01
2.039608e-01	3.775805e-01	1.941914e-01	7.307198e-01
2.345549e-01	4.049287e-01	1.814496e-01	7.836079e-01
2.697381e-01	4.342564e-01	1.692974e-01	8.403311e-01
3.101989e-01	4.657069e-01	1.566141e-01	9.011391e-01
3.567287e-01	4.994361e-01	1.455960e-01	9.666563e-01
4.102380e-01	5.356066e-01	1.339445e-01	1.037611e+00
4.717737e-01	5.743951e-01	1.244059e-01	1.114461e+00
5.425397e-01	6.159911e-01	1.142343e-01	1.197785e+00
6.239207e-01	6.605979e-01	1.051455e-01	1.288219e+00
7.175088e-01	7.084336e-01	9.739763e-02	1.386502e+00
8.251351e-01	7.546902e-01	8.992021e-02	1.493493e+00
9.489054e-01	8.015523e-01	8.298629e-02	1.557891e+00
1.091241e+00	8.726114e-01	7.501228e-02	1.594605e+00
1.254927e+00	9.561076e-01	6.705024e-02	1.629558e+00
1.443166e+00	1.046783e+00	6.000828e-02	1.662992e+00
1.659641e+00	1.145832e+00	5.361071e-02	1.695506e+00
1.908588e+00	1.255366e+00	4.845219e-02	1.727799e+00
2.194876e+00	1.371114e+00	4.363381e-02	1.760839e+00
2.524107e+00	1.498437e+00	3.929607e-02	1.795880e+00
2.902723e+00	1.630839e+00	3.546210e-02	1.834500e+00
3.338132e+00	1.757484e+00	3.184097e-02	1.878633e+00
3.838852e+00	1.886292e+00	2.857132e-02	1.930609e+00
4.414679e+00	2.021163e+00	2.578152e-02	1.993176e+00
5.076881e+00	2.159855e+00	2.313371e-02	2.069525e+00
5.838413e+00	2.283787e+00	2.068157e-02	2.163344e+00
6.714175e+00	2.395945e+00	1.860781e-02	2.278792e+00
7.721302e+00	2.508222e+00	1.634014e-02	2.420540e+00
8.879497e+00	2.594846e+00	1.481483e-02	2.593787e+00
1.021142e+01	2.683351e+00	1.318192e-02	2.804317e+00
1.174313e+01	2.766022e+00	1.173570e-02	3.058601e+00
1.350460e+01	2.833434e+00	1.052914e-02	3.363991e+00
1.553030e+01	2.897254e+00	9.205797e-03	3.729014e+00
1.785984e+01	2.936639e+00	8.269248e-03	4.163814e+00
2.053882e+01	2.968721e+00	7.279792e-03	4.680705e+00
2.361964e+01	2.987740e+00	6.489815e-03	5.294896e+00
2.716258e+01	2.985946e+00	5.797646e-03	6.025359e+00
3.123697e+01	2.973533e+00	5.109977e-03	6.895917e+00
3.592252e+01	2.935666e+00	4.580411e-03	7.936578e+00
4.131089e+01	2.890602e+00	4.034134e-03	9.185207e+00
4.750753e+01	2.837152e+00	3.631785e-03	1.068969e+01
5.463366e+01	2.766555e+00	3.216118e-03	1.251048e+01
6.282871e+01	3.152118e+00	2.854031e-03	1.472433e+01
7.225301e+01	2.949294e+00	2.520578e-03	1.742671e+01
8.309096e+01	2.766090e+00	2.219162e-03	2.075224e+01
9.555461e+01	2.585171e+00	1.986596e-03	2.485383e+01
1.098878e+02	2.407657e+00	1.752088e-03	2.992463e+01
1.263710e+02	2.232718e+00	1.552619e-03	3.622242e+01
1.453266e+02	2.063888e+00	1.366756e-03	4.407974e+01
1.671256e+02	1.902897e+00	1.199399e-03	5.391424e+01
1.921945e+02	1.747490e+00	1.059137e-03	6.627182e+01
2.210236e+02	1.598126e+00	9.341054e-04	8.189746e+01
2.541772e+02	1.457556e+00	8.240807e-04	1.017398e+02
2.923037e+02	1.336101e+00	7.300922e-04	1.268947e+02
3.361493e+02	1.221956e+00	6.443245e-04	1.587590e+02
3.865717e+02	1.114228e+00	5.672875e-04	1.992423e+02
4.445574e+02	1.013054e+00	5.047710e-04	2.508195e+02
5.112411e+02	9.187240e-01	4.451168e-04	3.166949e+02
5.879272e+02	8.314903e-01	3.917650e-04	4.009805e+02
6.761163e+02	7.509801e-01	3.479089e-04	5.089752e+02
7.775337e+02	6.764093e-01	2.998868e-04	6.476191e+02
8.941638e+02	6.084589e-01	2.690594e-04	8.258422e+02
1.028288e+03	5.477640e-01	2.355666e-04	1.054818e+03
1.182532e+03	4.929798e-01	2.069380e-04	1.348601e+03
1.359911e+03	4.433385e-01	1.835450e-04	1.725477e+03
1.563898e+03	3.986933e-01	1.578146e-04	2.208836e+03
1.798483e+03	3.586755e-01	1.401303e-04	2.828409e+03
2.068255e+03	3.227819e-01	1.215697e-04	3.621930e+03
2.378493e+03	2.906692e-01	1.068921e-04	4.637101e+03
2.735268e+03	2.621160e-01	9.439232e-05	5.934071e+03
3.145558e+03	2.367483e-01	8.196001e-05	7.588422e+03
3.617391e+03	2.141854e-01	7.262765e-05	9.694635e+03
4.160000e+03	1.942047e-01	6.312401e-05	1.237029e+04
4.784000e+03	1.765700e-01	5.613124e-05	1.576091e+04
5.501600e+03	1.609934e-01	4.903888e-05	2.004545e+04
6.326840e+03	1.472693e-01	0.000000e+00	2.544245e+04
7.275866e+03	1.352357e-01	0.000000e+00	3.221682e+04
8.367246e+03	1.246897e-01	0.000000e+00	4.068695e+04
9.622333e+03	1.154536e-01	0.000000e+00	5.123209e+04
