# Energy_MeV	dEdx_Elec_MeV_um	dEdx_Nucl_MeV_um	Range_um
1.000000e-05	3.278420e-03	1.240098e-02	5.988424e-03
1.150000e-05	3.539419e-03	1.336554e-02	6.421870e-03
1.322500e-05	3.819156e-03	1.444016e-02	6.886688e-03
1.520875e-05	4.119001e-03	1.554478e-02	7.385150e-03
1.749006e-05	4.440421e-03	1.669932e-02	7.919691e-03
2.011357e-05	4.784988e-03	1.801636e-02	8.492923e-03
2.313061e-05	5.154387e-03	1.925325e-02	9.107645e-03
2.660020e-05	5.550425e-03	2.063405e-02	9.766861e-03
3.059023e-05	5.975036e-03	2.207127e-02	1.047379e-02
3.517876e-05	6.430297e-03	2.352766e-02	1.123189e-02
4.045558e-05	6.918431e-03	2.506844e-02	1.204486e-02
4.652391e-05	7.441826e-03	2.654765e-02	1.291667e-02
5.350250e-05	8.003038e-03	2.819185e-02	1.385159e-02
6.152788e-05	8.604809e-03	2.978188e-02	1.485417e-02
7.075706e-05	9.250080e-03	3.136035e-02	1.592933e-02
8.137062e-05	9.942004e-03	3.293365e-02	1.708230e-02
9.357621e-05	1.068396e-02	3.459056e-02	1.831873e-02
1.076126e-04	1.147958e-02	3.626354e-02	1.964465e-02
1.237545e-04	1.233274e-02	3.777676e-02	2.106654e-02
1.423177e-04	1.324761e-02	3.938806e-02	2.259134e-02
1.636654e-04	1.422867e-02	4.084795e-02	2.422652e-02
1.882152e-04	1.528070e-02	4.236293e-02	2.598004e-02
2.164475e-04	1.640885e-02	4.383573e-02	2.786049e-02
2.489146e-04	1.761862e-02	4.509445e-02	2.987705e-02
2.862518e-04	1.891593e-02	4.643666e-02	3.203957e-02
3.291895e-04	2.030712e-02	4.766065e-02	3.435861e-02
3.785680e-04	2.179898e-02	4.873657e-02	3.684550e-02
4.353531e-04	2.339880e-02	4.974261e-02	3.951240e-02
5.006561e-04	2.511440e-02	5.065262e-02	4.237233e-02
5.757545e-04	2.695415e-02	5.148571e-02	4.543926e-02
6.621177e-04	2.892705e-02	5.219295e-02	4.871668e-02
7.614354e-04	3.104273e-02	5.274137e-02	5.225669e-02
8.756507e-04	3.331153e-02	5.325763e-02	5.603830e-02
1.006998e-03	3.574454e-02	5.375804e-02	6.009491e-02
1.158048e-03	3.835363e-02	5.398712e-02	6.444434e-02
1.331755e-03	4.115156e-02	5.420156e-02	6.910877e-02
1.531519e-03	4.415199e-02	5.430222e-02	7.411080e-02
1.761246e-03	4.736959e-02	5.424159e-02	7.947490e-02
2.025433e-03	5.082006e-02	5.416170e-02	8.522725e-02
2.329248e-03	5.452028e-02	5.383722e-02	9.139593e-02
2.678635e-03	5.848831e-02	5.344233e-02	9.801109e-02
3.080431e-03	6.274354e-02	5.293787e-02	1.051051e-01
3.542495e-03	6.730676e-02	5.225696e-02	1.127126e-01
4.073870e-03	7.220026e-02	5.146273e-02	1.208707e-01
4.684950e-03	7.744795e-02	5.052631e-02	1.296193e-01
5.387693e-03	8.307546e-02	4.944375e-02	1.390010e-01
6.195847e-03	8.911029e-02	4.826024e-02	1.490620e-01
7.125224e-03	9.558192e-02	4.696127e-02	1.598511e-01
8.194007e-03	1.025220e-01	4.557186e-02	1.714211e-01
9.423108e-03	1.099643e-01	4.402012e-02	1.838285e-01
1.083657e-02	1.179454e-01	4.238669e-02	1.971340e-01
1.246206e-02	1.265041e-01	4.073236e-02	2.114026e-01
1.433137e-02	1.356823e-01	3.895847e-02	2.267039e-01
1.648108e-02	1.455248e-01	3.722709e-02	2.431127e-01
1.895324e-02	1.560797e-01	3.533534e-02	2.607092e-01
2.179622e-02	1.673986e-01	3.344930e-02	2.795794e-01
2.506566e-02	1.795367e-01	3.165760e-02	2.998155e-01
2.882550e-02	1.925534e-01	2.973582e-02	3.215162e-01
3.314933e-02	2.065123e-01	2.787268e-02	3.447876e-01
3.812173e-02	2.214815e-01	2.610117e-02	3.697433e-01
4.383999e-02	2.375342e-01	2.437007e-02	3.965053e-01
5.041599e-02	2.547487e-01	2.266554e-02	4.252065e-01
5.797838e-02	2.732093e-01	2.101298e-02	4.559741e-01
6.667514e-02	2.930080e-01	1.944412e-02	4.890478e-01
7.667641e-02	3.142405e-01	1.806760e-02	5.248391e-01
8.817787e-02	3.370098e-01	1.664969e-02	5.635986e-01
1.014046e-01	3.614271e-01	1.514069e-02	6.056120e-01
1.166152e-01	3.876119e-01	1.418953e-02	6.511929e-01
1.341075e-01	4.156859e-01	1.315012e-02	6.859501e-01
1.542237e-01	4.440041e-01	1.195481e-02	7.208566e-01
1.773572e-01	4.671149e-01	1.096170e-02	7.559497e-01
2.039608e-01	4.988715e-01	9.824021e-03	7.911063e-01
2.345549e-01	5.401721e-01	8.998301e-03	8.262629e-01
2.697381e-01	5.796414e-01	8.048721e-03	8.614577e-01
3.101989e-01	6.211000e-01	7.146806e-03	8.968360e-01
3.567287e-01	6.592125e-01	6.476897e-03	9.326949e-01
4.102380e-01	6.955836e-01	5.801597e-03	9.695172e-01
4.717737e-01	7.320171e-01	5.275760e-03	1.008005e+00
5.425397e-01	7.598906e-01	4.706858e-03	1.049129e+00
6.239207e-01	7.862683e-01	4.240841e-03	1.094163e+00
7.175088e-01	8.045626e-01	3.834549e-03	1.144723e+00
8.251351e-01	8.234622e-01	3.446246e-03	1.202831e+00
9.489054e-01	8.438844e-01	3.083335e-03	1.270957e+00
1.091241e+00	8.552511e-01	2.752760e-03	1.352081e+00
1.254927e+00	8.653133e-01	2.483328e-03	1.449755e+00
1.443166e+00	8.712253e-01	2.208688e-03	1.568179e+00
1.659641e+00	8.726876e-01	1.981685e-03	1.712291e+00
1.908588e+00	8.717860e-01	1.759107e-03	1.887881e+00
2.194876e+00	8.661727e-01	1.563565e-03	2.101750e+00
2.524107e+00	8.576184e-01	1.404860e-03	2.361955e+00
2.902723e+00	8.446993e-01	1.240325e-03	2.678155e+00
3.338132e+00	8.273356e-01	1.097936e-03	3.062105e+00
3.838852e+00	8.064638e-01	9.781833e-04	3.528339e+00
4.414679e+00	7.815581e-01	8.704288e-04	4.095090e+00
5.076881e+00	7.535030e-01	7.714964e-04	4.785486e+00
5.838413e+00	7.219199e-01	6.846207e-04	5.629130e+00
6.714175e+00	6.903979e-01	6.078470e-04	6.664123e+00
7.721302e+00	6.555892e-01	5.458040e-04	7.939676e+00
8.879497e+00	6.174917e-01	4.844253e-04	9.519453e+00
1.021142e+01	5.783355e-01	4.213520e-04	1.148566e+01
1.174313e+01	5.375906e-01	3.811196e-04	1.394513e+01
1.350460e+01	5.318576e-01	3.357397e-04	1.703223e+01
1.553030e+01	4.862828e-01	2.969467e-04	2.093113e+01
1.785984e+01	4.439725e-01	2.653078e-04	2.587361e+01
2.053882e+01	4.041225e-01	2.294334e-04	3.213796e+01
2.361964e+01	3.665425e-01	2.072969e-04	4.009747e+01
2.716258e+01	3.315095e-01	1.820166e-04	5.023492e+01
3.123697e+01	2.992781e-01	1.594190e-04	6.316273e+01
3.592252e+01	2.696778e-01	1.415688e-04	7.966622e+01
4.131089e+01	2.418000e-01	1.238590e-04	1.008005e+02
4.750753e+01	2.165250e-01	1.106827e-04	1.279532e+02
5.463366e+01	1.946892e-01	9.669055e-05	1.627795e+02
6.282871e+01	1.752940e-01	8.561621e-05	2.072800e+02
7.225301e+01	1.576304e-01	7.626249e-05	2.641694e+02
8.309096e+01	1.415701e-01	6.737983e-05	3.369839e+02
9.555461e+01	1.270178e-01	5.923256e-05	4.302849e+02
1.098878e+02	1.138868e-01	5.214377e-05	5.499273e+02
1.263710e+02	1.020821e-01	4.638149e-05	7.034096e+02
1.453266e+02	9.133911e-02	4.061059e-05	9.004917e+02
1.671256e+02	8.170161e-02	0.000000e+00	1.153834e+03
1.921945e+02	7.316144e-02	0.000000e+00	1.479383e+03
2.210236e+02	6.561849e-02	0.000000e+00	1.897032e+03
2.541772e+02	5.885310e-02	0.000000e+00	2.432459e+03
2.923037e+02	5.280462e-02	0.000000e+00	3.118822e+03
3.361493e+02	4.740666e-02	0.000000e+00	3.998224e+03
3.865717e+02	4.259587e-02	0.000000e+00	5.124217e+03
4.445574e+02	3.831581e-02	0.000000e+00	6.564606e+03
5.112411e+02	3.451245e-02	0.000000e+00	8.404981e+03
5.879272e+02	3.113602e-02	0.000000e+00	1.075309e+04
6.761163e+02	2.814048e-02	0.000000e+00	1.374386e+04
7.775337e+02	2.548769e-02	0.000000e+00	1.754547e+04
8.941638e+02	2.314414e-02	0.000000e+00	2.236646e+04
1.028288e+03	2.107540e-02	0.000000e+00	2.846381e+04
1.182532e+03	1.925159e-02	0.000000e+00	3.615208e+04
1.359911e+03	1.764839e-02	0.000000e+00	4.581346e+04
1.563898e+03	1.624322e-02	0.000000e+00	5.790851e+04
1.798483e+03	1.501522e-02	0.000000e+00	7.298743e+04
2.068255e+03	1.394609e-02	0.000000e+00	9.170135e+04
2.378493e+03	1.301940e-02	0.000000e+00	1.148132e+05
2.735268e+03	1.221963e-02	0.000000e+00	1.432078e+05
3.145558e+03	1.153346e-02	0.000000e+00	1.779009e+05
3.617391e+03	1.094972e-02	0.000000e+00	2.200465e+05
4.160000e+03	1.045799e-02	0.000000e+00	2.709442e+05
4.784000e+03	1.004873e-02	0.000000e+00	3.320380e+05
5.501600e+03	9.698219e-03	0.000000e+00	4.049860e+05
6.326840e+03	9.409637e-03	0.000000e+00	4.574975e+05
7.275866e+03	9.179918e-03	0.000000e+00	4.574975e+05
8.367246e+03	9.002620e-03	0.000000e+00	4.574975e+05
9.622333e+03	8.871791e-03	0.000000e+00	4.574975e+05
