# Energy_MeV	dEdx_Elec_MeV_um	dEdx_Nucl_MeV_um	Range_um
1.000000e-05	2.399861e-03	1.051271e-02	1.087742e-02
1.150000e-05	2.582342e-03	1.134324e-02	1.166474e-02
1.322500e-05	2.778002e-03	1.211829e-02	1.250904e-02
1.520875e-05	2.987798e-03	1.298901e-02	1.341445e-02
1.749006e-05	3.212755e-03	1.389145e-02	1.438539e-02
2.011357e-05	3.453971e-03	1.480569e-02	1.542661e-02
2.313061e-05	3.712626e-03	1.577712e-02	1.654320e-02
2.660020e-05	3.989983e-03	1.670489e-02	1.774061e-02
3.059023e-05	4.287397e-03	1.774089e-02	1.902468e-02
3.517876e-05	4.606321e-03	1.873820e-02	2.040170e-02
4.045558e-05	4.948314e-03	1.972601e-02	2.187838e-02
4.652391e-05	5.315046e-03	2.071762e-02	2.346195e-02
5.350250e-05	5.708309e-03	2.176121e-02	2.516014e-02
6.152788e-05	6.130024e-03	2.280633e-02	2.698124e-02
7.075706e-05	6.582251e-03	2.376034e-02	2.893416e-02
8.137062e-05	7.067201e-03	2.476768e-02	3.102843e-02
9.357621e-05	7.587241e-03	2.568589e-02	3.327428e-02
1.076126e-04	8.144913e-03	2.664093e-02	3.568270e-02
1.237545e-04	8.742941e-03	2.755892e-02	3.826543e-02
1.423177e-04	9.384247e-03	2.835236e-02	4.103510e-02
1.636654e-04	1.007196e-02	2.919223e-02	4.400524e-02
1.882152e-04	1.080945e-02	2.996171e-02	4.719036e-02
2.164475e-04	1.160031e-02	3.063521e-02	5.060603e-02
2.489146e-04	1.244841e-02	3.126329e-02	5.426892e-02
2.862518e-04	1.335788e-02	3.183667e-02	5.819693e-02
3.291895e-04	1.433318e-02	3.235581e-02	6.240926e-02
3.785680e-04	1.537907e-02	3.280048e-02	6.692647e-02
4.353531e-04	1.650066e-02	3.314113e-02	7.177065e-02
5.006561e-04	1.770342e-02	3.346520e-02	7.696544e-02
5.757545e-04	1.899323e-02	3.378048e-02	8.253624e-02
6.621177e-04	2.037640e-02	3.391884e-02	8.849613e-02
7.614354e-04	2.185968e-02	3.405377e-02	9.491969e-02
8.756507e-04	2.345032e-02	3.411322e-02	1.017884e-01
1.006998e-03	2.515608e-02	3.407368e-02	1.091569e-01
1.158048e-03	2.698531e-02	3.402301e-02	1.170572e-01
1.331755e-03	2.894694e-02	3.381459e-02	1.255297e-01
1.531519e-03	3.105054e-02	3.356530e-02	1.346155e-01
1.761246e-03	3.330641e-02	3.324565e-02	1.443589e-01
2.025433e-03	3.572555e-02	3.281519e-02	1.548075e-01
2.329248e-03	3.831979e-02	3.231425e-02	1.660123e-01
2.678635e-03	4.110180e-02	3.172335e-02	1.780281e-01
3.080431e-03	4.408517e-02	3.104042e-02	1.909138e-01
3.542495e-03	4.728448e-02	3.029546e-02	2.047321e-01
4.073870e-03	5.071535e-02	2.947931e-02	2.195505e-01
4.684950e-03	5.439456e-02	2.860319e-02	2.354414e-01
5.387693e-03	5.834006e-02	2.762489e-02	2.524826e-01
6.195847e-03	6.257114e-02	2.660092e-02	2.707574e-01
7.125224e-03	6.710846e-02	2.555772e-02	2.903548e-01
8.194007e-03	7.197420e-02	2.444647e-02	3.113706e-01
9.423108e-03	7.719213e-02	2.335617e-02	3.339075e-01
1.083657e-02	8.278772e-02	2.216339e-02	3.580758e-01
1.246206e-02	8.878833e-02	2.098442e-02	3.839934e-01
1.433137e-02	9.522327e-02	1.985478e-02	4.117869e-01
1.648108e-02	1.021240e-01	1.865029e-02	4.415919e-01
1.895324e-02	1.095241e-01	1.747766e-02	4.735543e-01
2.179622e-02	1.174599e-01	1.636656e-02	5.078304e-01
2.506566e-02	1.259701e-01	1.528317e-02	5.445873e-01
2.882550e-02	1.350963e-01	1.420881e-02	5.840046e-01
3.314933e-02	1.448830e-01	1.317523e-02	6.262749e-01
3.812173e-02	1.553781e-01	1.218761e-02	6.716048e-01
4.383999e-02	1.666329e-01	1.132801e-02	7.202153e-01
5.041599e-02	1.787022e-01	1.043591e-02	7.723489e-01
5.797838e-02	1.916452e-01	9.484655e-03	8.282344e-01
6.667514e-02	2.055257e-01	8.898738e-03	8.883254e-01
7.667641e-02	2.204112e-01	8.243902e-03	9.533641e-01
8.817787e-02	2.363741e-01	7.491106e-03	1.023797e+00
1.014046e-01	2.534924e-01	6.866872e-03	1.100145e+00
1.166152e-01	2.718498e-01	6.158907e-03	1.182980e+00
1.341075e-01	2.915359e-01	5.638640e-03	1.272969e+00
1.542237e-01	3.101983e-01	5.040333e-03	1.352395e+00
1.773572e-01	3.222122e-01	4.478316e-03	1.425200e+00
2.039608e-01	3.389442e-01	4.058759e-03	1.498354e+00
2.345549e-01	3.604275e-01	3.635917e-03	1.571749e+00
2.697381e-01	3.782442e-01	3.305413e-03	1.645498e+00
3.101989e-01	3.960109e-01	2.948726e-03	1.719990e+00
3.567287e-01	4.105826e-01	2.656962e-03	1.795956e+00
4.102380e-01	4.230757e-01	2.403391e-03	1.874565e+00
4.717737e-01	4.348848e-01	2.159360e-03	1.957480e+00
5.425397e-01	4.420477e-01	1.930621e-03	2.046959e+00
6.239207e-01	4.481772e-01	1.725125e-03	2.145940e+00
7.175088e-01	4.510533e-01	1.555320e-03	2.258160e+00
8.251351e-01	4.535713e-01	1.384020e-03	2.388278e+00
9.489054e-01	4.558964e-01	1.241526e-03	2.542035e+00
1.091241e+00	4.545722e-01	1.101253e-03	2.726422e+00
1.254927e+00	4.519726e-01	9.797894e-04	2.949892e+00
1.443166e+00	4.472909e-01	8.797708e-04	3.222598e+00
1.659641e+00	4.404032e-01	7.769123e-04	3.556680e+00
1.908588e+00	4.318727e-01	6.874948e-04	3.966601e+00
2.194876e+00	4.212364e-01	6.125709e-04	4.469611e+00
2.524107e+00	4.089326e-01	5.453552e-04	5.086353e+00
2.902723e+00	3.946941e-01	4.830242e-04	5.841769e+00
3.338132e+00	3.792434e-01	4.288540e-04	6.766362e+00
3.838852e+00	3.620303e-01	3.805784e-04	7.898008e+00
4.414679e+00	3.439893e-01	3.419288e-04	9.284500e+00
5.076881e+00	3.249917e-01	3.033571e-04	1.098704e+01
5.838413e+00	3.048647e-01	2.639909e-04	1.308498e+01
6.714175e+00	2.870837e-01	2.387289e-04	1.568205e+01
7.721302e+00	2.678489e-01	2.101306e-04	1.891449e+01
8.879497e+00	2.471416e-01	1.860612e-04	2.296144e+01
1.021142e+01	2.271302e-01	1.661226e-04	2.805745e+01
1.174313e+01	2.070773e-01	1.437320e-04	3.451023e+01
1.350460e+01	2.049332e-01	1.298401e-04	4.271064e+01
1.553030e+01	1.857222e-01	1.140015e-04	5.319241e+01
1.785984e+01	1.680575e-01	9.984360e-05	6.662378e+01
2.053882e+01	1.516463e-01	8.867238e-05	8.381324e+01
2.361964e+01	1.363990e-01	7.761404e-05	1.058293e+02
2.716258e+01	1.224193e-01	6.931285e-05	1.340412e+02
3.123697e+01	1.097677e-01	6.057876e-05	1.701717e+02
3.592252e+01	9.832914e-02	5.361776e-05	2.164188e+02
4.131089e+01	8.772788e-02	4.778400e-05	2.757233e+02
4.750753e+01	7.824989e-02	4.220394e-05	3.519341e+02
5.463366e+01	7.017379e-02	0.000000e+00	4.496270e+02
6.282871e+01	6.304219e-02	0.000000e+00	5.743624e+02
7.225301e+01	5.660139e-02	0.000000e+00	7.336918e+02
8.309096e+01	5.078191e-02	0.000000e+00	9.374494e+02
9.555461e+01	4.553157e-02	0.000000e+00	1.198337e+03
1.098878e+02	4.080924e-02	0.000000e+00	1.532667e+03
1.263710e+02	3.657147e-02	0.000000e+00	1.961354e+03
1.453266e+02	3.271709e-02	0.000000e+00	2.511647e+03
1.671256e+02	2.926372e-02	0.000000e+00	3.218869e+03
1.921945e+02	2.620676e-02	0.000000e+00	4.127464e+03
2.210236e+02	2.350411e-02	0.000000e+00	5.292920e+03
2.541772e+02	2.108104e-02	0.000000e+00	6.786955e+03
2.923037e+02	1.891519e-02	0.000000e+00	8.702064e+03
3.361493e+02	1.698182e-02	0.000000e+00	1.115570e+04
3.865717e+02	1.525882e-02	0.000000e+00	1.429724e+04
4.445574e+02	1.372624e-02	0.000000e+00	1.831575e+04
5.112411e+02	1.236424e-02	0.000000e+00	2.344989e+04
5.879272e+02	1.115499e-02	0.000000e+00	3.000005e+04
6.761163e+02	1.008236e-02	0.000000e+00	3.834229e+04
7.775337e+02	9.132625e-03	0.000000e+00	4.894528e+04
8.941638e+02	8.293485e-03	0.000000e+00	6.239001e+04
1.028288e+03	7.552785e-03	0.000000e+00	7.939226e+04
1.182532e+03	6.899931e-03	0.000000e+00	1.008279e+05
1.359911e+03	6.326036e-03	0.000000e+00	1.277608e+05
1.563898e+03	5.823064e-03	0.000000e+00	1.614725e+05
1.798483e+03	5.383702e-03	0.000000e+00	2.034934e+05
2.068255e+03	5.001294e-03	0.000000e+00	2.556340e+05
2.378493e+03	4.669830e-03	0.000000e+00	3.200146e+05
2.735268e+03	4.383852e-03	0.000000e+00	3.990934e+05
3.145558e+03	4.138620e-03	0.000000e+00	4.956913e+05
3.617391e+03	3.930041e-03	0.000000e+00	6.130113e+05
4.160000e+03	3.754398e-03	0.000000e+00	7.546596e+05
4.784000e+03	3.608332e-03	0.000000e+00	9.246420e+05
5.501600e+03	3.483008e-03	0.000000e+00	1.127569e+06
6.326840e+03	3.380122e-03	0.000000e+00	1.263560e+06
7.275866e+03	3.298307e-03	0.000000e+00	1.263560e+06
8.367246e+03	3.235255e-03	0.000000e+00	1.263560e+06
9.622333e+03	3.188834e-03	0.000000e+00	1.263560e+06
