# Energy_MeV	dEdx_Elec_MeV_um	dEdx_Nucl_MeV_um	Range_um
1.000000e-05	1.977078e-03	1.379456e-02	1.332571e-02
1.150000e-05	2.125977e-03	1.483883e-02	1.429023e-02
1.322500e-05	2.285638e-03	1.596962e-02	1.532456e-02
1.520875e-05	2.456841e-03	1.706462e-02	1.643376e-02
1.749006e-05	2.640424e-03	1.829909e-02	1.762325e-02
2.011357e-05	2.837282e-03	1.953729e-02	1.889883e-02
2.313061e-05	3.048377e-03	2.081415e-02	2.026673e-02
2.660020e-05	3.274741e-03	2.213879e-02	2.173365e-02
3.059023e-05	3.517480e-03	2.346695e-02	2.330674e-02
3.517876e-05	3.777779e-03	2.487859e-02	2.499370e-02
4.045558e-05	4.056911e-03	2.625286e-02	2.680276e-02
4.652391e-05	4.356239e-03	2.760339e-02	2.874275e-02
5.350250e-05	4.677225e-03	2.898415e-02	3.082317e-02
6.152788e-05	5.021438e-03	3.048442e-02	3.305417e-02
7.075706e-05	5.390558e-03	3.180929e-02	3.544664e-02
8.137062e-05	5.786390e-03	3.319177e-02	3.801229e-02
9.357621e-05	6.210868e-03	3.455588e-02	4.076364e-02
1.076126e-04	6.666064e-03	3.577691e-02	4.371414e-02
1.237545e-04	7.154203e-03	3.716190e-02	4.687819e-02
1.423177e-04	7.677669e-03	3.827593e-02	5.027126e-02
1.636654e-04	8.239020e-03	3.942727e-02	5.390992e-02
1.882152e-04	8.840999e-03	4.057702e-02	5.781194e-02
2.164475e-04	9.486545e-03	4.155836e-02	6.199640e-02
2.489146e-04	1.017881e-02	4.250202e-02	6.648374e-02
2.862518e-04	1.092119e-02	4.327977e-02	7.129586e-02
3.291895e-04	1.171729e-02	4.407612e-02	7.645630e-02
3.785680e-04	1.257101e-02	4.474865e-02	8.199024e-02
4.353531e-04	1.348652e-02	4.530802e-02	8.792474e-02
5.006561e-04	1.446830e-02	4.577738e-02	9.428878e-02
5.757545e-04	1.552113e-02	4.618379e-02	1.011135e-01
6.621177e-04	1.665017e-02	4.655138e-02	1.084321e-01
7.614354e-04	1.786093e-02	4.672436e-02	1.162805e-01
8.756507e-04	1.915932e-02	4.689824e-02	1.246969e-01
1.006998e-03	2.055168e-02	4.691472e-02	1.337232e-01
1.158048e-03	2.204483e-02	4.685432e-02	1.434065e-01
1.331755e-03	2.364604e-02	4.671558e-02	1.537833e-01
1.531519e-03	2.536316e-02	4.640524e-02	1.649156e-01
1.761246e-03	2.720456e-02	4.603825e-02	1.768517e-01
2.025433e-03	2.917924e-02	4.553931e-02	1.896520e-01
2.329248e-03	3.129684e-02	4.491603e-02	2.033789e-01
2.678635e-03	3.356772e-02	4.418421e-02	2.180994e-01
3.080431e-03	3.600296e-02	4.333019e-02	2.338852e-01
3.542495e-03	3.861447e-02	4.235714e-02	2.508136e-01
4.073870e-03	4.141500e-02	4.128689e-02	2.689674e-01
4.684950e-03	4.441823e-02	4.014461e-02	2.884352e-01
5.387693e-03	4.763884e-02	3.889642e-02	3.093121e-01
6.195847e-03	5.109256e-02	3.748394e-02	3.316999e-01
7.125224e-03	5.479626e-02	3.611121e-02	3.557082e-01
8.194007e-03	5.876803e-02	3.460246e-02	3.814543e-01
9.423108e-03	6.302728e-02	3.307768e-02	4.090640e-01
1.083657e-02	6.759482e-02	3.157243e-02	4.386720e-01
1.246206e-02	7.249296e-02	2.984569e-02	4.704229e-01
1.433137e-02	7.774562e-02	2.834026e-02	5.044721e-01
1.648108e-02	8.337848e-02	2.670413e-02	5.409859e-01
1.895324e-02	8.941905e-02	2.504265e-02	5.801426e-01
2.179622e-02	9.589683e-02	2.349145e-02	6.221333e-01
2.506566e-02	1.028435e-01	2.191201e-02	6.671632e-01
2.882550e-02	1.102929e-01	2.050903e-02	7.154526e-01
3.314933e-02	1.182816e-01	1.900450e-02	7.672373e-01
3.812173e-02	1.268485e-01	1.761866e-02	8.227702e-01
4.383999e-02	1.360354e-01	1.632218e-02	8.823222e-01
5.041599e-02	1.458873e-01	1.510388e-02	9.461848e-01
5.797838e-02	1.564523e-01	1.390369e-02	1.014670e+00
6.667514e-02	1.677820e-01	1.274661e-02	1.088111e+00
7.667641e-02	1.799317e-01	1.191633e-02	1.166876e+00
8.817787e-02	1.929608e-01	1.096150e-02	1.251307e+00
1.014046e-01	2.069336e-01	1.002651e-02	1.342154e+00
1.166152e-01	2.219179e-01	9.126458e-03	1.440509e+00
1.341075e-01	2.379867e-01	8.220586e-03	1.547023e+00
1.542237e-01	2.552185e-01	7.462700e-03	1.662493e+00
1.773572e-01	2.736977e-01	6.633346e-03	1.787789e+00
2.039608e-01	2.935144e-01	5.949091e-03	1.923923e+00
2.345549e-01	3.112872e-01	5.371890e-03	2.040048e+00
2.697381e-01	3.234632e-01	4.839243e-03	2.149379e+00
3.101989e-01	3.408874e-01	4.359778e-03	2.259205e+00
3.567287e-01	3.624406e-01	3.909261e-03	2.369396e+00
4.102380e-01	3.800481e-01	3.520848e-03	2.480154e+00
4.717737e-01	3.973253e-01	3.181577e-03	2.592105e+00
5.425397e-01	4.120930e-01	2.860713e-03	2.706407e+00
6.239207e-01	4.241392e-01	2.528502e-03	2.824879e+00
7.175088e-01	4.355615e-01	2.291880e-03	2.950095e+00
8.251351e-01	4.427847e-01	2.045066e-03	3.085534e+00
9.489054e-01	4.484356e-01	1.817213e-03	3.235713e+00
1.091241e+00	4.513502e-01	1.639881e-03	3.406361e+00
1.254927e+00	4.537984e-01	1.435949e-03	3.604618e+00
1.443166e+00	4.557778e-01	1.299855e-03	3.839263e+00
1.659641e+00	4.544358e-01	1.154443e-03	4.120983e+00
1.908588e+00	4.515537e-01	1.016436e-03	4.462691e+00
2.194876e+00	4.468094e-01	9.073850e-04	4.879888e+00
2.524107e+00	4.396494e-01	8.003991e-04	5.391104e+00
2.902723e+00	4.309226e-01	7.193062e-04	6.018406e+00
3.338132e+00	4.201442e-01	6.344706e-04	6.788124e+00
3.838852e+00	4.076617e-01	5.638936e-04	7.731787e+00
4.414679e+00	3.932330e-01	5.033191e-04	8.887528e+00
5.076881e+00	3.776782e-01	4.483700e-04	1.030204e+01
5.838413e+00	3.604213e-01	3.979975e-04	1.203341e+01
6.714175e+00	3.421392e-01	3.507392e-04	1.415503e+01
7.721302e+00	3.231973e-01	3.145747e-04	1.676098e+01
8.879497e+00	3.028014e-01	2.760735e-04	1.997340e+01
1.021142e+01	2.853348e-01	2.463071e-04	2.395203e+01
1.174313e+01	2.660034e-01	2.173095e-04	2.890673e+01
1.350460e+01	2.450195e-01	1.910466e-04	3.511343e+01
1.553030e+01	2.253433e-01	1.708982e-04	4.293320e+01
1.785984e+01	2.051839e-01	1.492860e-04	5.283929e+01
2.053882e+01	2.030364e-01	1.315838e-04	6.543329e+01
2.361964e+01	1.839960e-01	1.162726e-04	8.154010e+01
2.716258e+01	1.664468e-01	1.026686e-04	1.021758e+02
3.123697e+01	1.501552e-01	9.056484e-05	1.285872e+02
3.592252e+01	1.350160e-01	7.973638e-05	1.624161e+02
4.131089e+01	1.211602e-01	7.059035e-05	2.057657e+02
4.750753e+01	1.086324e-01	6.281219e-05	2.612775e+02
5.463366e+01	9.727064e-02	5.557724e-05	3.323363e+02
6.282871e+01	8.678096e-02	4.811487e-05	4.234829e+02
7.225301e+01	7.740403e-02	4.319099e-05	5.406141e+02
8.309096e+01	6.946445e-02	0.000000e+00	6.906916e+02
9.555461e+01	6.240166e-02	0.000000e+00	8.822903e+02
1.098878e+02	5.602344e-02	0.000000e+00	1.127055e+03
1.263710e+02	5.025999e-02	0.000000e+00	1.440106e+03
1.453266e+02	4.506085e-02	0.000000e+00	1.840973e+03
1.671256e+02	4.038673e-02	0.000000e+00	2.354718e+03
1.921945e+02	3.618974e-02	0.000000e+00	3.013500e+03
2.210236e+02	3.237225e-02	0.000000e+00	3.859279e+03
2.541772e+02	2.895542e-02	0.000000e+00	4.946301e+03
2.923037e+02	2.593721e-02	0.000000e+00	6.342664e+03
3.361493e+02	2.326223e-02	0.000000e+00	8.133554e+03
3.865717e+02	2.086467e-02	0.000000e+00	1.042938e+04
4.445574e+02	1.872197e-02	0.000000e+00	1.337212e+04
5.112411e+02	1.680942e-02	0.000000e+00	1.714218e+04
5.879272e+02	1.510539e-02	0.000000e+00	2.196882e+04
6.761163e+02	1.358986e-02	0.000000e+00	2.814221e+04
7.775337e+02	1.224309e-02	0.000000e+00	3.602849e+04
8.941638e+02	1.104748e-02	0.000000e+00	4.608832e+04
1.028288e+03	9.987070e-03	0.000000e+00	5.889812e+04
1.182532e+03	9.048364e-03	0.000000e+00	7.517600e+04
1.359911e+03	8.219086e-03	0.000000e+00	9.581159e+04
1.563898e+03	7.487149e-03	0.000000e+00	1.219003e+05
1.798483e+03	6.842161e-03	0.000000e+00	1.547815e+05
2.068255e+03	6.275336e-03	0.000000e+00	1.960810e+05
2.378493e+03	5.778709e-03	0.000000e+00	2.477556e+05
2.735268e+03	5.345032e-03	0.000000e+00	3.121403e+05
3.145558e+03	4.967712e-03	0.000000e+00	3.919943e+05
3.617391e+03	4.640793e-03	0.000000e+00	4.905462e+05
4.160000e+03	4.358876e-03	0.000000e+00	6.115357e+05
4.784000e+03	4.117294e-03	0.000000e+00	7.592499e+05
5.501600e+03	3.911999e-03	0.000000e+00	9.385518e+05
6.326840e+03	3.739303e-03	0.000000e+00	1.154911e+06
7.275866e+03	3.595885e-03	0.000000e+00	1.414404e+06
8.367246e+03	3.472264e-03	0.000000e+00	1.724058e+06
9.622333e+03	3.371484e-03	0.000000e+00	1.896376e+06
