# Energy_MeV	dEdx_Elec_MeV_um	dEdx_Nucl_MeV_um	Range_um
1.000000e-05	1.940443e-03	3.087944e-02	7.044166e-03
1.150000e-05	2.092480e-03	3.382051e-02	7.554027e-03
1.322500e-05	2.255460e-03	3.711270e-02	8.100791e-03
1.520875e-05	2.430179e-03	4.053663e-02	8.687131e-03
1.749006e-05	2.617493e-03	4.436795e-02	9.315910e-03
2.011357e-05	2.818317e-03	4.836442e-02	9.990200e-03
2.313061e-05	3.033632e-03	5.266797e-02	1.071330e-02
2.660020e-05	3.264491e-03	5.739416e-02	1.148873e-02
3.059023e-05	3.512022e-03	6.232525e-02	1.232029e-02
3.517876e-05	3.777435e-03	6.781476e-02	1.321204e-02
4.045558e-05	4.062027e-03	7.325960e-02	1.416833e-02
4.652391e-05	4.367188e-03	7.934350e-02	1.519385e-02
5.350250e-05	4.694409e-03	8.590807e-02	1.629358e-02
6.152788e-05	5.045290e-03	9.274521e-02	1.747292e-02
7.075706e-05	5.421543e-03	1.002009e-01	1.873762e-02
8.137062e-05	5.825009e-03	1.075013e-01	2.009386e-02
9.357621e-05	6.257657e-03	1.155774e-01	2.154827e-02
1.076126e-04	6.721602e-03	1.241335e-01	2.310794e-02
1.237545e-04	7.219109e-03	1.329454e-01	2.478051e-02
1.423177e-04	7.752611e-03	1.424231e-01	2.657413e-02
1.636654e-04	8.324713e-03	1.518634e-01	2.849758e-02
1.882152e-04	8.938209e-03	1.618106e-01	3.056025e-02
2.164475e-04	9.596098e-03	1.720123e-01	3.277222e-02
2.489146e-04	1.030159e-02	1.821384e-01	3.514429e-02
2.862518e-04	1.105814e-02	1.928687e-01	3.768805e-02
3.291895e-04	1.186944e-02	2.034878e-01	4.041593e-02
3.785680e-04	1.273945e-02	2.139681e-01	4.334126e-02
4.353531e-04	1.367242e-02	2.245344e-01	4.647832e-02
5.006561e-04	1.467291e-02	2.352741e-01	4.984245e-02
5.757545e-04	1.574582e-02	2.457635e-01	5.345007e-02
6.621177e-04	1.689637e-02	2.570133e-01	5.731881e-02
7.614354e-04	1.813019e-02	2.664146e-01	6.146758e-02
8.756507e-04	1.945331e-02	2.762544e-01	6.591664e-02
1.006998e-03	2.087219e-02	2.856990e-01	7.068772e-02
1.158048e-03	2.239377e-02	2.945509e-01	7.580413e-02
1.331755e-03	2.402548e-02	3.039127e-01	8.129088e-02
1.531519e-03	2.577528e-02	3.114732e-01	8.717475e-02
1.761246e-03	2.765173e-02	3.194429e-01	9.348451e-02
2.025433e-03	2.966400e-02	3.259083e-01	1.002510e-01
2.329248e-03	3.182191e-02	3.318710e-01	1.075072e-01
2.678635e-03	3.413600e-02	3.376256e-01	1.152886e-01
3.080431e-03	3.661759e-02	3.422024e-01	1.236333e-01
3.542495e-03	3.927880e-02	3.468401e-01	1.325819e-01
4.073870e-03	4.213262e-02	3.497524e-01	1.421055e-01
4.684950e-03	4.519300e-02	3.526408e-01	1.524483e-01
5.387693e-03	4.847489e-02	3.549939e-01	1.635092e-01
6.195847e-03	5.199432e-02	3.565332e-01	1.753437e-01
7.125224e-03	5.576849e-02	3.575592e-01	1.880346e-01
8.194007e-03	5.981584e-02	3.572657e-01	2.016446e-01
9.423108e-03	6.415613e-02	3.565533e-01	2.162394e-01
1.083657e-02	6.881057e-02	3.550652e-01	2.318905e-01
1.246206e-02	7.380190e-02	3.527096e-01	2.486746e-01
1.433137e-02	7.915450e-02	3.495671e-01	2.666736e-01
1.648108e-02	8.489453e-02	3.453654e-01	2.859753e-01
1.895324e-02	9.105002e-02	3.403534e-01	3.066740e-01
2.179622e-02	9.765105e-02	3.344360e-01	3.288709e-01
2.506566e-02	1.047299e-01	3.276256e-01	3.526745e-01
2.882550e-02	1.123210e-01	3.199201e-01	3.782010e-01
3.314933e-02	1.204617e-01	3.114237e-01	4.055751e-01
3.812173e-02	1.291915e-01	3.024241e-01	4.349305e-01
4.383999e-02	1.385533e-01	2.925906e-01	4.664106e-01
5.041599e-02	1.485926e-01	2.819854e-01	5.001695e-01
5.797838e-02	1.593586e-01	2.710322e-01	5.363718e-01
6.667514e-02	1.709038e-01	2.589472e-01	5.751944e-01
7.667641e-02	1.832847e-01	2.477519e-01	6.168268e-01
8.817787e-02	1.965617e-01	2.356019e-01	6.614728e-01
1.014046e-01	2.107997e-01	2.233350e-01	7.093504e-01
1.166152e-01	2.260683e-01	2.112637e-01	7.606933e-01
1.341075e-01	2.424420e-01	1.981616e-01	8.157523e-01
1.542237e-01	2.600008e-01	1.864968e-01	8.747964e-01
1.773572e-01	2.788306e-01	1.739462e-01	9.381144e-01
2.039608e-01	2.990233e-01	1.626328e-01	1.006016e+00
2.345549e-01	3.206775e-01	1.517158e-01	1.078831e+00
2.697381e-01	3.438991e-01	1.404842e-01	1.156918e+00
3.101989e-01	3.688014e-01	1.304689e-01	1.240654e+00
3.567287e-01	3.955062e-01	1.199611e-01	1.330449e+00
4.102380e-01	4.241444e-01	1.114339e-01	1.426792e+00
4.717737e-01	4.548563e-01	1.024847e-01	1.530853e+00
5.425397e-01	4.877912e-01	9.410450e-02	1.643556e+00
6.239207e-01	5.231098e-01	8.711952e-02	1.765673e+00
7.175088e-01	5.609849e-01	8.065023e-02	1.898114e+00
8.251351e-01	6.016014e-01	7.445809e-02	2.041918e+00
9.489054e-01	6.451573e-01	6.733714e-02	2.189441e+00
1.091241e+00	6.856471e-01	6.000570e-02	2.263173e+00
1.254927e+00	7.340192e-01	5.366200e-02	2.334863e+00
1.443166e+00	8.044467e-01	4.803708e-02	2.404610e+00
1.659641e+00	8.814494e-01	4.340860e-02	2.472588e+00
1.908588e+00	9.664705e-01	3.910772e-02	2.539249e+00
2.194876e+00	1.054823e+00	3.515702e-02	2.605364e+00
2.524107e+00	1.152098e+00	3.177267e-02	2.672087e+00
2.902723e+00	1.253786e+00	2.852921e-02	2.741018e+00
3.338132e+00	1.357493e+00	2.559482e-02	2.814281e+00
3.838852e+00	1.467522e+00	2.308771e-02	2.894590e+00
4.414679e+00	1.553841e+00	2.070827e-02	2.985275e+00
5.076881e+00	1.647934e+00	1.856933e-02	3.090478e+00
5.838413e+00	1.748283e+00	1.665837e-02	3.215086e+00
6.714175e+00	1.836646e+00	1.466820e-02	3.364851e+00
7.721302e+00	1.923074e+00	1.326271e-02	3.546446e+00
8.879497e+00	1.989550e+00	1.180958e-02	3.767498e+00
1.021142e+01	2.054925e+00	1.053839e-02	4.036686e+00
1.174313e+01	2.109831e+00	9.424996e-03	4.363784e+00
1.350460e+01	2.157726e+00	8.264581e-03	4.759826e+00
1.553030e+01	2.204634e+00	7.407881e-03	5.237389e+00
1.785984e+01	2.233583e+00	6.522288e-03	5.811008e+00
2.053882e+01	2.256708e+00	5.816178e-03	6.497844e+00
2.361964e+01	2.268687e+00	5.194255e-03	7.318590e+00
2.716258e+01	2.267575e+00	4.587893e-03	8.298661e+00
3.123697e+01	2.259636e+00	4.103136e-03	9.469697e+00
3.592252e+01	2.235364e+00	3.612758e-03	1.087144e+01
4.131089e+01	2.201431e+00	3.251050e-03	1.255410e+01
4.750753e+01	2.155558e+00	2.887362e-03	1.458128e+01
5.463366e+01	2.102382e+00	2.555187e-03	1.703370e+01
6.282871e+01	2.040920e+00	2.255212e-03	2.001397e+01
7.225301e+01	1.969219e+00	1.986876e-03	2.365302e+01
8.309096e+01	2.125577e+00	1.777647e-03	2.811473e+01
9.555461e+01	1.979480e+00	1.573089e-03	3.361477e+01
1.098878e+02	1.842105e+00	1.389967e-03	4.044343e+01
1.263710e+02	1.708324e+00	1.222750e-03	4.892636e+01
1.453266e+02	1.578612e+00	1.074539e-03	5.950321e+01
1.671256e+02	1.452966e+00	9.486002e-04	7.274761e+01
1.921945e+02	1.333487e+00	8.371524e-04	8.939513e+01
2.210236e+02	1.220675e+00	7.368923e-04	1.103779e+02
2.541772e+02	1.112024e+00	6.539995e-04	1.369392e+02
2.923037e+02	1.009697e+00	5.772304e-04	1.707586e+02
3.361493e+02	9.168085e-01	5.080552e-04	2.138991e+02
3.865717e+02	8.349725e-01	4.519232e-04	2.687706e+02
4.445574e+02	7.585554e-01	3.989560e-04	3.385960e+02
5.112411e+02	6.873542e-01	3.518978e-04	4.276752e+02
5.879272e+02	6.213879e-01	3.113489e-04	5.415613e+02
6.761163e+02	5.606295e-01	2.692889e-04	6.874208e+02
7.775337e+02	5.051030e-01	2.408087e-04	8.744330e+02
8.941638e+02	4.541054e-01	2.114303e-04	1.114477e+03
1.028288e+03	4.075612e-01	1.858943e-04	1.423080e+03
1.182532e+03	3.655954e-01	1.642478e-04	1.819984e+03
1.359911e+03	3.285993e-01	1.417231e-04	2.329779e+03
1.563898e+03	2.951666e-01	1.255209e-04	2.983761e+03
1.798483e+03	2.650636e-01	1.089542e-04	3.822641e+03
2.068255e+03	2.381177e-01	9.578778e-05	4.898141e+03
2.378493e+03	2.140322e-01	8.456404e-05	6.276080e+03
2.735268e+03	1.925188e-01	7.361004e-05	8.039869e+03
3.145558e+03	1.733585e-01	6.504997e-05	1.029487e+04
3.617391e+03	1.563464e-01	5.652368e-05	1.317386e+04
4.160000e+03	1.412421e-01	5.023538e-05	1.684343e+04
4.784000e+03	1.278430e-01	0.000000e+00	2.151155e+04
5.501600e+03	1.160003e-01	0.000000e+00	2.743659e+04
6.326840e+03	1.055481e-01	0.000000e+00	3.493767e+04
7.275866e+03	9.632537e-02	0.000000e+00	4.440638e+04
8.367246e+03	8.821453e-02	0.000000e+00	5.631976e+04
9.622333e+03	8.110472e-02	0.000000e+00	7.125441e+04
