# Energy_MeV	dEdx_Elec_MeV_um	dEdx_Nucl_MeV_um	Range_um
1.000000e-05	2.604834e-03	3.043453e-02	4.596851e-03
1.150000e-05	2.819460e-03	3.332391e-02	4.929573e-03
1.322500e-05	3.049390e-03	3.653011e-02	5.286378e-03
1.520875e-05	3.295752e-03	3.996968e-02	5.669009e-03
1.749006e-05	3.559755e-03	4.370902e-02	6.079335e-03
2.011357e-05	3.842691e-03	4.769138e-02	6.519361e-03
2.313061e-05	4.145947e-03	5.196194e-02	6.991235e-03
2.660020e-05	4.471006e-03	5.658841e-02	7.497265e-03
3.059023e-05	4.819460e-03	6.151542e-02	8.039921e-03
3.517876e-05	5.193011e-03	6.689911e-02	8.621855e-03
4.045558e-05	5.593487e-03	7.232940e-02	9.245909e-03
4.652391e-05	6.022846e-03	7.841346e-02	9.915133e-03
5.350250e-05	6.483186e-03	8.491091e-02	1.063280e-02
6.152788e-05	6.976757e-03	9.156091e-02	1.140240e-02
7.075706e-05	7.505971e-03	9.915554e-02	1.222771e-02
8.137062e-05	8.073415e-03	1.062525e-01	1.311276e-02
9.357621e-05	8.681861e-03	1.144140e-01	1.406187e-02
1.076126e-04	9.334283e-03	1.228728e-01	1.507968e-02
1.237545e-04	1.003387e-02	1.314366e-01	1.617115e-02
1.423177e-04	1.078403e-02	1.411326e-01	1.734163e-02
1.636654e-04	1.158844e-02	1.503168e-01	1.859683e-02
1.882152e-04	1.245103e-02	1.603989e-01	1.994287e-02
2.164475e-04	1.337601e-02	1.704203e-01	2.138635e-02
2.489146e-04	1.436790e-02	1.805536e-01	2.293430e-02
2.862518e-04	1.543154e-02	1.914944e-01	2.459430e-02
3.291895e-04	1.657214e-02	2.018144e-01	2.637445e-02
3.785680e-04	1.779526e-02	2.126015e-01	2.828345e-02
4.353531e-04	1.910688e-02	2.228499e-01	3.033062e-02
5.006561e-04	2.051341e-02	2.339207e-01	3.252596e-02
5.757545e-04	2.202172e-02	2.443165e-01	3.488021e-02
6.621177e-04	2.363917e-02	2.552121e-01	3.740486e-02
7.614354e-04	2.537368e-02	2.652877e-01	4.011224e-02
8.756507e-04	2.723370e-02	2.748059e-01	4.301559e-02
1.006998e-03	2.922834e-02	2.847686e-01	4.612908e-02
1.158048e-03	3.136734e-02	2.935677e-01	4.946793e-02
1.331755e-03	3.366113e-02	3.026877e-01	5.304844e-02
1.531519e-03	3.612094e-02	3.108850e-01	5.688811e-02
1.761246e-03	3.875878e-02	3.186979e-01	6.100571e-02
2.025433e-03	4.158753e-02	3.255167e-01	6.542133e-02
2.329248e-03	4.462101e-02	3.317562e-01	7.015656e-02
2.678635e-03	4.787405e-02	3.374399e-01	7.520122e-02
3.080431e-03	5.136253e-02	3.423261e-01	8.067720e-02
3.542495e-03	5.510350e-02	3.469351e-01	8.652145e-02
4.073870e-03	5.911524e-02	3.501446e-01	9.278436e-02
4.684950e-03	6.341734e-02	3.533538e-01	9.949972e-02
5.387693e-03	6.803081e-02	3.557630e-01	1.067015e-01
6.195847e-03	7.297821e-02	3.572147e-01	1.144244e-01
7.125224e-03	7.828369e-02	3.587020e-01	1.227063e-01
8.194007e-03	8.397318e-02	3.583779e-01	1.315878e-01
9.423108e-03	9.007448e-02	3.579703e-01	1.411120e-01
1.083657e-02	9.661738e-02	3.565793e-01	1.513256e-01
1.246206e-02	1.036339e-01	3.542474e-01	1.622784e-01
1.433137e-02	1.111582e-01	3.514390e-01	1.740241e-01
1.648108e-02	1.192271e-01	3.473217e-01	1.866200e-01
1.895324e-02	1.278801e-01	3.425251e-01	2.001275e-01
2.179622e-02	1.371593e-01	3.367358e-01	2.146126e-01
2.506566e-02	1.471103e-01	3.301074e-01	2.301462e-01
2.882550e-02	1.577814e-01	3.225266e-01	2.468042e-01
3.314933e-02	1.692249e-01	3.142414e-01	2.646679e-01
3.812173e-02	1.814967e-01	3.052702e-01	2.838245e-01
4.383999e-02	1.946568e-01	2.956984e-01	3.043677e-01
5.041599e-02	2.087694e-01	2.850633e-01	3.263978e-01
5.797838e-02	2.239034e-01	2.742675e-01	3.500226e-01
6.667514e-02	2.401329e-01	2.624660e-01	3.753573e-01
7.667641e-02	2.575371e-01	2.509675e-01	4.025256e-01
8.817787e-02	2.762009e-01	2.391797e-01	4.316604e-01
1.014046e-01	2.962157e-01	2.265563e-01	4.629042e-01
1.166152e-01	3.176792e-01	2.146166e-01	4.964094e-01
1.341075e-01	3.406962e-01	2.017476e-01	5.323396e-01
1.542237e-01	3.653792e-01	1.896172e-01	5.708702e-01
1.773572e-01	3.918487e-01	1.772571e-01	6.121900e-01
2.039608e-01	4.202341e-01	1.656865e-01	6.565019e-01
2.345549e-01	4.506741e-01	1.544575e-01	7.040105e-01
2.697381e-01	4.833189e-01	1.433793e-01	7.550320e-01
3.101989e-01	5.183279e-01	1.330875e-01	8.102058e-01
3.567287e-01	5.558707e-01	1.226121e-01	8.699572e-01
4.102380e-01	5.961310e-01	1.138463e-01	9.347149e-01
4.717737e-01	6.393054e-01	1.044562e-01	1.004960e+00
5.425397e-01	6.856048e-01	9.600793e-02	1.081251e+00
6.239207e-01	7.348896e-01	8.931085e-02	1.164233e+00
7.175088e-01	7.787899e-01	8.200751e-02	1.243117e+00
8.251351e-01	8.367898e-01	7.595783e-02	1.273470e+00
9.489054e-01	9.162312e-01	6.900070e-02	1.302323e+00
1.091241e+00	1.002746e+00	6.162522e-02	1.329834e+00
1.254927e+00	1.099580e+00	5.553373e-02	1.356372e+00
1.443166e+00	1.202179e+00	4.912997e-02	1.382438e+00
1.659641e+00	1.315347e+00	4.465004e-02	1.408714e+00
1.908588e+00	1.439075e+00	4.007359e-02	1.436102e+00
2.194876e+00	1.566565e+00	3.618786e-02	1.465748e+00
2.524107e+00	1.703118e+00	3.267091e-02	1.499077e+00
2.902723e+00	1.823776e+00	2.922006e-02	1.537818e+00
3.338132e+00	1.955878e+00	2.638121e-02	1.584031e+00
3.838852e+00	2.100801e+00	2.367088e-02	1.640110e+00
4.414679e+00	2.223657e+00	2.137489e-02	1.708855e+00
5.076881e+00	2.348039e+00	1.906341e-02	1.793440e+00
5.838413e+00	2.454418e+00	1.715741e-02	1.897439e+00
6.714175e+00	2.552830e+00	1.518991e-02	2.024851e+00
7.721302e+00	2.646149e+00	1.362694e-02	2.180106e+00
8.879497e+00	2.725929e+00	1.221217e-02	2.368164e+00
1.021142e+01	2.805208e+00	1.083040e-02	2.594599e+00
1.174313e+01	2.867912e+00	9.719739e-03	2.865812e+00
1.350460e+01	2.917542e+00	8.559564e-03	3.189335e+00
1.553030e+01	2.959972e+00	7.624580e-03	3.574222e+00
1.785984e+01	2.978519e+00	6.742248e-03	4.031578e+00
2.053882e+01	2.989577e+00	5.999828e-03	4.575200e+00
2.361964e+01	2.981509e+00	5.340368e-03	5.222368e+00
2.716258e+01	2.954024e+00	4.734017e-03	5.994820e+00
3.123697e+01	2.913135e+00	4.226914e-03	6.919970e+00
3.592252e+01	2.863064e+00	3.731105e-03	8.032443e+00
4.131089e+01	2.801492e+00	3.352685e-03	9.375955e+00
4.750753e+01	2.723853e+00	2.961548e-03	1.100627e+01
5.463366e+01	3.039965e+00	2.628584e-03	1.299181e+01
6.282871e+01	2.850359e+00	2.339746e-03	1.542582e+01
7.225301e+01	2.669342e+00	2.038723e-03	1.842789e+01
8.309096e+01	2.489665e+00	1.837284e-03	2.213235e+01
9.555461e+01	2.313720e+00	1.614438e-03	2.672350e+01
1.098878e+02	2.141826e+00	1.430893e-03	3.244010e+01
1.263710e+02	1.977300e+00	1.269911e-03	3.958517e+01
1.453266e+02	1.820258e+00	1.104017e-03	4.854439e+01
1.671256e+02	1.666840e+00	9.822911e-04	5.983797e+01
1.921945e+02	1.522140e+00	8.618491e-04	7.416039e+01
2.210236e+02	1.391925e+00	7.631296e-04	9.234220e+01
2.541772e+02	1.274535e+00	6.760813e-04	1.153651e+02
2.923037e+02	1.163739e+00	5.934223e-04	1.445724e+02
3.361493e+02	1.059427e+00	5.265707e-04	1.817371e+02
3.865717e+02	9.619327e-01	4.650267e-04	2.291522e+02
4.445574e+02	8.713753e-01	4.133266e-04	2.897740e+02
5.112411e+02	7.878997e-01	3.625801e-04	3.673949e+02
5.879272e+02	7.104236e-01	3.220890e-04	4.669487e+02
6.761163e+02	6.394068e-01	2.798668e-04	5.948702e+02
7.775337e+02	5.752099e-01	2.482705e-04	7.593012e+02
8.941638e+02	5.179307e-01	2.192651e-04	9.703886e+02
1.028288e+03	4.659027e-01	1.916741e-04	1.241161e+03
1.182532e+03	4.189491e-01	1.700650e-04	1.588509e+03
1.359911e+03	3.768365e-01	1.471843e-04	2.033869e+03
1.563898e+03	3.390733e-01	1.296426e-04	2.604506e+03
1.798483e+03	3.052168e-01	1.129455e-04	3.334943e+03
2.068255e+03	2.750357e-01	9.920301e-05	4.268756e+03
2.378493e+03	2.482334e-01	8.721345e-05	5.460815e+03
2.735268e+03	2.243962e-01	7.614434e-05	6.979867e+03
3.145558e+03	2.032331e-01	6.725492e-05	8.911653e+03
3.617391e+03	1.845382e-01	5.852470e-05	1.136257e+04
4.160000e+03	1.680322e-01	5.199712e-05	1.446387e+04
4.784000e+03	1.534621e-01	4.529367e-05	1.837638e+04
5.501600e+03	1.406609e-01	0.000000e+00	2.329573e+04
6.326840e+03	1.294460e-01	0.000000e+00	2.945802e+04
7.275866e+03	1.196142e-01	0.000000e+00	3.714563e+04
8.367246e+03	1.110310e-01	0.000000e+00	4.669332e+04
9.622333e+03	1.035936e-01	0.000000e+00	5.849390e+04
