# Energy_MeV	dEdx_Elec_MeV_um	dEdx_Nucl_MeV_um	Range_um
1.000000e-05	1.998811e-03	2.831681e-02	7.974751e-03
1.150000e-05	2.153832e-03	3.088983e-02	8.551968e-03
1.322500e-05	2.320026e-03	3.365933e-02	9.170964e-03
1.520875e-05	2.498206e-03	3.665418e-02	9.834763e-03
1.749006e-05	2.689241e-03	3.983558e-02	1.054661e-02
2.011357e-05	2.894067e-03	4.333128e-02	1.130998e-02
2.313061e-05	3.113683e-03	4.683507e-02	1.212860e-02
2.660020e-05	3.349163e-03	5.077502e-02	1.300647e-02
3.059023e-05	3.601659e-03	5.496899e-02	1.394789e-02
3.517876e-05	3.872402e-03	5.928863e-02	1.495744e-02
4.045558e-05	4.162718e-03	6.417432e-02	1.604007e-02
4.652391e-05	4.474023e-03	6.878476e-02	1.720106e-02
5.350250e-05	4.807839e-03	7.404748e-02	1.844608e-02
6.152788e-05	5.165796e-03	7.951954e-02	1.978122e-02
7.075706e-05	5.549645e-03	8.508317e-02	2.121300e-02
8.137062e-05	5.961259e-03	9.131590e-02	2.274840e-02
9.357621e-05	6.402650e-03	9.728138e-02	2.439495e-02
1.076126e-04	6.875974e-03	1.037744e-01	2.616066e-02
1.237545e-04	7.383545e-03	1.102681e-01	2.805419e-02
1.423177e-04	7.927840e-03	1.168128e-01	3.008476e-02
1.636654e-04	8.511520e-03	1.238496e-01	3.226232e-02
1.882152e-04	9.137437e-03	1.305543e-01	3.459748e-02
2.164475e-04	9.808647e-03	1.374782e-01	3.710166e-02
2.489146e-04	1.052843e-02	1.441389e-01	3.978710e-02
2.862518e-04	1.130030e-02	1.512479e-01	4.266691e-02
3.291895e-04	1.212804e-02	1.579692e-01	4.575517e-02
3.785680e-04	1.301567e-02	1.650526e-01	4.906695e-02
4.353531e-04	1.396755e-02	1.714686e-01	5.261844e-02
5.006561e-04	1.498832e-02	1.776580e-01	5.642699e-02
5.757545e-04	1.608296e-02	1.840272e-01	6.051121e-02
6.621177e-04	1.725684e-02	1.897116e-01	6.489104e-02
7.614354e-04	1.851567e-02	1.956433e-01	6.958789e-02
8.756507e-04	1.986561e-02	2.008427e-01	7.462470e-02
1.006998e-03	2.131325e-02	2.059135e-01	8.002607e-02
1.158048e-03	2.286568e-02	2.102655e-01	8.581840e-02
1.331755e-03	2.453046e-02	2.142753e-01	9.202998e-02
1.531519e-03	2.631574e-02	2.179479e-01	9.869116e-02
1.761246e-03	2.823023e-02	2.210506e-01	1.058345e-01
2.025433e-03	3.028330e-02	2.240310e-01	1.134948e-01
2.329248e-03	3.248496e-02	2.260630e-01	1.217097e-01
2.678635e-03	3.484598e-02	2.280948e-01	1.305191e-01
3.080431e-03	3.737788e-02	2.296404e-01	1.399387e-01
3.542495e-03	4.009304e-02	2.305891e-01	1.501015e-01
4.073870e-03	4.300473e-02	2.314882e-01	1.609636e-01
4.684950e-03	4.612716e-02	2.312826e-01	1.726157e-01
5.387693e-03	4.947560e-02	2.309801e-01	1.851090e-01
6.195847e-03	5.306639e-02	2.300670e-01	1.985070e-01
7.125224e-03	5.691709e-02	2.285575e-01	2.128748e-01
8.194007e-03	6.104650e-02	2.266996e-01	2.282825e-01
9.423108e-03	6.547480e-02	2.240291e-01	2.448055e-01
1.083657e-02	7.022362e-02	2.209027e-01	2.625243e-01
1.246206e-02	7.531616e-02	2.171466e-01	2.815256e-01
1.433137e-02	8.077730e-02	2.128415e-01	3.019024e-01
1.648108e-02	8.663372e-02	2.079296e-01	3.237540e-01
1.895324e-02	9.291403e-02	2.025505e-01	3.471872e-01
2.179622e-02	9.964890e-02	1.967539e-01	3.723164e-01
2.506566e-02	1.068713e-01	1.905373e-01	3.992646e-01
2.882550e-02	1.146164e-01	1.836711e-01	4.281634e-01
3.314933e-02	1.229221e-01	1.766811e-01	4.591538e-01
3.812173e-02	1.318289e-01	1.690139e-01	4.923873e-01
4.383999e-02	1.413805e-01	1.616379e-01	5.280261e-01
5.041599e-02	1.516234e-01	1.539771e-01	5.662447e-01
5.797838e-02	1.626077e-01	1.458684e-01	6.072297e-01
6.667514e-02	1.743870e-01	1.381452e-01	6.511810e-01
7.667641e-02	1.870190e-01	1.297804e-01	6.983134e-01
8.817787e-02	2.005652e-01	1.220315e-01	7.488573e-01
1.014046e-01	2.150919e-01	1.140209e-01	8.030599e-01
1.166152e-01	2.306701e-01	1.065858e-01	8.611857e-01
1.341075e-01	2.473758e-01	9.937697e-02	9.235184e-01
1.542237e-01	2.652907e-01	9.217794e-02	9.903627e-01
1.773572e-01	2.845023e-01	8.559363e-02	1.062045e+00
2.039608e-01	3.051044e-01	7.881427e-02	1.138916e+00
2.345549e-01	3.271978e-01	7.319698e-02	1.221357e+00
2.697381e-01	3.508902e-01	6.718791e-02	1.309733e+00
3.101989e-01	3.762984e-01	6.174769e-02	1.404746e+00
3.567287e-01	4.035460e-01	5.738512e-02	1.507576e+00
4.102380e-01	4.327658e-01	5.277450e-02	1.618933e+00
4.717737e-01	4.641005e-01	4.884827e-02	1.739641e+00
5.425397e-01	4.977032e-01	4.433309e-02	1.870602e+00
6.239207e-01	5.337362e-01	3.958140e-02	1.980887e+00
7.175088e-01	5.707242e-01	3.561451e-02	2.064947e+00
8.251351e-01	6.055028e-01	3.158068e-02	2.148380e+00
9.489054e-01	6.535691e-01	2.866786e-02	2.230961e+00
1.091241e+00	7.155098e-01	2.574900e-02	2.312632e+00
1.254927e+00	7.791267e-01	2.323263e-02	2.393560e+00
1.443166e+00	8.484112e-01	2.097787e-02	2.474199e+00
1.659641e+00	9.189900e-01	1.877721e-02	2.555370e+00
1.908588e+00	9.906865e-01	1.693123e-02	2.638306e+00
2.194876e+00	1.066999e+00	1.520837e-02	2.724785e+00
2.524107e+00	1.132753e+00	1.371463e-02	2.817201e+00
2.902723e+00	1.197456e+00	1.224358e-02	2.918626e+00
3.338132e+00	1.249221e+00	1.101345e-02	3.032928e+00
3.838852e+00	1.303868e+00	9.733084e-03	3.164850e+00
4.414679e+00	1.363403e+00	8.751513e-03	3.320124e+00
5.076881e+00	1.405669e+00	7.830776e-03	3.505548e+00
5.838413e+00	1.446687e+00	6.954343e-03	3.729082e+00
6.714175e+00	1.480962e+00	6.237578e-03	3.999953e+00
7.721302e+00	1.506696e+00	5.482529e-03	4.328787e+00
8.879497e+00	1.530030e+00	4.894815e-03	4.727767e+00
1.021142e+01	1.545295e+00	4.322982e-03	5.210920e+00
1.174313e+01	1.556321e+00	3.849936e-03	5.794542e+00
1.350460e+01	1.560268e+00	3.429141e-03	6.497873e+00
1.553030e+01	1.554388e+00	3.034867e-03	7.344046e+00
1.785984e+01	1.543480e+00	2.713104e-03	8.361382e+00
2.053882e+01	1.522977e+00	2.392226e-03	9.585098e+00
2.361964e+01	1.496132e+00	2.151558e-03	1.105948e+01
2.716258e+01	1.461795e+00	1.902421e-03	1.284064e+01
3.123697e+01	1.420915e+00	1.687716e-03	1.500005e+01
3.592252e+01	1.373926e+00	1.499721e-03	1.762895e+01
4.131089e+01	1.321020e+00	1.309665e-03	2.084414e+01
4.750753e+01	1.263267e+00	1.178552e-03	2.479485e+01
5.463366e+01	1.199448e+00	1.036949e-03	2.967368e+01
6.282871e+01	1.221699e+00	9.185952e-04	3.572030e+01
7.225301e+01	1.128774e+00	8.138143e-04	4.326622e+01
8.309096e+01	1.040959e+00	7.090091e-04	5.272362e+01
9.555461e+01	9.567582e-01	6.298415e-04	6.458492e+01
1.098878e+02	8.759369e-01	5.532527e-04	7.951638e+01
1.263710e+02	7.993041e-01	4.893214e-04	9.838246e+01
1.453266e+02	7.276528e-01	4.336459e-04	1.222808e+02
1.671256e+02	6.605720e-01	3.810548e-04	1.526249e+02
1.921945e+02	5.965732e-01	3.375750e-04	1.913250e+02
2.210236e+02	5.376272e-01	2.985591e-04	2.408948e+02
2.541772e+02	4.861601e-01	2.649164e-04	3.043221e+02
2.923037e+02	4.398418e-01	2.326939e-04	3.852349e+02
3.361493e+02	3.971189e-01	2.065705e-04	4.885793e+02
3.865717e+02	3.578340e-01	1.790876e-04	6.208018e+02
4.445574e+02	3.219089e-01	1.593359e-04	7.902250e+02
5.112411e+02	2.892390e-01	1.404556e-04	1.007533e+03
5.879272e+02	2.596828e-01	1.229930e-04	1.286416e+03
6.761163e+02	2.326377e-01	1.090512e-04	1.644695e+03
7.775337e+02	2.082928e-01	9.415764e-05	2.105470e+03
8.941638e+02	1.866728e-01	8.316966e-05	2.697807e+03
1.028288e+03	1.675236e-01	7.234834e-05	3.457965e+03
1.182532e+03	1.503054e-01	6.360566e-05	4.432769e+03
1.359911e+03	1.348890e-01	5.596618e-05	5.682624e+03
1.563898e+03	1.211268e-01	4.876808e-05	7.284222e+03
1.798483e+03	1.088541e-01	0.000000e+00	9.335088e+03
2.068255e+03	9.792437e-02	0.000000e+00	1.195869e+04
2.378493e+03	8.821084e-02	0.000000e+00	1.531087e+04
2.735268e+03	7.958968e-02	0.000000e+00	1.958780e+04
3.145558e+03	7.193948e-02	0.000000e+00	2.503512e+04
3.617391e+03	6.516434e-02	0.000000e+00	3.195899e+04
4.160000e+03	5.918084e-02	0.000000e+00	4.073897e+04
4.784000e+03	5.389940e-02	0.000000e+00	5.184279e+04
5.501600e+03	4.924363e-02	0.000000e+00	6.584283e+04
6.326840e+03	4.515313e-02	0.000000e+00	8.343441e+04
7.275866e+03	4.156836e-02	0.000000e+00	1.054553e+05
8.367246e+03	3.843264e-02	0.000000e+00	1.329062e+05
9.622333e+03	3.570132e-02	0.000000e+00	1.669711e+05
