# Energy_MeV	dEdx_Elec_MeV_um	dEdx_Nucl_MeV_um	Range_um
1.000000e-05	2.375687e-03	2.928873e-02	5.633138e-03
1.150000e-05	2.566130e-03	3.206332e-02	6.040868e-03
1.322500e-05	2.770230e-03	3.505106e-02	6.478109e-03
1.520875e-05	2.988986e-03	3.825742e-02	6.946998e-03
1.749006e-05	3.223468e-03	4.168644e-02	7.449825e-03
2.011357e-05	3.474825e-03	4.539397e-02	7.989047e-03
2.313061e-05	3.744284e-03	4.936774e-02	8.567299e-03
2.660020e-05	4.033165e-03	5.366926e-02	9.187404e-03
3.059023e-05	4.342878e-03	5.805944e-02	9.852394e-03
3.517876e-05	4.674939e-03	6.292041e-02	1.056552e-02
4.045558e-05	5.030969e-03	6.818637e-02	1.133025e-02
4.652391e-05	5.412710e-03	7.349939e-02	1.215034e-02
5.350250e-05	5.822026e-03	7.960937e-02	1.302979e-02
6.152788e-05	6.260918e-03	8.533260e-02	1.397289e-02
7.075706e-05	6.731530e-03	9.185314e-02	1.498426e-02
8.137062e-05	7.236161e-03	9.872999e-02	1.606883e-02
9.357621e-05	7.777278e-03	1.055718e-01	1.723190e-02
1.076126e-04	8.357523e-03	1.134303e-01	1.847915e-02
1.237545e-04	8.979733e-03	1.207770e-01	1.981668e-02
1.423177e-04	9.646946e-03	1.289089e-01	2.125102e-02
1.636654e-04	1.036242e-02	1.370120e-01	2.278919e-02
1.882152e-04	1.112966e-02	1.451541e-01	2.443868e-02
2.164475e-04	1.195240e-02	1.540382e-01	2.620756e-02
2.489146e-04	1.283467e-02	1.622831e-01	2.810448e-02
2.862518e-04	1.378078e-02	1.710783e-01	3.013870e-02
3.291895e-04	1.479534e-02	1.792700e-01	3.232015e-02
3.785680e-04	1.588332e-02	1.882096e-01	3.465950e-02
4.353531e-04	1.705004e-02	1.966525e-01	3.716818e-02
5.006561e-04	1.830118e-02	2.053564e-01	3.985843e-02
5.757545e-04	1.964287e-02	2.136620e-01	4.274340e-02
6.621177e-04	2.108165e-02	2.212653e-01	4.583719e-02
7.614354e-04	2.262456e-02	2.293443e-01	4.915491e-02
8.756507e-04	2.427914e-02	2.365176e-01	5.271277e-02
1.006998e-03	2.605346e-02	2.438027e-01	5.652815e-02
1.158048e-03	2.795620e-02	2.505753e-01	6.061969e-02
1.331755e-03	2.999665e-02	2.568166e-01	6.500737e-02
1.531519e-03	3.218477e-02	2.624253e-01	6.971264e-02
1.761246e-03	3.453127e-02	2.674841e-01	7.475848e-02
2.025433e-03	3.704760e-02	2.720896e-01	8.016953e-02
2.329248e-03	3.974606e-02	2.761388e-01	8.597225e-02
2.678635e-03	4.263983e-02	2.798528e-01	9.215445e-02
3.080431e-03	4.574304e-02	2.825313e-01	9.886481e-02
3.542495e-03	4.907086e-02	2.850985e-01	1.060263e-01
4.073870e-03	5.263954e-02	2.871670e-01	1.137011e-01
4.684950e-03	5.646652e-02	2.883257e-01	1.219304e-01
5.387693e-03	6.057049e-02	2.896392e-01	1.307556e-01
6.195847e-03	6.497150e-02	2.893802e-01	1.402196e-01
7.125224e-03	6.969106e-02	2.890813e-01	1.503685e-01
8.194007e-03	7.475222e-02	2.880385e-01	1.612522e-01
9.423108e-03	8.017971e-02	2.861744e-01	1.729235e-01
1.083657e-02	8.600004e-02	2.839889e-01	1.854396e-01
1.246206e-02	9.224164e-02	2.806986e-01	1.988616e-01
1.433137e-02	9.893501e-02	2.768862e-01	2.132551e-01
1.648108e-02	1.061128e-01	2.722562e-01	2.286905e-01
1.895324e-02	1.138102e-01	2.669635e-01	2.452430e-01
2.179622e-02	1.220647e-01	2.608786e-01	2.629936e-01
2.506566e-02	1.309167e-01	2.542586e-01	2.820290e-01
2.882550e-02	1.404094e-01	2.470185e-01	3.024423e-01
3.314933e-02	1.505891e-01	2.393709e-01	3.243331e-01
3.812173e-02	1.615057e-01	2.308289e-01	3.478083e-01
4.383999e-02	1.732124e-01	2.221126e-01	3.729825e-01
5.041599e-02	1.857665e-01	2.126840e-01	3.999791e-01
5.797838e-02	1.992292e-01	2.033002e-01	4.289297e-01
6.667514e-02	2.136664e-01	1.938831e-01	4.599757e-01
7.667641e-02	2.291485e-01	1.836942e-01	4.932687e-01
8.817787e-02	2.457512e-01	1.740114e-01	5.289714e-01
1.014046e-01	2.635557e-01	1.637308e-01	5.672586e-01
1.166152e-01	2.826488e-01	1.538000e-01	6.083170e-01
1.341075e-01	3.031239e-01	1.438747e-01	6.523471e-01
1.542237e-01	3.250811e-01	1.344893e-01	6.995639e-01
1.773572e-01	3.486274e-01	1.254017e-01	7.501985e-01
2.039608e-01	3.738781e-01	1.164854e-01	8.045000e-01
2.345549e-01	4.009564e-01	1.080580e-01	8.627185e-01
2.697381e-01	4.299959e-01	9.956009e-02	9.252430e-01
3.101989e-01	4.611381e-01	9.245855e-02	9.928573e-01
3.567287e-01	4.945345e-01	8.488227e-02	1.066081e+00
4.102380e-01	5.303480e-01	7.790103e-02	1.145441e+00
4.717737e-01	5.687539e-01	7.255277e-02	1.231525e+00
5.425397e-01	6.099396e-01	6.655205e-02	1.325019e+00
6.239207e-01	6.537792e-01	6.171799e-02	1.409618e+00
7.175088e-01	6.940329e-01	5.615881e-02	1.456529e+00
8.251351e-01	7.471393e-01	5.010449e-02	1.502112e+00
9.489054e-01	8.195404e-01	4.523962e-02	1.546476e+00
1.091241e+00	8.972993e-01	3.992128e-02	1.589752e+00
1.254927e+00	9.837376e-01	3.634257e-02	1.632266e+00
1.443166e+00	1.073570e+00	3.258654e-02	1.674557e+00
1.659641e+00	1.171075e+00	2.943850e-02	1.717416e+00
1.908588e+00	1.275619e+00	2.659053e-02	1.761928e+00
2.194876e+00	1.378043e+00	2.375313e-02	1.809523e+00
2.524107e+00	1.484969e+00	2.148540e-02	1.862014e+00
2.902723e+00	1.572048e+00	1.924252e-02	1.921630e+00
3.338132e+00	1.666699e+00	1.740859e-02	1.991108e+00
3.838852e+00	1.769872e+00	1.552620e-02	2.073681e+00
4.414679e+00	1.852919e+00	1.396501e-02	2.173143e+00
5.076881e+00	1.935521e+00	1.239352e-02	2.293880e+00
5.838413e+00	2.003869e+00	1.108307e-02	2.440899e+00
6.714175e+00	2.065212e+00	9.953068e-03	2.619884e+00
7.721302e+00	2.121665e+00	8.824342e-03	2.837237e+00
8.879497e+00	2.166872e+00	7.913859e-03	3.100194e+00
1.021142e+01	2.210062e+00	6.987211e-03	3.417020e+00
1.174313e+01	2.239828e+00	6.206915e-03	3.797305e+00
1.350460e+01	2.258955e+00	5.493333e-03	4.252422e+00
1.553030e+01	2.271272e+00	4.888783e-03	4.796137e+00
1.785984e+01	2.266490e+00	4.347806e-03	5.445410e+00
2.053882e+01	2.255081e+00	3.861821e-03	6.221402e+00
2.361964e+01	2.230125e+00	3.441862e-03	7.150730e+00
2.716258e+01	2.192821e+00	3.038699e-03	8.267037e+00
3.123697e+01	2.145638e+00	2.729820e-03	9.612966e+00
3.592252e+01	2.090886e+00	2.411233e-03	1.124267e+01
4.131089e+01	2.027459e+00	2.138773e-03	1.322491e+01
4.750753e+01	1.953738e+00	1.908077e-03	1.564778e+01
5.463366e+01	2.095283e+00	1.657544e-03	1.862029e+01
6.282871e+01	1.951343e+00	1.496654e-03	2.229074e+01
7.225301e+01	1.815226e+00	1.314726e-03	2.684998e+01
8.309096e+01	1.682156e+00	1.164476e-03	3.251603e+01
9.555461e+01	1.553195e+00	1.035900e-03	3.958660e+01
1.098878e+02	1.428677e+00	8.982853e-04	4.844817e+01
1.263710e+02	1.310608e+00	8.010506e-04	5.959291e+01
1.453266e+02	1.199115e+00	7.018179e-04	7.364907e+01
1.671256e+02	1.091111e+00	6.217557e-04	9.146298e+01
1.921945e+02	9.902119e-01	5.511000e-04	1.141642e+02
2.210236e+02	9.000984e-01	4.829202e-04	1.431110e+02
2.541772e+02	8.193719e-01	4.295197e-04	1.799159e+02
2.923037e+02	7.439918e-01	3.784076e-04	2.267753e+02
3.361493e+02	6.738105e-01	3.371132e-04	2.865824e+02
3.865717e+02	6.088867e-01	2.957032e-04	3.630755e+02
4.445574e+02	5.491815e-01	2.624638e-04	4.610695e+02
5.112411e+02	4.946709e-01	2.287412e-04	5.867340e+02
5.879272e+02	4.444817e-01	2.021090e-04	7.480853e+02
6.761163e+02	3.988593e-01	1.789426e-04	9.555646e+02
7.775337e+02	3.579413e-01	1.563616e-04	1.222373e+03
8.941638e+02	3.216828e-01	1.386162e-04	1.564950e+03
1.028288e+03	2.889222e-01	1.203416e-04	2.004395e+03
1.182532e+03	2.594631e-01	1.056452e-04	2.568048e+03
1.359911e+03	2.331112e-01	9.213335e-05	3.290602e+03
1.563898e+03	2.095600e-01	8.092667e-05	4.216192e+03
1.798483e+03	1.885290e-01	7.104380e-05	5.400708e+03
2.068255e+03	1.698133e-01	6.220165e-05	6.914713e+03
2.378493e+03	1.531996e-01	5.482037e-05	8.847078e+03
2.735268e+03	1.384478e-01	4.771878e-05	1.130917e+04
3.145558e+03	1.253697e-01	0.000000e+00	1.443992e+04
3.617391e+03	1.138176e-01	0.000000e+00	1.841172e+04
4.160000e+03	1.036213e-01	0.000000e+00	2.343723e+04
4.784000e+03	9.462799e-02	0.000000e+00	2.977705e+04
5.501600e+03	8.672557e-02	0.000000e+00	3.774817e+04
6.326840e+03	7.979997e-02	0.000000e+00	4.773308e+04
7.275866e+03	7.373284e-02	0.000000e+00	6.018932e+04
8.367246e+03	6.843871e-02	0.000000e+00	7.565913e+04
9.622333e+03	6.384864e-02	0.000000e+00	9.477887e+04
