# Energy_MeV	dEdx_Elec_MeV_um	dEdx_Nucl_MeV_um	Range_um
1.000000e-05	3.043946e-03	2.029553e-02	5.009496e-03
1.150000e-05	3.291629e-03	2.209178e-02	5.372086e-03
1.322500e-05	3.557021e-03	2.399666e-02	5.760920e-03
1.520875e-05	3.841424e-03	2.597633e-02	6.177899e-03
1.749006e-05	4.146230e-03	2.813233e-02	6.625058e-03
2.011357e-05	4.472933e-03	3.055511e-02	7.104583e-03
2.313061e-05	4.823130e-03	3.289587e-02	7.618817e-03
2.660020e-05	5.198536e-03	3.558570e-02	8.170271e-03
3.059023e-05	5.600986e-03	3.823199e-02	8.761639e-03
3.517876e-05	6.032447e-03	4.110003e-02	9.395811e-03
4.045558e-05	6.495030e-03	4.430157e-02	1.007589e-02
4.652391e-05	6.990995e-03	4.730936e-02	1.080518e-02
5.350250e-05	7.522766e-03	5.076832e-02	1.158727e-02
6.152788e-05	8.092941e-03	5.419253e-02	1.242596e-02
7.075706e-05	8.704308e-03	5.776977e-02	1.332536e-02
8.137062e-05	9.359854e-03	6.150619e-02	1.428985e-02
9.357621e-05	1.006278e-02	6.515943e-02	1.532416e-02
1.076126e-04	1.081652e-02	6.915392e-02	1.643333e-02
1.237545e-04	1.162477e-02	7.294313e-02	1.762279e-02
1.423177e-04	1.249146e-02	7.679852e-02	1.889833e-02
1.636654e-04	1.342083e-02	8.061312e-02	2.026620e-02
1.882152e-04	1.441742e-02	8.473795e-02	2.173308e-02
2.164475e-04	1.548611e-02	8.857030e-02	2.330613e-02
2.489146e-04	1.663211e-02	9.237383e-02	2.499305e-02
2.862518e-04	1.786102e-02	9.631274e-02	2.680206e-02
3.291895e-04	1.917885e-02	9.969567e-02	2.874200e-02
3.785680e-04	2.059202e-02	1.035083e-01	3.082236e-02
4.353531e-04	2.210746e-02	1.067764e-01	3.305330e-02
5.006561e-04	2.373256e-02	1.099474e-01	3.544572e-02
5.757545e-04	2.547526e-02	1.132498e-01	3.801130e-02
6.621177e-04	2.734407e-02	1.160209e-01	4.076258e-02
7.614354e-04	2.934812e-02	1.186745e-01	4.371299e-02
8.756507e-04	3.149721e-02	1.209315e-01	4.687696e-02
1.006998e-03	3.380183e-02	1.231402e-01	5.026994e-02
1.158048e-03	3.627325e-02	1.251031e-01	5.388071e-02
1.331755e-03	3.892353e-02	1.267257e-01	5.780308e-02
1.531519e-03	4.176562e-02	1.280585e-01	6.199634e-02
1.761246e-03	4.481341e-02	1.291940e-01	6.648358e-02
2.025433e-03	4.808179e-02	1.303229e-01	7.129548e-02
2.329248e-03	5.158673e-02	1.308052e-01	7.645585e-02
2.678635e-03	5.534534e-02	1.313599e-01	8.198962e-02
3.080431e-03	5.937599e-02	1.314343e-01	8.792394e-02
3.542495e-03	6.369837e-02	1.312756e-01	9.428782e-02
4.073870e-03	6.833360e-02	1.309689e-01	1.011123e-01
4.684950e-03	7.330432e-02	1.301233e-01	1.084308e-01
5.387693e-03	7.863482e-02	1.291477e-01	1.162789e-01
6.195847e-03	8.435113e-02	1.277926e-01	1.246951e-01
7.125224e-03	9.048119e-02	1.260926e-01	1.337206e-01
8.194007e-03	9.705494e-02	1.240870e-01	1.433992e-01
9.423108e-03	1.041045e-01	1.217469e-01	1.537784e-01
1.083657e-02	1.116643e-01	1.190497e-01	1.649088e-01
1.246206e-02	1.197713e-01	1.161136e-01	1.768449e-01
1.433137e-02	1.284650e-01	1.129123e-01	1.896450e-01
1.648108e-02	1.377880e-01	1.094811e-01	2.033715e-01
1.895324e-02	1.477858e-01	1.056041e-01	2.180915e-01
2.179622e-02	1.585073e-01	1.017126e-01	2.338769e-01
2.506566e-02	1.700047e-01	9.756815e-02	2.508050e-01
2.882550e-02	1.823344e-01	9.321946e-02	2.689583e-01
3.314933e-02	1.955565e-01	8.906775e-02	2.884256e-01
3.812173e-02	2.097356e-01	8.432091e-02	3.093018e-01
4.383999e-02	2.249410e-01	7.998354e-02	3.316890e-01
5.041599e-02	2.412470e-01	7.548401e-02	3.556968e-01
5.797838e-02	2.587332e-01	7.074829e-02	3.814423e-01
6.667514e-02	2.774850e-01	6.638255e-02	4.090511e-01
7.667641e-02	2.975941e-01	6.200240e-02	4.386585e-01
8.817787e-02	3.191588e-01	5.798949e-02	4.704084e-01
1.014046e-01	3.422842e-01	5.383337e-02	5.044546e-01
1.166152e-01	3.670847e-01	4.985262e-02	5.409871e-01
1.341075e-01	3.936822e-01	4.612514e-02	5.804521e-01
1.542237e-01	4.222047e-01	4.275425e-02	6.231945e-01
1.773572e-01	4.527917e-01	3.943283e-02	6.695087e-01
2.039608e-01	4.855927e-01	3.598183e-02	7.197391e-01
2.345549e-01	5.207662e-01	3.368636e-02	7.701206e-01
2.697381e-01	5.584773e-01	3.104656e-02	8.033468e-01
3.101989e-01	5.927228e-01	2.844260e-02	8.363673e-01
3.567287e-01	6.337905e-01	2.597627e-02	8.690766e-01
4.102380e-01	6.927787e-01	2.328501e-02	9.014262e-01
4.717737e-01	7.560285e-01	2.119126e-02	9.334478e-01
5.425397e-01	8.250085e-01	1.881609e-02	9.652783e-01
6.239207e-01	8.931368e-01	1.690043e-02	9.971883e-01
7.175088e-01	9.663947e-01	1.525135e-02	1.029612e+00
8.251351e-01	1.039080e+00	1.371560e-02	1.063152e+00
9.489054e-01	1.108898e+00	1.239141e-02	1.098685e+00
1.091241e+00	1.180374e+00	1.108899e-02	1.137318e+00
1.254927e+00	1.230320e+00	1.001116e-02	1.180466e+00
1.443166e+00	1.284705e+00	9.021231e-03	1.229878e+00
1.659641e+00	1.342243e+00	8.128342e-03	1.287672e+00
1.908588e+00	1.390267e+00	7.212735e-03	1.356385e+00
2.194876e+00	1.435833e+00	6.505901e-03	1.438992e+00
2.524107e+00	1.468487e+00	5.825232e-03	1.538957e+00
2.902723e+00	1.498968e+00	5.153254e-03	1.660275e+00
3.338132e+00	1.522243e+00	4.662717e-03	1.807530e+00
3.838852e+00	1.539746e+00	4.100213e-03	1.985990e+00
4.414679e+00	1.555074e+00	3.691522e-03	2.201750e+00
5.076881e+00	1.558834e+00	3.290428e-03	2.461964e+00
5.838413e+00	1.557419e+00	2.888068e-03	2.775175e+00
6.714175e+00	1.548275e+00	2.576478e-03	3.151783e+00
7.721302e+00	1.530419e+00	2.280291e-03	3.604655e+00
8.879497e+00	1.506967e+00	2.044225e-03	4.149913e+00
1.021142e+01	1.474254e+00	1.808819e-03	4.807943e+00
1.174313e+01	1.435826e+00	1.602853e-03	5.604667e+00
1.350460e+01	1.390795e+00	1.426829e-03	6.573159e+00
1.553030e+01	1.340211e+00	1.273421e-03	7.755712e+00
1.785984e+01	1.283395e+00	1.134538e-03	9.206447e+00
2.053882e+01	1.222593e+00	9.951347e-04	1.099491e+01
2.361964e+01	1.255753e+00	8.953596e-04	1.320872e+01
2.716258e+01	1.160246e+00	7.832091e-04	1.596371e+01
3.123697e+01	1.070982e+00	6.998248e-04	1.941507e+01
3.592252e+01	9.854369e-01	6.198182e-04	2.374023e+01
4.131089e+01	9.035475e-01	5.421866e-04	2.917814e+01
4.750753e+01	8.253391e-01	4.865942e-04	3.604033e+01
5.463366e+01	7.518815e-01	4.243458e-04	4.472667e+01
6.282871e+01	6.834104e-01	3.748941e-04	5.574517e+01
7.225301e+01	6.181765e-01	3.309535e-04	6.977268e+01
8.309096e+01	5.574984e-01	2.915340e-04	8.772076e+01
9.555461e+01	5.031083e-01	2.580715e-04	1.107099e+02
1.098878e+02	4.554793e-01	2.266086e-04	1.400546e+02
1.263710e+02	4.115253e-01	2.011900e-04	1.775096e+02
1.453266e+02	3.710674e-01	1.783977e-04	2.254047e+02
1.671256e+02	3.339959e-01	1.582320e-04	2.867445e+02
1.921945e+02	3.001994e-01	1.376545e-04	3.653999e+02
2.210236e+02	2.695941e-01	1.228018e-04	4.663233e+02
2.541772e+02	2.417022e-01	1.082265e-04	5.959191e+02
2.923037e+02	2.164337e-01	9.426410e-05	7.625482e+02
3.361493e+02	1.937996e-01	8.425250e-05	9.768305e+02
3.865717e+02	1.739308e-01	7.273915e-05	1.251989e+03
4.445574e+02	1.560626e-01	6.491180e-05	1.604869e+03
5.112411e+02	1.400370e-01	5.701423e-05	2.057378e+03
5.879272e+02	1.257215e-01	4.931660e-05	2.637352e+03
6.761163e+02	1.129488e-01	4.342552e-05	3.380222e+03
7.775337e+02	1.015686e-01	0.000000e+00	4.330900e+03
8.941638e+02	9.144765e-02	0.000000e+00	5.546123e+03
1.028288e+03	8.246205e-02	0.000000e+00	7.097405e+03
1.182532e+03	7.448782e-02	0.000000e+00	9.074459e+03
1.359911e+03	6.741876e-02	0.000000e+00	1.158927e+04
1.563898e+03	6.117081e-02	0.000000e+00	1.478097e+04
1.798483e+03	5.565579e-02	0.000000e+00	1.882133e+04
2.068255e+03	5.079042e-02	0.000000e+00	2.392113e+04
2.378493e+03	4.651057e-02	0.000000e+00	3.033708e+04
2.735268e+03	4.275736e-02	0.000000e+00	3.837940e+04
3.145558e+03	3.947168e-02	0.000000e+00	4.841972e+04
3.617391e+03	3.660468e-02	0.000000e+00	6.089923e+04
4.160000e+03	3.411622e-02	0.000000e+00	7.633661e+04
4.784000e+03	3.196541e-02	0.000000e+00	9.533545e+04
5.501600e+03	3.011521e-02	0.000000e+00	1.185909e+05
6.326840e+03	2.853672e-02	0.000000e+00	1.468953e+05
7.275866e+03	2.720320e-02	0.000000e+00	1.811434e+05
8.367246e+03	2.608819e-02	0.000000e+00	2.223333e+05
9.622333e+03	2.514624e-02	0.000000e+00	2.715917e+05
