# Energy_MeV	dEdx_Elec_MeV_um	dEdx_Nucl_MeV_um	Range_um
1.000000e-05	2.443451e-03	3.122163e-02	4.948650e-03
1.150000e-05	2.642609e-03	3.426359e-02	5.306836e-03
1.322500e-05	2.856002e-03	3.747352e-02	5.690948e-03
1.520875e-05	3.084676e-03	4.114056e-02	6.102862e-03
1.749006e-05	3.329751e-03	4.489176e-02	6.544590e-03
2.011357e-05	3.592428e-03	4.909481e-02	7.018291e-03
2.313061e-05	3.873993e-03	5.354407e-02	7.526279e-03
2.660020e-05	4.175822e-03	5.825572e-02	8.071035e-03
3.059023e-05	4.499391e-03	6.352366e-02	8.655221e-03
3.517876e-05	4.846284e-03	6.891304e-02	9.281690e-03
4.045558e-05	5.218195e-03	7.482476e-02	9.953504e-03
4.652391e-05	5.616944e-03	8.091733e-02	1.067394e-02
5.350250e-05	6.044477e-03	8.768390e-02	1.144653e-02
6.152788e-05	6.502886e-03	9.475280e-02	1.227504e-02
7.075706e-05	6.994410e-03	1.024125e-01	1.316351e-02
8.137062e-05	7.521451e-03	1.103262e-01	1.411629e-02
9.357621e-05	8.086584e-03	1.185021e-01	1.513803e-02
1.076126e-04	8.692571e-03	1.274587e-01	1.623373e-02
1.237545e-04	9.342371e-03	1.366066e-01	1.740874e-02
1.423177e-04	1.003916e-02	1.464733e-01	1.866879e-02
1.636654e-04	1.078634e-02	1.565764e-01	2.002005e-02
1.882152e-04	1.158757e-02	1.671543e-01	2.146911e-02
2.164475e-04	1.244676e-02	1.778356e-01	2.302306e-02
2.489146e-04	1.336810e-02	1.888205e-01	2.468948e-02
2.862518e-04	1.435609e-02	2.000632e-01	2.647652e-02
3.291895e-04	1.541558e-02	2.114185e-01	2.839290e-02
3.785680e-04	1.655172e-02	2.233088e-01	3.044800e-02
4.353531e-04	1.777007e-02	2.341606e-01	3.265184e-02
5.006561e-04	1.907658e-02	2.459374e-01	3.501519e-02
5.757545e-04	2.047764e-02	2.577509e-01	3.754961e-02
6.621177e-04	2.198009e-02	2.686797e-01	4.026747e-02
7.614354e-04	2.359127e-02	2.810023e-01	4.318205e-02
8.756507e-04	2.531905e-02	2.906144e-01	4.630759e-02
1.006998e-03	2.717188e-02	3.014684e-01	4.965936e-02
1.158048e-03	2.915879e-02	3.117532e-01	5.325373e-02
1.331755e-03	3.128951e-02	3.209080e-01	5.710827e-02
1.531519e-03	3.357444e-02	3.310624e-01	6.124179e-02
1.761246e-03	3.602474e-02	3.388995e-01	6.567451e-02
2.025433e-03	3.865238e-02	3.471497e-01	7.042806e-02
2.329248e-03	4.147020e-02	3.541852e-01	7.552568e-02
2.678635e-03	4.449197e-02	3.603655e-01	8.099227e-02
3.080431e-03	4.773245e-02	3.665717e-01	8.681236e-02
3.542495e-03	5.120747e-02	3.712410e-01	9.313481e-02
4.073870e-03	5.493400e-02	3.757457e-01	9.988499e-02
4.684950e-03	5.893025e-02	3.789800e-01	1.071149e-01
5.387693e-03	6.321575e-02	3.820596e-01	1.148675e-01
6.195847e-03	6.781143e-02	3.841681e-01	1.231816e-01
7.125224e-03	7.273974e-02	3.858580e-01	1.320973e-01
8.194007e-03	7.802476e-02	3.864604e-01	1.416584e-01
9.423108e-03	8.369230e-02	3.861022e-01	1.519116e-01
1.083657e-02	8.977007e-02	3.851802e-01	1.629069e-01
1.246206e-02	9.628774e-02	3.831964e-01	1.746979e-01
1.433137e-02	1.032772e-01	3.805264e-01	1.873424e-01
1.648108e-02	1.107725e-01	3.767733e-01	2.009022e-01
1.895324e-02	1.188103e-01	3.720428e-01	2.154435e-01
2.179622e-02	1.274299e-01	3.663420e-01	2.310373e-01
2.506566e-02	1.366734e-01	3.597148e-01	2.477596e-01
2.882550e-02	1.465859e-01	3.520584e-01	2.656924e-01
3.314933e-02	1.572159e-01	3.435697e-01	2.849232e-01
3.812173e-02	1.686153e-01	3.340348e-01	3.055460e-01
4.383999e-02	1.808398e-01	3.243253e-01	3.276614e-01
5.041599e-02	1.939491e-01	3.133584e-01	3.513774e-01
5.797838e-02	2.080073e-01	3.016250e-01	3.768101e-01
6.667514e-02	2.230830e-01	2.898010e-01	4.040837e-01
7.667641e-02	2.392499e-01	2.764901e-01	4.333314e-01
8.817787e-02	2.565870e-01	2.646734e-01	4.646959e-01
1.014046e-01	2.751789e-01	2.512824e-01	4.983306e-01
1.166152e-01	2.951165e-01	2.378551e-01	5.343999e-01
1.341075e-01	3.164973e-01	2.249509e-01	5.730800e-01
1.542237e-01	3.394255e-01	2.107033e-01	6.145597e-01
1.773572e-01	3.640133e-01	1.982513e-01	6.590414e-01
2.039608e-01	3.903808e-01	1.850330e-01	7.067431e-01
2.345549e-01	4.186568e-01	1.726897e-01	7.578983e-01
2.697381e-01	4.489794e-01	1.610171e-01	8.127470e-01
3.101989e-01	4.814980e-01	1.488655e-01	8.716335e-01
3.567287e-01	5.163716e-01	1.381809e-01	9.352927e-01
4.102380e-01	5.537694e-01	1.275018e-01	1.004235e+00
4.717737e-01	5.938740e-01	1.179840e-01	1.078949e+00
5.425397e-01	6.368814e-01	1.082001e-01	1.159990e+00
6.239207e-01	6.830018e-01	1.000837e-01	1.247999e+00
7.175088e-01	7.324605e-01	9.233185e-02	1.343718e+00
8.251351e-01	7.762348e-01	8.545991e-02	1.438674e+00
9.489054e-01	8.327664e-01	7.850224e-02	1.473949e+00
1.091241e+00	9.116019e-01	7.050092e-02	1.507479e+00
1.254927e+00	9.977943e-01	6.334589e-02	1.539440e+00
1.443166e+00	1.094376e+00	5.629870e-02	1.570245e+00
1.659641e+00	1.196192e+00	5.073522e-02	1.600465e+00
1.908588e+00	1.309065e+00	4.556650e-02	1.630878e+00
2.194876e+00	1.431847e+00	4.117485e-02	1.662515e+00
2.524107e+00	1.559315e+00	3.711002e-02	1.696688e+00
2.902723e+00	1.696981e+00	3.335733e-02	1.735029e+00
3.338132e+00	1.816713e+00	3.008682e-02	1.779521e+00
3.838852e+00	1.948497e+00	2.683844e-02	1.832530e+00
4.414679e+00	2.092307e+00	2.436541e-02	1.896809e+00
5.076881e+00	2.216848e+00	2.178804e-02	1.975576e+00
5.838413e+00	2.342610e+00	1.948270e-02	2.072484e+00
6.714175e+00	2.448171e+00	1.750582e-02	2.191651e+00
7.721302e+00	2.548062e+00	1.539891e-02	2.337682e+00
8.879497e+00	2.640663e+00	1.397723e-02	2.515682e+00
1.021142e+01	2.721374e+00	1.241101e-02	2.731363e+00
1.174313e+01	2.802000e+00	1.105946e-02	2.991141e+00
1.350460e+01	2.864222e+00	9.893603e-03	3.302373e+00
1.553030e+01	2.915369e+00	8.671762e-03	3.673703e+00
1.785984e+01	2.957473e+00	7.772463e-03	4.115514e+00
2.053882e+01	2.977469e+00	6.866484e-03	4.640526e+00
2.361964e+01	2.989990e+00	6.111248e-03	5.264532e+00
2.716258e+01	2.981985e+00	5.454944e-03	6.007309e+00
3.123697e+01	2.956115e+00	4.815092e-03	6.893730e+00
3.592252e+01	2.915635e+00	4.301164e-03	7.955161e+00
4.131089e+01	2.866016e+00	3.815236e-03	9.231209e+00
4.750753e+01	2.805473e+00	3.412332e-03	1.077190e+01
5.463366e+01	2.728431e+00	3.018438e-03	1.264098e+01
6.282871e+01	3.050847e+00	2.688328e-03	1.491687e+01
7.225301e+01	2.860500e+00	2.354486e-03	1.770546e+01
8.309096e+01	2.679312e+00	2.096366e-03	2.114455e+01
9.555461e+01	2.499522e+00	1.863531e-03	2.538766e+01
1.098878e+02	2.323395e+00	1.643007e-03	3.064508e+01
1.263710e+02	2.151157e+00	1.461488e-03	3.718959e+01
1.453266e+02	1.986161e+00	1.275413e-03	4.536807e+01
1.671256e+02	1.828696e+00	1.129474e-03	5.562090e+01
1.921945e+02	1.675095e+00	9.900637e-04	6.854050e+01
2.210236e+02	1.529908e+00	8.768029e-04	8.492101e+01
2.541772e+02	1.398627e+00	7.753459e-04	1.057178e+02
2.923037e+02	1.280844e+00	6.828169e-04	1.320533e+02
3.361493e+02	1.169693e+00	6.063832e-04	1.654571e+02
3.865717e+02	1.065022e+00	5.308215e-04	2.079552e+02
4.445574e+02	9.671466e-01	4.753058e-04	2.621671e+02
5.112411e+02	8.761941e-01	4.181127e-04	3.314722e+02
5.879272e+02	7.923289e-01	3.683520e-04	4.202046e+02
6.761163e+02	7.145407e-01	3.259111e-04	5.339969e+02
7.775337e+02	6.431599e-01	2.821529e-04	6.802032e+02
8.941638e+02	5.785362e-01	2.529966e-04	8.681436e+02
1.028288e+03	5.209555e-01	2.214141e-04	1.109431e+03
1.182532e+03	4.686447e-01	1.947835e-04	1.418943e+03
1.359911e+03	4.214148e-01	1.717838e-04	1.815993e+03
1.563898e+03	3.790463e-01	1.483964e-04	2.325093e+03
1.798483e+03	3.410554e-01	1.312068e-04	2.977431e+03
2.068255e+03	3.069902e-01	1.143632e-04	3.812501e+03
2.378493e+03	2.766119e-01	1.004427e-04	4.880159e+03
2.735268e+03	2.496339e-01	8.850023e-05	6.243197e+03
3.145558e+03	2.256422e-01	7.710852e-05	7.980312e+03
3.617391e+03	2.043363e-01	6.793583e-05	1.018968e+04
4.160000e+03	1.855116e-01	5.954273e-05	1.299316e+04
4.784000e+03	1.688922e-01	5.254096e-05	1.654112e+04
5.501600e+03	1.542198e-01	4.584165e-05	2.101791e+04
6.326840e+03	1.413251e-01	0.000000e+00	2.664786e+04
7.275866e+03	1.300281e-01	0.000000e+00	3.370181e+04
8.367246e+03	1.201241e-01	0.000000e+00	4.250388e+04
9.622333e+03	1.114744e-01	0.000000e+00	5.343848e+04
