# Energy_MeV	dEdx_Elec_MeV_um	dEdx_Nucl_MeV_um	Range_um
1.000000e-05	2.340679e-03	2.858100e-02	6.003594e-03
1.150000e-05	2.526971e-03	3.122957e-02	6.438137e-03
1.322500e-05	2.726640e-03	3.410231e-02	6.904133e-03
1.520875e-05	2.940661e-03	3.716097e-02	7.403858e-03
1.749006e-05	3.170083e-03	4.046255e-02	7.939753e-03
2.011357e-05	3.416027e-03	4.403068e-02	8.514436e-03
2.313061e-05	3.679696e-03	4.784376e-02	9.130716e-03
2.660020e-05	3.962379e-03	5.179772e-02	9.791602e-03
3.059023e-05	4.265458e-03	5.610627e-02	1.050032e-02
3.517876e-05	4.590414e-03	6.081792e-02	1.126034e-02
4.045558e-05	4.938835e-03	6.557499e-02	1.207537e-02
4.652391e-05	5.312425e-03	7.099027e-02	1.294939e-02
5.350250e-05	5.713008e-03	7.618006e-02	1.388668e-02
6.152788e-05	6.142541e-03	8.195891e-02	1.489180e-02
7.075706e-05	6.603124e-03	8.816388e-02	1.596968e-02
8.137062e-05	7.097008e-03	9.426449e-02	1.712557e-02
9.357621e-05	7.626604e-03	1.012374e-01	1.836513e-02
1.076126e-04	8.194500e-03	1.078917e-01	1.969441e-02
1.237545e-04	8.803472e-03	1.151592e-01	2.111990e-02
1.423177e-04	9.456494e-03	1.224877e-01	2.264857e-02
1.636654e-04	1.015676e-02	1.297674e-01	2.428789e-02
1.882152e-04	1.090768e-02	1.377071e-01	2.604586e-02
2.164475e-04	1.171293e-02	1.451238e-01	2.793107e-02
2.489146e-04	1.257645e-02	1.530396e-01	2.995273e-02
2.862518e-04	1.350245e-02	1.603978e-01	3.212073e-02
3.291895e-04	1.449546e-02	1.684501e-01	3.444564e-02
3.785680e-04	1.556033e-02	1.760888e-01	3.693884e-02
4.353531e-04	1.670226e-02	1.837996e-01	3.961249e-02
5.006561e-04	1.792682e-02	1.914763e-01	4.247966e-02
5.757545e-04	1.924001e-02	1.982112e-01	4.555436e-02
6.621177e-04	2.064823e-02	2.055339e-01	4.885161e-02
7.614354e-04	2.215837e-02	2.120538e-01	5.238752e-02
8.756507e-04	2.377781e-02	2.185061e-01	5.617935e-02
1.006998e-03	2.551445e-02	2.247888e-01	6.024565e-02
1.158048e-03	2.737678e-02	2.303179e-01	6.460626e-02
1.331755e-03	2.937390e-02	2.354891e-01	6.928249e-02
1.531519e-03	3.151556e-02	2.400537e-01	7.429720e-02
1.761246e-03	3.381223e-02	2.442224e-01	7.967487e-02
2.025433e-03	3.627513e-02	2.479897e-01	8.544178e-02
2.329248e-03	3.891629e-02	2.512788e-01	9.162610e-02
2.678635e-03	4.174860e-02	2.538327e-01	9.825787e-02
3.080431e-03	4.478592e-02	2.561048e-01	1.053737e-01
3.542495e-03	4.804308e-02	2.580886e-01	1.129985e-01
4.073870e-03	5.153598e-02	2.591454e-01	1.211784e-01
4.684950e-03	5.528170e-02	2.603225e-01	1.299489e-01
5.387693e-03	5.929854e-02	2.602339e-01	1.393545e-01
6.195847e-03	6.360611e-02	2.599657e-01	1.494409e-01
7.125224e-03	6.822545e-02	2.591619e-01	1.602573e-01
8.194007e-03	7.317915e-02	2.575067e-01	1.718566e-01
9.423108e-03	7.849140e-02	2.556033e-01	1.842955e-01
1.083657e-02	8.418814e-02	2.527245e-01	1.976347e-01
1.246206e-02	9.029722e-02	2.493485e-01	2.119394e-01
1.433137e-02	9.684847e-02	2.452602e-01	2.272795e-01
1.648108e-02	1.038739e-01	2.405722e-01	2.437299e-01
1.895324e-02	1.114078e-01	2.351488e-01	2.613710e-01
2.179622e-02	1.194871e-01	2.292760e-01	2.802890e-01
2.506566e-02	1.281511e-01	2.227901e-01	3.005763e-01
2.882550e-02	1.374422e-01	2.159931e-01	3.223320e-01
3.314933e-02	1.474058e-01	2.083597e-01	3.456623e-01
3.812173e-02	1.580906e-01	2.005305e-01	3.706813e-01
4.383999e-02	1.695488e-01	1.921747e-01	3.975113e-01
5.041599e-02	1.818363e-01	1.836169e-01	4.262832e-01
5.797838e-02	1.950132e-01	1.752727e-01	4.571376e-01
6.667514e-02	2.091438e-01	1.661007e-01	4.902251e-01
7.667641e-02	2.242972e-01	1.573560e-01	5.257077e-01
8.817787e-02	2.405474e-01	1.482475e-01	5.637587e-01
1.014046e-01	2.579739e-01	1.391470e-01	6.045636e-01
1.166152e-01	2.766616e-01	1.303520e-01	6.483219e-01
1.341075e-01	2.967020e-01	1.217953e-01	6.952475e-01
1.542237e-01	3.181929e-01	1.136279e-01	7.455699e-01
1.773572e-01	3.412393e-01	1.056177e-01	7.995336e-01
2.039608e-01	3.659539e-01	9.789690e-02	8.574095e-01
2.345549e-01	3.924573e-01	9.035424e-02	9.194486e-01
2.697381e-01	4.208807e-01	8.379599e-02	9.862046e-01
3.101989e-01	4.513616e-01	7.708508e-02	1.058479e+00
3.567287e-01	4.840488e-01	7.052243e-02	1.136749e+00
4.102380e-01	5.191018e-01	6.578943e-02	1.221601e+00
4.717737e-01	5.566921e-01	6.034649e-02	1.313673e+00
5.425397e-01	5.970032e-01	5.596236e-02	1.413711e+00
6.239207e-01	6.376851e-01	5.103295e-02	1.468320e+00
7.175088e-01	6.778273e-01	4.548266e-02	1.519848e+00
8.251351e-01	7.354355e-01	4.117674e-02	1.570290e+00
9.489054e-01	8.071052e-01	3.622493e-02	1.619674e+00
1.091241e+00	8.819039e-01	3.303510e-02	1.668183e+00
1.254927e+00	9.638209e-01	2.962516e-02	1.716194e+00
1.443166e+00	1.051114e+00	2.674324e-02	1.764328e+00
1.659641e+00	1.141137e+00	2.416836e-02	1.813489e+00
1.908588e+00	1.238746e+00	2.155431e-02	1.864922e+00
2.194876e+00	1.329918e+00	1.954554e-02	1.920246e+00
2.524107e+00	1.417497e+00	1.747493e-02	1.981525e+00
2.902723e+00	1.495343e+00	1.583859e-02	2.051328e+00
3.338132e+00	1.576980e+00	1.412178e-02	2.132749e+00
3.838852e+00	1.663393e+00	1.269483e-02	2.229481e+00
4.414679e+00	1.730956e+00	1.130338e-02	2.345851e+00
5.076881e+00	1.794482e+00	1.006486e-02	2.486868e+00
5.838413e+00	1.852698e+00	9.064354e-03	2.658276e+00
6.714175e+00	1.896603e+00	8.030310e-03	2.866597e+00
7.721302e+00	1.939331e+00	7.197334e-03	3.119228e+00
8.879497e+00	1.973660e+00	6.376877e-03	3.424594e+00
1.021142e+01	2.000696e+00	5.643211e-03	3.792392e+00
1.174313e+01	2.021483e+00	5.009221e-03	4.233998e+00
1.350460e+01	2.026568e+00	4.450104e-03	4.763019e+00
1.553030e+01	2.026556e+00	3.961760e-03	5.396065e+00
1.785984e+01	2.014826e+00	3.520889e-03	6.153719e+00
2.053882e+01	1.993173e+00	3.130348e-03	7.061785e+00
2.361964e+01	1.962958e+00	2.768066e-03	8.152831e+00
2.716258e+01	1.919744e+00	2.482716e-03	9.468145e+00
3.123697e+01	1.869898e+00	2.199054e-03	1.106020e+01
3.592252e+01	1.812762e+00	1.943346e-03	1.299585e+01
4.131089e+01	1.748119e+00	1.739097e-03	1.536004e+01
4.750753e+01	1.674588e+00	1.504714e-03	1.826197e+01
5.463366e+01	1.758328e+00	1.362083e-03	2.183693e+01
6.282871e+01	1.634063e+00	1.198273e-03	2.627437e+01
7.225301e+01	1.514512e+00	1.058342e-03	3.180185e+01
8.309096e+01	1.398922e+00	9.445079e-04	3.869657e+01
9.555461e+01	1.286829e+00	8.161402e-04	4.733248e+01
1.098878e+02	1.179865e+00	7.300178e-04	5.819427e+01
1.263710e+02	1.079122e+00	6.387121e-04	7.189485e+01
1.453266e+02	9.835680e-01	5.660337e-04	8.922832e+01
1.671256e+02	8.922475e-01	5.019342e-04	1.112735e+02
1.921945e+02	8.074224e-01	4.388591e-04	1.394348e+02
2.210236e+02	7.335892e-01	3.915620e-04	1.753618e+02
2.541772e+02	6.660686e-01	3.438735e-04	2.210950e+02
2.923037e+02	6.032746e-01	3.073089e-04	2.794247e+02
3.361493e+02	5.451064e-01	2.694293e-04	3.539776e+02
3.865717e+02	4.915677e-01	2.389694e-04	4.494415e+02
4.445574e+02	4.426165e-01	2.091139e-04	5.718331e+02
5.112411e+02	3.980665e-01	1.837713e-04	7.288756e+02
5.879272e+02	3.570980e-01	1.632617e-04	9.306486e+02
6.761163e+02	3.201313e-01	1.425174e-04	1.190176e+03
7.775337e+02	2.872924e-01	1.262496e-04	1.523801e+03
8.941638e+02	2.580269e-01	1.100707e-04	1.951962e+03
1.028288e+03	2.316392e-01	9.618208e-05	2.501141e+03
1.182532e+03	2.079757e-01	8.406676e-05	3.205377e+03
1.359911e+03	1.868343e-01	7.377967e-05	4.107897e+03
1.563898e+03	1.679601e-01	6.480081e-05	5.263629e+03
1.798483e+03	1.511327e-01	5.681534e-05	6.742070e+03
2.068255e+03	1.361758e-01	4.992801e-05	8.630913e+03
2.378493e+03	1.229014e-01	4.349356e-05	1.104048e+04
2.735268e+03	1.111199e-01	0.000000e+00	1.410880e+04
3.145558e+03	1.006892e-01	0.000000e+00	1.800786e+04
3.617391e+03	9.148033e-02	0.000000e+00	2.295071e+04
4.160000e+03	8.335279e-02	0.000000e+00	2.919965e+04
4.784000e+03	7.619163e-02	0.000000e+00	3.707547e+04
5.501600e+03	6.990530e-02	0.000000e+00	4.696746e+04
6.326840e+03	6.439664e-02	0.000000e+00	5.934421e+04
7.275866e+03	5.957486e-02	0.000000e+00	7.476479e+04
8.367246e+03	5.537563e-02	0.000000e+00	9.388987e+04
9.622333e+03	5.173906e-02	0.000000e+00	1.174924e+05
