# Energy_MeV	dEdx_Elec_MeV_um	dEdx_Nucl_MeV_um	Range_um
1.000000e-05	2.340171e-03	3.157739e-02	5.198389e-03
1.150000e-05	2.529646e-03	3.465976e-02	5.574651e-03
1.322500e-05	2.732682e-03	3.795860e-02	5.978147e-03
1.520875e-05	2.950274e-03	4.163135e-02	6.410849e-03
1.749006e-05	3.183488e-03	4.551285e-02	6.874869e-03
2.011357e-05	3.433465e-03	4.979465e-02	7.372476e-03
2.313061e-05	3.701429e-03	5.430325e-02	7.906100e-03
2.660020e-05	3.988690e-03	5.916094e-02	8.478347e-03
3.059023e-05	4.296653e-03	6.444244e-02	9.092015e-03
3.517876e-05	4.626823e-03	7.001466e-02	9.750099e-03
4.045558e-05	4.980815e-03	7.617466e-02	1.045582e-02
4.652391e-05	5.360358e-03	8.231382e-02	1.121261e-02
5.350250e-05	5.767307e-03	8.919967e-02	1.202419e-02
6.152788e-05	6.203652e-03	9.658211e-02	1.289451e-02
7.075706e-05	6.671525e-03	1.042053e-01	1.382782e-02
8.137062e-05	7.173210e-03	1.127233e-01	1.482868e-02
9.357621e-05	7.711161e-03	1.208613e-01	1.590199e-02
1.076126e-04	8.288004e-03	1.300372e-01	1.705298e-02
1.237545e-04	8.906560e-03	1.396687e-01	1.828729e-02
1.423177e-04	9.569849e-03	1.494902e-01	1.961093e-02
1.636654e-04	1.028111e-02	1.603389e-01	2.103038e-02
1.882152e-04	1.104382e-02	1.708657e-01	2.255257e-02
2.164475e-04	1.186171e-02	1.821975e-01	2.418494e-02
2.489146e-04	1.273877e-02	1.936456e-01	2.593546e-02
2.862518e-04	1.367929e-02	2.050943e-01	2.781268e-02
3.291895e-04	1.468785e-02	2.173606e-01	2.982578e-02
3.785680e-04	1.576940e-02	2.291964e-01	3.198458e-02
4.353531e-04	1.692920e-02	2.412429e-01	3.429964e-02
5.006561e-04	1.817294e-02	2.530098e-01	3.678227e-02
5.757545e-04	1.950667e-02	2.653293e-01	3.944459e-02
6.621177e-04	2.093693e-02	2.771704e-01	4.229961e-02
7.614354e-04	2.247070e-02	2.896907e-01	4.536128e-02
8.756507e-04	2.411546e-02	3.007292e-01	4.864455e-02
1.006998e-03	2.587926e-02	3.116744e-01	5.216547e-02
1.158048e-03	2.777072e-02	3.226343e-01	5.594123e-02
1.331755e-03	2.979906e-02	3.326500e-01	5.999029e-02
1.531519e-03	3.197421e-02	3.431434e-01	6.433242e-02
1.761246e-03	3.430679e-02	3.520261e-01	6.898883e-02
2.025433e-03	3.680819e-02	3.609769e-01	7.398228e-02
2.329248e-03	3.949063e-02	3.684739e-01	7.933716e-02
2.678635e-03	4.236723e-02	3.754093e-01	8.507963e-02
3.080431e-03	4.545202e-02	3.819023e-01	9.123773e-02
3.542495e-03	4.876009e-02	3.872231e-01	9.783531e-02
4.073870e-03	5.230759e-02	3.924858e-01	1.049269e-01
4.684950e-03	5.611185e-02	3.959314e-01	1.125195e-01
5.387693e-03	6.019146e-02	3.993753e-01	1.206648e-01
6.195847e-03	6.456636e-02	4.020878e-01	1.293981e-01
7.125224e-03	6.925790e-02	4.037815e-01	1.387638e-01
8.194007e-03	7.428902e-02	4.052150e-01	1.488075e-01
9.423108e-03	7.968428e-02	4.048686e-01	1.595781e-01
1.083657e-02	8.547006e-02	4.042344e-01	1.711282e-01
1.246206e-02	9.167460e-02	4.026200e-01	1.835143e-01
1.433137e-02	9.832824e-02	3.999734e-01	1.967970e-01
1.648108e-02	1.054635e-01	3.966145e-01	2.110411e-01
1.895324e-02	1.131151e-01	3.919147e-01	2.263162e-01
2.179622e-02	1.213206e-01	3.863728e-01	2.426969e-01
2.506566e-02	1.301200e-01	3.797569e-01	2.602631e-01
2.882550e-02	1.395564e-01	3.721628e-01	2.791010e-01
3.314933e-02	1.496757e-01	3.635186e-01	2.993023e-01
3.812173e-02	1.605275e-01	3.540348e-01	3.209658e-01
4.383999e-02	1.721647e-01	3.438660e-01	3.441972e-01
5.041599e-02	1.846442e-01	3.328982e-01	3.691101e-01
5.797838e-02	1.980270e-01	3.208985e-01	3.958264e-01
6.667514e-02	2.123784e-01	3.085825e-01	4.244764e-01
7.667641e-02	2.277687e-01	2.950470e-01	4.552000e-01
8.817787e-02	2.442728e-01	2.822275e-01	4.881473e-01
1.014046e-01	2.619716e-01	2.686952e-01	5.234794e-01
1.166152e-01	2.809514e-01	2.546364e-01	5.613691e-01
1.341075e-01	3.013049e-01	2.410266e-01	6.020012e-01
1.542237e-01	3.231317e-01	2.262461e-01	6.455740e-01
1.773572e-01	3.465382e-01	2.128725e-01	6.923007e-01
2.039608e-01	3.716390e-01	1.987392e-01	7.424097e-01
2.345549e-01	3.985566e-01	1.858369e-01	7.961449e-01
2.697381e-01	4.274224e-01	1.732944e-01	8.537751e-01
3.101989e-01	4.583776e-01	1.605797e-01	9.155516e-01
3.567287e-01	4.915752e-01	1.491800e-01	9.819986e-01
4.102380e-01	5.271760e-01	1.372201e-01	1.053927e+00
4.717737e-01	5.653537e-01	1.275117e-01	1.131822e+00
5.425397e-01	6.062947e-01	1.171518e-01	1.216263e+00
6.239207e-01	6.501990e-01	1.075902e-01	1.307883e+00
7.175088e-01	6.972812e-01	9.985003e-02	1.407422e+00
8.251351e-01	7.449336e-01	9.207306e-02	1.515737e+00
9.489054e-01	7.903340e-01	8.515561e-02	1.599256e+00
1.091241e+00	8.549551e-01	7.720055e-02	1.637596e+00
1.254927e+00	9.371181e-01	6.884637e-02	1.674065e+00
1.443166e+00	1.025073e+00	6.181221e-02	1.708891e+00
1.659641e+00	1.123028e+00	5.500276e-02	1.742618e+00
1.908588e+00	1.229140e+00	4.985296e-02	1.775927e+00
2.194876e+00	1.343613e+00	4.482557e-02	1.809755e+00
2.524107e+00	1.470871e+00	4.038326e-02	1.845326e+00
2.902723e+00	1.599135e+00	3.648367e-02	1.884191e+00
3.338132e+00	1.730664e+00	3.269082e-02	1.928259e+00
3.838852e+00	1.855447e+00	2.942659e-02	1.979840e+00
4.414679e+00	1.988948e+00	2.646772e-02	2.041676e+00
5.076881e+00	2.134048e+00	2.382378e-02	2.116933e+00
5.838413e+00	2.254107e+00	2.131106e-02	2.209324e+00
6.714175e+00	2.372296e+00	1.914292e-02	2.323021e+00
7.721302e+00	2.482307e+00	1.687556e-02	2.462724e+00
8.879497e+00	2.574099e+00	1.522108e-02	2.633674e+00
1.021142e+01	2.666133e+00	1.359036e-02	2.841692e+00
1.174313e+01	2.746221e+00	1.210150e-02	3.093291e+00
1.350460e+01	2.819493e+00	1.083791e-02	3.395827e+00
1.553030e+01	2.884338e+00	9.500630e-03	3.757790e+00
1.785984e+01	2.927206e+00	8.510476e-03	4.189230e+00
2.053882e+01	2.964759e+00	7.500262e-03	4.702288e+00
2.361964e+01	2.983185e+00	6.690295e-03	5.311912e+00
2.716258e+01	2.987740e+00	5.963975e-03	6.036715e+00
3.123697e+01	2.979397e+00	5.266813e-03	6.900042e+00
3.592252e+01	2.944736e+00	4.716058e-03	7.931278e+00
4.131089e+01	2.901735e+00	4.149352e-03	9.167496e+00
4.750753e+01	2.849956e+00	3.738394e-03	1.065556e+01
5.463366e+01	2.783818e+00	3.312052e-03	1.245457e+01
6.282871e+01	2.703528e+00	2.934459e-03	1.464004e+01
7.225301e+01	2.992528e+00	2.601443e-03	1.730433e+01
8.309096e+01	2.807215e+00	2.278690e-03	2.057723e+01
9.555461e+01	2.626068e+00	2.046426e-03	2.461438e+01
1.098878e+02	2.447649e+00	1.805041e-03	2.960040e+01
1.263710e+02	2.271893e+00	1.596865e-03	3.578645e+01
1.453266e+02	2.101551e+00	1.411243e-03	4.349727e+01
1.671256e+02	1.939034e+00	1.233329e-03	5.314177e+01
1.921945e+02	1.782567e+00	1.093289e-03	6.524727e+01
2.210236e+02	1.631276e+00	9.619388e-04	8.053121e+01
2.541772e+02	1.488702e+00	8.490187e-04	9.993085e+01
2.923037e+02	1.363012e+00	7.530873e-04	1.245422e+02
3.361493e+02	1.247337e+00	6.627398e-04	1.557073e+02
3.865717e+02	1.138107e+00	5.858243e-04	1.952742e+02
4.445574e+02	1.035389e+00	5.190730e-04	2.456536e+02
5.112411e+02	9.395292e-01	4.595016e-04	3.099659e+02
5.879272e+02	8.506873e-01	4.046662e-04	3.922237e+02
6.761163e+02	7.688594e-01	3.586090e-04	4.975832e+02
7.775337e+02	6.927590e-01	3.099187e-04	6.327813e+02
8.941638e+02	6.233264e-01	2.768617e-04	8.065487e+02
1.028288e+03	5.609528e-01	2.434117e-04	1.029864e+03
1.182532e+03	5.049692e-01	2.138539e-04	1.316451e+03
1.359911e+03	4.541674e-01	1.892678e-04	1.684080e+03
1.563898e+03	4.084070e-01	1.628809e-04	2.155633e+03
1.798483e+03	3.673868e-01	1.444696e-04	2.760160e+03
2.068255e+03	3.305959e-01	1.253469e-04	3.534576e+03
2.378493e+03	2.976407e-01	1.104151e-04	4.525581e+03
2.735268e+03	2.683056e-01	9.725591e-05	5.792089e+03
3.145558e+03	2.422525e-01	8.459492e-05	7.408215e+03
3.617391e+03	2.190764e-01	7.491001e-05	9.466698e+03
4.160000e+03	1.985265e-01	6.492552e-05	1.208308e+04
4.784000e+03	1.803850e-01	5.787787e-05	1.540056e+04
5.501600e+03	1.643630e-01	5.059252e-05	1.959547e+04
6.326840e+03	1.502319e-01	0.000000e+00	2.488356e+04
7.275866e+03	1.378306e-01	0.000000e+00	3.152675e+04
8.367246e+03	1.269650e-01	0.000000e+00	3.984051e+04
9.622333e+03	1.174423e-01	0.000000e+00	5.020136e+04
