# Energy_MeV	dEdx_Elec_MeV_um	dEdx_Nucl_MeV_um	Range_um
1.000000e-05	2.976814e-03	1.687778e-02	6.022137e-03
1.150000e-05	3.213657e-03	1.827896e-02	6.458023e-03
1.322500e-05	3.467506e-03	1.984935e-02	6.925458e-03
1.520875e-05	3.739604e-03	2.141023e-02	7.426726e-03
1.749006e-05	4.031282e-03	2.312450e-02	7.964277e-03
2.011357e-05	4.343967e-03	2.492547e-02	8.540735e-03
2.313061e-05	4.679187e-03	2.675868e-02	9.158918e-03
2.660020e-05	5.038582e-03	2.886029e-02	9.821846e-03
3.059023e-05	5.423908e-03	3.086670e-02	1.053276e-02
3.517876e-05	5.837048e-03	3.307047e-02	1.129512e-02
4.045558e-05	6.280022e-03	3.540699e-02	1.211267e-02
4.652391e-05	6.754995e-03	3.775065e-02	1.298939e-02
5.350250e-05	7.264286e-03	4.021366e-02	1.392957e-02
6.152788e-05	7.810385e-03	4.260834e-02	1.493780e-02
7.075706e-05	8.395961e-03	4.522418e-02	1.601901e-02
8.137062e-05	9.023873e-03	4.781245e-02	1.717847e-02
9.357621e-05	9.697191e-03	5.039704e-02	1.842186e-02
1.076126e-04	1.041920e-02	5.291953e-02	1.975524e-02
1.237545e-04	1.119344e-02	5.555020e-02	2.118513e-02
1.423177e-04	1.202368e-02	5.828759e-02	2.271853e-02
1.636654e-04	1.291398e-02	6.070769e-02	2.436290e-02
1.882152e-04	1.386869e-02	6.337544e-02	2.612630e-02
2.164475e-04	1.489247e-02	6.569127e-02	2.801734e-02
2.489146e-04	1.599033e-02	6.811601e-02	3.004525e-02
2.862518e-04	1.716763e-02	7.053525e-02	3.221994e-02
3.291895e-04	1.843013e-02	7.255111e-02	3.455204e-02
3.785680e-04	1.978398e-02	7.476714e-02	3.705293e-02
4.353531e-04	2.123580e-02	7.670269e-02	3.973484e-02
5.006561e-04	2.279269e-02	7.847697e-02	4.261087e-02
5.757545e-04	2.446226e-02	8.012059e-02	4.569507e-02
6.621177e-04	2.625265e-02	8.158372e-02	4.900250e-02
7.614354e-04	2.817261e-02	8.295639e-02	5.254933e-02
8.756507e-04	3.023154e-02	8.407775e-02	5.635288e-02
1.006998e-03	3.243947e-02	8.501286e-02	6.043218e-02
1.158048e-03	3.480720e-02	8.583012e-02	6.480808e-02
1.331755e-03	3.734631e-02	8.663498e-02	6.949756e-02
1.531519e-03	4.006918e-02	8.704083e-02	7.452846e-02
1.761246e-03	4.298912e-02	8.738987e-02	7.992259e-02
2.025433e-03	4.612041e-02	8.759707e-02	8.570732e-02
2.329248e-03	4.947833e-02	8.749217e-02	9.191076e-02
2.678635e-03	5.307929e-02	8.737153e-02	9.856321e-02
3.080431e-03	5.694088e-02	8.687679e-02	1.056971e-01
3.542495e-03	6.108197e-02	8.625309e-02	1.133474e-01
4.073870e-03	6.552279e-02	8.546197e-02	1.215514e-01
4.684950e-03	7.028504e-02	8.438063e-02	1.303493e-01
5.387693e-03	7.539197e-02	8.311949e-02	1.397839e-01
6.195847e-03	8.086853e-02	8.162347e-02	1.499014e-01
7.125224e-03	8.674149e-02	7.990011e-02	1.607512e-01
8.194007e-03	9.303954e-02	7.800047e-02	1.723864e-01
9.423108e-03	9.979343e-02	7.589796e-02	1.848637e-01
1.083657e-02	1.070362e-01	7.368230e-02	1.982441e-01
1.246206e-02	1.148031e-01	7.121069e-02	2.125930e-01
1.433137e-02	1.231323e-01	6.855909e-02	2.279804e-01
1.648108e-02	1.320643e-01	6.591865e-02	2.444817e-01
1.895324e-02	1.416428e-01	6.300886e-02	2.621773e-01
2.179622e-02	1.519146e-01	6.025664e-02	2.811537e-01
2.506566e-02	1.629299e-01	5.723431e-02	3.015036e-01
2.882550e-02	1.747425e-01	5.415506e-02	3.233265e-01
3.314933e-02	1.874101e-01	5.129112e-02	3.467290e-01
3.812173e-02	2.009945e-01	4.814222e-02	3.718253e-01
4.383999e-02	2.155622e-01	4.518907e-02	3.987380e-01
5.041599e-02	2.311843e-01	4.229408e-02	4.275987e-01
5.797838e-02	2.479372e-01	3.947864e-02	4.585485e-01
6.667514e-02	2.659026e-01	3.674672e-02	4.917379e-01
7.667641e-02	2.851684e-01	3.404773e-02	5.273333e-01
8.817787e-02	3.058287e-01	3.155715e-02	5.654893e-01
1.014046e-01	3.279864e-01	2.926459e-02	6.065439e-01
1.166152e-01	3.517482e-01	2.701332e-02	6.509914e-01
1.341075e-01	3.772300e-01	2.459793e-02	6.991263e-01
1.542237e-01	4.045561e-01	2.297307e-02	7.513083e-01
1.773572e-01	4.338595e-01	2.130017e-02	8.059736e-01
2.039608e-01	4.652783e-01	1.941123e-02	8.461168e-01
2.345549e-01	4.961600e-01	1.783674e-02	8.864793e-01
2.697381e-01	5.243691e-01	1.602609e-02	9.268896e-01
3.101989e-01	5.645736e-01	1.459848e-02	9.672272e-01
3.567287e-01	6.146384e-01	1.307165e-02	1.007449e+00
4.102380e-01	6.634791e-01	1.160738e-02	1.047608e+00
4.717737e-01	7.149137e-01	1.050596e-02	1.087905e+00
5.425397e-01	7.657497e-01	9.420142e-03	1.128719e+00
6.239207e-01	8.136322e-01	8.560775e-03	1.170641e+00
7.175088e-01	8.630934e-01	7.657378e-03	1.214518e+00
8.251351e-01	9.031970e-01	6.890322e-03	1.261501e+00
9.489054e-01	9.398186e-01	6.212635e-03	1.313092e+00
1.091241e+00	9.688819e-01	5.595224e-03	1.371191e+00
1.254927e+00	9.986792e-01	5.013490e-03	1.438150e+00
1.443166e+00	1.029597e+00	4.467788e-03	1.516827e+00
1.659641e+00	1.050381e+00	4.035545e-03	1.610646e+00
1.908588e+00	1.068315e+00	3.575598e-03	1.723656e+00
2.194876e+00	1.082478e+00	3.217688e-03	1.860609e+00
2.524107e+00	1.089472e+00	2.860534e-03	2.027041e+00
2.902723e+00	1.094368e+00	2.538107e-03	2.229398e+00
3.338132e+00	1.094133e+00	2.283441e-03	2.475198e+00
3.838852e+00	1.089426e+00	2.010348e-03	2.773303e+00
4.414679e+00	1.080218e+00	1.786229e-03	3.134299e+00
5.076881e+00	1.063982e+00	1.588160e-03	3.571045e+00
5.838413e+00	1.043864e+00	1.412311e-03	4.099419e+00
6.714175e+00	1.018184e+00	1.253146e-03	4.739309e+00
7.721302e+00	9.881129e-01	1.110648e-03	5.515886e+00
8.879497e+00	9.531696e-01	9.891274e-04	6.461273e+00
1.021142e+01	9.169263e-01	8.846007e-04	7.616653e+00
1.174313e+01	8.760669e-01	7.874413e-04	9.034992e+00
1.350460e+01	8.306230e-01	6.862123e-04	1.078453e+01
1.553030e+01	7.839837e-01	6.191583e-04	1.295301e+01
1.785984e+01	7.335470e-01	5.463187e-04	1.565406e+01
2.053882e+01	7.311512e-01	4.820371e-04	1.903031e+01
2.361964e+01	6.710984e-01	4.312499e-04	2.327945e+01
2.716258e+01	6.146845e-01	3.735440e-04	2.864316e+01
3.123697e+01	5.612687e-01	3.368113e-04	3.541810e+01
3.592252e+01	5.105388e-01	2.962294e-04	4.400144e+01
4.131089e+01	4.630579e-01	2.592366e-04	5.490750e+01
4.750753e+01	4.191566e-01	2.297822e-04	6.878766e+01
5.463366e+01	3.783843e-01	2.011916e-04	8.648373e+01
6.282871e+01	3.400164e-01	1.797163e-04	1.091330e+02
7.225301e+01	3.050371e-01	1.573574e-04	1.382156e+02
8.309096e+01	2.749715e-01	1.392427e-04	1.754788e+02
9.555461e+01	2.478841e-01	1.235891e-04	2.230761e+02
1.098878e+02	2.231178e-01	1.094781e-04	2.839339e+02
1.263710e+02	2.005253e-01	9.640964e-05	3.618475e+02
1.453266e+02	1.800060e-01	8.468152e-05	4.617142e+02
1.671256e+02	1.614657e-01	7.543029e-05	5.898110e+02
1.921945e+02	1.447629e-01	6.574070e-05	7.541868e+02
2.210236e+02	1.295366e-01	5.841681e-05	9.653372e+02
2.541772e+02	1.158896e-01	5.110924e-05	1.236825e+03
2.923037e+02	1.038270e-01	4.480068e-05	1.585672e+03
3.361493e+02	9.313091e-02	0.000000e+00	2.033169e+03
3.865717e+02	8.353582e-02	0.000000e+00	2.606906e+03
4.445574e+02	7.495822e-02	0.000000e+00	3.342367e+03
5.112411e+02	6.730438e-02	0.000000e+00	4.284632e+03
5.879272e+02	6.048429e-02	0.000000e+00	5.491004e+03
6.761163e+02	5.441639e-02	0.000000e+00	7.034001e+03
7.775337e+02	4.902515e-02	0.000000e+00	9.005140e+03
8.941638e+02	4.423997e-02	0.000000e+00	1.151956e+04
1.028288e+03	3.999475e-02	0.000000e+00	1.472135e+04
1.182532e+03	3.623660e-02	0.000000e+00	1.878999e+04
1.359911e+03	3.291754e-02	0.000000e+00	2.394786e+04
1.563898e+03	2.998788e-02	0.000000e+00	3.046878e+04
1.798483e+03	2.740591e-02	0.000000e+00	3.868756e+04
2.068255e+03	2.513749e-02	0.000000e+00	4.901059e+04
2.378493e+03	2.314999e-02	0.000000e+00	6.192706e+04
2.735268e+03	2.141336e-02	0.000000e+00	7.802063e+04
3.145558e+03	1.990213e-02	0.000000e+00	9.798111e+04
3.617391e+03	1.859306e-02	0.000000e+00	1.226156e+05
4.160000e+03	1.746393e-02	0.000000e+00	1.528591e+05
4.784000e+03	1.649607e-02	0.000000e+00	1.897833e+05
5.501600e+03	1.567382e-02	0.000000e+00	2.346041e+05
6.326840e+03	1.498220e-02	0.000000e+00	2.886888e+05
7.275866e+03	1.440757e-02	0.000000e+00	3.535568e+05
8.367246e+03	1.391224e-02	0.000000e+00	4.309649e+05
9.622333e+03	1.350843e-02	0.000000e+00	4.742307e+05
