# Energy_MeV	dEdx_Elec_MeV_um	dEdx_Nucl_MeV_um	Range_um
1.000000e-05	2.520315e-03	3.086821e-02	4.775673e-03
1.150000e-05	2.726787e-03	3.383810e-02	5.121338e-03
1.322500e-05	2.948000e-03	3.705045e-02	5.492023e-03
1.520875e-05	3.185040e-03	4.061240e-02	5.889539e-03
1.749006e-05	3.439069e-03	4.435845e-02	6.315827e-03
2.011357e-05	3.711330e-03	4.845637e-02	6.772970e-03
2.313061e-05	4.003156e-03	5.282243e-02	7.263201e-03
2.660020e-05	4.315976e-03	5.749724e-02	7.788915e-03
3.059023e-05	4.651319e-03	6.260131e-02	8.352681e-03
3.517876e-05	5.010826e-03	6.799502e-02	8.957253e-03
4.045558e-05	5.396253e-03	7.367345e-02	9.605583e-03
4.652391e-05	5.809486e-03	7.976991e-02	1.030084e-02
5.350250e-05	6.252544e-03	8.644142e-02	1.104642e-02
6.152788e-05	6.727593e-03	9.327903e-02	1.184597e-02
7.075706e-05	7.236953e-03	1.009429e-01	1.270338e-02
8.137062e-05	7.783114e-03	1.084312e-01	1.362286e-02
9.357621e-05	8.368745e-03	1.166109e-01	1.460889e-02
1.076126e-04	8.996706e-03	1.254014e-01	1.566629e-02
1.237545e-04	9.670067e-03	1.341971e-01	1.680023e-02
1.423177e-04	1.039212e-02	1.440679e-01	1.801623e-02
1.636654e-04	1.116638e-02	1.536469e-01	1.932026e-02
1.882152e-04	1.199665e-02	1.640586e-01	2.071867e-02
2.164475e-04	1.288697e-02	1.744497e-01	2.221830e-02
2.489146e-04	1.384170e-02	1.849336e-01	2.382647e-02
2.862518e-04	1.486550e-02	1.961701e-01	2.555104e-02
3.291895e-04	1.596337e-02	2.068856e-01	2.740044e-02
3.785680e-04	1.714068e-02	2.183500e-01	2.938370e-02
4.353531e-04	1.840317e-02	2.288031e-01	3.151051e-02
5.006561e-04	1.975702e-02	2.402382e-01	3.379125e-02
5.757545e-04	2.120884e-02	2.513604e-01	3.623708e-02
6.621177e-04	2.276572e-02	2.622874e-01	3.885994e-02
7.614354e-04	2.443527e-02	2.735300e-01	4.167265e-02
8.756507e-04	2.622564e-02	2.830777e-01	4.468893e-02
1.006998e-03	2.814558e-02	2.934950e-01	4.792354e-02
1.158048e-03	3.020447e-02	3.030527e-01	5.139227e-02
1.331755e-03	3.241237e-02	3.122027e-01	5.511207e-02
1.531519e-03	3.478006e-02	3.213877e-01	5.910111e-02
1.761246e-03	3.731912e-02	3.292234e-01	6.337888e-02
2.025433e-03	4.004194e-02	3.367661e-01	6.796628e-02
2.329248e-03	4.296184e-02	3.434143e-01	7.288572e-02
2.678635e-03	4.609306e-02	3.493516e-01	7.816110e-02
3.080431e-03	4.945091e-02	3.549042e-01	8.380722e-02
3.542495e-03	5.305180e-02	3.595701e-01	8.988859e-02
4.073870e-03	5.691332e-02	3.634109e-01	9.639302e-02
4.684950e-03	6.105432e-02	3.666399e-01	1.033705e-01
5.387693e-03	6.549504e-02	3.694733e-01	1.108523e-01
6.195847e-03	7.025719e-02	3.711668e-01	1.188757e-01
7.125224e-03	7.536401e-02	3.728490e-01	1.274799e-01
8.194007e-03	8.084045e-02	3.728955e-01	1.367067e-01
9.423108e-03	8.671328e-02	3.725298e-01	1.466014e-01
1.083657e-02	9.301119e-02	3.714218e-01	1.572124e-01
1.246206e-02	9.976493e-02	3.691926e-01	1.685914e-01
1.433137e-02	1.070075e-01	3.665134e-01	1.807940e-01
1.648108e-02	1.147743e-01	3.625083e-01	1.938797e-01
1.895324e-02	1.231033e-01	3.577517e-01	2.079126e-01
2.179622e-02	1.320351e-01	3.519781e-01	2.229613e-01
2.506566e-02	1.416134e-01	3.453486e-01	2.390993e-01
2.882550e-02	1.518850e-01	3.376829e-01	2.564052e-01
3.314933e-02	1.629000e-01	3.293216e-01	2.749637e-01
3.812173e-02	1.747123e-01	3.200279e-01	2.948656e-01
4.383999e-02	1.873796e-01	3.104025e-01	3.162080e-01
5.041599e-02	2.009637e-01	2.995890e-01	3.390952e-01
5.797838e-02	2.155311e-01	2.883076e-01	3.636389e-01
6.667514e-02	2.311529e-01	2.764790e-01	3.899590e-01
7.667641e-02	2.479053e-01	2.640586e-01	4.181843e-01
8.817787e-02	2.658703e-01	2.522404e-01	4.484526e-01
1.014046e-01	2.851357e-01	2.392202e-01	4.809118e-01
1.166152e-01	3.057955e-01	2.265168e-01	5.157201e-01
1.341075e-01	3.279506e-01	2.136128e-01	5.530479e-01
1.542237e-01	3.517093e-01	2.004089e-01	5.930778e-01
1.773572e-01	3.771877e-01	1.879543e-01	6.360053e-01
2.039608e-01	4.045103e-01	1.755772e-01	6.820381e-01
2.345549e-01	4.338105e-01	1.637640e-01	7.314091e-01
2.697381e-01	4.652314e-01	1.523856e-01	7.843346e-01
3.101989e-01	4.989293e-01	1.411502e-01	8.413531e-01
3.567287e-01	5.350662e-01	1.304652e-01	9.031025e-01
4.102380e-01	5.738187e-01	1.208216e-01	9.699821e-01
4.717737e-01	6.153761e-01	1.113075e-01	1.042495e+00
5.425397e-01	6.599416e-01	1.019251e-01	1.121194e+00
6.239207e-01	7.077328e-01	9.481028e-02	1.206721e+00
7.175088e-01	7.540752e-01	8.707258e-02	1.299824e+00
8.251351e-01	8.008470e-01	8.080986e-02	1.356793e+00
9.489054e-01	8.715032e-01	7.384331e-02	1.388800e+00
1.091241e+00	9.549248e-01	6.583177e-02	1.419270e+00
1.254927e+00	1.045425e+00	5.950898e-02	1.448412e+00
1.443166e+00	1.144408e+00	5.247287e-02	1.476746e+00
1.659641e+00	1.253732e+00	4.775017e-02	1.504877e+00
1.908588e+00	1.369403e+00	4.280952e-02	1.533646e+00
2.194876e+00	1.496726e+00	3.862653e-02	1.564142e+00
2.524107e+00	1.628875e+00	3.493264e-02	1.597735e+00
2.902723e+00	1.755826e+00	3.118312e-02	1.636107e+00
3.338132e+00	1.884390e+00	2.826788e-02	1.681282e+00
3.838852e+00	2.019181e+00	2.523324e-02	1.735648e+00
4.414679e+00	2.158271e+00	2.289733e-02	1.801982e+00
5.076881e+00	2.281970e+00	2.045111e-02	1.883490e+00
5.838413e+00	2.394499e+00	1.834182e-02	1.983789e+00
6.714175e+00	2.507122e+00	1.636690e-02	2.106943e+00
7.721302e+00	2.593583e+00	1.453027e-02	2.257475e+00
8.879497e+00	2.682305e+00	1.311007e-02	2.440416e+00
1.021142e+01	2.764821e+00	1.163513e-02	2.661396e+00
1.174313e+01	2.832590e+00	1.040189e-02	2.926807e+00
1.350460e+01	2.896757e+00	9.237257e-03	3.244062e+00
1.553030e+01	2.936069e+00	8.157952e-03	3.621976e+00
1.785984e+01	2.968482e+00	7.259047e-03	4.071249e+00
2.053882e+01	2.987466e+00	6.440892e-03	4.605092e+00
2.361964e+01	2.986054e+00	5.728643e-03	5.239983e+00
2.716258e+01	2.974008e+00	5.100525e-03	5.996613e+00
3.123697e+01	2.936212e+00	4.526417e-03	6.901044e+00
3.592252e+01	2.891272e+00	4.012727e-03	7.986161e+00
4.131089e+01	2.837923e+00	3.588215e-03	9.293553e+00
4.750753e+01	2.767593e+00	3.185673e-03	1.087570e+01
5.463366e+01	3.155046e+00	2.813996e-03	1.279932e+01
6.282871e+01	2.951716e+00	2.516964e-03	1.514721e+01
7.225301e+01	2.768530e+00	2.183497e-03	1.803624e+01
8.309096e+01	2.587589e+00	1.969137e-03	2.159949e+01
9.555461e+01	2.410045e+00	1.736568e-03	2.600446e+01
1.098878e+02	2.235024e+00	1.530242e-03	3.147496e+01
1.263710e+02	2.066104e+00	1.367285e-03	3.829979e+01
1.453266e+02	1.905020e+00	1.182090e-03	4.684161e+01
1.671256e+02	1.749553e+00	1.057132e-03	5.757415e+01
1.921945e+02	1.600075e+00	9.245135e-04	7.114379e+01
2.210236e+02	1.459385e+00	8.180436e-04	8.837502e+01
2.541772e+02	1.337674e+00	7.265781e-04	1.102207e+02
2.923037e+02	1.223448e+00	6.349832e-04	1.378923e+02
3.361493e+02	1.115630e+00	5.671458e-04	1.730474e+02
3.865717e+02	1.014365e+00	4.967962e-04	2.178347e+02
4.445574e+02	9.199442e-01	4.448355e-04	2.750361e+02
5.112411e+02	8.326159e-01	3.908296e-04	3.482223e+02
5.879272e+02	7.520284e-01	3.456246e-04	4.419934e+02
6.761163e+02	6.773667e-01	3.032339e-04	5.623737e+02
7.775337e+02	6.093292e-01	2.655250e-04	7.171185e+02
8.941638e+02	5.485362e-01	2.364035e-04	9.159339e+02
1.028288e+03	4.936815e-01	2.067995e-04	1.171023e+03
1.182532e+03	4.439717e-01	1.826373e-04	1.498261e+03
1.359911e+03	3.992611e-01	1.596650e-04	1.917958e+03
1.563898e+03	3.591848e-01	1.391848e-04	2.455935e+03
1.798483e+03	3.232386e-01	1.220042e-04	3.144960e+03
2.068255e+03	2.910763e-01	1.069102e-04	4.026462e+03
2.378493e+03	2.624775e-01	9.380101e-05	5.152681e+03
2.735268e+03	2.370699e-01	8.241884e-05	6.589263e+03
3.145558e+03	2.144709e-01	7.226726e-05	8.418277e+03
3.617391e+03	1.944569e-01	6.309986e-05	1.074186e+04
4.160000e+03	1.767927e-01	5.583541e-05	1.368644e+04
4.784000e+03	1.611900e-01	4.884059e-05	1.740748e+04
5.501600e+03	1.474420e-01	0.000000e+00	2.209489e+04
6.326840e+03	1.353870e-01	0.000000e+00	2.797887e+04
7.275866e+03	1.248224e-01	0.000000e+00	3.533614e+04
8.367246e+03	1.155695e-01	0.000000e+00	4.449633e+04
9.622333e+03	1.075210e-01	0.000000e+00	5.584841e+04
