# Energy_MeV	dEdx_Elec_MeV_um	dEdx_Nucl_MeV_um	Range_um
1.000000e-05	2.730134e-03	2.882409e-02	4.481851e-03
1.150000e-05	2.955983e-03	3.161871e-02	4.806250e-03
1.322500e-05	3.197921e-03	3.456098e-02	5.154129e-03
1.520875e-05	3.457136e-03	3.779219e-02	5.527187e-03
1.749006e-05	3.734899e-03	4.123990e-02	5.927248e-03
2.011357e-05	4.032572e-03	4.490702e-02	6.356265e-03
2.313061e-05	4.351613e-03	4.892948e-02	6.816335e-03
2.660020e-05	4.693584e-03	5.313849e-02	7.309705e-03
3.059023e-05	5.060157e-03	5.773795e-02	7.838785e-03
3.517876e-05	5.453126e-03	6.243838e-02	8.406161e-03
4.045558e-05	5.874412e-03	6.772863e-02	9.014603e-03
4.652391e-05	6.326076e-03	7.323362e-02	9.667085e-03
5.350250e-05	6.810324e-03	7.902695e-02	1.036679e-02
6.152788e-05	7.329525e-03	8.542651e-02	1.111715e-02
7.075706e-05	7.886215e-03	9.160796e-02	1.192181e-02
8.137062e-05	8.483115e-03	9.867209e-02	1.278472e-02
9.357621e-05	9.123141e-03	1.058258e-01	1.371008e-02
1.076126e-04	9.809421e-03	1.132839e-01	1.470243e-02
1.237545e-04	1.054531e-02	1.214756e-01	1.576660e-02
1.423177e-04	1.133440e-02	1.294775e-01	1.690779e-02
1.636654e-04	1.218055e-02	1.380317e-01	1.813159e-02
1.882152e-04	1.308789e-02	1.465468e-01	1.944396e-02
2.164475e-04	1.406085e-02	1.553212e-01	2.085132e-02
2.489146e-04	1.510420e-02	1.645243e-01	2.236055e-02
2.862518e-04	1.622302e-02	1.735119e-01	2.397902e-02
3.291895e-04	1.742278e-02	1.824720e-01	2.571464e-02
3.785680e-04	1.870934e-02	1.913901e-01	2.757588e-02
4.353531e-04	2.008900e-02	2.009441e-01	2.957183e-02
5.006561e-04	2.156848e-02	2.095587e-01	3.171226e-02
5.757545e-04	2.315502e-02	2.190345e-01	3.400761e-02
6.621177e-04	2.485637e-02	2.272365e-01	3.646910e-02
7.614354e-04	2.668084e-02	2.355103e-01	3.910875e-02
8.756507e-04	2.863733e-02	2.440699e-01	4.193946e-02
1.006998e-03	3.073543e-02	2.512682e-01	4.497506e-02
1.158048e-03	3.298536e-02	2.591927e-01	4.823038e-02
1.331755e-03	3.539812e-02	2.658760e-01	5.172132e-02
1.531519e-03	3.798550e-02	2.724406e-01	5.546494e-02
1.761246e-03	4.076015e-02	2.782656e-01	5.947952e-02
2.025433e-03	4.373560e-02	2.834054e-01	6.378468e-02
2.329248e-03	4.692641e-02	2.883167e-01	6.839690e-02
2.678635e-03	5.034816e-02	2.922391e-01	7.335485e-02
3.080431e-03	5.401757e-02	2.959908e-01	7.866288e-02
3.542495e-03	5.795255e-02	2.986967e-01	8.435728e-02
4.073870e-03	6.217235e-02	3.014111e-01	9.046276e-02
4.684950e-03	6.669756e-02	3.032541e-01	9.701037e-02
5.387693e-03	7.155030e-02	3.045028e-01	1.040319e-01
6.195847e-03	7.675428e-02	3.055276e-01	1.115617e-01
7.125224e-03	8.233492e-02	3.052317e-01	1.196364e-01
8.194007e-03	8.831947e-02	3.048125e-01	1.282956e-01
9.423108e-03	9.473719e-02	3.034474e-01	1.375816e-01
1.083657e-02	1.016194e-01	3.014016e-01	1.475397e-01
1.246206e-02	1.089998e-01	2.988393e-01	1.582186e-01
1.433137e-02	1.169143e-01	2.952416e-01	1.696704e-01
1.648108e-02	1.254017e-01	2.910204e-01	1.819510e-01
1.895324e-02	1.345035e-01	2.859795e-01	1.951206e-01
2.179622e-02	1.442640e-01	2.801913e-01	2.092435e-01
2.506566e-02	1.547309e-01	2.736576e-01	2.243885e-01
2.882550e-02	1.659555e-01	2.664323e-01	2.406297e-01
3.314933e-02	1.779925e-01	2.587996e-01	2.580464e-01
3.812173e-02	1.909008e-01	2.504582e-01	2.767239e-01
4.383999e-02	2.047433e-01	2.412267e-01	2.967532e-01
5.041599e-02	2.195878e-01	2.321083e-01	3.182322e-01
5.797838e-02	2.355067e-01	2.218307e-01	3.412658e-01
6.667514e-02	2.525779e-01	2.122791e-01	3.659666e-01
7.667641e-02	2.708846e-01	2.020202e-01	3.924555e-01
8.817787e-02	2.905165e-01	1.911183e-01	4.208615e-01
1.014046e-01	3.115692e-01	1.811807e-01	4.513235e-01
1.166152e-01	3.341458e-01	1.699846e-01	4.839903e-01
1.341075e-01	3.583565e-01	1.599200e-01	5.190217e-01
1.542237e-01	3.843196e-01	1.494593e-01	5.565882e-01
1.773572e-01	4.121619e-01	1.394924e-01	5.968777e-01
2.039608e-01	4.420194e-01	1.301437e-01	6.400659e-01
2.345549e-01	4.740405e-01	1.205009e-01	6.865189e-01
2.697381e-01	5.083799e-01	1.120030e-01	7.368041e-01
3.101989e-01	5.452048e-01	1.033067e-01	7.912601e-01
3.567287e-01	5.846952e-01	9.579491e-02	8.502923e-01
4.102380e-01	6.270439e-01	8.774164e-02	9.143435e-01
4.717737e-01	6.724579e-01	8.099865e-02	9.839305e-01
5.425397e-01	7.185631e-01	7.519814e-02	1.059653e+00
6.239207e-01	7.627878e-01	6.903218e-02	1.100042e+00
7.175088e-01	8.256841e-01	6.375237e-02	1.128911e+00
8.251351e-01	9.057245e-01	5.768059e-02	1.156573e+00
9.489054e-01	9.910039e-01	5.176859e-02	1.183240e+00
1.091241e+00	1.085820e+00	4.648930e-02	1.209225e+00
1.254927e+00	1.188163e+00	4.128033e-02	1.234991e+00
1.443166e+00	1.297970e+00	3.738516e-02	1.261180e+00
1.659641e+00	1.419647e+00	3.360977e-02	1.288643e+00
1.908588e+00	1.540045e+00	3.037294e-02	1.318466e+00
2.194876e+00	1.662372e+00	2.735742e-02	1.352001e+00
2.524107e+00	1.776059e+00	2.453057e-02	1.390890e+00
2.902723e+00	1.897316e+00	2.206273e-02	1.437078e+00
3.338132e+00	2.028829e+00	1.988062e-02	1.492876e+00
3.838852e+00	2.135616e+00	1.788682e-02	1.560940e+00
4.414679e+00	2.240363e+00	1.590929e-02	1.644304e+00
5.076881e+00	2.337112e+00	1.437551e-02	1.746396e+00
5.838413e+00	2.416977e+00	1.266786e-02	1.871047e+00
6.714175e+00	2.496542e+00	1.143605e-02	2.022551e+00
7.721302e+00	2.564714e+00	1.020831e-02	2.205713e+00
8.879497e+00	2.626146e+00	9.029728e-03	2.425988e+00
1.021142e+01	2.679193e+00	8.138772e-03	2.689701e+00
1.174313e+01	2.711922e+00	7.131979e-03	3.004340e+00
1.350460e+01	2.739169e+00	6.382330e-03	3.378980e+00
1.553030e+01	2.748790e+00	5.643883e-03	3.824802e+00
1.785984e+01	2.745726e+00	5.010497e-03	4.355746e+00
2.053882e+01	2.730606e+00	4.472601e-03	4.989316e+00
2.361964e+01	2.692957e+00	3.945473e-03	5.747582e+00
2.716258e+01	2.647188e+00	3.536423e-03	6.658426e+00
3.123697e+01	2.592943e+00	3.128654e-03	7.757153e+00
3.592252e+01	2.526134e+00	2.807179e-03	9.088368e+00
4.131089e+01	2.446448e+00	2.473532e-03	1.070915e+01
4.750753e+01	2.675686e+00	2.203848e-03	1.268947e+01
5.463366e+01	2.504499e+00	1.953242e-03	1.512754e+01
6.282871e+01	2.337989e+00	1.712078e-03	1.814155e+01
7.225301e+01	2.174687e+00	1.537310e-03	2.187214e+01
8.309096e+01	2.014445e+00	1.347704e-03	2.651048e+01
9.555461e+01	1.859654e+00	1.199266e-03	3.230389e+01
1.098878e+02	1.712395e+00	1.059602e-03	3.956432e+01
1.263710e+02	1.571141e+00	9.250946e-04	4.869423e+01
1.453266e+02	1.434853e+00	8.193169e-04	6.024093e+01
1.671256e+02	1.306828e+00	7.206882e-04	7.491986e+01
1.921945e+02	1.194152e+00	6.387976e-04	9.356977e+01
2.210236e+02	1.090710e+00	5.643621e-04	1.172180e+02
2.541772e+02	9.933847e-01	4.970832e-04	1.472773e+02
2.923037e+02	9.021882e-01	4.389941e-04	1.855900e+02
3.361493e+02	8.173616e-01	3.898084e-04	2.345400e+02
3.865717e+02	7.389986e-01	3.449321e-04	2.971924e+02
4.445574e+02	6.670493e-01	3.015974e-04	3.774842e+02
5.112411e+02	6.003147e-01	2.692761e-04	4.805569e+02
5.879272e+02	5.395972e-01	2.326482e-04	6.130715e+02
6.761163e+02	4.851961e-01	2.079903e-04	7.834022e+02
7.775337e+02	4.364843e-01	1.828286e-04	1.002014e+03
8.941638e+02	3.923558e-01	1.593718e-04	1.282455e+03
1.028288e+03	3.526529e-01	1.421121e-04	1.642164e+03
1.182532e+03	3.170974e-01	1.222635e-04	2.103285e+03
1.359911e+03	2.852514e-01	1.082920e-04	2.693954e+03
1.563898e+03	2.567642e-01	9.435106e-05	3.449766e+03
1.798483e+03	2.314177e-01	8.275133e-05	4.415634e+03
2.068255e+03	2.089128e-01	7.289865e-05	5.648057e+03
2.378493e+03	1.889070e-01	6.327722e-05	7.217743e+03
2.735268e+03	1.711754e-01	5.615097e-05	9.212791e+03
3.145558e+03	1.555220e-01	4.898459e-05	1.174238e+04
3.617391e+03	1.417002e-01	0.000000e+00	1.494098e+04
4.160000e+03	1.295126e-01	0.000000e+00	1.897311e+04
4.784000e+03	1.188157e-01	0.000000e+00	2.403848e+04
5.501600e+03	1.094429e-01	0.000000e+00	3.037765e+04
6.326840e+03	1.012310e-01	0.000000e+00	3.827777e+04
7.275866e+03	9.407585e-02	0.000000e+00	4.807833e+04
8.367246e+03	8.788160e-02	0.000000e+00	6.017680e+04
9.622333e+03	8.253373e-02	0.000000e+00	7.503376e+04
