# Energy_MeV	dEdx_Elec_MeV_um	dEdx_Nucl_MeV_um	Range_um
1.000000e-05	2.128548e-03	3.236988e-02	5.633268e-03
1.150000e-05	2.299180e-03	3.546172e-02	6.041007e-03
1.322500e-05	2.482047e-03	3.892117e-02	6.478259e-03
1.520875e-05	2.678045e-03	4.271067e-02	6.947158e-03
1.749006e-05	2.888134e-03	4.675402e-02	7.449997e-03
2.011357e-05	3.113342e-03	5.128642e-02	7.989232e-03
2.313061e-05	3.354769e-03	5.600581e-02	8.567497e-03
2.660020e-05	3.613597e-03	6.125445e-02	9.187617e-03
3.059023e-05	3.891091e-03	6.682036e-02	9.852622e-03
3.517876e-05	4.188608e-03	7.269728e-02	1.056576e-02
4.045558e-05	4.507600e-03	7.921897e-02	1.133051e-02
4.652391e-05	4.849628e-03	8.600812e-02	1.215062e-02
5.350250e-05	5.216363e-03	9.343906e-02	1.303009e-02
6.152788e-05	5.609596e-03	1.010369e-01	1.397322e-02
7.075706e-05	6.031250e-03	1.093813e-01	1.498461e-02
8.137062e-05	6.483385e-03	1.183443e-01	1.606920e-02
9.357621e-05	6.968209e-03	1.279014e-01	1.723230e-02
1.076126e-04	7.488091e-03	1.378493e-01	1.847958e-02
1.237545e-04	8.045572e-03	1.480551e-01	1.981714e-02
1.423177e-04	8.643374e-03	1.590725e-01	2.125152e-02
1.636654e-04	9.284419e-03	1.707124e-01	2.278971e-02
1.882152e-04	9.971839e-03	1.830318e-01	2.443924e-02
2.164475e-04	1.070899e-02	1.956692e-01	2.620817e-02
2.489146e-04	1.149948e-02	2.088644e-01	2.810513e-02
2.862518e-04	1.234716e-02	2.222357e-01	3.013939e-02
3.291895e-04	1.325618e-02	2.360790e-01	3.232090e-02
3.785680e-04	1.423098e-02	2.500916e-01	3.466030e-02
4.353531e-04	1.527632e-02	2.643835e-01	3.716903e-02
5.006561e-04	1.639730e-02	2.792295e-01	3.985935e-02
5.757545e-04	1.759941e-02	2.929904e-01	4.274439e-02
6.621177e-04	1.888852e-02	3.074481e-01	4.583825e-02
7.614354e-04	2.027092e-02	3.222416e-01	4.915605e-02
8.756507e-04	2.175337e-02	3.362958e-01	5.271399e-02
1.006998e-03	2.334311e-02	3.513749e-01	5.652946e-02
1.158048e-03	2.504790e-02	3.639004e-01	6.062109e-02
1.331755e-03	2.687608e-02	3.771591e-01	6.500887e-02
1.531519e-03	2.883658e-02	3.901938e-01	6.971425e-02
1.761246e-03	3.093897e-02	4.019341e-01	7.476021e-02
2.025433e-03	3.319353e-02	4.143416e-01	8.017139e-02
2.329248e-03	3.561126e-02	4.244659e-01	8.597424e-02
2.678635e-03	3.820399e-02	4.348333e-01	9.219710e-02
3.080431e-03	4.098437e-02	4.438402e-01	9.887037e-02
3.542495e-03	4.396599e-02	4.514876e-01	1.060267e-01
4.073870e-03	4.716342e-02	4.591751e-01	1.137009e-01
4.684950e-03	5.059228e-02	4.652155e-01	1.219314e-01
5.387693e-03	5.426931e-02	4.709695e-01	1.307606e-01
6.195847e-03	5.821249e-02	4.750513e-01	1.402224e-01
7.125224e-03	6.244107e-02	4.787168e-01	1.503731e-01
8.194007e-03	6.697572e-02	4.816481e-01	1.612566e-01
9.423108e-03	7.183858e-02	4.838130e-01	1.729282e-01
1.083657e-02	7.705341e-02	4.846096e-01	1.854446e-01
1.246206e-02	8.264570e-02	4.842105e-01	1.988670e-01
1.433137e-02	8.864275e-02	4.829425e-01	2.132608e-01
1.648108e-02	9.507387e-02	4.806586e-01	2.286965e-01
1.895324e-02	1.019705e-01	4.773777e-01	2.452494e-01
2.179622e-02	1.093663e-01	4.726839e-01	2.630005e-01
2.506566e-02	1.172974e-01	4.668197e-01	2.820364e-01
2.882550e-02	1.258025e-01	4.597115e-01	3.024500e-01
3.314933e-02	1.349233e-01	4.514522e-01	3.243412e-01
3.812173e-02	1.447042e-01	4.419329e-01	3.478170e-01
4.383999e-02	1.551930e-01	4.312971e-01	3.729921e-01
5.041599e-02	1.664411e-01	4.194268e-01	3.999892e-01
5.797838e-02	1.785033e-01	4.071960e-01	4.289402e-01
6.667514e-02	1.914386e-01	3.936518e-01	4.599869e-01
7.667641e-02	2.053101e-01	3.788898e-01	4.932809e-01
8.817787e-02	2.201856e-01	3.639849e-01	5.289846e-01
1.014046e-01	2.361379e-01	3.475283e-01	5.672725e-01
1.166152e-01	2.532447e-01	3.324099e-01	6.083316e-01
1.341075e-01	2.715898e-01	3.159710e-01	6.523628e-01
1.542237e-01	2.912627e-01	2.988621e-01	6.995811e-01
1.773572e-01	3.123595e-01	2.826243e-01	7.502169e-01
2.039608e-01	3.349834e-01	2.649947e-01	8.045176e-01
2.345549e-01	3.592447e-01	2.492047e-01	8.627486e-01
2.697381e-01	3.852622e-01	2.326253e-01	9.251948e-01
3.101989e-01	4.131627e-01	2.168393e-01	9.921596e-01
3.567287e-01	4.430827e-01	2.024461e-01	1.063979e+00
4.102380e-01	4.751684e-01	1.872429e-01	1.140965e+00
4.717737e-01	5.095780e-01	1.737558e-01	1.223800e+00
5.425397e-01	5.464785e-01	1.601924e-01	1.313481e+00
6.239207e-01	5.860498e-01	1.482593e-01	1.410602e+00
7.175088e-01	6.284854e-01	1.363735e-01	1.515889e+00
8.251351e-01	6.739924e-01	1.255269e-01	1.630135e+00
9.489054e-01	7.227934e-01	1.157350e-01	1.754263e+00
1.091241e+00	7.715936e-01	1.076218e-01	1.889347e+00
1.254927e+00	8.184749e-01	9.897418e-02	2.024449e+00
1.443166e+00	8.860316e-01	8.902940e-02	2.068285e+00
1.659641e+00	9.704866e-01	7.950122e-02	2.109576e+00
1.908588e+00	1.061293e+00	7.061099e-02	2.148739e+00
2.194876e+00	1.162298e+00	6.380662e-02	2.186305e+00
2.524107e+00	1.272547e+00	5.733046e-02	2.223320e+00
2.902723e+00	1.391457e+00	5.182423e-02	2.260956e+00
3.338132e+00	1.523724e+00	4.667336e-02	2.300767e+00
3.838852e+00	1.659820e+00	4.197313e-02	2.344695e+00
4.414679e+00	1.798960e+00	3.784102e-02	2.395115e+00
5.076881e+00	1.935405e+00	3.373485e-02	2.454874e+00
5.838413e+00	2.081247e+00	3.061505e-02	2.527334e+00
6.714175e+00	2.238470e+00	2.748290e-02	2.616380e+00
7.721302e+00	2.373072e+00	2.449624e-02	2.726476e+00
8.879497e+00	2.503928e+00	2.199397e-02	2.862677e+00
1.021142e+01	2.628723e+00	1.939405e-02	3.030624e+00
1.174313e+01	2.731831e+00	1.755537e-02	3.236583e+00
1.350460e+01	2.836490e+00	1.565917e-02	3.487484e+00
1.553030e+01	2.930152e+00	1.389588e-02	3.791042e+00
1.785984e+01	3.015200e+00	1.242913e-02	4.155959e+00
2.053882e+01	3.093754e+00	1.091689e-02	4.592260e+00
2.361964e+01	3.146940e+00	9.778094e-03	5.111788e+00
2.716258e+01	3.195426e+00	8.642224e-03	5.728858e+00
3.123697e+01	3.224849e+00	7.666500e-03	6.461075e+00
3.592252e+01	3.237651e+00	6.863102e-03	7.330359e+00
4.131089e+01	3.238303e+00	6.055825e-03	8.364168e+00
4.750753e+01	3.206757e+00	5.411218e-03	9.597032e+00
5.463366e+01	3.168017e+00	4.793722e-03	1.107245e+01
6.282871e+01	3.120442e+00	4.287227e-03	1.284534e+01
7.225301e+01	3.055681e+00	3.813058e-03	1.498483e+01
8.309096e+01	2.975970e+00	3.377434e-03	1.757910e+01
9.555461e+01	3.303193e+00	2.957269e-03	2.073587e+01
1.098878e+02	3.105465e+00	2.633139e-03	2.460733e+01
1.263710e+02	2.910322e+00	2.340073e-03	2.937285e+01
1.453266e+02	2.717510e+00	2.075975e-03	3.524746e+01
1.671256e+02	2.526749e+00	1.836056e-03	4.252287e+01
1.921945e+02	2.341496e+00	1.601835e-03	5.157576e+01
2.210236e+02	2.164268e+00	1.420804e-03	6.287935e+01
2.541772e+02	1.992971e+00	1.244541e-03	7.704510e+01
2.923037e+02	1.827193e+00	1.104053e-03	9.490632e+01
3.361493e+02	1.670541e+00	9.753801e-04	1.175453e+02
3.865717e+02	1.532798e+00	8.593817e-04	1.462202e+02
4.445574e+02	1.405221e+00	7.627957e-04	1.824833e+02
5.112411e+02	1.284313e+00	6.659759e-04	2.284741e+02
5.879272e+02	1.170248e+00	5.971910e-04	2.869789e+02
6.761163e+02	1.063474e+00	5.278774e-04	3.616056e+02
7.775337e+02	9.642492e-01	4.628131e-04	4.569920e+02
8.941638e+02	8.725349e-01	4.093813e-04	5.791028e+02
1.028288e+03	7.870730e-01	3.548123e-04	7.357398e+02
1.182532e+03	7.089043e-01	3.177246e-04	9.370028e+02
1.359911e+03	6.385754e-01	2.795897e-04	1.195580e+03
1.563898e+03	5.752222e-01	2.447356e-04	1.527353e+03
1.798483e+03	5.176509e-01	2.157780e-04	1.952923e+03
2.068255e+03	4.657473e-01	1.866671e-04	2.498778e+03
2.378493e+03	4.191726e-01	1.651001e-04	3.198562e+03
2.735268e+03	3.773354e-01	1.439743e-04	4.095016e+03
3.145558e+03	3.398136e-01	1.259614e-04	5.242200e+03
3.617391e+03	3.064061e-01	1.113769e-04	6.708307e+03
4.160000e+03	2.767242e-01	9.699176e-05	8.579091e+03
4.784000e+03	2.502990e-01	8.547988e-05	1.096183e+04
5.501600e+03	2.268642e-01	7.481719e-05	1.399014e+04
6.326840e+03	2.061768e-01	6.601076e-05	1.782956e+04
7.275866e+03	1.879009e-01	5.796735e-05	2.268388e+04
8.367246e+03	1.717809e-01	5.067247e-05	2.880231e+04
9.622333e+03	1.576389e-01	0.000000e+00	3.648735e+04
