# Energy_MeV	dEdx_Elec_MeV_um	dEdx_Nucl_MeV_um	Range_um
1.000000e-05	1.989475e-03	3.130108e-02	6.617289e-03
1.150000e-05	2.146254e-03	3.434675e-02	7.096252e-03
1.322500e-05	2.314307e-03	3.759466e-02	7.609883e-03
1.520875e-05	2.494457e-03	4.124546e-02	8.160690e-03
1.749006e-05	2.687584e-03	4.503693e-02	8.751365e-03
2.011357e-05	2.894634e-03	4.926196e-02	9.384793e-03
2.313061e-05	3.116618e-03	5.373409e-02	1.006407e-02
2.660020e-05	3.354621e-03	5.846273e-02	1.079251e-02
3.059023e-05	3.609806e-03	6.371363e-02	1.157368e-02
3.517876e-05	3.883422e-03	6.916748e-02	1.241139e-02
4.045558e-05	4.176804e-03	7.515005e-02	1.330973e-02
4.652391e-05	4.491386e-03	8.125332e-02	1.427310e-02
5.350250e-05	4.828705e-03	8.797876e-02	1.530619e-02
6.152788e-05	5.190410e-03	9.517918e-02	1.641406e-02
7.075706e-05	5.578268e-03	1.028557e-01	1.760212e-02
8.137062e-05	5.994174e-03	1.108749e-01	1.887617e-02
9.357621e-05	6.440159e-03	1.190718e-01	2.024244e-02
1.076126e-04	6.918403e-03	1.279594e-01	2.170760e-02
1.237545e-04	7.431242e-03	1.373093e-01	2.327880e-02
1.423177e-04	7.981181e-03	1.472035e-01	2.496374e-02
1.636654e-04	8.570908e-03	1.573982e-01	2.677063e-02
1.882152e-04	9.203303e-03	1.679972e-01	2.870830e-02
2.164475e-04	9.881457e-03	1.787741e-01	3.078622e-02
2.489146e-04	1.060868e-02	1.899235e-01	3.301454e-02
2.862518e-04	1.138853e-02	2.011788e-01	3.540415e-02
3.291895e-04	1.222481e-02	2.126999e-01	3.796672e-02
3.785680e-04	1.312161e-02	2.246233e-01	4.071477e-02
4.353531e-04	1.408331e-02	2.357216e-01	4.366173e-02
5.006561e-04	1.511461e-02	2.474001e-01	4.682199e-02
5.757545e-04	1.622055e-02	2.592898e-01	5.021099e-02
6.621177e-04	1.740653e-02	2.705686e-01	5.384529e-02
7.614354e-04	1.867834e-02	2.827629e-01	5.774264e-02
8.756507e-04	2.004219e-02	2.928138e-01	6.192208e-02
1.006998e-03	2.150476e-02	3.035447e-01	6.640404e-02
1.158048e-03	2.307318e-02	3.140208e-01	7.121040e-02
1.331755e-03	2.475512e-02	3.234385e-01	7.636464e-02
1.531519e-03	2.655880e-02	3.334898e-01	8.189195e-02
1.761246e-03	2.849302e-02	3.416148e-01	8.781934e-02
2.025433e-03	3.056723e-02	3.499971e-01	9.417575e-02
2.329248e-03	3.279157e-02	3.572285e-01	1.009922e-01
2.678635e-03	3.517691e-02	3.634094e-01	1.083021e-01
3.080431e-03	3.773490e-02	3.696296e-01	1.161411e-01
3.542495e-03	4.047803e-02	3.744743e-01	1.245474e-01
4.073870e-03	4.341970e-02	3.791382e-01	1.335138e-01
4.684950e-03	4.657430e-02	3.824110e-01	1.432041e-01
5.387693e-03	4.995722e-02	3.854032e-01	1.536013e-01
6.195847e-03	5.358499e-02	3.877530e-01	1.647174e-01
7.125224e-03	5.747535e-02	3.894848e-01	1.766398e-01
8.194007e-03	6.164729e-02	3.901693e-01	1.894249e-01
9.423108e-03	6.612119e-02	3.898427e-01	2.031353e-01
1.083657e-02	7.091891e-02	3.888581e-01	2.178381e-01
1.246206e-02	7.606390e-02	3.870188e-01	2.336050e-01
1.433137e-02	8.158128e-02	3.843771e-01	2.505131e-01
1.648108e-02	8.749801e-02	3.806315e-01	2.686452e-01
1.895324e-02	9.384299e-02	3.759165e-01	2.880896e-01
2.179622e-02	1.006472e-01	3.702144e-01	3.089414e-01
2.506566e-02	1.079440e-01	3.635789e-01	3.313024e-01
2.882550e-02	1.157688e-01	3.559286e-01	3.552820e-01
3.314933e-02	1.241601e-01	3.473799e-01	3.809973e-01
3.812173e-02	1.331586e-01	3.378421e-01	4.085738e-01
4.383999e-02	1.428086e-01	3.280034e-01	4.381462e-01
5.041599e-02	1.531569e-01	3.170900e-01	4.698591e-01
5.797838e-02	1.642543e-01	3.052255e-01	5.038676e-01
6.667514e-02	1.761550e-01	2.932578e-01	5.403376e-01
7.667641e-02	1.889170e-01	2.799814e-01	5.794472e-01
8.817787e-02	2.026027e-01	2.678450e-01	6.213875e-01
1.014046e-01	2.172790e-01	2.545678e-01	6.663636e-01
1.166152e-01	2.330176e-01	2.408171e-01	7.145952e-01
1.341075e-01	2.498954e-01	2.277855e-01	7.663178e-01
1.542237e-01	2.679948e-01	2.135364e-01	8.217839e-01
1.773572e-01	2.874042e-01	2.008603e-01	8.812645e-01
2.039608e-01	3.082185e-01	1.874778e-01	9.450508e-01
2.345549e-01	3.305393e-01	1.748037e-01	1.013454e+00
2.697381e-01	3.544757e-01	1.631907e-01	1.086809e+00
3.101989e-01	3.801447e-01	1.509137e-01	1.165469e+00
3.567287e-01	4.076716e-01	1.400889e-01	1.249831e+00
4.102380e-01	4.371911e-01	1.291329e-01	1.340293e+00
4.717737e-01	4.688485e-01	1.195552e-01	1.437879e+00
5.425397e-01	5.027973e-01	1.099251e-01	1.543573e+00
6.239207e-01	5.392033e-01	1.012231e-01	1.658070e+00
7.175088e-01	5.782444e-01	9.337313e-02	1.782228e+00
8.251351e-01	6.201113e-01	8.673447e-02	1.917008e+00
9.489054e-01	6.650087e-01	7.978425e-02	2.063519e+00
1.091241e+00	7.075954e-01	7.179150e-02	2.169888e+00
1.254927e+00	7.532650e-01	6.414717e-02	2.234326e+00
1.443166e+00	8.245013e-01	5.701860e-02	2.296485e+00
1.659641e+00	9.038830e-01	5.145615e-02	2.356649e+00
1.908588e+00	9.905465e-01	4.625776e-02	2.415227e+00
2.194876e+00	1.083088e+00	4.179863e-02	2.472930e+00
2.524107e+00	1.185695e+00	3.763832e-02	2.530807e+00
2.902723e+00	1.292001e+00	3.386524e-02	2.590311e+00
3.338132e+00	1.405387e+00	3.052058e-02	2.653358e+00
3.838852e+00	1.523112e+00	2.722478e-02	2.722387e+00
4.414679e+00	1.625383e+00	2.469639e-02	2.800433e+00
5.076881e+00	1.731541e+00	2.215645e-02	2.891130e+00
5.838413e+00	1.843008e+00	1.975603e-02	2.998892e+00
6.714175e+00	1.949810e+00	1.775003e-02	3.128843e+00
7.721302e+00	2.048477e+00	1.563894e-02	3.286910e+00
8.879497e+00	2.130696e+00	1.416480e-02	3.479872e+00
1.021142e+01	2.212409e+00	1.262497e-02	3.715374e+00
1.174313e+01	2.277352e+00	1.120873e-02	4.002032e+00
1.350460e+01	2.339148e+00	1.003213e-02	4.349499e+00
1.553030e+01	2.398680e+00	8.803664e-03	4.768693e+00
1.785984e+01	2.439689e+00	7.890139e-03	5.272155e+00
2.053882e+01	2.476602e+00	6.970446e-03	5.874578e+00
2.361964e+01	2.496902e+00	6.187496e-03	6.593573e+00
2.716258e+01	2.506628e+00	5.537347e-03	7.450662e+00
3.123697e+01	2.508200e+00	4.884131e-03	8.472543e+00
3.592252e+01	2.489661e+00	4.366792e-03	9.692654e+00
4.131089e+01	2.462277e+00	3.866734e-03	1.115313e+01
4.750753e+01	2.418617e+00	3.460383e-03	1.290723e+01
5.463366e+01	2.367592e+00	3.074996e-03	1.502240e+01
6.282871e+01	2.308415e+00	2.725425e-03	1.758423e+01
7.225301e+01	2.236420e+00	2.388396e-03	2.070138e+01
8.309096e+01	2.468495e+00	2.124312e-03	2.451108e+01
9.555461e+01	2.302486e+00	1.889237e-03	2.918861e+01
1.098878e+02	2.148733e+00	1.674218e-03	3.497679e+01
1.263710e+02	1.998491e+00	1.481713e-03	4.214819e+01
1.453266e+02	1.852244e+00	1.293839e-03	5.106088e+01
1.671256e+02	1.709627e+00	1.146286e-03	6.218657e+01
1.921945e+02	1.573180e+00	1.004827e-03	7.613277e+01
2.210236e+02	1.443881e+00	8.908541e-04	9.366552e+01
2.541772e+02	1.319498e+00	7.868346e-04	1.157963e+02
2.923037e+02	1.201208e+00	6.937311e-04	1.439011e+02
3.361493e+02	1.091810e+00	6.154495e-04	1.797028e+02
3.865717e+02	9.968148e-01	5.377487e-04	2.251986e+02
4.445574e+02	9.077441e-01	4.819120e-04	2.829990e+02
5.112411e+02	8.243740e-01	4.256496e-04	3.566317e+02
5.879272e+02	7.467457e-01	3.733932e-04	4.506568e+02
6.761163e+02	6.749028e-01	3.305358e-04	5.709706e+02
7.775337e+02	6.089736e-01	2.861748e-04	7.251294e+02
8.941638e+02	5.483802e-01	2.564488e-04	9.228866e+02
1.028288e+03	4.927344e-01	2.254531e-04	1.177010e+03
1.182532e+03	4.423440e-01	1.974620e-04	1.503829e+03
1.359911e+03	3.977356e-01	1.742354e-04	1.923720e+03
1.563898e+03	3.574819e-01	1.505747e-04	2.462441e+03
1.798483e+03	3.211517e-01	1.332666e-04	3.153530e+03
2.068255e+03	2.885769e-01	1.161519e-04	4.039718e+03
2.378493e+03	2.594349e-01	1.017000e-04	5.175361e+03
2.735268e+03	2.333703e-01	8.988806e-05	6.629392e+03
3.145558e+03	2.101215e-01	7.824366e-05	8.488917e+03
3.617391e+03	1.894696e-01	6.900549e-05	1.086376e+04
4.160000e+03	1.711308e-01	6.036400e-05	1.389181e+04
4.784000e+03	1.548464e-01	5.329932e-05	1.774537e+04
5.501600e+03	1.404431e-01	4.675666e-05	2.263868e+04
6.326840e+03	1.277312e-01	0.000000e+00	2.883663e+04
7.275866e+03	1.165095e-01	0.000000e+00	3.666466e+04
8.367246e+03	1.066324e-01	0.000000e+00	4.651976e+04
9.622333e+03	9.797297e-02	0.000000e+00	5.888246e+04
