# Energy_MeV	dEdx_Elec_MeV_um	dEdx_Nucl_MeV_um	Range_um
1.000000e-05	2.714408e-03	3.048699e-02	4.261156e-03
1.150000e-05	2.940847e-03	3.343055e-02	4.569581e-03
1.322500e-05	3.183383e-03	3.657909e-02	4.900330e-03
1.520875e-05	3.443209e-03	4.013976e-02	5.255018e-03
1.749006e-05	3.721600e-03	4.381205e-02	5.635379e-03
2.011357e-05	4.019923e-03	4.789266e-02	6.043271e-03
2.313061e-05	4.339638e-03	5.220785e-02	6.480686e-03
2.660020e-05	4.682311e-03	5.682463e-02	6.949761e-03
3.059023e-05	5.049620e-03	6.192189e-02	7.452789e-03
3.517876e-05	5.443361e-03	6.720888e-02	7.992226e-03
4.045558e-05	5.865460e-03	7.290176e-02	8.570707e-03
4.652391e-05	6.317982e-03	7.887607e-02	9.191059e-03
5.350250e-05	6.803138e-03	8.550713e-02	9.856313e-03
6.152788e-05	7.323300e-03	9.230545e-02	1.056972e-02
7.075706e-05	7.881011e-03	9.981461e-02	1.133476e-02
8.137062e-05	8.478995e-03	1.073948e-01	1.215518e-02
9.357621e-05	9.120176e-03	1.154083e-01	1.303497e-02
1.076126e-04	9.807686e-03	1.241804e-01	1.397845e-02
1.237545e-04	1.054488e-02	1.329456e-01	1.499022e-02
1.423177e-04	1.133537e-02	1.426151e-01	1.607522e-02
1.636654e-04	1.218302e-02	1.523202e-01	1.723875e-02
1.882152e-04	1.309195e-02	1.626340e-01	1.848650e-02
2.164475e-04	1.406662e-02	1.729808e-01	1.982457e-02
2.489146e-04	1.511179e-02	1.835360e-01	2.125948e-02
2.862518e-04	1.623257e-02	1.945456e-01	2.279825e-02
3.291895e-04	1.743442e-02	2.054061e-01	2.444840e-02
3.785680e-04	1.872322e-02	2.168617e-01	2.621799e-02
4.353531e-04	2.010527e-02	2.273256e-01	2.811566e-02
5.006561e-04	2.158731e-02	2.388258e-01	3.015069e-02
5.757545e-04	2.317660e-02	2.500173e-01	3.233301e-02
6.621177e-04	2.488089e-02	2.607120e-01	3.467329e-02
7.614354e-04	2.670851e-02	2.723828e-01	3.718296e-02
8.756507e-04	2.866838e-02	2.817246e-01	3.987428e-02
1.006998e-03	3.077009e-02	2.923023e-01	4.276041e-02
1.158048e-03	3.302390e-02	3.019714e-01	4.585543e-02
1.331755e-03	3.544083e-02	3.109217e-01	4.917447e-02
1.531519e-03	3.803267e-02	3.205134e-01	5.273374e-02
1.761246e-03	4.081209e-02	3.281822e-01	5.655064e-02
2.025433e-03	4.379267e-02	3.359920e-01	6.064380e-02
2.329248e-03	4.698897e-02	3.426525e-01	6.503323e-02
2.678635e-03	5.041661e-02	3.486661e-01	6.974123e-02
3.080431e-03	5.409233e-02	3.544760e-01	7.479083e-02
3.542495e-03	5.803408e-02	3.590387e-01	8.020266e-02
4.073870e-03	6.226113e-02	3.631729e-01	8.600851e-02
4.684950e-03	6.679413e-02	3.663258e-01	9.223352e-02
5.387693e-03	7.165521e-02	3.693156e-01	9.890930e-02
6.195847e-03	7.686814e-02	3.711341e-01	1.060683e-01
7.125224e-03	8.245837e-02	3.727691e-01	1.137455e-01
8.194007e-03	8.845321e-02	3.731465e-01	1.219783e-01
9.423108e-03	9.488196e-02	3.727769e-01	1.308069e-01
1.083657e-02	1.017760e-01	3.718462e-01	1.402747e-01
1.246206e-02	1.091691e-01	3.697505e-01	1.504277e-01
1.433137e-02	1.170972e-01	3.671135e-01	1.613156e-01
1.648108e-02	1.255992e-01	3.633489e-01	1.729916e-01
1.895324e-02	1.347166e-01	3.586883e-01	1.855126e-01
2.179622e-02	1.444938e-01	3.530754e-01	1.989400e-01
2.506566e-02	1.549788e-01	3.465759e-01	2.133393e-01
2.882550e-02	1.662227e-01	3.390570e-01	2.287808e-01
3.314933e-02	1.782803e-01	3.307971e-01	2.453399e-01
3.812173e-02	1.912108e-01	3.215795e-01	2.630975e-01
4.383999e-02	2.050771e-01	3.120808e-01	2.821406e-01
5.041599e-02	2.199471e-01	3.013399e-01	3.025620e-01
5.797838e-02	2.358934e-01	2.900885e-01	3.244614e-01
6.667514e-02	2.529939e-01	2.785013e-01	3.479459e-01
7.667641e-02	2.713321e-01	2.658359e-01	3.731303e-01
8.817787e-02	2.909976e-01	2.542637e-01	4.001376e-01
1.014046e-01	3.120866e-01	2.411810e-01	4.290997e-01
1.166152e-01	3.347020e-01	2.284273e-01	4.601579e-01
1.341075e-01	3.589542e-01	2.157947e-01	4.934641e-01
1.542237e-01	3.849619e-01	2.022285e-01	5.291813e-01
1.773572e-01	4.128520e-01	1.900316e-01	5.674830e-01
2.039608e-01	4.427609e-01	1.774044e-01	6.085614e-01
2.345549e-01	4.748345e-01	1.656236e-01	6.525948e-01
2.697381e-01	5.092324e-01	1.542305e-01	6.999719e-01
3.101989e-01	5.461205e-01	1.427007e-01	7.512639e-01
3.567287e-01	5.856786e-01	1.322398e-01	8.068109e-01
4.102380e-01	6.281000e-01	1.222215e-01	8.670280e-01
4.717737e-01	6.735919e-01	1.129129e-01	9.323684e-01
5.425397e-01	7.223766e-01	1.033592e-01	1.003361e+00
6.239207e-01	7.712437e-01	9.600095e-02	1.080617e+00
7.175088e-01	8.180830e-01	8.844759e-02	1.158214e+00
8.251351e-01	8.854231e-01	8.177556e-02	1.183305e+00
9.489054e-01	9.698409e-01	7.494178e-02	1.206938e+00
1.091241e+00	1.060559e+00	6.708293e-02	1.229352e+00
1.254927e+00	1.161532e+00	6.056692e-02	1.250850e+00
1.443166e+00	1.271677e+00	5.369570e-02	1.272029e+00
1.659641e+00	1.390551e+00	4.849663e-02	1.293560e+00
1.908588e+00	1.522816e+00	4.357006e-02	1.316330e+00
2.194876e+00	1.658791e+00	3.929955e-02	1.341449e+00
2.524107e+00	1.798077e+00	3.547397e-02	1.370274e+00
2.902723e+00	1.934408e+00	3.180195e-02	1.404433e+00
3.338132e+00	2.080220e+00	2.874106e-02	1.445849e+00
3.838852e+00	2.237646e+00	2.568773e-02	1.496742e+00
4.414679e+00	2.372143e+00	2.328731e-02	1.559665e+00
5.076881e+00	2.503192e+00	2.077992e-02	1.637508e+00
5.838413e+00	2.627892e+00	1.863238e-02	1.733498e+00
6.714175e+00	2.731199e+00	1.670195e-02	1.851217e+00
7.721302e+00	2.835965e+00	1.474027e-02	1.994629e+00
8.879497e+00	2.929556e+00	1.335220e-02	2.168145e+00
1.021142e+01	3.014771e+00	1.183024e-02	2.376741e+00
1.174313e+01	3.093266e+00	1.057339e-02	2.626149e+00
1.350460e+01	3.146634e+00	9.435102e-03	2.923138e+00
1.553030e+01	3.195270e+00	8.287891e-03	3.275890e+00
1.785984e+01	3.224671e+00	7.408482e-03	3.694467e+00
2.053882e+01	3.237648e+00	6.553606e-03	4.191396e+00
2.361964e+01	3.238299e+00	5.839816e-03	4.782370e+00
2.716258e+01	3.206951e+00	5.201411e-03	5.487120e+00
3.123697e+01	3.168262e+00	4.600675e-03	6.330507e+00
3.592252e+01	3.120722e+00	4.098148e-03	7.343911e+00
4.131089e+01	3.056087e+00	3.647484e-03	8.566840e+00
4.750753e+01	2.976438e+00	3.253957e-03	1.004969e+01
5.463366e+01	3.304341e+00	2.870038e-03	1.185400e+01
6.282871e+01	3.106510e+00	2.566190e-03	1.406672e+01
7.225301e+01	2.911368e+00	2.240305e-03	1.679043e+01
8.309096e+01	2.718533e+00	2.003599e-03	2.014797e+01
9.555461e+01	2.527760e+00	1.776324e-03	2.430600e+01
1.098878e+02	2.342470e+00	1.561556e-03	2.947978e+01
1.263710e+02	2.165207e+00	1.394736e-03	3.593974e+01
1.453266e+02	1.993883e+00	1.213109e-03	4.403521e+01
1.671256e+02	1.828058e+00	1.077432e-03	5.424220e+01
1.921945e+02	1.671356e+00	9.450481e-04	6.717933e+01
2.210236e+02	1.533505e+00	8.349563e-04	8.356594e+01
2.541772e+02	1.405888e+00	7.399225e-04	1.042888e+02
2.923037e+02	1.284942e+00	6.494236e-04	1.305702e+02
3.361493e+02	1.170839e+00	5.782992e-04	1.640022e+02
3.865717e+02	1.064027e+00	5.074542e-04	2.066462e+02
4.445574e+02	9.647606e-01	4.536322e-04	2.611526e+02
5.112411e+02	8.730133e-01	3.980272e-04	3.309294e+02
5.879272e+02	7.875116e-01	3.518722e-04	4.204342e+02
6.761163e+02	7.093043e-01	3.104495e-04	5.354383e+02
7.775337e+02	6.389311e-01	2.698327e-04	6.831932e+02
8.941638e+02	5.755464e-01	2.413767e-04	8.727750e+02
1.028288e+03	5.179443e-01	2.107020e-04	1.115953e+03
1.182532e+03	4.660108e-01	1.860230e-04	1.427865e+03
1.359911e+03	4.194092e-01	1.635756e-04	1.827737e+03
1.563898e+03	3.775480e-01	1.416653e-04	2.339992e+03
1.798483e+03	3.400035e-01	1.248597e-04	2.995525e+03
2.068255e+03	3.065748e-01	1.090105e-04	3.833305e+03
2.378493e+03	2.768742e-01	9.587005e-05	4.902341e+03
2.735268e+03	2.504325e-01	8.425865e-05	6.263942e+03
3.145558e+03	2.269822e-01	7.359239e-05	7.994474e+03
3.617391e+03	2.062810e-01	6.462579e-05	1.018854e+04
4.160000e+03	1.879929e-01	5.686500e-05	1.296262e+04
4.784000e+03	1.718619e-01	5.002788e-05	1.645917e+04
5.501600e+03	1.577099e-01	0.000000e+00	2.085108e+04
6.326840e+03	1.453101e-01	0.000000e+00	2.634651e+04
7.275866e+03	1.344405e-01	0.000000e+00	3.319380e+04
8.367246e+03	1.249723e-01	0.000000e+00	4.168653e+04
9.622333e+03	1.167806e-01	0.000000e+00	5.216818e+04
