# Energy_MeV	dEdx_Elec_MeV_um	dEdx_Nucl_MeV_um	Range_um
1.000000e-05	2.491028e-03	3.034733e-02	4.982411e-03
1.150000e-05	2.693872e-03	3.318717e-02	5.343041e-03
1.322500e-05	2.911217e-03	3.644480e-02	5.729773e-03
1.520875e-05	3.144129e-03	3.976040e-02	6.144497e-03
1.749006e-05	3.393749e-03	4.348495e-02	6.589239e-03
2.011357e-05	3.661299e-03	4.742003e-02	7.066171e-03
2.313061e-05	3.948088e-03	5.159917e-02	7.577625e-03
2.660020e-05	4.255520e-03	5.626979e-02	8.126097e-03
3.059023e-05	4.585098e-03	6.103817e-02	8.714268e-03
3.517876e-05	4.938433e-03	6.627788e-02	9.345012e-03
4.045558e-05	5.317253e-03	7.166703e-02	1.002141e-02
4.652391e-05	5.723410e-03	7.768400e-02	1.074676e-02
5.350250e-05	6.158888e-03	8.392672e-02	1.152462e-02
6.152788e-05	6.625816e-03	9.070104e-02	1.235878e-02
7.075706e-05	7.126475e-03	9.772639e-02	1.325331e-02
8.137062e-05	7.663312e-03	1.049563e-01	1.421259e-02
9.357621e-05	8.238951e-03	1.129311e-01	1.524131e-02
1.076126e-04	8.856202e-03	1.210058e-01	1.634448e-02
1.237545e-04	9.518084e-03	1.297302e-01	1.752751e-02
1.423177e-04	1.022783e-02	1.387118e-01	1.879616e-02
1.636654e-04	1.098890e-02	1.480675e-01	2.015663e-02
1.882152e-04	1.180503e-02	1.575513e-01	2.161558e-02
2.164475e-04	1.268019e-02	1.672434e-01	2.318013e-02
2.489146e-04	1.361866e-02	1.772340e-01	2.485792e-02
2.862518e-04	1.462503e-02	1.873137e-01	2.665715e-02
3.291895e-04	1.570421e-02	1.978274e-01	2.858660e-02
3.785680e-04	1.686148e-02	2.074585e-01	3.065572e-02
4.353531e-04	1.810249e-02	2.179008e-01	3.287459e-02
5.006561e-04	1.943330e-02	2.283851e-01	3.525408e-02
5.757545e-04	2.086042e-02	2.380399e-01	3.780578e-02
6.621177e-04	2.239081e-02	2.490504e-01	4.054219e-02
7.614354e-04	2.403195e-02	2.575018e-01	4.347665e-02
8.756507e-04	2.579186e-02	2.672022e-01	4.662351e-02
1.006998e-03	2.767914e-02	2.762765e-01	4.999815e-02
1.158048e-03	2.970301e-02	2.843594e-01	5.361704e-02
1.331755e-03	3.187335e-02	2.934279e-01	5.749787e-02
1.531519e-03	3.420077e-02	3.003512e-01	6.165960e-02
1.761246e-03	3.669664e-02	3.077029e-01	6.612255e-02
2.025433e-03	3.937315e-02	3.138976e-01	7.090854e-02
2.329248e-03	4.224338e-02	3.194177e-01	7.604094e-02
2.678635e-03	4.532134e-02	3.249454e-01	8.150652e-02
3.080431e-03	4.862209e-02	3.290667e-01	8.743274e-02
3.542495e-03	5.216173e-02	3.330875e-01	9.377917e-02
4.073870e-03	5.595757e-02	3.359380e-01	1.005664e-01
4.684950e-03	6.002814e-02	3.387273e-01	1.078453e-01
5.387693e-03	6.439334e-02	3.405652e-01	1.156511e-01
6.195847e-03	6.907449e-02	3.420477e-01	1.240218e-01
7.125224e-03	7.409445e-02	3.426264e-01	1.329984e-01
8.194007e-03	7.947776e-02	3.422994e-01	1.426247e-01
9.423108e-03	8.525071e-02	3.415298e-01	1.529478e-01
1.083657e-02	9.144151e-02	3.397560e-01	1.640181e-01
1.246206e-02	9.808039e-02	3.373838e-01	1.758896e-01
1.433137e-02	1.051998e-01	3.340924e-01	1.886204e-01
1.648108e-02	1.128345e-01	3.299006e-01	2.022727e-01
1.895324e-02	1.210218e-01	3.248665e-01	2.169132e-01
2.179622e-02	1.298017e-01	3.190011e-01	2.326133e-01
2.506566e-02	1.392171e-01	3.122244e-01	2.494498e-01
2.882550e-02	1.493140e-01	3.047138e-01	2.675049e-01
3.314933e-02	1.601417e-01	2.962773e-01	2.868669e-01
3.812173e-02	1.717531e-01	2.876805e-01	3.076304e-01
4.383999e-02	1.842050e-01	2.779332e-01	3.298966e-01
5.041599e-02	1.975581e-01	2.675701e-01	3.537745e-01
5.797838e-02	2.118777e-01	2.571153e-01	3.793806e-01
6.667514e-02	2.272338e-01	2.452961e-01	4.068403e-01
7.667641e-02	2.437014e-01	2.348521e-01	4.362876e-01
8.817787e-02	2.613609e-01	2.229090e-01	4.678661e-01
1.014046e-01	2.802986e-01	2.110623e-01	5.017302e-01
1.166152e-01	3.006070e-01	1.996597e-01	5.380455e-01
1.341075e-01	3.223853e-01	1.869708e-01	5.769895e-01
1.542237e-01	3.457400e-01	1.759639e-01	6.187521e-01
1.773572e-01	3.707851e-01	1.642076e-01	6.635379e-01
2.039608e-01	3.976430e-01	1.533253e-01	7.115636e-01
2.345549e-01	4.264448e-01	1.429324e-01	7.630672e-01
2.697381e-01	4.573321e-01	1.321292e-01	8.183103e-01
3.101989e-01	4.904568e-01	1.226872e-01	8.779451e-01
3.567287e-01	5.259790e-01	1.131921e-01	9.425347e-01
4.102380e-01	5.640724e-01	1.047868e-01	1.012512e+00
4.717737e-01	6.049230e-01	9.601888e-02	1.088400e+00
5.425397e-01	6.487305e-01	8.890416e-02	1.170790e+00
6.239207e-01	6.957089e-01	8.207405e-02	1.260365e+00
7.175088e-01	7.392888e-01	7.582857e-02	1.340504e+00
8.251351e-01	7.886973e-01	6.966797e-02	1.376970e+00
9.489054e-01	8.631849e-01	6.258329e-02	1.411928e+00
1.091241e+00	9.457480e-01	5.630870e-02	1.445460e+00
1.254927e+00	1.036873e+00	5.009697e-02	1.477949e+00
1.443166e+00	1.133756e+00	4.505970e-02	1.509846e+00
1.659641e+00	1.241391e+00	4.050295e-02	1.541828e+00
1.908588e+00	1.355285e+00	3.657209e-02	1.574810e+00
2.194876e+00	1.476022e+00	3.295755e-02	1.609977e+00
2.524107e+00	1.604872e+00	2.964249e-02	1.648827e+00
2.902723e+00	1.715592e+00	2.672547e-02	1.693201e+00
3.338132e+00	1.834438e+00	2.386825e-02	1.745312e+00
3.838852e+00	1.960940e+00	2.164966e-02	1.807769e+00
4.414679e+00	2.078801e+00	1.933758e-02	1.883638e+00
5.076881e+00	2.193079e+00	1.730775e-02	1.976425e+00
5.838413e+00	2.285627e+00	1.556361e-02	2.090112e+00
6.714175e+00	2.378304e+00	1.367766e-02	2.229176e+00
7.721302e+00	2.456066e+00	1.242346e-02	2.398619e+00
8.879497e+00	2.528427e+00	1.101564e-02	2.604038e+00
1.021142e+01	2.601379e+00	9.825951e-03	2.851738e+00
1.174313e+01	2.650954e+00	8.797452e-03	3.148938e+00
1.350460e+01	2.696762e+00	7.702065e-03	3.504100e+00
1.553030e+01	2.727235e+00	6.907950e-03	3.927356e+00
1.785984e+01	2.743668e+00	6.099016e-03	4.431094e+00
2.053882e+01	2.752727e+00	5.434361e-03	5.030671e+00
2.361964e+01	2.738657e+00	4.847480e-03	5.745315e+00
2.716258e+01	2.713890e+00	4.276953e-03	6.599222e+00
3.123697e+01	2.671821e+00	3.823154e-03	7.622938e+00
3.592252e+01	2.621828e+00	3.389727e-03	8.855077e+00
4.131089e+01	2.563032e+00	3.034207e-03	1.034455e+01
4.750753e+01	2.488882e+00	2.679603e-03	1.215345e+01
5.463366e+01	2.771417e+00	2.389739e-03	1.435953e+01
6.282871e+01	2.591703e+00	2.095263e-03	1.706359e+01
7.225301e+01	2.423448e+00	1.863013e-03	2.040343e+01
8.309096e+01	2.258107e+00	1.657641e-03	2.453176e+01
9.555461e+01	2.096537e+00	1.458621e-03	2.965294e+01
1.098878e+02	1.938587e+00	1.299281e-03	3.603445e+01
1.263710e+02	1.787205e+00	1.135155e-03	4.401953e+01
1.453266e+02	1.643263e+00	1.003644e-03	5.404122e+01
1.671256e+02	1.504058e+00	8.809216e-04	6.667467e+01
1.921945e+02	1.371736e+00	7.791781e-04	8.270036e+01
2.210236e+02	1.250037e+00	6.888671e-04	1.030830e+02
2.541772e+02	1.143213e+00	6.071514e-04	1.289412e+02
2.923037e+02	1.042744e+00	5.388678e-04	1.617593e+02
3.361493e+02	9.483870e-01	4.724457e-04	2.035325e+02
3.865717e+02	8.602906e-01	4.225204e-04	2.568394e+02
4.445574e+02	7.785478e-01	3.711428e-04	3.250126e+02
5.112411e+02	7.033281e-01	3.273541e-04	4.123241e+02
5.879272e+02	6.339237e-01	2.899215e-04	5.242993e+02
6.761163e+02	5.701354e-01	2.506873e-04	6.681716e+02
7.775337e+02	5.122373e-01	2.249721e-04	8.531665e+02
8.941638e+02	4.609812e-01	1.965464e-04	1.090786e+03
1.028288e+03	4.145234e-01	1.731166e-04	1.395628e+03
1.182532e+03	3.725640e-01	1.528313e-04	1.786699e+03
1.359911e+03	3.349258e-01	1.318358e-04	2.288175e+03
1.563898e+03	3.012183e-01	1.166589e-04	2.930815e+03
1.798483e+03	2.710319e-01	1.016096e-04	3.753607e+03
2.068255e+03	2.440968e-01	8.936320e-05	4.805802e+03
2.378493e+03	2.201732e-01	7.867124e-05	6.149472e+03
2.735268e+03	1.989172e-01	6.850963e-05	7.862517e+03
3.145558e+03	1.800364e-01	6.041160e-05	1.004221e+04
3.617391e+03	1.633410e-01	5.291779e-05	1.280945e+04
4.160000e+03	1.486058e-01	4.674041e-05	1.631363e+04
4.784000e+03	1.355956e-01	0.000000e+00	2.073816e+04
5.501600e+03	1.241488e-01	0.000000e+00	2.630662e+04
6.326840e+03	1.141167e-01	0.000000e+00	3.328946e+04
7.275866e+03	1.053237e-01	0.000000e+00	4.201093e+04
8.367246e+03	9.763491e-02	0.000000e+00	5.285639e+04
9.622333e+03	9.095962e-02	0.000000e+00	6.627932e+04
