# Energy_MeV	dEdx_Elec_MeV_um	dEdx_Nucl_MeV_um	Range_um
1.000000e-05	2.469120e-03	3.163923e-02	4.759011e-03
1.150000e-05	2.671502e-03	3.474165e-02	5.103471e-03
1.322500e-05	2.888332e-03	3.808467e-02	5.472863e-03
1.520875e-05	3.120673e-03	4.171290e-02	5.868992e-03
1.749006e-05	3.369664e-03	4.570004e-02	6.293793e-03
2.011357e-05	3.636526e-03	4.993034e-02	6.749341e-03
2.313061e-05	3.922563e-03	5.452588e-02	7.237861e-03
2.660020e-05	4.229177e-03	5.944604e-02	7.761742e-03
3.059023e-05	4.557866e-03	6.470304e-02	8.323541e-03
3.517876e-05	4.910239e-03	7.042163e-02	8.926003e-03
4.045558e-05	5.288017e-03	7.651316e-02	9.572072e-03
4.652391e-05	5.693048e-03	8.286768e-02	1.026490e-02
5.350250e-05	6.127311e-03	8.975461e-02	1.100788e-02
6.152788e-05	6.592930e-03	9.722724e-02	1.180464e-02
7.075706e-05	7.092178e-03	1.049210e-01	1.265906e-02
8.137062e-05	7.627496e-03	1.135799e-01	1.357533e-02
9.357621e-05	8.201500e-03	1.219209e-01	1.455792e-02
1.076126e-04	8.816994e-03	1.311638e-01	1.561164e-02
1.237545e-04	9.476986e-03	1.409869e-01	1.674161e-02
1.423177e-04	1.018470e-02	1.508794e-01	1.795338e-02
1.636654e-04	1.094359e-02	1.620339e-01	1.925286e-02
1.882152e-04	1.175737e-02	1.726897e-01	2.064639e-02
2.164475e-04	1.263002e-02	1.844198e-01	2.214078e-02
2.489146e-04	1.356579e-02	1.960503e-01	2.374335e-02
2.862518e-04	1.456926e-02	2.077614e-01	2.546190e-02
3.291895e-04	1.564533e-02	2.204359e-01	2.730485e-02
3.785680e-04	1.679926e-02	2.323878e-01	2.928119e-02
4.353531e-04	1.803668e-02	2.452782e-01	3.140057e-02
5.006561e-04	1.936365e-02	2.569460e-01	3.367336e-02
5.757545e-04	2.078663e-02	2.696713e-01	3.611066e-02
6.621177e-04	2.231260e-02	2.821431e-01	3.872437e-02
7.614354e-04	2.394899e-02	2.945020e-01	4.152726e-02
8.756507e-04	2.570381e-02	3.068786e-01	4.453302e-02
1.006998e-03	2.758562e-02	3.176808e-01	4.775635e-02
1.158048e-03	2.960363e-02	3.292087e-01	5.121298e-02
1.331755e-03	3.176769e-02	3.399120e-01	5.491980e-02
1.531519e-03	3.408836e-02	3.502669e-01	5.889492e-02
1.761246e-03	3.657700e-02	3.603329e-01	6.315777e-02
2.025433e-03	3.924575e-02	3.691956e-01	6.772916e-02
2.329248e-03	4.210766e-02	3.775026e-01	7.263144e-02
2.678635e-03	4.517670e-02	3.849784e-01	7.788854e-02
3.080431e-03	4.846788e-02	3.915617e-01	8.348853e-02
3.542495e-03	5.199726e-02	3.976545e-01	8.955668e-02
4.073870e-03	5.578209e-02	4.029363e-01	9.605783e-02
4.684950e-03	5.984086e-02	4.070958e-01	1.030099e-01
5.387693e-03	6.419340e-02	4.107562e-01	1.104656e-01
6.195847e-03	6.886097e-02	4.138163e-01	1.184611e-01
7.125224e-03	7.386638e-02	4.156885e-01	1.270352e-01
8.194007e-03	7.923408e-02	4.176041e-01	1.362299e-01
9.423108e-03	8.499028e-02	4.174847e-01	1.460901e-01
1.083657e-02	9.116312e-02	4.170842e-01	1.566640e-01
1.246206e-02	9.778275e-02	4.157314e-01	1.680033e-01
1.433137e-02	1.048815e-01	4.131933e-01	1.801633e-01
1.648108e-02	1.124941e-01	4.101583e-01	1.932034e-01
1.895324e-02	1.206576e-01	4.055669e-01	2.071874e-01
2.179622e-02	1.294121e-01	4.002002e-01	2.221836e-01
2.506566e-02	1.388002e-01	3.936515e-01	2.382652e-01
2.882550e-02	1.488678e-01	3.861644e-01	2.555108e-01
3.314933e-02	1.596640e-01	3.775166e-01	2.740046e-01
3.812173e-02	1.712418e-01	3.680947e-01	2.938370e-01
4.383999e-02	1.836575e-01	3.576359e-01	3.151050e-01
5.041599e-02	1.969719e-01	3.468019e-01	3.379123e-01
5.797838e-02	2.112500e-01	3.346835e-01	3.623703e-01
6.667514e-02	2.265615e-01	3.220039e-01	3.885986e-01
7.667641e-02	2.429813e-01	3.086366e-01	4.167255e-01
8.817787e-02	2.605896e-01	2.948415e-01	4.468882e-01
1.014046e-01	2.794724e-01	2.814804e-01	4.792341e-01
1.166152e-01	2.997219e-01	2.669849e-01	5.139210e-01
1.341075e-01	3.214370e-01	2.527301e-01	5.511186e-01
1.542237e-01	3.447240e-01	2.381383e-01	5.910089e-01
1.773572e-01	3.696964e-01	2.235466e-01	6.337862e-01
2.039608e-01	3.964764e-01	2.094678e-01	6.796602e-01
2.345549e-01	4.251947e-01	1.957399e-01	7.288527e-01
2.697381e-01	4.559916e-01	1.824466e-01	7.816084e-01
3.101989e-01	4.890183e-01	1.697482e-01	8.381904e-01
3.567287e-01	5.244375e-01	1.573102e-01	8.992609e-01
4.102380e-01	5.624204e-01	1.452285e-01	9.654057e-01
4.717737e-01	6.031524e-01	1.346039e-01	1.037066e+00
5.425397e-01	6.468326e-01	1.238393e-01	1.114778e+00
6.239207e-01	6.936745e-01	1.134803e-01	1.199145e+00
7.175088e-01	7.439070e-01	1.055431e-01	1.290867e+00
8.251351e-01	7.901195e-01	9.688653e-02	1.390762e+00
9.489054e-01	8.415211e-01	9.004986e-02	1.458005e+00
1.091241e+00	9.194889e-01	8.218770e-02	1.488513e+00
1.254927e+00	1.006385e+00	7.314621e-02	1.517310e+00
1.443166e+00	1.102582e+00	6.608590e-02	1.544709e+00
1.659641e+00	1.205893e+00	5.831034e-02	1.571281e+00
1.908588e+00	1.321165e+00	5.310253e-02	1.597765e+00
2.194876e+00	1.444347e+00	4.756056e-02	1.625118e+00
2.524107e+00	1.577561e+00	4.292691e-02	1.654561e+00
2.902723e+00	1.721743e+00	3.885122e-02	1.687603e+00
3.338132e+00	1.852951e+00	3.468997e-02	1.726075e+00
3.838852e+00	1.994740e+00	3.142002e-02	1.772160e+00
4.414679e+00	2.146420e+00	2.805113e-02	1.828413e+00
5.076881e+00	2.291759e+00	2.544264e-02	1.897760e+00
5.838413e+00	2.434366e+00	2.275084e-02	1.983576e+00
6.714175e+00	2.553350e+00	2.039225e-02	2.089635e+00
7.721302e+00	2.673495e+00	1.815571e-02	2.220145e+00
8.879497e+00	2.775837e+00	1.616472e-02	2.379771e+00
1.021142e+01	2.873597e+00	1.455624e-02	2.573666e+00
1.174313e+01	2.972830e+00	1.293981e-02	2.807616e+00
1.350460e+01	3.046328e+00	1.156103e-02	3.088185e+00
1.553030e+01	3.116884e+00	1.024199e-02	3.423010e+00
1.785984e+01	3.169632e+00	9.071026e-03	3.821214e+00
2.053882e+01	3.207088e+00	8.053894e-03	4.293905e+00
2.361964e+01	3.237309e+00	7.157378e-03	4.854825e+00
2.716258e+01	3.237909e+00	6.356285e-03	5.521130e+00
3.123697e+01	3.226391e+00	5.661319e-03	6.314361e+00
3.592252e+01	3.191928e+00	5.031900e-03	7.261629e+00
4.131089e+01	3.149157e+00	4.450626e-03	8.397100e+00
4.750753e+01	3.097509e+00	3.988037e-03	9.763911e+00
5.463366e+01	3.024083e+00	3.532231e-03	1.141663e+01
6.282871e+01	3.430570e+00	3.125479e-03	1.342341e+01
7.225301e+01	3.220790e+00	2.793248e-03	1.587211e+01
8.309096e+01	3.024668e+00	2.424427e-03	1.888342e+01
9.555461e+01	2.829944e+00	2.187378e-03	2.258966e+01
1.098878e+02	2.638252e+00	1.926085e-03	2.716738e+01
1.263710e+02	2.449365e+00	1.700053e-03	3.284786e+01
1.453266e+02	2.267174e+00	1.516979e-03	3.992742e+01
1.671256e+02	2.092847e+00	1.313731e-03	4.877873e+01
1.921945e+02	1.923383e+00	1.173646e-03	5.989609e+01
2.210236e+02	1.761317e+00	1.026520e-03	7.395121e+01
2.541772e+02	1.611147e+00	9.082665e-04	9.177390e+01
2.923037e+02	1.479246e+00	8.069943e-04	1.143213e+02
3.361493e+02	1.354406e+00	7.055634e-04	1.428620e+02
3.865717e+02	1.236300e+00	6.295145e-04	1.791067e+02
4.445574e+02	1.125256e+00	5.523877e-04	2.252669e+02
5.112411e+02	1.021523e+00	4.936237e-04	2.842032e+02
5.879272e+02	9.254370e-01	4.343595e-04	3.595838e+02
6.761163e+02	8.363004e-01	3.838416e-04	4.561554e+02
7.775337e+02	7.538857e-01	3.358209e-04	5.801385e+02
8.941638e+02	6.786521e-01	2.951387e-04	7.394766e+02
1.028288e+03	6.116651e-01	2.621490e-04	9.440798e+02
1.182532e+03	5.507255e-01	2.297894e-04	1.206523e+03
1.359911e+03	4.955187e-01	2.027870e-04	1.543188e+03
1.563898e+03	4.458868e-01	1.767633e-04	1.974924e+03
1.798483e+03	4.013353e-01	1.546267e-04	2.528260e+03
2.068255e+03	3.613110e-01	1.351840e-04	3.236826e+03
2.378493e+03	3.255197e-01	1.186849e-04	4.143100e+03
2.735268e+03	2.937136e-01	1.039378e-04	5.300616e+03
3.145558e+03	2.654252e-01	9.137266e-05	6.776555e+03
3.617391e+03	2.402606e-01	8.026459e-05	8.654803e+03
4.160000e+03	2.179984e-01	6.988927e-05	1.103962e+04
4.784000e+03	1.983475e-01	6.199971e-05	1.405986e+04
5.501600e+03	1.809858e-01	5.415762e-05	1.787370e+04
6.326840e+03	1.657060e-01	4.724666e-05	2.267405e+04
7.275866e+03	1.523187e-01	0.000000e+00	2.869422e+04
8.367246e+03	1.405812e-01	0.000000e+00	3.621409e+04
9.622333e+03	1.303111e-01	0.000000e+00	4.556627e+04
