# Energy_MeV	dEdx_Elec_MeV_um	dEdx_Nucl_MeV_um	Range_um
1.000000e-05	2.094821e-03	3.202261e-02	5.887644e-03
1.150000e-05	2.261903e-03	3.512121e-02	6.313795e-03
1.322500e-05	2.440977e-03	3.852566e-02	6.770791e-03
1.520875e-05	2.632920e-03	4.221993e-02	7.260864e-03
1.749006e-05	2.838670e-03	4.630446e-02	7.786409e-03
2.011357e-05	3.059235e-03	5.061906e-02	8.349994e-03
2.313061e-05	3.295693e-03	5.537907e-02	8.954371e-03
2.660020e-05	3.549200e-03	6.039254e-02	9.602493e-03
3.059023e-05	3.820995e-03	6.580632e-02	1.029753e-02
3.517876e-05	4.112407e-03	7.167787e-02	1.104287e-02
4.045558e-05	4.424859e-03	7.788485e-02	1.184216e-02
4.652391e-05	4.759880e-03	8.474096e-02	1.269930e-02
5.350250e-05	5.119106e-03	9.159027e-02	1.361848e-02
6.152788e-05	5.504291e-03	9.919268e-02	1.460419e-02
7.075706e-05	5.917319e-03	1.074781e-01	1.566125e-02
8.137062e-05	6.360208e-03	1.159623e-01	1.679482e-02
9.357621e-05	6.835120e-03	1.254164e-01	1.801044e-02
1.076126e-04	7.344378e-03	1.345228e-01	1.931404e-02
1.237545e-04	7.890467e-03	1.446366e-01	2.071200e-02
1.423177e-04	8.476058e-03	1.554662e-01	2.221115e-02
1.636654e-04	9.104010e-03	1.664020e-01	2.381880e-02
1.882152e-04	9.777391e-03	1.784679e-01	2.554282e-02
2.164475e-04	1.049949e-02	1.901819e-01	2.739163e-02
2.489146e-04	1.127384e-02	2.027959e-01	2.937425e-02
2.862518e-04	1.210422e-02	2.156649e-01	3.150037e-02
3.291895e-04	1.299468e-02	2.283233e-01	3.378038e-02
3.785680e-04	1.394958e-02	2.420134e-01	3.622542e-02
4.353531e-04	1.497358e-02	2.551922e-01	3.884744e-02
5.006561e-04	1.607169e-02	2.686852e-01	4.165924e-02
5.757545e-04	1.724927e-02	2.818020e-01	4.467456e-02
6.621177e-04	1.851207e-02	2.953081e-01	4.790812e-02
7.614354e-04	1.986626e-02	3.087535e-01	5.137574e-02
8.756507e-04	2.131845e-02	3.227215e-01	5.509434e-02
1.006998e-03	2.287575e-02	3.350534e-01	5.908210e-02
1.158048e-03	2.454576e-02	3.472729e-01	6.335849e-02
1.331755e-03	2.633664e-02	3.592217e-01	6.794442e-02
1.531519e-03	2.825713e-02	3.706577e-01	7.286227e-02
1.761246e-03	3.031663e-02	3.823794e-01	7.813608e-02
2.025433e-03	3.252518e-02	3.922243e-01	8.379161e-02
2.329248e-03	3.489358e-02	4.022420e-01	8.985649e-02
2.678635e-03	3.743341e-02	4.105530e-01	9.636035e-02
3.080431e-03	4.015706e-02	4.183221e-01	1.033350e-01
3.542495e-03	4.307785e-02	4.255683e-01	1.108144e-01
4.073870e-03	4.621004e-02	4.315296e-01	1.188335e-01
4.684950e-03	4.956894e-02	4.375134e-01	1.274190e-01
5.387693e-03	5.317095e-02	4.412936e-01	1.366653e-01
6.195847e-03	5.703368e-02	4.450144e-01	1.465546e-01
7.125224e-03	6.117599e-02	4.481840e-01	1.571631e-01
8.194007e-03	6.561811e-02	4.501022e-01	1.685383e-01
9.423108e-03	7.038176e-02	4.516972e-01	1.807369e-01
1.083657e-02	7.549020e-02	4.513399e-01	1.938186e-01
1.246206e-02	8.096839e-02	4.505590e-01	2.078470e-01
1.433137e-02	8.684309e-02	4.488598e-01	2.228907e-01
1.648108e-02	9.314300e-02	4.459440e-01	2.390235e-01
1.895324e-02	9.989890e-02	4.421885e-01	2.563239e-01
2.179622e-02	1.071438e-01	4.369802e-01	2.748765e-01
2.506566e-02	1.149131e-01	4.308119e-01	2.947719e-01
2.882550e-02	1.232447e-01	4.234621e-01	3.161074e-01
3.314933e-02	1.321794e-01	4.150233e-01	3.389872e-01
3.812173e-02	1.417607e-01	4.053851e-01	3.635231e-01
4.383999e-02	1.520356e-01	3.948457e-01	3.898348e-01
5.041599e-02	1.630542e-01	3.834792e-01	4.180509e-01
5.797838e-02	1.748703e-01	3.712782e-01	4.483094e-01
6.667514e-02	1.875416e-01	3.580387e-01	4.807581e-01
7.667641e-02	2.011301e-01	3.441661e-01	5.155555e-01
8.817787e-02	2.157022e-01	3.290944e-01	5.528714e-01
1.014046e-01	2.313290e-01	3.147512e-01	5.928881e-01
1.166152e-01	2.480868e-01	2.996690e-01	6.358014e-01
1.341075e-01	2.660576e-01	2.842534e-01	6.818210e-01
1.542237e-01	2.853291e-01	2.688242e-01	7.311713e-01
1.773572e-01	3.059956e-01	2.523430e-01	7.840935e-01
2.039608e-01	3.281578e-01	2.374800e-01	8.408462e-01
2.345549e-01	3.519242e-01	2.215935e-01	9.017069e-01
2.697381e-01	3.774108e-01	2.073743e-01	9.669733e-01
3.101989e-01	4.047421e-01	1.933395e-01	1.036961e+00
3.567287e-01	4.340517e-01	1.792231e-01	1.112024e+00
4.102380e-01	4.654828e-01	1.664335e-01	1.192491e+00
4.717737e-01	4.991906e-01	1.528448e-01	1.279185e+00
5.425397e-01	5.353381e-01	1.421972e-01	1.373072e+00
6.239207e-01	5.741021e-01	1.308695e-01	1.474760e+00
7.175088e-01	6.156718e-01	1.198676e-01	1.585013e+00
8.251351e-01	6.602503e-01	1.111826e-01	1.704672e+00
9.489054e-01	7.080556e-01	1.028182e-01	1.834715e+00
1.091241e+00	7.543527e-01	9.513924e-02	1.976279e+00
1.254927e+00	8.011613e-01	8.630844e-02	2.062415e+00
1.443166e+00	8.719930e-01	7.670958e-02	2.111050e+00
1.659641e+00	9.554433e-01	6.882367e-02	2.157352e+00
1.908588e+00	1.046015e+00	6.136307e-02	2.201638e+00
2.194876e+00	1.145022e+00	5.561571e-02	2.244699e+00
2.524107e+00	1.254430e+00	5.002585e-02	2.287456e+00
2.902723e+00	1.370127e+00	4.498243e-02	2.331190e+00
3.338132e+00	1.497442e+00	4.070349e-02	2.377557e+00
3.838852e+00	1.629687e+00	3.647026e-02	2.428642e+00
4.414679e+00	1.756503e+00	3.282628e-02	2.487003e+00
5.076881e+00	1.885158e+00	2.951065e-02	2.555720e+00
5.838413e+00	2.019970e+00	2.655474e-02	2.638425e+00
6.714175e+00	2.158894e+00	2.383180e-02	2.739340e+00
7.721302e+00	2.282674e+00	2.133860e-02	2.863341e+00
8.879497e+00	2.395053e+00	1.880184e-02	3.015931e+00
1.021142e+01	2.507538e+00	1.696589e-02	3.203287e+00
1.174313e+01	2.594055e+00	1.514104e-02	3.432290e+00
1.350460e+01	2.682692e+00	1.353505e-02	3.710587e+00
1.553030e+01	2.765261e+00	1.207985e-02	4.046741e+00
1.785984e+01	2.832897e+00	1.059865e-02	4.450474e+00
2.053882e+01	2.896936e+00	9.493595e-03	4.933061e+00
2.361964e+01	2.936273e+00	8.348151e-03	5.507911e+00
2.716258e+01	2.968567e+00	7.466924e-03	6.191302e+00
3.123697e+01	2.987563e+00	6.653495e-03	7.003333e+00
3.592252e+01	2.986016e+00	5.886531e-03	7.969077e+00
4.131089e+01	2.973841e+00	5.260735e-03	9.120013e+00
4.750753e+01	2.936021e+00	4.616312e-03	1.049580e+01
5.463366e+01	2.891039e+00	4.166923e-03	1.214646e+01
6.282871e+01	2.837655e+00	3.703325e-03	1.413529e+01
7.225301e+01	2.767233e+00	3.271200e-03	1.654213e+01
8.309096e+01	3.154037e+00	2.898439e-03	1.946848e+01
9.555461e+01	2.950883e+00	2.540139e-03	2.304037e+01
1.098878e+02	2.767692e+00	2.280138e-03	2.743566e+01
1.263710e+02	2.586758e+00	2.018454e-03	3.285666e+01
1.453266e+02	2.409225e+00	1.780028e-03	3.955837e+01
1.671256e+02	2.234233e+00	1.572234e-03	4.788136e+01
1.921945e+02	2.065344e+00	1.375861e-03	5.826504e+01
2.210236e+02	1.904291e+00	1.219447e-03	7.126125e+01
2.541772e+02	1.748846e+00	1.073567e-03	8.759097e+01
2.923037e+02	1.599406e+00	9.450746e-04	1.082380e+02
3.361493e+02	1.458758e+00	8.401019e-04	1.344565e+02
3.865717e+02	1.337135e+00	7.393140e-04	1.676958e+02
4.445574e+02	1.222936e+00	6.533979e-04	2.097998e+02
5.112411e+02	1.115150e+00	5.786475e-04	2.632912e+02
5.879272e+02	1.013915e+00	5.120064e-04	3.314396e+02
6.761163e+02	9.195258e-01	4.527750e-04	4.184783e+02
7.775337e+02	8.322299e-01	3.996233e-04	5.298404e+02
8.941638e+02	7.516690e-01	3.458434e-04	6.725260e+02
1.028288e+03	6.770384e-01	3.085351e-04	8.557031e+02
1.182532e+03	6.090307e-01	2.710835e-04	1.091171e+03
1.359911e+03	5.482714e-01	2.393032e-04	1.393698e+03
1.563898e+03	4.934408e-01	2.109054e-04	1.781852e+03
1.798483e+03	4.437546e-01	1.820973e-04	2.279790e+03
2.068255e+03	3.990664e-01	1.611535e-04	2.918417e+03
2.378493e+03	3.590102e-01	1.395788e-04	3.737020e+03
2.735268e+03	3.230820e-01	1.232306e-04	4.785459e+03
3.145558e+03	2.909367e-01	1.085017e-04	6.126768e+03
3.617391e+03	2.623535e-01	9.463605e-05	7.840429e+03
4.160000e+03	2.369596e-01	8.355451e-05	1.002633e+04
4.784000e+03	2.143730e-01	7.231488e-05	1.280932e+04
5.501600e+03	1.943704e-01	6.450162e-05	1.634481e+04
6.326840e+03	1.767163e-01	5.659198e-05	2.082511e+04
7.275866e+03	1.611226e-01	4.931542e-05	2.648677e+04
8.367246e+03	1.473828e-01	0.000000e+00	3.361867e+04
9.622333e+03	1.353351e-01	0.000000e+00	4.257100e+04
