# Energy_MeV	dEdx_Elec_MeV_um	dEdx_Nucl_MeV_um	Range_um
1.000000e-05	2.616170e-03	1.980625e-02	6.942119e-03
1.150000e-05	2.821419e-03	2.143433e-02	7.444593e-03
1.322500e-05	3.041437e-03	2.321317e-02	7.983437e-03
1.520875e-05	3.277302e-03	2.518707e-02	8.561282e-03
1.749006e-05	3.530166e-03	2.712896e-02	9.180952e-03
2.011357e-05	3.801265e-03	2.935432e-02	9.845474e-03
2.313061e-05	4.091926e-03	3.150991e-02	1.055810e-02
2.660020e-05	4.403568e-03	3.389118e-02	1.132230e-02
3.059023e-05	4.737714e-03	3.648724e-02	1.214181e-02
3.517876e-05	5.095998e-03	3.898463e-02	1.302064e-02
4.045558e-05	5.480170e-03	4.183477e-02	1.396308e-02
4.652391e-05	5.892107e-03	4.463624e-02	1.497374e-02
5.350250e-05	6.333822e-03	4.758006e-02	1.605754e-02
6.152788e-05	6.807474e-03	5.062006e-02	1.721980e-02
7.075706e-05	7.315376e-03	5.365437e-02	1.846617e-02
8.137062e-05	7.860009e-03	5.690293e-02	1.980277e-02
9.357621e-05	8.444036e-03	6.001680e-02	2.123610e-02
1.076126e-04	9.070309e-03	6.316543e-02	2.277318e-02
1.237545e-04	9.741887e-03	6.629289e-02	2.442152e-02
1.423177e-04	1.046205e-02	6.971853e-02	2.618916e-02
1.636654e-04	1.123432e-02	7.277943e-02	2.808474e-02
1.882152e-04	1.206247e-02	7.593875e-02	3.011753e-02
2.164475e-04	1.295054e-02	7.913307e-02	3.229745e-02
2.489146e-04	1.390288e-02	8.188730e-02	3.463516e-02
2.862518e-04	1.492412e-02	8.505466e-02	3.714207e-02
3.291895e-04	1.601928e-02	8.763007e-02	3.983044e-02
3.785680e-04	1.719369e-02	9.026466e-02	4.271338e-02
4.353531e-04	1.845308e-02	9.292668e-02	4.580500e-02
5.006561e-04	1.980363e-02	9.519166e-02	4.912039e-02
5.757545e-04	2.125191e-02	9.735914e-02	5.267575e-02
6.621177e-04	2.280502e-02	9.915029e-02	5.648845e-02
7.614354e-04	2.447053e-02	1.009490e-01	6.057711e-02
8.756507e-04	2.625658e-02	1.025115e-01	6.496172e-02
1.006998e-03	2.817189e-02	1.038371e-01	6.966368e-02
1.158048e-03	3.022583e-02	1.049097e-01	7.470597e-02
1.331755e-03	3.242843e-02	1.058276e-01	8.011029e-02
1.531519e-03	3.479045e-02	1.066879e-01	8.591480e-02
1.761246e-03	3.732343e-02	1.070899e-01	9.213163e-02
2.025433e-03	4.003974e-02	1.075282e-01	9.880104e-02
2.329248e-03	4.295265e-02	1.075483e-01	1.059519e-01
2.678635e-03	4.607639e-02	1.074180e-01	1.136206e-01
3.080431e-03	4.942623e-02	1.071131e-01	1.218444e-01
3.542495e-03	5.301853e-02	1.064124e-01	1.306634e-01
4.073870e-03	5.687083e-02	1.055947e-01	1.401208e-01
4.684950e-03	6.100197e-02	1.044482e-01	1.502626e-01
5.387693e-03	6.543211e-02	1.030360e-01	1.611385e-01
6.195847e-03	7.018291e-02	1.013646e-01	1.728017e-01
7.125224e-03	7.527757e-02	9.942280e-02	1.853090e-01
8.194007e-03	8.074098e-02	9.719422e-02	1.987216e-01
9.423108e-03	8.659983e-02	9.475919e-02	2.131049e-01
1.083657e-02	9.288275e-02	9.212687e-02	2.285294e-01
1.246206e-02	9.962042e-02	8.928997e-02	2.450704e-01
1.433137e-02	1.068458e-01	8.607145e-02	2.628086e-01
1.648108e-02	1.145941e-01	8.291085e-02	2.818306e-01
1.895324e-02	1.229032e-01	7.946966e-02	3.022294e-01
2.179622e-02	1.318138e-01	7.594060e-02	3.241049e-01
2.506566e-02	1.413693e-01	7.251270e-02	3.475637e-01
2.882550e-02	1.516165e-01	6.857662e-02	3.727203e-01
3.314933e-02	1.626053e-01	6.509863e-02	3.996978e-01
3.812173e-02	1.743895e-01	6.136156e-02	4.286279e-01
4.383999e-02	1.870267e-01	5.754493e-02	4.596522e-01
5.041599e-02	2.005785e-01	5.395160e-02	4.929220e-01
5.797838e-02	2.151113e-01	5.035862e-02	5.285997e-01
6.667514e-02	2.306959e-01	4.710915e-02	5.668597e-01
7.667641e-02	2.474086e-01	4.370211e-02	6.078893e-01
8.817787e-02	2.653309e-01	4.050271e-02	6.518879e-01
1.014046e-01	2.845504e-01	3.746709e-02	6.990759e-01
1.166152e-01	3.051611e-01	3.470912e-02	7.496588e-01
1.341075e-01	3.272650e-01	3.196532e-02	8.040706e-01
1.542237e-01	3.509692e-01	2.925840e-02	8.629737e-01
1.773572e-01	3.763891e-01	2.734944e-02	9.267626e-01
2.039608e-01	4.036489e-01	2.515413e-02	9.959127e-01
2.345549e-01	4.328815e-01	2.308646e-02	1.069209e+00
2.697381e-01	4.642256e-01	2.103987e-02	1.122539e+00
3.101989e-01	4.953075e-01	1.888539e-02	1.176170e+00
3.567287e-01	5.233856e-01	1.714451e-02	1.229871e+00
4.102380e-01	5.630446e-01	1.520108e-02	1.283480e+00
4.717737e-01	6.130925e-01	1.368761e-02	1.336934e+00
5.425397e-01	6.617614e-01	1.233920e-02	1.390300e+00
6.239207e-01	7.133550e-01	1.111610e-02	1.443835e+00
7.175088e-01	7.639523e-01	1.001515e-02	1.498038e+00
8.251351e-01	8.120627e-01	8.976125e-03	1.553680e+00
9.489054e-01	8.618540e-01	8.102011e-03	1.611875e+00
1.091241e+00	9.017678e-01	7.299345e-03	1.674137e+00
1.254927e+00	9.389156e-01	6.577949e-03	1.742444e+00
1.443166e+00	9.678405e-01	5.820640e-03	1.819305e+00
1.659641e+00	9.976407e-01	5.269283e-03	1.907822e+00
1.908588e+00	1.028946e+00	4.703568e-03	2.011767e+00
2.194876e+00	1.049630e+00	4.176583e-03	2.135664e+00
2.524107e+00	1.067869e+00	3.770039e-03	2.284864e+00
2.902723e+00	1.081964e+00	3.309404e-03	2.465646e+00
3.338132e+00	1.089273e+00	2.988602e-03	2.685332e+00
3.838852e+00	1.094375e+00	2.655232e-03	2.952439e+00
4.414679e+00	1.094141e+00	2.338626e-03	3.276907e+00
5.076881e+00	1.089718e+00	2.084070e-03	3.670441e+00
5.838413e+00	1.080554e+00	1.843025e-03	4.147020e+00
6.714175e+00	1.064595e+00	1.652188e-03	4.723614e+00
7.721302e+00	1.044682e+00	1.460842e-03	5.421164e+00
8.879497e+00	1.019124e+00	1.297503e-03	6.265891e+00
1.021142e+01	9.892262e-01	1.154750e-03	7.290966e+00
1.174313e+01	9.544505e-01	1.030902e-03	8.538720e+00
1.350460e+01	9.182508e-01	9.154813e-04	1.006341e+01
1.553030e+01	8.775167e-01	8.063443e-04	1.193481e+01
1.785984e+01	8.322908e-01	7.234115e-04	1.424282e+01
2.053882e+01	7.856019e-01	6.324142e-04	1.710302e+01
2.361964e+01	7.351495e-01	5.662115e-04	2.066516e+01
2.716258e+01	7.333249e-01	4.997095e-04	2.511703e+01
3.123697e+01	6.730820e-01	4.392237e-04	3.071853e+01
3.592252e+01	6.165737e-01	3.930146e-04	3.778951e+01
4.131089e+01	5.630502e-01	3.422469e-04	4.672002e+01
4.750753e+01	5.122301e-01	3.029029e-04	5.803319e+01
5.463366e+01	4.646322e-01	2.670178e-04	7.240656e+01
6.282871e+01	4.206122e-01	2.358247e-04	9.069883e+01
7.225301e+01	3.797645e-01	2.081554e-04	1.140178e+02
8.309096e+01	3.412787e-01	1.830392e-04	1.438592e+02
9.555461e+01	3.061855e-01	1.625055e-04	1.821756e+02
1.098878e+02	2.759478e-01	1.440455e-04	2.312772e+02
1.263710e+02	2.487764e-01	1.278217e-04	2.939972e+02
1.453266e+02	2.239318e-01	1.109966e-04	3.741870e+02
1.671256e+02	2.012663e-01	9.931587e-05	4.768462e+02
1.921945e+02	1.806782e-01	8.720043e-05	6.084261e+02
2.210236e+02	1.620716e-01	7.633122e-05	7.771983e+02
2.541772e+02	1.453160e-01	6.800918e-05	9.937649e+02
2.923037e+02	1.300333e-01	5.870712e-05	1.271945e+03
3.361493e+02	1.163341e-01	5.248140e-05	1.629612e+03
3.865717e+02	1.042158e-01	4.591663e-05	2.089219e+03
4.445574e+02	9.348003e-02	0.000000e+00	2.678825e+03
5.112411e+02	8.384835e-02	0.000000e+00	3.434760e+03
5.879272e+02	7.523724e-02	0.000000e+00	4.403791e+03
6.761163e+02	6.755327e-02	0.000000e+00	5.645329e+03
7.775337e+02	6.070587e-02	0.000000e+00	7.234902e+03
8.941638e+02	5.461337e-02	0.000000e+00	9.268106e+03
1.028288e+03	4.920007e-02	0.000000e+00	1.186559e+04
1.182532e+03	4.439519e-02	0.000000e+00	1.517917e+04
1.359911e+03	4.013236e-02	0.000000e+00	1.939886e+04
1.563898e+03	3.635825e-02	0.000000e+00	2.476140e+04
1.798483e+03	3.302493e-02	0.000000e+00	3.156016e+04
2.068255e+03	3.008263e-02	0.000000e+00	4.015645e+04
2.378493e+03	2.748930e-02	0.000000e+00	5.099220e+04
2.735268e+03	2.521064e-02	0.000000e+00	6.460390e+04
3.145558e+03	2.321401e-02	0.000000e+00	8.163760e+04
3.617391e+03	2.146919e-02	0.000000e+00	1.028643e+05
4.160000e+03	1.995060e-02	0.000000e+00	1.291957e+05
4.784000e+03	1.863496e-02	0.000000e+00	1.616986e+05
5.501600e+03	1.749998e-02	0.000000e+00	2.016094e+05
6.326840e+03	1.652684e-02	0.000000e+00	2.503459e+05
7.275866e+03	1.569984e-02	0.000000e+00	3.095171e+05
8.367246e+03	1.500397e-02	0.000000e+00	3.809332e+05
9.622333e+03	1.442551e-02	0.000000e+00	4.666051e+05
