# Energy_MeV	dEdx_Elec_MeV_um	dEdx_Nucl_MeV_um	Range_um
1.000000e-05	2.549699e-03	1.400599e-02	8.870297e-03
1.150000e-05	2.745947e-03	1.514165e-02	9.512334e-03
1.322500e-05	2.956351e-03	1.626635e-02	1.020084e-02
1.520875e-05	3.181941e-03	1.749324e-02	1.093918e-02
1.749006e-05	3.423817e-03	1.883732e-02	1.173097e-02
2.011357e-05	3.683164e-03	2.012375e-02	1.258006e-02
2.313061e-05	3.961247e-03	2.157936e-02	1.349061e-02
2.660020e-05	4.259426e-03	2.304505e-02	1.446707e-02
3.059023e-05	4.579158e-03	2.454979e-02	1.551420e-02
3.517876e-05	4.922004e-03	2.612149e-02	1.663713e-02
4.045558e-05	5.289641e-03	2.768114e-02	1.784134e-02
4.652391e-05	5.683863e-03	2.935581e-02	1.913270e-02
5.350250e-05	6.106598e-03	3.098076e-02	2.051754e-02
6.152788e-05	6.559910e-03	3.257621e-02	2.200261e-02
7.075706e-05	7.046014e-03	3.421092e-02	2.359517e-02
8.137062e-05	7.567286e-03	3.597294e-02	2.530300e-02
9.357621e-05	8.126271e-03	3.755928e-02	2.713444e-02
1.076126e-04	8.725700e-03	3.918259e-02	2.909845e-02
1.237545e-04	9.368503e-03	4.079524e-02	3.120461e-02
1.423177e-04	1.005782e-02	4.225103e-02	3.346321e-02
1.636654e-04	1.079702e-02	4.387697e-02	3.588530e-02
1.882152e-04	1.158971e-02	4.522061e-02	3.848269e-02
2.164475e-04	1.243976e-02	4.657204e-02	4.126809e-02
2.489146e-04	1.335133e-02	4.792935e-02	4.425510e-02
2.862518e-04	1.432887e-02	4.911182e-02	4.745831e-02
3.291895e-04	1.537716e-02	5.021843e-02	5.089336e-02
3.785680e-04	1.650132e-02	5.115382e-02	5.457705e-02
4.353531e-04	1.770684e-02	5.210036e-02	5.852737e-02
5.006561e-04	1.899960e-02	5.289705e-02	6.276361e-02
5.757545e-04	2.038593e-02	5.357189e-02	6.730647e-02
6.621177e-04	2.187260e-02	5.412114e-02	7.217815e-02
7.614354e-04	2.346687e-02	5.461089e-02	7.740244e-02
8.756507e-04	2.517653e-02	5.506196e-02	8.298470e-02
1.006998e-03	2.700993e-02	5.526415e-02	8.901541e-02
1.158048e-03	2.897603e-02	5.547233e-02	9.545714e-02
1.331755e-03	3.108443e-02	5.550319e-02	1.023673e-01
1.531519e-03	3.334543e-02	5.543119e-02	1.097762e-01
1.761246e-03	3.577008e-02	5.528093e-02	1.177217e-01
2.025433e-03	3.837023e-02	5.491535e-02	1.262423e-01
2.329248e-03	4.115857e-02	5.448470e-02	1.353797e-01
2.678635e-03	4.414874e-02	5.390498e-02	1.451784e-01
3.080431e-03	4.735533e-02	5.317217e-02	1.556863e-01
3.542495e-03	5.079401e-02	5.231422e-02	1.669547e-01
4.073870e-03	5.448158e-02	5.131006e-02	1.790388e-01
4.684950e-03	5.843606e-02	5.016463e-02	1.919976e-01
5.387693e-03	6.267676e-02	4.890602e-02	2.058944e-01
6.195847e-03	6.722441e-02	4.755918e-02	2.207969e-01
7.125224e-03	7.210122e-02	4.608867e-02	2.367781e-01
8.194007e-03	7.733101e-02	4.442885e-02	2.539161e-01
9.423108e-03	8.293933e-02	4.279929e-02	2.722946e-01
1.083657e-02	8.895359e-02	4.102678e-02	2.920032e-01
1.246206e-02	9.540316e-02	3.922602e-02	3.131383e-01
1.433137e-02	1.023196e-01	3.744325e-02	3.358032e-01
1.648108e-02	1.097366e-01	3.541516e-02	3.601088e-01
1.895324e-02	1.176904e-01	3.361438e-02	3.861735e-01
2.179622e-02	1.262200e-01	3.169296e-02	4.141247e-01
2.506566e-02	1.353669e-01	2.972868e-02	4.440990e-01
2.882550e-02	1.451759e-01	2.787896e-02	4.762430e-01
3.314933e-02	1.556948e-01	2.602537e-02	5.107137e-01
3.812173e-02	1.669751e-01	2.435032e-02	5.476793e-01
4.383999e-02	1.790720e-01	2.256890e-02	5.873203e-01
5.041599e-02	1.920443e-01	2.092116e-02	6.298306e-01
5.797838e-02	2.059556e-01	1.938117e-02	6.754177e-01
6.667514e-02	2.208739e-01	1.795276e-02	7.243080e-01
7.667641e-02	2.368719e-01	1.652483e-02	7.767184e-01
8.817787e-02	2.540288e-01	1.512775e-02	8.330557e-01
1.014046e-01	2.724280e-01	1.415442e-02	8.940209e-01
1.166152e-01	2.921589e-01	1.303510e-02	9.600422e-01
1.341075e-01	3.133179e-01	1.190575e-02	1.031606e+00
1.542237e-01	3.360084e-01	1.084750e-02	1.109246e+00
1.773572e-01	3.603396e-01	9.768492e-03	1.178474e+00
2.039608e-01	3.845198e-01	8.879813e-03	1.241892e+00
2.345549e-01	4.024046e-01	7.901865e-03	1.305808e+00
2.697381e-01	4.269686e-01	7.073256e-03	1.369992e+00
3.101989e-01	4.589129e-01	6.392055e-03	1.434328e+00
3.567287e-01	4.879658e-01	5.752797e-03	1.498867e+00
4.102380e-01	5.178764e-01	5.190532e-03	1.563883e+00
4.717737e-01	5.439716e-01	4.650646e-03	1.629933e+00
5.425397e-01	5.680810e-01	4.187733e-03	1.697927e+00
6.239207e-01	5.915155e-01	3.786232e-03	1.769187e+00
7.175088e-01	6.082151e-01	3.403019e-03	1.845527e+00
8.251351e-01	6.235723e-01	3.013166e-03	1.929337e+00
9.489054e-01	6.331514e-01	2.725185e-03	2.023661e+00
1.091241e+00	6.427935e-01	2.435607e-03	2.132302e+00
1.254927e+00	6.530499e-01	2.164316e-03	2.259928e+00
1.443166e+00	6.570326e-01	1.951729e-03	2.412205e+00
1.659641e+00	6.597472e-01	1.712477e-03	2.595929e+00
1.908588e+00	6.593165e-01	1.545947e-03	2.819200e+00
2.194876e+00	6.556194e-01	1.375351e-03	3.091618e+00
2.524107e+00	6.498170e-01	1.209563e-03	3.424535e+00
2.902723e+00	6.405575e-01	1.079837e-03	3.831393e+00
3.338132e+00	6.289316e-01	9.542527e-04	4.328215e+00
3.838852e+00	6.141058e-01	8.563858e-04	4.934293e+00
4.414679e+00	5.964909e-01	7.554310e-04	5.673213e+00
5.076881e+00	5.761575e-01	6.706182e-04	6.574203e+00
5.838413e+00	5.535593e-01	5.988976e-04	7.674045e+00
6.714175e+00	5.288740e-01	5.338437e-04	9.019586e+00
7.721302e+00	5.020205e-01	4.741632e-04	1.067108e+01
8.879497e+00	4.765799e-01	4.169514e-04	1.270652e+01
1.021142e+01	4.489057e-01	3.745267e-04	1.522731e+01
1.174313e+01	4.189193e-01	3.289739e-04	1.836537e+01
1.350460e+01	3.887773e-01	2.930454e-04	2.229201e+01
1.553030e+01	3.581741e-01	2.590287e-04	2.723061e+01
1.785984e+01	3.524845e-01	2.271399e-04	3.346337e+01
2.053882e+01	3.209314e-01	2.035044e-04	4.137567e+01
2.361964e+01	2.918154e-01	1.779835e-04	5.145357e+01
2.716258e+01	2.645805e-01	1.566376e-04	6.428121e+01
3.123697e+01	2.390809e-01	1.385646e-04	8.063787e+01
3.592252e+01	2.154833e-01	1.221777e-04	1.015282e+02
4.131089e+01	1.939281e-01	1.079886e-04	1.282234e+02
4.750753e+01	1.742887e-01	9.497054e-05	1.623491e+02
5.463366e+01	1.559027e-01	8.404425e-05	2.060837e+02
6.282871e+01	1.393385e-01	7.483792e-05	2.622909e+02
7.225301e+01	1.250956e-01	6.617487e-05	3.343867e+02
8.309096e+01	1.125016e-01	5.741922e-05	4.264970e+02
9.555461e+01	1.010784e-01	5.139563e-05	5.442174e+02
1.098878e+02	9.072537e-02	4.519967e-05	6.948404e+02
1.263710e+02	8.136584e-02	3.951033e-05	8.877754e+02
1.453266e+02	7.293479e-02	0.000000e+00	1.135105e+03
1.671256e+02	6.536393e-02	0.000000e+00	1.452310e+03
1.921945e+02	5.847939e-02	0.000000e+00	1.859539e+03
2.210236e+02	5.230567e-02	0.000000e+00	2.382942e+03
2.541772e+02	4.683542e-02	0.000000e+00	3.055458e+03
2.923037e+02	4.200505e-02	0.000000e+00	3.918182e+03
3.361493e+02	3.767373e-02	0.000000e+00	5.024151e+03
3.865717e+02	3.380178e-02	0.000000e+00	6.441862e+03
4.445574e+02	3.034585e-02	0.000000e+00	8.258285e+03
5.112411e+02	2.726580e-02	0.000000e+00	1.058404e+04
5.879272e+02	2.452589e-02	0.000000e+00	1.355919e+04
6.761163e+02	2.209104e-02	0.000000e+00	1.736054e+04
7.775337e+02	1.992931e-02	0.000000e+00	2.221065e+04
8.941638e+02	1.801157e-02	0.000000e+00	2.838824e+04
1.028288e+03	1.631330e-02	0.000000e+00	3.624075e+04
1.182532e+03	1.481285e-02	0.000000e+00	4.619895e+04
1.359911e+03	1.348834e-02	0.000000e+00	5.879375e+04
1.563898e+03	1.232070e-02	0.000000e+00	7.467500e+04
1.798483e+03	1.129418e-02	0.000000e+00	9.463227e+04
2.068255e+03	1.039444e-02	0.000000e+00	1.196171e+05
2.378493e+03	9.608271e-03	0.000000e+00	1.507663e+05
2.735268e+03	8.923872e-03	0.000000e+00	1.894253e+05
3.145558e+03	8.330589e-03	0.000000e+00	2.371703e+05
3.617391e+03	7.818582e-03	0.000000e+00	2.958300e+05
4.160000e+03	7.379340e-03	0.000000e+00	3.675032e+05
4.784000e+03	7.005618e-03	0.000000e+00	4.545746e+05
5.501600e+03	6.690771e-03	0.000000e+00	5.597304e+05
6.326840e+03	6.428743e-03	0.000000e+00	6.859543e+05
7.275866e+03	6.204391e-03	0.000000e+00	8.366729e+05
8.367246e+03	6.019614e-03	0.000000e+00	9.459140e+05
9.622333e+03	5.872507e-03	0.000000e+00	9.459140e+05
