# Energy_MeV	dEdx_Elec_MeV_um	dEdx_Nucl_MeV_um	Range_um
1.000000e-05	2.526623e-03	3.194101e-02	4.519890e-03
1.150000e-05	2.735356e-03	3.505893e-02	4.847042e-03
1.322500e-05	2.958962e-03	3.848123e-02	5.197873e-03
1.520875e-05	3.198541e-03	4.211120e-02	5.574098e-03
1.749006e-05	3.455268e-03	4.622101e-02	5.977554e-03
2.011357e-05	3.730399e-03	5.047075e-02	6.410213e-03
2.313061e-05	4.025284e-03	5.521762e-02	6.874187e-03
2.660020e-05	4.341365e-03	6.022032e-02	7.371745e-03
3.059023e-05	4.680188e-03	6.555266e-02	7.905315e-03
3.517876e-05	5.043412e-03	7.146316e-02	8.477506e-03
4.045558e-05	5.432811e-03	7.756251e-02	9.091113e-03
4.652391e-05	5.850290e-03	8.431994e-02	9.749132e-03
5.350250e-05	6.297890e-03	9.113220e-02	1.045478e-02
6.152788e-05	6.777799e-03	9.875650e-02	1.121150e-02
7.075706e-05	7.292361e-03	1.068262e-01	1.202300e-02
8.137062e-05	7.844091e-03	1.153551e-01	1.289323e-02
9.357621e-05	8.435686e-03	1.245376e-01	1.382645e-02
1.076126e-04	9.070036e-03	1.336419e-01	1.482721e-02
1.237545e-04	9.750240e-03	1.437699e-01	1.590041e-02
1.423177e-04	1.047962e-02	1.542572e-01	1.705129e-02
1.636654e-04	1.126175e-02	1.652445e-01	1.828547e-02
1.882152e-04	1.210043e-02	1.769538e-01	1.960899e-02
2.164475e-04	1.299978e-02	1.887316e-01	2.102830e-02
2.489146e-04	1.396418e-02	2.010309e-01	2.255034e-02
2.862518e-04	1.499835e-02	2.135562e-01	2.418254e-02
3.291895e-04	1.610733e-02	2.262278e-01	2.593289e-02
3.785680e-04	1.729655e-02	2.394289e-01	2.780992e-02
4.353531e-04	1.857182e-02	2.526696e-01	2.982282e-02
5.006561e-04	1.993937e-02	2.654710e-01	3.198141e-02
5.757545e-04	2.140587e-02	2.786310e-01	3.429624e-02
6.621177e-04	2.297849e-02	2.921448e-01	3.677862e-02
7.614354e-04	2.466492e-02	3.048146e-01	3.944068e-02
8.756507e-04	2.647339e-02	3.188146e-01	4.229541e-02
1.006998e-03	2.841274e-02	3.302358e-01	4.535678e-02
1.158048e-03	3.049244e-02	3.424725e-01	4.863973e-02
1.331755e-03	3.272265e-02	3.543914e-01	5.216030e-02
1.531519e-03	3.511428e-02	3.649895e-01	5.593569e-02
1.761246e-03	3.767899e-02	3.767195e-01	5.998434e-02
2.025433e-03	4.042933e-02	3.858732e-01	6.432604e-02
2.329248e-03	4.337872e-02	3.955641e-01	6.898199e-02
2.678635e-03	4.654158e-02	4.036950e-01	7.397494e-02
3.080431e-03	4.993336e-02	4.109410e-01	7.929367e-02
3.542495e-03	5.357063e-02	4.181636e-01	8.505678e-02
4.073870e-03	5.747116e-02	4.236214e-01	9.123131e-02
4.684950e-03	6.165400e-02	4.291745e-01	9.783401e-02
5.387693e-03	6.613959e-02	4.328181e-01	1.049152e-01
6.195847e-03	7.094984e-02	4.364704e-01	1.125089e-01
7.125224e-03	7.610825e-02	4.391682e-01	1.206522e-01
8.194007e-03	8.164002e-02	4.410555e-01	1.293849e-01
9.423108e-03	8.757218e-02	4.422088e-01	1.387496e-01
1.083657e-02	9.393371e-02	4.418147e-01	1.487923e-01
1.246206e-02	1.007557e-01	4.409546e-01	1.595618e-01
1.433137e-02	1.080714e-01	4.389505e-01	1.711108e-01
1.648108e-02	1.159167e-01	4.359825e-01	1.834957e-01
1.895324e-02	1.243298e-01	4.320219e-01	1.967770e-01
2.179622e-02	1.333518e-01	4.267584e-01	2.110198e-01
2.506566e-02	1.430269e-01	4.204868e-01	2.262933e-01
2.882550e-02	1.534022e-01	4.130965e-01	2.426724e-01
3.314933e-02	1.645285e-01	4.045844e-01	2.602369e-01
3.812173e-02	1.764601e-01	3.950196e-01	2.790728e-01
4.383999e-02	1.892554e-01	3.844053e-01	2.992722e-01
5.041599e-02	2.029767e-01	3.733031e-01	3.209335e-01
5.797838e-02	2.176913e-01	3.610311e-01	3.441626e-01
6.667514e-02	2.334708e-01	3.477279e-01	3.690731e-01
7.667641e-02	2.503925e-01	3.343279e-01	3.957867e-01
8.817787e-02	2.685390e-01	3.191861e-01	4.244339e-01
1.014046e-01	2.879990e-01	3.055722e-01	4.551544e-01
1.166152e-01	3.088674e-01	2.904372e-01	4.880985e-01
1.341075e-01	3.312464e-01	2.750003e-01	5.234271e-01
1.542237e-01	3.552451e-01	2.603794e-01	5.613130e-01
1.773572e-01	3.809809e-01	2.439437e-01	6.019410e-01
2.039608e-01	4.085794e-01	2.297351e-01	6.455099e-01
2.345549e-01	4.381755e-01	2.143176e-01	6.922307e-01
2.697381e-01	4.699139e-01	2.001761e-01	7.423357e-01
3.101989e-01	5.039501e-01	1.868201e-01	7.960744e-01
3.567287e-01	5.404521e-01	1.727356e-01	8.540756e-01
4.102380e-01	5.795961e-01	1.605922e-01	9.168960e-01
4.717737e-01	6.215733e-01	1.478042e-01	9.849546e-01
5.425397e-01	6.665889e-01	1.372006e-01	1.058760e+00
6.239207e-01	7.148628e-01	1.259391e-01	1.138887e+00
7.175088e-01	7.666309e-01	1.160555e-01	1.225998e+00
8.251351e-01	8.142236e-01	1.074122e-01	1.320872e+00
9.489054e-01	8.670548e-01	9.920761e-02	1.410619e+00
1.091241e+00	9.468944e-01	9.146371e-02	1.437027e+00
1.254927e+00	1.035940e+00	8.255823e-02	1.461668e+00
1.443166e+00	1.134581e+00	7.388809e-02	1.484913e+00
1.659641e+00	1.240881e+00	6.603154e-02	1.507234e+00
1.908588e+00	1.359666e+00	5.909629e-02	1.529424e+00
2.194876e+00	1.487054e+00	5.333835e-02	1.552398e+00
2.524107e+00	1.625571e+00	4.806820e-02	1.577322e+00
2.902723e+00	1.776294e+00	4.328674e-02	1.605628e+00
3.338132e+00	1.916574e+00	3.903999e-02	1.639038e+00
3.838852e+00	2.068978e+00	3.508748e-02	1.679592e+00
4.414679e+00	2.232653e+00	3.143801e-02	1.729667e+00
5.076881e+00	2.391285e+00	2.841198e-02	1.791988e+00
5.838413e+00	2.548597e+00	2.545703e-02	1.869639e+00
6.714175e+00	2.681168e+00	2.274861e-02	1.966102e+00
7.721302e+00	2.815514e+00	2.048659e-02	2.085221e+00
8.879497e+00	2.930952e+00	1.798403e-02	2.231239e+00
1.021142e+01	3.042033e+00	1.632062e-02	2.408837e+00
1.174313e+01	3.155340e+00	1.449848e-02	2.623227e+00
1.350460e+01	3.241448e+00	1.290422e-02	2.880325e+00
1.553030e+01	3.325161e+00	1.158930e-02	3.186993e+00
1.785984e+01	3.390247e+00	1.012941e-02	3.551405e+00
2.053882e+01	3.439361e+00	9.102114e-03	3.983515e+00
2.361964e+01	3.481527e+00	8.016623e-03	4.495614e+00
2.716258e+01	3.491147e+00	7.139261e-03	5.103046e+00
3.123697e+01	3.487803e+00	6.382952e-03	5.825043e+00
3.592252e+01	3.458764e+00	5.621377e-03	6.685791e+00
4.131089e+01	3.421316e+00	5.040731e-03	7.715722e+00
4.750753e+01	3.375069e+00	4.446396e-03	8.953205e+00
5.463366e+01	3.303503e+00	3.997397e-03	1.044670e+01
6.282871e+01	3.761775e+00	3.538561e-03	1.225664e+01
7.225301e+01	3.538505e+00	3.143016e-03	1.446081e+01
8.309096e+01	3.329728e+00	2.770931e-03	1.716621e+01
9.555461e+01	3.121336e+00	2.445376e-03	2.048942e+01
1.098878e+02	2.915432e+00	2.185867e-03	2.458608e+01
1.263710e+02	2.711778e+00	1.927396e-03	2.965997e+01
1.453266e+02	2.514775e+00	1.709586e-03	3.597195e+01
1.671256e+02	2.325714e+00	1.502193e-03	4.384960e+01
1.921945e+02	2.141441e+00	1.320731e-03	5.372733e+01
2.210236e+02	1.964779e+00	1.164183e-03	6.619562e+01
2.541772e+02	1.800654e+00	1.027870e-03	8.198282e+01
2.923037e+02	1.656359e+00	9.067266e-04	1.019270e+02
3.361493e+02	1.519385e+00	8.027724e-04	1.271395e+02
3.865717e+02	1.389345e+00	7.094109e-04	1.591204e+02
4.445574e+02	1.266677e+00	6.234301e-04	1.998090e+02
5.112411e+02	1.151715e+00	5.558418e-04	2.517140e+02
5.879272e+02	1.044886e+00	4.892722e-04	3.180531e+02
6.761163e+02	9.455079e-01	4.304182e-04	4.029911e+02
7.775337e+02	8.533654e-01	3.826930e-04	5.119879e+02
8.941638e+02	7.690049e-01	3.297550e-04	6.520185e+02
1.028288e+03	6.936844e-01	2.961969e-04	8.317861e+02
1.182532e+03	6.250132e-01	2.592386e-04	1.062337e+03
1.359911e+03	5.627075e-01	2.274929e-04	1.358069e+03
1.563898e+03	5.066294e-01	2.018574e-04	1.737306e+03
1.798483e+03	4.562260e-01	1.734957e-04	2.223367e+03
2.068255e+03	4.108637e-01	1.541181e-04	2.845817e+03
2.378493e+03	3.702505e-01	1.338356e-04	3.641996e+03
2.735268e+03	3.341478e-01	1.176486e-04	4.658962e+03
3.145558e+03	3.020176e-01	1.038436e-04	5.955768e+03
3.617391e+03	2.734113e-01	9.008109e-05	7.606143e+03
4.160000e+03	2.480978e-01	7.986086e-05	9.701721e+03
4.784000e+03	2.257511e-01	6.953610e-05	1.235573e+04
5.501600e+03	2.060004e-01	6.173282e-05	1.570721e+04
6.326840e+03	1.886157e-01	5.390875e-05	1.992566e+04
7.275866e+03	1.733867e-01	4.728359e-05	2.521614e+04
8.367246e+03	1.600324e-01	0.000000e+00	3.182461e+04
9.622333e+03	1.483441e-01	0.000000e+00	4.004337e+04
