# Energy_MeV	dEdx_Elec_MeV_um	dEdx_Nucl_MeV_um	Range_um
1.000000e-05	2.200267e-03	3.235105e-02	5.427284e-03
1.150000e-05	2.377441e-03	3.542856e-02	5.820113e-03
1.322500e-05	2.567310e-03	3.887956e-02	6.241376e-03
1.520875e-05	2.770803e-03	4.265307e-02	6.693130e-03
1.749006e-05	2.988917e-03	4.670977e-02	7.177582e-03
2.011357e-05	3.222719e-03	5.118288e-02	7.697100e-03
2.313061e-05	3.473352e-03	5.591080e-02	8.254220e-03
2.660020e-05	3.742043e-03	6.106447e-02	8.851665e-03
3.059023e-05	4.030105e-03	6.661180e-02	9.492353e-03
3.517876e-05	4.338947e-03	7.247136e-02	1.017941e-02
4.045558e-05	4.670077e-03	7.889976e-02	1.091621e-02
4.652391e-05	5.025115e-03	8.570938e-02	1.170633e-02
5.350250e-05	5.405795e-03	9.287757e-02	1.255364e-02
6.152788e-05	5.813978e-03	1.005810e-01	1.346228e-02
7.075706e-05	6.251657e-03	1.088787e-01	1.443668e-02
8.137062e-05	6.720973e-03	1.176103e-01	1.548162e-02
9.357621e-05	7.224217e-03	1.272861e-01	1.660218e-02
1.076126e-04	7.763848e-03	1.367187e-01	1.780386e-02
1.237545e-04	8.342504e-03	1.470644e-01	1.909251e-02
1.423177e-04	8.963010e-03	1.579542e-01	2.047444e-02
1.636654e-04	9.628400e-03	1.692157e-01	2.195639e-02
1.882152e-04	1.034192e-02	1.816330e-01	2.354560e-02
2.164475e-04	1.110707e-02	1.936895e-01	2.524985e-02
2.489146e-04	1.192756e-02	2.069672e-01	2.707744e-02
2.862518e-04	1.280743e-02	2.198941e-01	2.903732e-02
3.291895e-04	1.375096e-02	2.331255e-01	3.113906e-02
3.785680e-04	1.476277e-02	2.472147e-01	3.339292e-02
4.353531e-04	1.584779e-02	2.608203e-01	3.580992e-02
5.006561e-04	1.701133e-02	2.755078e-01	3.840186e-02
5.757545e-04	1.825907e-02	2.885296e-01	4.118141e-02
6.621177e-04	1.959711e-02	3.026209e-01	4.416214e-02
7.614354e-04	2.103198e-02	3.169383e-01	4.735862e-02
8.756507e-04	2.257070e-02	3.308030e-01	5.078646e-02
1.006998e-03	2.422078e-02	3.448678e-01	5.446241e-02
1.158048e-03	2.599029e-02	3.569953e-01	5.840443e-02
1.331755e-03	2.788786e-02	3.697182e-01	6.263177e-02
1.531519e-03	2.992277e-02	3.820839e-01	6.716510e-02
1.761246e-03	3.210495e-02	3.937162e-01	7.202654e-02
2.025433e-03	3.444508e-02	4.050847e-01	7.723986e-02
2.329248e-03	3.695458e-02	4.150281e-01	8.283052e-02
2.678635e-03	3.964571e-02	4.244282e-01	8.882584e-02
3.080431e-03	4.253163e-02	4.330349e-01	9.525510e-02
3.542495e-03	4.562642e-02	4.403250e-01	1.021497e-01
4.073870e-03	4.894520e-02	4.472785e-01	1.094870e-01
4.684950e-03	5.250420e-02	4.532160e-01	1.174569e-01
5.387693e-03	5.632079e-02	4.580154e-01	1.259781e-01
6.195847e-03	6.041363e-02	4.621443e-01	1.350962e-01
7.125224e-03	6.480270e-02	4.654571e-01	1.448741e-01
8.194007e-03	6.950945e-02	4.678019e-01	1.553601e-01
9.423108e-03	7.455688e-02	4.698911e-01	1.666049e-01
1.083657e-02	7.996964e-02	4.699249e-01	1.786635e-01
1.246206e-02	8.577417e-02	4.695030e-01	1.915951e-01
1.433137e-02	9.199884e-02	4.679241e-01	2.054627e-01
1.648108e-02	9.867404e-02	4.652412e-01	2.203340e-01
1.895324e-02	1.058324e-01	4.618163e-01	2.362816e-01
2.179622e-02	1.135089e-01	4.567528e-01	2.533835e-01
2.506566e-02	1.217410e-01	4.507710e-01	2.717233e-01
2.882550e-02	1.305689e-01	4.434558e-01	2.913907e-01
3.314933e-02	1.400359e-01	4.350839e-01	3.124814e-01
3.812173e-02	1.501880e-01	4.254368e-01	3.350987e-01
4.383999e-02	1.610750e-01	4.148454e-01	3.593531e-01
5.041599e-02	1.727499e-01	4.030453e-01	3.853631e-01
5.797838e-02	1.852699e-01	3.909281e-01	4.132557e-01
6.667514e-02	1.986961e-01	3.774576e-01	4.431671e-01
7.667641e-02	2.130941e-01	3.630419e-01	4.752434e-01
8.817787e-02	2.285342e-01	3.480763e-01	5.096416e-01
1.014046e-01	2.450919e-01	3.324338e-01	5.465297e-01
1.166152e-01	2.628481e-01	3.174604e-01	5.860876e-01
1.341075e-01	2.818894e-01	3.014097e-01	6.285085e-01
1.542237e-01	3.023090e-01	2.850772e-01	6.740000e-01
1.773572e-01	3.242065e-01	2.687163e-01	7.227844e-01
2.039608e-01	3.476890e-01	2.522535e-01	7.750998e-01
2.345549e-01	3.728712e-01	2.364807e-01	8.312016e-01
2.697381e-01	3.998760e-01	2.209947e-01	8.913644e-01
3.101989e-01	4.288355e-01	2.057993e-01	9.558810e-01
3.567287e-01	4.598911e-01	1.916944e-01	1.025064e+00
4.102380e-01	4.931953e-01	1.775906e-01	1.099297e+00
4.717737e-01	5.289113e-01	1.640461e-01	1.179485e+00
5.425397e-01	5.672124e-01	1.519078e-01	1.266333e+00
6.239207e-01	6.082858e-01	1.398606e-01	1.360437e+00
7.175088e-01	6.523321e-01	1.284349e-01	1.462498e+00
8.251351e-01	6.995666e-01	1.189542e-01	1.573317e+00
9.489054e-01	7.502200e-01	1.094534e-01	1.693820e+00
1.091241e+00	7.957560e-01	1.018242e-01	1.825091e+00
1.254927e+00	8.503649e-01	9.305059e-02	1.901105e+00
1.443166e+00	9.296565e-01	8.296092e-02	1.940498e+00
1.659641e+00	1.017290e+00	7.456074e-02	1.977711e+00
1.908588e+00	1.115119e+00	6.601975e-02	2.013167e+00
2.194876e+00	1.219125e+00	6.000213e-02	2.047658e+00
2.524107e+00	1.335115e+00	5.374007e-02	2.082165e+00
2.902723e+00	1.460385e+00	4.854368e-02	2.117974e+00
3.338132e+00	1.593877e+00	4.390048e-02	2.156715e+00
3.838852e+00	1.740499e+00	3.929489e-02	2.200398e+00
4.414679e+00	1.869296e+00	3.550846e-02	2.251461e+00
5.076881e+00	2.011882e+00	3.166421e-02	2.312795e+00
5.838413e+00	2.166126e+00	2.873133e-02	2.387785e+00
6.714175e+00	2.307862e+00	2.577114e-02	2.480295e+00
7.721302e+00	2.451357e+00	2.302480e-02	2.594785e+00
8.879497e+00	2.568267e+00	2.050814e-02	2.736228e+00
1.021142e+01	2.685037e+00	1.824512e-02	2.910164e+00
1.174313e+01	2.789105e+00	1.643481e-02	3.122733e+00
1.350460e+01	2.884781e+00	1.466199e-02	3.380728e+00
1.553030e+01	2.982112e+00	1.305400e-02	3.691778e+00
1.785984e+01	3.055703e+00	1.156942e-02	4.064565e+00
2.053882e+01	3.122824e+00	1.024973e-02	4.509222e+00
2.361964e+01	3.176462e+00	9.107496e-03	5.037886e+00
2.716258e+01	3.210597e+00	8.094002e-03	5.665365e+00
3.123697e+01	3.237377e+00	7.174217e-03	6.410003e+00
3.592252e+01	3.237987e+00	6.401836e-03	7.294729e+00
4.131089e+01	3.222513e+00	5.686185e-03	8.348333e+00
4.750753e+01	3.187469e+00	5.033353e-03	9.607065e+00
5.463366e+01	3.143486e+00	4.503129e-03	1.111661e+01
6.282871e+01	3.089249e+00	3.998891e-03	1.293464e+01
7.225301e+01	3.014585e+00	3.546240e-03	1.513428e+01
8.309096e+01	3.403000e+00	3.154706e-03	1.780609e+01
9.555461e+01	3.196896e+00	2.748574e-03	2.106948e+01
1.098878e+02	3.001248e+00	2.469463e-03	2.508460e+01
1.263710e+02	2.806719e+00	2.181594e-03	3.002688e+01
1.453266e+02	2.615344e+00	1.928452e-03	3.613471e+01
1.671256e+02	2.427127e+00	1.713330e-03	4.371832e+01
1.921945e+02	2.245951e+00	1.489651e-03	5.317359e+01
2.210236e+02	2.072549e+00	1.326874e-03	6.500010e+01
2.541772e+02	1.903507e+00	1.160558e-03	7.986539e+01
2.923037e+02	1.742537e+00	1.026494e-03	9.867146e+01
3.361493e+02	1.595053e+00	9.123151e-04	1.225166e+02
3.865717e+02	1.463968e+00	8.002018e-04	1.526754e+02
4.445574e+02	1.339911e+00	7.117412e-04	1.908649e+02
5.112411e+02	1.222607e+00	6.236768e-04	2.393803e+02
5.879272e+02	1.112438e+00	5.575622e-04	3.011888e+02
6.761163e+02	1.009623e+00	4.925169e-04	3.801239e+02
7.775337e+02	9.144498e-01	4.334692e-04	4.811015e+02
8.941638e+02	8.260527e-01	3.793951e-04	6.104975e+02
1.028288e+03	7.445096e-01	3.331780e-04	7.766572e+02
1.182532e+03	6.702226e-01	2.960282e-04	9.901978e+02
1.359911e+03	6.040663e-01	2.606073e-04	1.264354e+03
1.563898e+03	5.438176e-01	2.290177e-04	1.616000e+03
1.798483e+03	4.892903e-01	1.997123e-04	2.067096e+03
2.068255e+03	4.402997e-01	1.747823e-04	2.645542e+03
2.378493e+03	3.963175e-01	1.529414e-04	3.386845e+03
2.735268e+03	3.568077e-01	1.342733e-04	4.335988e+03
3.145558e+03	3.215106e-01	1.174811e-04	5.549776e+03
3.617391e+03	2.901525e-01	1.033757e-04	7.099772e+03
4.160000e+03	2.622538e-01	9.072977e-05	9.075721e+03
4.784000e+03	2.374478e-01	7.907236e-05	1.158963e+04
5.501600e+03	2.155161e-01	7.002389e-05	1.478063e+04
6.326840e+03	1.961544e-01	6.137819e-05	1.882049e+04
7.275866e+03	1.790508e-01	5.361366e-05	2.392001e+04
8.367246e+03	1.640088e-01	4.710315e-05	3.033593e+04
9.622333e+03	1.508317e-01	0.000000e+00	3.837853e+04
