# Energy_MeV	dEdx_Elec_MeV_um	dEdx_Nucl_MeV_um	Range_um
1.000000e-05	2.079147e-03	3.163629e-02	6.105765e-03
1.150000e-05	2.244326e-03	3.471398e-02	6.547703e-03
1.322500e-05	2.421368e-03	3.806408e-02	7.021629e-03
1.520875e-05	2.611140e-03	4.170983e-02	7.529858e-03
1.749006e-05	2.814570e-03	4.566023e-02	8.074874e-03
2.011357e-05	3.032653e-03	4.990925e-02	8.659337e-03
2.313061e-05	3.266456e-03	5.447615e-02	9.286105e-03
2.660020e-05	3.517121e-03	5.941174e-02	9.958238e-03
3.059023e-05	3.785875e-03	6.465294e-02	1.067902e-02
3.517876e-05	4.074029e-03	7.033127e-02	1.145197e-02
4.045558e-05	4.382993e-03	7.645110e-02	1.228087e-02
4.652391e-05	4.714277e-03	8.275474e-02	1.316977e-02
5.350250e-05	5.069499e-03	8.965113e-02	1.412300e-02
6.152788e-05	5.450394e-03	9.706613e-02	1.514523e-02
7.075706e-05	5.858825e-03	1.047840e-01	1.624146e-02
8.137062e-05	6.296786e-03	1.133807e-01	1.741702e-02
9.357621e-05	6.766417e-03	1.217028e-01	1.867767e-02
1.076126e-04	7.270013e-03	1.309190e-01	2.002957e-02
1.237545e-04	7.810034e-03	1.406689e-01	2.147932e-02
1.423177e-04	8.389119e-03	1.505940e-01	2.303401e-02
1.636654e-04	9.010096e-03	1.616036e-01	2.470122e-02
1.882152e-04	9.676000e-03	1.722699e-01	2.648911e-02
2.164475e-04	1.039008e-02	1.839241e-01	2.840641e-02
2.489146e-04	1.115583e-02	1.955396e-01	3.046248e-02
2.862518e-04	1.197699e-02	2.071267e-01	3.266737e-02
3.291895e-04	1.285758e-02	2.196446e-01	3.503185e-02
3.785680e-04	1.380188e-02	2.316353e-01	3.756747e-02
4.353531e-04	1.481452e-02	2.443483e-01	4.028663e-02
5.006561e-04	1.590045e-02	2.560502e-01	4.320259e-02
5.757545e-04	1.706496e-02	2.684805e-01	4.632962e-02
6.621177e-04	1.831375e-02	2.809640e-01	4.968298e-02
7.614354e-04	1.965292e-02	2.934232e-01	5.327906e-02
8.756507e-04	2.108900e-02	3.053832e-01	5.713543e-02
1.006998e-03	2.262903e-02	3.162810e-01	6.127092e-02
1.158048e-03	2.428052e-02	3.274196e-01	6.570574e-02
1.331755e-03	2.605153e-02	3.381308e-01	7.046156e-02
1.531519e-03	2.795072e-02	3.485835e-01	7.556161e-02
1.761246e-03	2.998737e-02	3.582127e-01	8.103080e-02
2.025433e-03	3.217143e-02	3.671480e-01	8.689585e-02
2.329248e-03	3.451357e-02	3.751700e-01	9.318541e-02
2.678635e-03	3.702523e-02	3.826205e-01	9.993022e-02
3.080431e-03	3.971868e-02	3.890834e-01	1.071632e-01
3.542495e-03	4.260707e-02	3.949449e-01	1.149198e-01
4.073870e-03	4.570453e-02	4.002802e-01	1.231744e-01
4.684950e-03	4.902618e-02	4.042007e-01	1.321401e-01
5.387693e-03	5.258824e-02	4.077845e-01	1.417270e-01
6.195847e-03	5.640813e-02	4.107209e-01	1.519850e-01
7.125224e-03	6.050450e-02	4.126031e-01	1.629852e-01
8.194007e-03	6.489736e-02	4.143082e-01	1.747821e-01
9.423108e-03	6.960818e-02	4.141763e-01	1.874326e-01
1.083657e-02	7.465997e-02	4.136729e-01	2.009988e-01
1.246206e-02	8.007741e-02	4.122538e-01	2.155470e-01
1.433137e-02	8.588696e-02	4.097118e-01	2.311482e-01
1.648108e-02	9.211701e-02	4.065335e-01	2.478786e-01
1.895324e-02	9.879799e-02	4.019295e-01	2.658199e-01
2.179622e-02	1.059625e-01	3.965005e-01	2.850597e-01
2.506566e-02	1.136457e-01	3.899260e-01	3.056923e-01
2.882550e-02	1.218849e-01	3.824034e-01	3.278183e-01
3.314933e-02	1.307205e-01	3.737415e-01	3.515457e-01
3.812173e-02	1.401956e-01	3.642903e-01	3.769904e-01
4.383999e-02	1.503565e-01	3.538807e-01	4.042769e-01
5.041599e-02	1.612529e-01	3.429911e-01	4.335385e-01
5.797838e-02	1.729380e-01	3.309946e-01	4.649181e-01
6.667514e-02	1.854688e-01	3.182923e-01	4.985688e-01
7.667641e-02	1.989066e-01	3.048433e-01	5.346551e-01
8.817787e-02	2.133171e-01	2.913122e-01	5.733534e-01
1.014046e-01	2.287706e-01	2.778564e-01	6.148530e-01
1.166152e-01	2.453426e-01	2.636862e-01	6.593562e-01
1.341075e-01	2.631141e-01	2.494100e-01	7.070803e-01
1.542237e-01	2.821719e-01	2.347075e-01	7.582587e-01
1.773572e-01	3.026092e-01	2.205433e-01	8.131418e-01
2.039608e-01	3.245257e-01	2.063690e-01	8.719974e-01
2.345549e-01	3.480285e-01	1.929591e-01	9.351126e-01
2.697381e-01	3.732324e-01	1.797571e-01	1.002797e+00
3.101989e-01	4.002607e-01	1.671165e-01	1.075378e+00
3.567287e-01	4.292453e-01	1.549865e-01	1.153211e+00
4.102380e-01	4.603283e-01	1.428149e-01	1.236722e+00
4.717737e-01	4.936623e-01	1.325168e-01	1.326928e+00
5.425397e-01	5.294090e-01	1.219679e-01	1.424627e+00
6.239207e-01	5.677430e-01	1.116992e-01	1.530487e+00
7.175088e-01	6.088517e-01	1.037234e-01	1.645298e+00
8.251351e-01	6.529359e-01	9.560197e-02	1.769960e+00
9.489054e-01	7.002111e-01	8.874524e-02	1.905513e+00
1.091241e+00	7.433785e-01	8.085999e-02	2.018169e+00
1.254927e+00	7.951292e-01	7.179196e-02	2.072723e+00
1.443166e+00	8.705767e-01	6.469513e-02	2.125025e+00
1.659641e+00	9.536057e-01	5.736549e-02	2.175208e+00
1.908588e+00	1.045903e+00	5.213786e-02	2.223885e+00
2.194876e+00	1.143188e+00	4.677385e-02	2.271752e+00
2.524107e+00	1.251191e+00	4.212019e-02	2.319856e+00
2.902723e+00	1.366547e+00	3.815091e-02	2.369602e+00
3.338132e+00	1.487092e+00	3.410620e-02	2.422815e+00
3.838852e+00	1.617592e+00	3.082283e-02	2.481787e+00
4.414679e+00	1.726027e+00	2.757505e-02	2.549334e+00
5.076881e+00	1.845277e+00	2.493965e-02	2.628825e+00
5.838413e+00	1.973395e+00	2.236771e-02	2.724245e+00
6.714175e+00	2.088575e+00	2.000750e-02	2.840255e+00
7.721302e+00	2.203292e+00	1.774615e-02	2.982181e+00
8.879497e+00	2.294467e+00	1.587526e-02	3.156074e+00
1.021142e+01	2.384938e+00	1.424861e-02	3.368720e+00
1.174313e+01	2.463690e+00	1.271679e-02	3.627712e+00
1.350460e+01	2.534643e+00	1.133674e-02	3.941541e+00
1.553030e+01	2.605796e+00	1.000278e-02	4.319783e+00
1.785984e+01	2.655786e+00	8.903872e-03	4.773429e+00
2.053882e+01	2.699355e+00	7.877463e-03	5.315381e+00
2.361964e+01	2.730216e+00	7.019809e-03	5.961124e+00
2.716258e+01	2.744543e+00	6.235286e-03	6.729617e+00
3.123697e+01	2.751531e+00	5.541219e-03	7.644388e+00
3.592252e+01	2.737282e+00	4.937360e-03	8.734916e+00
4.131089e+01	2.710316e+00	4.350728e-03	1.003831e+01
4.750753e+01	2.667712e+00	3.910670e-03	1.160142e+01
5.463366e+01	2.616898e+00	3.472803e-03	1.348349e+01
6.282871e+01	2.556736e+00	3.065984e-03	1.575952e+01
7.225301e+01	2.481641e+00	2.732121e-03	1.852496e+01
8.309096e+01	2.753679e+00	2.380905e-03	2.189851e+01
9.555461e+01	2.576120e+00	2.142819e-03	2.603665e+01
1.098878e+02	2.408355e+00	1.893872e-03	3.114955e+01
1.263710e+02	2.243266e+00	1.668339e-03	3.747016e+01
1.453266e+02	2.082003e+00	1.483127e-03	4.531407e+01
1.671256e+02	1.924571e+00	1.289826e-03	5.509256e+01
1.921945e+02	1.773904e+00	1.149142e-03	6.733179e+01
2.210236e+02	1.630629e+00	1.007615e-03	8.269726e+01
2.541772e+02	1.491743e+00	8.887753e-04	1.020776e+02
2.923037e+02	1.360173e+00	7.907104e-04	1.266736e+02
3.361493e+02	1.240147e+00	6.927570e-04	1.579540e+02
3.865717e+02	1.133878e+00	6.161425e-04	1.976292e+02
4.445574e+02	1.033952e+00	5.421810e-04	2.479963e+02
5.112411e+02	9.401418e-01	4.827734e-04	3.121225e+02
5.879272e+02	8.526227e-01	4.264640e-04	3.939723e+02
6.761163e+02	7.714750e-01	3.759011e-04	4.986651e+02
7.775337e+02	6.968389e-01	3.273137e-04	6.327629e+02
8.941638e+02	6.279028e-01	2.894345e-04	8.047680e+02
1.028288e+03	5.646585e-01	2.560541e-04	1.025800e+03
1.182532e+03	5.073531e-01	2.255528e-04	1.310003e+03
1.359911e+03	4.565879e-01	1.985183e-04	1.674998e+03
1.563898e+03	4.105431e-01	1.721864e-04	2.143232e+03
1.798483e+03	3.689839e-01	1.515618e-04	2.743908e+03
2.068255e+03	3.317204e-01	1.319358e-04	3.514121e+03
2.378493e+03	2.983480e-01	1.162176e-04	4.501079e+03
2.735268e+03	2.684636e-01	1.019387e-04	5.764590e+03
3.145558e+03	2.418124e-01	8.926366e-05	7.380187e+03
3.617391e+03	2.181452e-01	7.863950e-05	9.443048e+03
4.160000e+03	1.971140e-01	6.816431e-05	1.207255e+04
4.784000e+03	1.784385e-01	6.070363e-05	1.541772e+04
5.501600e+03	1.619309e-01	5.320930e-05	1.966367e+04
6.326840e+03	1.473605e-01	4.631423e-05	2.503901e+04
7.275866e+03	1.344975e-01	0.000000e+00	3.182425e+04
8.367246e+03	1.231854e-01	0.000000e+00	4.036113e+04
9.622333e+03	1.132726e-01	0.000000e+00	5.106261e+04
