# Energy_MeV	dEdx_Elec_MeV_um	dEdx_Nucl_MeV_um	Range_um
1.000000e-05	2.899456e-03	1.966241e-02	5.690996e-03
1.150000e-05	3.131609e-03	2.135995e-02	6.102914e-03
1.322500e-05	3.380413e-03	2.311510e-02	6.544646e-03
1.520875e-05	3.647087e-03	2.503554e-02	7.018351e-03
1.749006e-05	3.932935e-03	2.717433e-02	7.526343e-03
2.011357e-05	4.239356e-03	2.926396e-02	8.071103e-03
2.313061e-05	4.567849e-03	3.166504e-02	8.655294e-03
2.660020e-05	4.920019e-03	3.399631e-02	9.281769e-03
3.059023e-05	5.297589e-03	3.655855e-02	9.953588e-03
3.517876e-05	5.702403e-03	3.937579e-02	1.067403e-02
4.045558e-05	6.136442e-03	4.206286e-02	1.144663e-02
4.652391e-05	6.601825e-03	4.513643e-02	1.227514e-02
5.350250e-05	7.100827e-03	4.816914e-02	1.316362e-02
6.152788e-05	7.635887e-03	5.134258e-02	1.411641e-02
7.075706e-05	8.209618e-03	5.463724e-02	1.513816e-02
8.137062e-05	8.824824e-03	5.790070e-02	1.623387e-02
9.357621e-05	9.484511e-03	6.142051e-02	1.740889e-02
1.076126e-04	1.019190e-02	6.478835e-02	1.866895e-02
1.237545e-04	1.095045e-02	6.818720e-02	2.002022e-02
1.423177e-04	1.176387e-02	7.157311e-02	2.146929e-02
1.636654e-04	1.263613e-02	7.525793e-02	2.302325e-02
1.882152e-04	1.357148e-02	7.859702e-02	2.468969e-02
2.164475e-04	1.457451e-02	8.199471e-02	2.647674e-02
2.489146e-04	1.565011e-02	8.545581e-02	2.839314e-02
2.862518e-04	1.680354e-02	8.844270e-02	3.044825e-02
3.291895e-04	1.804043e-02	9.184844e-02	3.265211e-02
3.785680e-04	1.936682e-02	9.467330e-02	3.501549e-02
4.353531e-04	2.078920e-02	9.750577e-02	3.754993e-02
5.006561e-04	2.231450e-02	1.004139e-01	4.026781e-02
5.757545e-04	2.395020e-02	1.028527e-01	4.318242e-02
6.621177e-04	2.570426e-02	1.051915e-01	4.630799e-02
7.614354e-04	2.758528e-02	1.071508e-01	4.965978e-02
8.756507e-04	2.960242e-02	1.091044e-01	5.325419e-02
1.006998e-03	3.176556e-02	1.108131e-01	5.710875e-02
1.158048e-03	3.408525e-02	1.122471e-01	6.121072e-02
1.331755e-03	3.657283e-02	1.134119e-01	6.566762e-02
1.531519e-03	3.924045e-02	1.144053e-01	7.043039e-02
1.761246e-03	4.210114e-02	1.153605e-01	7.552814e-02
2.025433e-03	4.516888e-02	1.157911e-01	8.099463e-02
2.329248e-03	4.845866e-02	1.162672e-01	8.685703e-02
2.678635e-03	5.198655e-02	1.163078e-01	9.314362e-02
3.080431e-03	5.576978e-02	1.161658e-01	9.988526e-02
3.542495e-03	5.982683e-02	1.158574e-01	1.071149e-01
4.073870e-03	6.417753e-02	1.151018e-01	1.148678e-01
4.684950e-03	6.884313e-02	1.142219e-01	1.231819e-01
5.387693e-03	7.384642e-02	1.129990e-01	1.320977e-01
6.195847e-03	7.921185e-02	1.114783e-01	1.416589e-01
7.125224e-03	8.496562e-02	1.096830e-01	1.519121e-01
8.194007e-03	9.113585e-02	1.075922e-01	1.629075e-01
9.423108e-03	9.775268e-02	1.051912e-01	1.746987e-01
1.083657e-02	1.048484e-01	1.025690e-01	1.873433e-01
1.246206e-02	1.124578e-01	9.973020e-02	2.009032e-01
1.433137e-02	1.206179e-01	9.667092e-02	2.154446e-01
1.648108e-02	1.293686e-01	9.320719e-02	2.310385e-01
1.895324e-02	1.387528e-01	8.978111e-02	2.477610e-01
2.179622e-02	1.488161e-01	8.607859e-02	2.656939e-01
2.506566e-02	1.596078e-01	8.224483e-02	2.849249e-01
2.882550e-02	1.711807e-01	7.855743e-02	3.055479e-01
3.314933e-02	1.835912e-01	7.431692e-02	3.276635e-01
3.812173e-02	1.968999e-01	7.053184e-02	3.513797e-01
4.383999e-02	2.111720e-01	6.651233e-02	3.768126e-01
5.041599e-02	2.264771e-01	6.235642e-02	4.040864e-01
5.797838e-02	2.428899e-01	5.848006e-02	4.333344e-01
6.667514e-02	2.604908e-01	5.459243e-02	4.646991e-01
7.667641e-02	2.793656e-01	5.108012e-02	4.983343e-01
8.817787e-02	2.996065e-01	4.739122e-02	5.344038e-01
1.014046e-01	3.213125e-01	4.390962e-02	5.730808e-01
1.166152e-01	3.445906e-01	4.062966e-02	6.145879e-01
1.341075e-01	3.695551e-01	3.763563e-02	6.594355e-01
1.542237e-01	3.963266e-01	3.468539e-02	7.080069e-01
1.773572e-01	4.250357e-01	3.171590e-02	7.606391e-01
2.039608e-01	4.558229e-01	2.966585e-02	8.177235e-01
2.345549e-01	4.888350e-01	2.730831e-02	8.681520e-01
2.697381e-01	5.242326e-01	2.503174e-02	9.079030e-01
3.101989e-01	5.552949e-01	2.282813e-02	9.475965e-01
3.567287e-01	5.930653e-01	2.049041e-02	9.870983e-01
4.102380e-01	6.467678e-01	1.862046e-02	1.026339e+00
4.717737e-01	7.035258e-01	1.652585e-02	1.065346e+00
5.425397e-01	7.651948e-01	1.485606e-02	1.104268e+00
6.239207e-01	8.239897e-01	1.340167e-02	1.143404e+00
7.175088e-01	8.864423e-01	1.206458e-02	1.183258e+00
8.251351e-01	9.472296e-01	1.088190e-02	1.224567e+00
9.489054e-01	1.003756e+00	9.747595e-03	1.268341e+00
1.091241e+00	1.061013e+00	8.796089e-03	1.315908e+00
1.254927e+00	1.099147e+00	7.929035e-03	1.368960e+00
1.443166e+00	1.140927e+00	7.142441e-03	1.429606e+00
1.659641e+00	1.185074e+00	6.324604e-03	1.500411e+00
1.908588e+00	1.220387e+00	5.719672e-03	1.584448e+00
2.194876e+00	1.253370e+00	5.111705e-03	1.685354e+00
2.524107e+00	1.275929e+00	4.532046e-03	1.807384e+00
2.902723e+00	1.295853e+00	4.095160e-03	1.955468e+00
3.338132e+00	1.309935e+00	3.592741e-03	2.135308e+00
3.838852e+00	1.318588e+00	3.244589e-03	2.353497e+00
4.414679e+00	1.324793e+00	2.886339e-03	2.617716e+00
5.076881e+00	1.321667e+00	2.538444e-03	2.937029e+00
5.838413e+00	1.313611e+00	2.263749e-03	3.322319e+00
6.714175e+00	1.299179e+00	2.001214e-03	3.786883e+00
7.721302e+00	1.277481e+00	1.795216e-03	4.347228e+00
8.879497e+00	1.250801e+00	1.587194e-03	5.024100e+00
1.021142e+01	1.217134e+00	1.408533e-03	5.843809e+00
1.174313e+01	1.179212e+00	1.254249e-03	6.839906e+00
1.350460e+01	1.136332e+00	1.119218e-03	8.055352e+00
1.553030e+01	1.088698e+00	9.951681e-04	9.545232e+00
1.785984e+01	1.035856e+00	8.751132e-04	1.138025e+01
2.053882e+01	9.807982e-01	7.859969e-04	1.365154e+01
2.361964e+01	9.952531e-01	6.877125e-04	1.647402e+01
2.716258e+01	9.167466e-01	6.148838e-04	2.000036e+01
3.123697e+01	8.435369e-01	5.434244e-04	2.443385e+01
3.592252e+01	7.737583e-01	4.767266e-04	3.000867e+01
4.131089e+01	7.072907e-01	4.270733e-04	3.704007e+01
4.750753e+01	6.441819e-01	3.723040e-04	4.593850e+01
5.463366e+01	5.852181e-01	3.290545e-04	5.723025e+01
6.282871e+01	5.305448e-01	2.903489e-04	7.158448e+01
7.225301e+01	4.786476e-01	2.561501e-04	8.989291e+01
8.309096e+01	4.306566e-01	2.262654e-04	1.133535e+02
9.555461e+01	3.879171e-01	1.989523e-04	1.434347e+02
1.098878e+02	3.505250e-01	1.765564e-04	1.818635e+02
1.263710e+02	3.161637e-01	1.566160e-04	2.309477e+02
1.453266e+02	2.846675e-01	1.388880e-04	2.937435e+02
1.671256e+02	2.559144e-01	1.205298e-04	3.741898e+02
1.921945e+02	2.297887e-01	1.078662e-04	4.773588e+02
2.210236e+02	2.061950e-01	9.484812e-05	6.097371e+02
2.541772e+02	1.847334e-01	8.286486e-05	7.797176e+02
2.923037e+02	1.653363e-01	7.392286e-05	9.982519e+02
3.361493e+02	1.479987e-01	6.375602e-05	1.279239e+03
3.865717e+02	1.327832e-01	5.700633e-05	1.639984e+03
4.445574e+02	1.191158e-01	4.995251e-05	2.102563e+03
5.112411e+02	1.068711e-01	4.331143e-05	2.695680e+03
5.879272e+02	9.593759e-02	0.000000e+00	3.455794e+03
6.761163e+02	8.618552e-02	0.000000e+00	4.429324e+03
7.775337e+02	7.750125e-02	0.000000e+00	5.675100e+03
8.941638e+02	6.978019e-02	0.000000e+00	7.267439e+03
1.028288e+03	6.292511e-02	0.000000e+00	9.300005e+03
1.182532e+03	5.684187e-02	0.000000e+00	1.189028e+04
1.359911e+03	5.144999e-02	0.000000e+00	1.518489e+04
1.563898e+03	4.668450e-02	0.000000e+00	1.936595e+04
1.798483e+03	4.247778e-02	0.000000e+00	2.465831e+04
2.068255e+03	3.876676e-02	0.000000e+00	3.133777e+04
2.378493e+03	3.550224e-02	0.000000e+00	3.974017e+04
2.735268e+03	3.263924e-02	0.000000e+00	5.027125e+04
3.145558e+03	3.013378e-02	0.000000e+00	6.341694e+04
3.617391e+03	2.794866e-02	0.000000e+00	7.975397e+04
4.160000e+03	2.605233e-02	0.000000e+00	9.996013e+04
4.784000e+03	2.441352e-02	0.000000e+00	1.248239e+05
5.501600e+03	2.300425e-02	0.000000e+00	1.552532e+05
6.326840e+03	2.180223e-02	0.000000e+00	1.922824e+05
7.275866e+03	2.078688e-02	0.000000e+00	2.370796e+05
8.367246e+03	1.993832e-02	0.000000e+00	2.909466e+05
9.622333e+03	1.922069e-02	0.000000e+00	3.553557e+05
