# Energy_MeV	dEdx_Elec_MeV_um	dEdx_Nucl_MeV_um	Range_um
1.000000e-05	2.339487e-03	2.743787e-02	6.325173e-03
1.150000e-05	2.524670e-03	2.994627e-02	6.782992e-03
1.322500e-05	2.723161e-03	3.262082e-02	7.273949e-03
1.520875e-05	2.935930e-03	3.553004e-02	7.800441e-03
1.749006e-05	3.164020e-03	3.863504e-02	8.365041e-03
2.011357e-05	3.408546e-03	4.200471e-02	8.970507e-03
2.313061e-05	3.670702e-03	4.542898e-02	9.619797e-03
2.660020e-05	3.951771e-03	4.923571e-02	1.031608e-02
3.059023e-05	4.253126e-03	5.334616e-02	1.106277e-02
3.517876e-05	4.576240e-03	5.750613e-02	1.186350e-02
4.045558e-05	4.922692e-03	6.228532e-02	1.272218e-02
4.652391e-05	5.294175e-03	6.675228e-02	1.364302e-02
5.350250e-05	5.692505e-03	7.185690e-02	1.463051e-02
6.152788e-05	6.119627e-03	7.722332e-02	1.568947e-02
7.075706e-05	6.577628e-03	8.257895e-02	1.682509e-02
8.137062e-05	7.068747e-03	8.870554e-02	1.804289e-02
9.357621e-05	7.595382e-03	9.447074e-02	1.934885e-02
1.076126e-04	8.160106e-03	1.008002e-01	2.074933e-02
1.237545e-04	8.765680e-03	1.071245e-01	2.225118e-02
1.423177e-04	9.415060e-03	1.135155e-01	2.386173e-02
1.636654e-04	1.011142e-02	1.204422e-01	2.558885e-02
1.882152e-04	1.085816e-02	1.268962e-01	2.744099e-02
2.164475e-04	1.165893e-02	1.337029e-01	2.942718e-02
2.489146e-04	1.251765e-02	1.401436e-01	3.155713e-02
2.862518e-04	1.343850e-02	1.471849e-01	3.384126e-02
3.291895e-04	1.442599e-02	1.537062e-01	3.629070e-02
3.785680e-04	1.548493e-02	1.605121e-01	3.891744e-02
4.353531e-04	1.662051e-02	1.669684e-01	4.173431e-02
5.006561e-04	1.783828e-02	1.729114e-01	4.475506e-02
5.757545e-04	1.914417e-02	1.792872e-01	4.799446e-02
6.621177e-04	2.054457e-02	1.848077e-01	5.146832e-02
7.614354e-04	2.204632e-02	1.905001e-01	5.519363e-02
8.756507e-04	2.365677e-02	1.957837e-01	5.918857e-02
1.006998e-03	2.538377e-02	2.006638e-01	6.347267e-02
1.158048e-03	2.723576e-02	2.050340e-01	6.806685e-02
1.331755e-03	2.922179e-02	2.089350e-01	7.299357e-02
1.531519e-03	3.135156e-02	2.125633e-01	7.827688e-02
1.761246e-03	3.363549e-02	2.157037e-01	8.394260e-02
2.025433e-03	3.608471e-02	2.185898e-01	9.001841e-02
2.329248e-03	3.871121e-02	2.206697e-01	9.648559e-02
2.678635e-03	4.152781e-02	2.226713e-01	1.035124e-01
3.080431e-03	4.454827e-02	2.242692e-01	1.110168e-01
3.542495e-03	4.778735e-02	2.251675e-01	1.190523e-01
4.073870e-03	5.126087e-02	2.261635e-01	1.276688e-01
4.684950e-03	5.498581e-02	2.259686e-01	1.369095e-01
5.387693e-03	5.898035e-02	2.257259e-01	1.468188e-01
6.195847e-03	6.326401e-02	2.248991e-01	1.574454e-01
7.125224e-03	6.785773e-02	2.234315e-01	1.688413e-01
8.194007e-03	7.278394e-02	2.217169e-01	1.810619e-01
9.423108e-03	7.806671e-02	2.191347e-01	1.941671e-01
1.083657e-02	8.373184e-02	2.161403e-01	2.082207e-01
1.246206e-02	8.980702e-02	2.125187e-01	2.232917e-01
1.433137e-02	9.632192e-02	2.083706e-01	2.394535e-01
1.648108e-02	1.033084e-01	2.036146e-01	2.567851e-01
1.895324e-02	1.108005e-01	1.984271e-01	2.753711e-01
2.179622e-02	1.188349e-01	1.927814e-01	2.953023e-01
2.506566e-02	1.274509e-01	1.867917e-01	3.166763e-01
2.882550e-02	1.366904e-01	1.800787e-01	3.395974e-01
3.314933e-02	1.465988e-01	1.733101e-01	3.641774e-01
3.812173e-02	1.572243e-01	1.659298e-01	3.905365e-01
4.383999e-02	1.686189e-01	1.586290e-01	4.188035e-01
5.041599e-02	1.808382e-01	1.512614e-01	4.491166e-01
5.797838e-02	1.939419e-01	1.432361e-01	4.816238e-01
6.667514e-02	2.079942e-01	1.357488e-01	5.164838e-01
7.667641e-02	2.230635e-01	1.277079e-01	5.538668e-01
8.817787e-02	2.392236e-01	1.199587e-01	5.939558e-01
1.014046e-01	2.565533e-01	1.122196e-01	6.369466e-01
1.166152e-01	2.751373e-01	1.048693e-01	6.830490e-01
1.341075e-01	2.950665e-01	9.783337e-02	7.324880e-01
1.542237e-01	3.164382e-01	9.082200e-02	7.855058e-01
1.773572e-01	3.393568e-01	8.426460e-02	8.423615e-01
2.039608e-01	3.639342e-01	7.770216e-02	9.033242e-01
2.345549e-01	3.902914e-01	7.211357e-02	9.687647e-01
2.697381e-01	4.185573e-01	6.619200e-02	1.039496e+00
3.101989e-01	4.488691e-01	6.079833e-02	1.116099e+00
3.567287e-01	4.813748e-01	5.662975e-02	1.199112e+00
4.102380e-01	5.162334e-01	5.187665e-02	1.289151e+00
4.717737e-01	5.536151e-01	4.808638e-02	1.386929e+00
5.425397e-01	5.936965e-01	4.372757e-02	1.445980e+00
6.239207e-01	6.301185e-01	3.908870e-02	1.501427e+00
7.175088e-01	6.761574e-01	3.529504e-02	1.556053e+00
8.251351e-01	7.404660e-01	3.112695e-02	1.609810e+00
9.489054e-01	8.092278e-01	2.832920e-02	1.662791e+00
1.091241e+00	8.852896e-01	2.540040e-02	1.715277e+00
1.254927e+00	9.612798e-01	2.296789e-02	1.767780e+00
1.443166e+00	1.043472e+00	2.072702e-02	1.821096e+00
1.659641e+00	1.128146e+00	1.851940e-02	1.876355e+00
1.908588e+00	1.209236e+00	1.674679e-02	1.935038e+00
2.194876e+00	1.293178e+00	1.500718e-02	1.999144e+00
2.524107e+00	1.354946e+00	1.357485e-02	2.071128e+00
2.902723e+00	1.422476e+00	1.208620e-02	2.154017e+00
3.338132e+00	1.494945e+00	1.089030e-02	2.251458e+00
3.838852e+00	1.553786e+00	9.663449e-03	2.367768e+00
4.414679e+00	1.610816e+00	8.644273e-03	2.508009e+00
5.076881e+00	1.654611e+00	7.762192e-03	2.678024e+00
5.838413e+00	1.694403e+00	6.868183e-03	2.884497e+00
6.714175e+00	1.727807e+00	6.171406e-03	3.135068e+00
7.721302e+00	1.753458e+00	5.448066e-03	3.438455e+00
8.879497e+00	1.776896e+00	4.838341e-03	3.804703e+00
1.021142e+01	1.788223e+00	4.286425e-03	4.245553e+00
1.174313e+01	1.792495e+00	3.809257e-03	4.775001e+00
1.350460e+01	1.789303e+00	3.392518e-03	5.410054e+00
1.553030e+01	1.774647e+00	3.009281e-03	6.171723e+00
1.785984e+01	1.754028e+00	2.682875e-03	7.086301e+00
2.053882e+01	1.722590e+00	2.372531e-03	8.186972e+00
2.361964e+01	1.683615e+00	2.128744e-03	9.515842e+00
2.716258e+01	1.636730e+00	1.878611e-03	1.112651e+01
3.123697e+01	1.583629e+00	1.667916e-03	1.308733e+01
3.592252e+01	1.523675e+00	1.487860e-03	1.548552e+01
4.131089e+01	1.457393e+00	1.292814e-03	1.843310e+01
4.750753e+01	1.520761e+00	1.167245e-03	2.207007e+01
5.463366e+01	1.409069e+00	1.023479e-03	2.658407e+01
6.282871e+01	1.304284e+00	9.081065e-04	3.222218e+01
7.225301e+01	1.203078e+00	8.077598e-04	3.926674e+01
8.309096e+01	1.105758e+00	7.002622e-04	4.810090e+01
9.555461e+01	1.012473e+00	6.242799e-04	5.922322e+01
1.098878e+02	9.245722e-01	5.469092e-04	7.327153e+01
1.263710e+02	8.422604e-01	4.851343e-04	9.105815e+01
1.453266e+02	7.633024e-01	4.294886e-04	1.136711e+02
1.671256e+02	6.898147e-01	3.764562e-04	1.425702e+02
1.921945e+02	6.241313e-01	3.347292e-04	1.795319e+02
2.210236e+02	5.660355e-01	2.950953e-04	2.266512e+02
2.541772e+02	5.122086e-01	2.628546e-04	2.867528e+02
2.923037e+02	4.624737e-01	2.300699e-04	3.635712e+02
3.361493e+02	4.167628e-01	2.046671e-04	4.619256e+02
3.865717e+02	3.749787e-01	1.783501e-04	5.880230e+02
4.445574e+02	3.370459e-01	1.576276e-04	7.498074e+02
5.112411e+02	3.023477e-01	1.395491e-04	9.575743e+02
5.879272e+02	2.709004e-01	1.216441e-04	1.224748e+03
6.761163e+02	2.427474e-01	1.080898e-04	1.568339e+03
7.775337e+02	2.179461e-01	9.382861e-05	2.009522e+03
8.941638e+02	1.956098e-01	8.233835e-05	2.575369e+03
1.028288e+03	1.755615e-01	7.189635e-05	3.301034e+03
1.182532e+03	1.576470e-01	6.304477e-05	4.231145e+03
1.359911e+03	1.416580e-01	5.539062e-05	5.422503e+03
1.563898e+03	1.274042e-01	4.845926e-05	6.947072e+03
1.798483e+03	1.147260e-01	0.000000e+00	8.895742e+03
2.068255e+03	1.034714e-01	0.000000e+00	1.138304e+04
2.378493e+03	9.348285e-02	0.000000e+00	1.455256e+04
2.735268e+03	8.462927e-02	0.000000e+00	1.858350e+04
3.145558e+03	7.680628e-02	0.000000e+00	2.369834e+04
3.617391e+03	6.990148e-02	0.000000e+00	3.017171e+04
4.160000e+03	6.381114e-02	0.000000e+00	3.834029e+04
4.784000e+03	5.845633e-02	0.000000e+00	4.861396e+04
5.501600e+03	5.376185e-02	0.000000e+00	6.148758e+04
6.326840e+03	4.965135e-02	0.000000e+00	7.755363e+04
7.275866e+03	4.606475e-02	0.000000e+00	9.751486e+04
8.367246e+03	4.295307e-02	0.000000e+00	1.221967e+05
9.622333e+03	4.026437e-02	0.000000e+00	1.525590e+05
