# Energy_MeV	dEdx_Elec_MeV_um	dEdx_Nucl_MeV_um	Range_um
1.000000e-05	2.734159e-03	1.606906e-02	7.309390e-03
1.150000e-05	2.947700e-03	1.743149e-02	7.838448e-03
1.322500e-05	3.176618e-03	1.877645e-02	8.405799e-03
1.520875e-05	3.422031e-03	2.030063e-02	9.014215e-03
1.749006e-05	3.685140e-03	2.180315e-02	9.666669e-03
2.011357e-05	3.967231e-03	2.345198e-02	1.036635e-02
2.313061e-05	4.269683e-03	2.524364e-02	1.111667e-02
2.660020e-05	4.593973e-03	2.697261e-02	1.192130e-02
3.059023e-05	4.941687e-03	2.892697e-02	1.278417e-02
3.517876e-05	5.314523e-03	3.088275e-02	1.370949e-02
4.045558e-05	5.714305e-03	3.290354e-02	1.470179e-02
4.652391e-05	6.142983e-03	3.500145e-02	1.576592e-02
5.350250e-05	6.602655e-03	3.709892e-02	1.690706e-02
6.152788e-05	7.095564e-03	3.933549e-02	1.813081e-02
7.075706e-05	7.624120e-03	4.150617e-02	1.944312e-02
8.137062e-05	8.190905e-03	4.364835e-02	2.085043e-02
9.357621e-05	8.798687e-03	4.582975e-02	2.235959e-02
1.076126e-04	9.450437e-03	4.819890e-02	2.397799e-02
1.237545e-04	1.014934e-02	5.030336e-02	2.571353e-02
1.423177e-04	1.089881e-02	5.248667e-02	2.757469e-02
1.636654e-04	1.170250e-02	5.465341e-02	2.957056e-02
1.882152e-04	1.256435e-02	5.658291e-02	3.171089e-02
2.164475e-04	1.348856e-02	5.877035e-02	3.400614e-02
2.489146e-04	1.447965e-02	6.054283e-02	3.646753e-02
2.862518e-04	1.554246e-02	6.236134e-02	3.910707e-02
3.291895e-04	1.668219e-02	6.418643e-02	4.193766e-02
3.785680e-04	1.790440e-02	6.574369e-02	4.497313e-02
4.353531e-04	1.921506e-02	6.723469e-02	4.822830e-02
5.006561e-04	2.062057e-02	6.847050e-02	5.171910e-02
5.757545e-04	2.212781e-02	6.972913e-02	5.546255e-02
6.621177e-04	2.374413e-02	7.079915e-02	5.947696e-02
7.614354e-04	2.547743e-02	7.168940e-02	6.378193e-02
8.756507e-04	2.733618e-02	7.243159e-02	6.839850e-02
1.006998e-03	2.932947e-02	7.307434e-02	7.334860e-02
1.158048e-03	3.146702e-02	7.366247e-02	7.866105e-02
1.331755e-03	3.375928e-02	7.393610e-02	8.435291e-02
1.531519e-03	3.621745e-02	7.421618e-02	9.045917e-02
1.761246e-03	3.885353e-02	7.424358e-02	9.700632e-02
2.025433e-03	4.168042e-02	7.414872e-02	1.040276e-01
2.329248e-03	4.471191e-02	7.393445e-02	1.115570e-01
2.678635e-03	4.796281e-02	7.344492e-02	1.196314e-01
3.080431e-03	5.144902e-02	7.286763e-02	1.282903e-01
3.542495e-03	5.518755e-02	7.208075e-02	1.375758e-01
4.073870e-03	5.919668e-02	7.109743e-02	1.475335e-01
4.684950e-03	6.349598e-02	6.994218e-02	1.582119e-01
5.387693e-03	6.810647e-02	6.859412e-02	1.696632e-01
6.195847e-03	7.305066e-02	6.705608e-02	1.819434e-01
7.125224e-03	7.835272e-02	6.536647e-02	1.951123e-01
8.194007e-03	8.403854e-02	6.355861e-02	2.092346e-01
9.423108e-03	9.013589e-02	6.158765e-02	2.243790e-01
1.083657e-02	9.667458e-02	5.935760e-02	2.406195e-01
1.246206e-02	1.036865e-01	5.718222e-02	2.580355e-01
1.433137e-02	1.112060e-01	5.479994e-02	2.767120e-01
1.648108e-02	1.192698e-01	5.238164e-02	2.967405e-01
1.895324e-02	1.279172e-01	5.000404e-02	3.182187e-01
2.179622e-02	1.371905e-01	4.727731e-02	3.412513e-01
2.506566e-02	1.471350e-01	4.488717e-02	3.659510e-01
2.882550e-02	1.577993e-01	4.230340e-02	3.924386e-01
3.314933e-02	1.692355e-01	3.966815e-02	4.208435e-01
3.812173e-02	1.814994e-01	3.721076e-02	4.513043e-01
4.383999e-02	1.946510e-01	3.471592e-02	4.839696e-01
5.041599e-02	2.087546e-01	3.249037e-02	5.189994e-01
5.797838e-02	2.238789e-01	3.011345e-02	5.565649e-01
6.667514e-02	2.400980e-01	2.791394e-02	5.968485e-01
7.667641e-02	2.574910e-01	2.585547e-02	6.400527e-01
8.817787e-02	2.761429e-01	2.393040e-02	6.863646e-01
1.014046e-01	2.961464e-01	2.203401e-02	7.361999e-01
1.166152e-01	3.175980e-01	2.018923e-02	7.901555e-01
1.341075e-01	3.406023e-01	1.887721e-02	8.485876e-01
1.542237e-01	3.652716e-01	1.736838e-02	9.119333e-01
1.773572e-01	3.917261e-01	1.589024e-02	9.780137e-01
2.039608e-01	4.200917e-01	1.446951e-02	1.029598e+00
2.345549e-01	4.472812e-01	1.302565e-02	1.081657e+00
2.697381e-01	4.708793e-01	1.182814e-02	1.133964e+00
3.101989e-01	5.047144e-01	1.051209e-02	1.186343e+00
3.567287e-01	5.465381e-01	9.429724e-03	1.238723e+00
4.102380e-01	5.859008e-01	8.514082e-03	1.291179e+00
4.717737e-01	6.264753e-01	7.668381e-03	1.343959e+00
5.425397e-01	6.653885e-01	6.910820e-03	1.397541e+00
6.239207e-01	7.007121e-01	6.195266e-03	1.452691e+00
7.175088e-01	7.365228e-01	5.581368e-03	1.510510e+00
8.251351e-01	7.642840e-01	5.041786e-03	1.572508e+00
9.489054e-01	7.888358e-01	4.534498e-03	1.640650e+00
1.091241e+00	8.075125e-01	4.009732e-03	1.717430e+00
1.254927e+00	8.263389e-01	3.632445e-03	1.805955e+00
1.443166e+00	8.454751e-01	3.242544e-03	1.910011e+00
1.659641e+00	8.570787e-01	2.879706e-03	2.034155e+00
1.908588e+00	8.661392e-01	2.599563e-03	2.183816e+00
2.194876e+00	8.721743e-01	2.277398e-03	2.365404e+00
2.524107e+00	8.726061e-01	2.060271e-03	2.586451e+00
2.902723e+00	8.710034e-01	1.830553e-03	2.855787e+00
3.338132e+00	8.652733e-01	1.611156e-03	3.183797e+00
3.838852e+00	8.558191e-01	1.438162e-03	3.582798e+00
4.414679e+00	8.426309e-01	1.269010e-03	4.067588e+00
5.076881e+00	8.244479e-01	1.140180e-03	4.656222e+00
5.838413e+00	8.029986e-01	1.006093e-03	5.371065e+00
6.714175e+00	7.775741e-01	8.938693e-04	6.240241e+00
7.721302e+00	7.491108e-01	7.975800e-04	7.299463e+00
8.879497e+00	7.168698e-01	7.106717e-04	8.594496e+00
1.021142e+01	6.855017e-01	6.310991e-04	1.018428e+01
1.174313e+01	6.502936e-01	5.558610e-04	1.214495e+01
1.350460e+01	6.114024e-01	4.987279e-04	1.457506e+01
1.553030e+01	5.726731e-01	4.375076e-04	1.760177e+01
1.785984e+01	5.314521e-01	3.904170e-04	2.139022e+01
2.053882e+01	5.248638e-01	3.446058e-04	2.614842e+01
2.361964e+01	4.799115e-01	3.027847e-04	3.216399e+01
2.716258e+01	4.379423e-01	2.709537e-04	3.978869e+01
3.123697e+01	3.984608e-01	2.366356e-04	4.945590e+01
3.592252e+01	3.612077e-01	2.086393e-04	6.174326e+01
4.131089e+01	3.265732e-01	1.843372e-04	7.739733e+01
4.750753e+01	2.947525e-01	1.627257e-04	9.736233e+01
5.463366e+01	2.653869e-01	1.435991e-04	1.228570e+02
6.282871e+01	2.379106e-01	1.263904e-04	1.555252e+02
7.225301e+01	2.130050e-01	1.119327e-04	1.975020e+02
8.309096e+01	1.917098e-01	9.955562e-05	2.513060e+02
9.555461e+01	1.725810e-01	8.811537e-05	3.200453e+02
1.098878e+02	1.551648e-01	7.632697e-05	4.079386e+02
1.263710e+02	1.393324e-01	6.846678e-05	5.204539e+02
1.453266e+02	1.249922e-01	6.012204e-05	6.646472e+02
1.671256e+02	1.120645e-01	5.262964e-05	8.495623e+02
1.921945e+02	1.004350e-01	4.689787e-05	1.086799e+03
2.210236e+02	8.984862e-02	4.032769e-05	1.391489e+03
2.541772e+02	8.036866e-02	0.000000e+00	1.783180e+03
2.923037e+02	7.199610e-02	0.000000e+00	2.286408e+03
3.361493e+02	6.457265e-02	0.000000e+00	2.931867e+03
3.865717e+02	5.791709e-02	0.000000e+00	3.759356e+03
4.445574e+02	5.196890e-02	0.000000e+00	4.820042e+03
5.112411e+02	4.666114e-02	0.000000e+00	6.178935e+03
5.879272e+02	4.193227e-02	0.000000e+00	7.918665e+03
6.761163e+02	3.772591e-02	0.000000e+00	1.014380e+04
7.775337e+02	3.398854e-02	0.000000e+00	1.298628e+04
8.941638e+02	3.067111e-02	0.000000e+00	1.661212e+04
1.028288e+03	2.772830e-02	0.000000e+00	2.122903e+04
1.182532e+03	2.512326e-02	0.000000e+00	2.709575e+04
1.359911e+03	2.282239e-02	0.000000e+00	3.453282e+04
1.563898e+03	2.079150e-02	0.000000e+00	4.393486e+04
1.798483e+03	1.900171e-02	0.000000e+00	5.578441e+04
2.068255e+03	1.742912e-02	0.000000e+00	7.066705e+04
2.378493e+03	1.605135e-02	0.000000e+00	8.928762e+04
2.735268e+03	1.484788e-02	0.000000e+00	1.124869e+05
3.145558e+03	1.380079e-02	0.000000e+00	1.412587e+05
3.617391e+03	1.289375e-02	0.000000e+00	1.767652e+05
4.160000e+03	1.211152e-02	0.000000e+00	2.203530e+05
4.784000e+03	1.144114e-02	0.000000e+00	2.735651e+05
5.501600e+03	1.087162e-02	0.000000e+00	3.381518e+05
6.326840e+03	1.039263e-02	0.000000e+00	4.160816e+05
7.275866e+03	9.994806e-03	0.000000e+00	5.095413e+05
8.367246e+03	9.651670e-03	0.000000e+00	6.210617e+05
9.622333e+03	9.372199e-03	0.000000e+00	6.815942e+05
