# Energy_MeV	dEdx_Elec_MeV_um	dEdx_Nucl_MeV_um	Range_um
1.000000e-05	2.668505e-03	3.073774e-02	4.347658e-03
1.150000e-05	2.890357e-03	3.373949e-02	4.662343e-03
1.322500e-05	3.127994e-03	3.689474e-02	4.999806e-03
1.520875e-05	3.382583e-03	4.051946e-02	5.361695e-03
1.749006e-05	3.655375e-03	4.420404e-02	5.749777e-03
2.011357e-05	3.947706e-03	4.834272e-02	6.165949e-03
2.313061e-05	4.261009e-03	5.272065e-02	6.612244e-03
2.660020e-05	4.596818e-03	5.736826e-02	7.090841e-03
3.059023e-05	4.956776e-03	6.256484e-02	7.604080e-03
3.517876e-05	5.342644e-03	6.786294e-02	8.154468e-03
4.045558e-05	5.756310e-03	7.369336e-02	8.744692e-03
4.652391e-05	6.199795e-03	7.968076e-02	9.377638e-03
5.350250e-05	6.675268e-03	8.637797e-02	1.005640e-02
6.152788e-05	7.185053e-03	9.331631e-02	1.078428e-02
7.075706e-05	7.731641e-03	1.008423e-01	1.156486e-02
8.137062e-05	8.317704e-03	1.086660e-01	1.240193e-02
9.357621e-05	8.946106e-03	1.166979e-01	1.329958e-02
1.076126e-04	9.619917e-03	1.255784e-01	1.426221e-02
1.237545e-04	1.034243e-02	1.345529e-01	1.529452e-02
1.423177e-04	1.111717e-02	1.442448e-01	1.640155e-02
1.636654e-04	1.194793e-02	1.542504e-01	1.758870e-02
1.882152e-04	1.283877e-02	1.646445e-01	1.886178e-02
2.164475e-04	1.379404e-02	1.752037e-01	2.022700e-02
2.489146e-04	1.481840e-02	1.859725e-01	2.169105e-02
2.862518e-04	1.591686e-02	1.970907e-01	2.326106e-02
3.291895e-04	1.709479e-02	2.083162e-01	2.494470e-02
3.785680e-04	1.835794e-02	2.199958e-01	2.675021e-02
4.353531e-04	1.971248e-02	2.307264e-01	2.868641e-02
5.006561e-04	2.116503e-02	2.423252e-01	3.076275e-02
5.757545e-04	2.272269e-02	2.540204e-01	3.298937e-02
6.621177e-04	2.439306e-02	2.647433e-01	3.537716e-02
7.614354e-04	2.618431e-02	2.770213e-01	3.793777e-02
8.756507e-04	2.810518e-02	2.864125e-01	4.068373e-02
1.006998e-03	3.016507e-02	2.971851e-01	4.362844e-02
1.158048e-03	3.237404e-02	3.073239e-01	4.678629e-02
1.331755e-03	3.474287e-02	3.162997e-01	5.017271e-02
1.531519e-03	3.728313e-02	3.264255e-01	5.380423e-02
1.761246e-03	4.000725e-02	3.341147e-01	5.769861e-02
2.025433e-03	4.292853e-02	3.423168e-01	6.187487e-02
2.329248e-03	4.606123e-02	3.491998e-01	6.635340e-02
2.678635e-03	4.942067e-02	3.553553e-01	7.112428e-02
3.080431e-03	5.302325e-02	3.615244e-01	7.630351e-02
3.542495e-03	5.688657e-02	3.661007e-01	8.183118e-02
4.073870e-03	6.102952e-02	3.705952e-01	8.775456e-02
4.684950e-03	6.547232e-02	3.737591e-01	9.410588e-02
5.387693e-03	7.023669e-02	3.768845e-01	1.009172e-01
6.195847e-03	7.534589e-02	3.789281e-01	1.082215e-01
7.125224e-03	8.082490e-02	3.805715e-01	1.160545e-01
8.194007e-03	8.670047e-02	3.812423e-01	1.244545e-01
9.423108e-03	9.300130e-02	3.808759e-01	1.334624e-01
1.083657e-02	9.975819e-02	3.800397e-01	1.431223e-01
1.246206e-02	1.070041e-01	3.780690e-01	1.534814e-01
1.433137e-02	1.147746e-01	3.754304e-01	1.645904e-01
1.648108e-02	1.231074e-01	3.717884e-01	1.765034e-01
1.895324e-02	1.320433e-01	3.671291e-01	1.892786e-01
2.179622e-02	1.416261e-01	3.615410e-01	2.029785e-01
2.506566e-02	1.519024e-01	3.550224e-01	2.176701e-01
2.882550e-02	1.629226e-01	3.474932e-01	2.334251e-01
3.314933e-02	1.747404e-01	3.391449e-01	2.503204e-01
3.812173e-02	1.874135e-01	3.297686e-01	2.684385e-01
4.383999e-02	2.010040e-01	3.202092e-01	2.878680e-01
5.041599e-02	2.155781e-01	3.093766e-01	3.087039e-01
5.797838e-02	2.312071e-01	2.978415e-01	3.310480e-01
6.667514e-02	2.479674e-01	2.862274e-01	3.550093e-01
7.667641e-02	2.659407e-01	2.730601e-01	3.807049e-01
8.817787e-02	2.852150e-01	2.614593e-01	4.082603e-01
1.014046e-01	3.058844e-01	2.481505e-01	4.378103e-01
1.166152e-01	3.280498e-01	2.349802e-01	4.694992e-01
1.341075e-01	3.518196e-01	2.223153e-01	5.034817e-01
1.542237e-01	3.773098e-01	2.081654e-01	5.399236e-01
1.773572e-01	4.046450e-01	1.959387e-01	5.790034e-01
2.039608e-01	4.339588e-01	1.828368e-01	6.209132e-01
2.345549e-01	4.653943e-01	1.707445e-01	6.658466e-01
2.697381e-01	4.991068e-01	1.591694e-01	7.141010e-01
3.101989e-01	5.352609e-01	1.471273e-01	7.662813e-01
3.567287e-01	5.740318e-01	1.366399e-01	8.227910e-01
4.102380e-01	6.156090e-01	1.260501e-01	8.840350e-01
4.717737e-01	6.601955e-01	1.167158e-01	9.504683e-01
5.425397e-01	7.080094e-01	1.069292e-01	1.022619e+00
6.239207e-01	7.589521e-01	9.902028e-02	1.101097e+00
7.175088e-01	8.039477e-01	9.143988e-02	1.186620e+00
8.251351e-01	8.632316e-01	8.443410e-02	1.224486e+00
9.489054e-01	9.444593e-01	7.758778e-02	1.249505e+00
1.091241e+00	1.033178e+00	6.971450e-02	1.273170e+00
1.254927e+00	1.132623e+00	6.273995e-02	1.295770e+00
1.443166e+00	1.238430e+00	5.584511e-02	1.317855e+00
1.659641e+00	1.355485e+00	5.019191e-02	1.340079e+00
1.908588e+00	1.483822e+00	4.512947e-02	1.363304e+00
2.194876e+00	1.617743e+00	4.074166e-02	1.388616e+00
2.524107e+00	1.762290e+00	3.671830e-02	1.417353e+00
2.902723e+00	1.893249e+00	3.302907e-02	1.451126e+00
3.338132e+00	2.037031e+00	2.977197e-02	1.491844e+00
3.838852e+00	2.195065e+00	2.659734e-02	1.541737e+00
4.414679e+00	2.331534e+00	2.411941e-02	1.603339e+00
5.076881e+00	2.470452e+00	2.153738e-02	1.679580e+00
5.838413e+00	2.590238e+00	1.928032e-02	1.773709e+00
6.714175e+00	2.702052e+00	1.734389e-02	1.889346e+00
7.721302e+00	2.808681e+00	1.523502e-02	2.030501e+00
8.879497e+00	2.901293e+00	1.384259e-02	2.201618e+00
1.021142e+01	2.994159e+00	1.226926e-02	2.407695e+00
1.174313e+01	3.069561e+00	1.094640e-02	2.654446e+00
1.350460e+01	3.131610e+00	9.804543e-03	2.948569e+00
1.553030e+01	3.186568e+00	8.579515e-03	3.298118e+00
1.785984e+01	3.215792e+00	7.697647e-03	3.712945e+00
2.053882e+01	3.237477e+00	6.794409e-03	4.205284e+00
2.361964e+01	3.238102e+00	6.055969e-03	4.790438e+00
2.716258e+01	3.216767e+00	5.401263e-03	5.487637e+00
3.123697e+01	3.180747e+00	4.764374e-03	6.321095e+00
3.592252e+01	3.135080e+00	4.260434e-03	7.321348e+00
4.131089e+01	3.077003e+00	3.776268e-03	8.526892e+00
4.750753e+01	3.000501e+00	3.381538e-03	9.986761e+00
5.463366e+01	3.365363e+00	2.985094e-03	1.176096e+01
6.282871e+01	3.161976e+00	2.662907e-03	1.393131e+01
7.225301e+01	2.967284e+00	2.335985e-03	1.660266e+01
8.309096e+01	2.773028e+00	2.075659e-03	1.989213e+01
9.555461e+01	2.582182e+00	1.847659e-03	2.396059e+01
1.098878e+02	2.395019e+00	1.624964e-03	2.901632e+01
1.263710e+02	2.215360e+00	1.447862e-03	3.532332e+01
1.453266e+02	2.043314e+00	1.265655e-03	4.321720e+01
1.671256e+02	1.874840e+00	1.118261e-03	5.315069e+01
1.921945e+02	1.715471e+00	9.819318e-04	6.572825e+01
2.210236e+02	1.571704e+00	8.682516e-04	8.167159e+01
2.541772e+02	1.441918e+00	7.674832e-04	1.018319e+02
2.923037e+02	1.319014e+00	6.767348e-04	1.273753e+02
3.361493e+02	1.202892e+00	6.004284e-04	1.598419e+02
3.865717e+02	1.093998e+00	5.266344e-04	2.012237e+02
4.445574e+02	9.925198e-01	4.708244e-04	2.540899e+02
5.112411e+02	8.986752e-01	4.134195e-04	3.217365e+02
5.879272e+02	8.113470e-01	3.647287e-04	4.084535e+02
6.761163e+02	7.310616e-01	3.231728e-04	5.198384e+02
7.775337e+02	6.582738e-01	2.792708e-04	6.629765e+02
8.941638e+02	5.931712e-01	2.507230e-04	8.466998e+02
1.028288e+03	5.339215e-01	2.189407e-04	1.082350e+03
1.182532e+03	4.803774e-01	1.928886e-04	1.384637e+03
1.359911e+03	4.323026e-01	1.703689e-04	1.772230e+03
1.563898e+03	3.891344e-01	1.468756e-04	2.268879e+03
1.798483e+03	3.503686e-01	1.300221e-04	2.904652e+03
2.068255e+03	3.157837e-01	1.132125e-04	3.717504e+03
2.378493e+03	2.850629e-01	9.960762e-05	4.755224e+03
2.735268e+03	2.577216e-01	8.767497e-05	6.077684e+03
3.145558e+03	2.334317e-01	7.632842e-05	7.759552e+03
3.617391e+03	2.119726e-01	6.733604e-05	9.893484e+03
4.160000e+03	1.930230e-01	5.896103e-05	1.259377e+04
4.784000e+03	1.762903e-01	5.210264e-05	1.600048e+04
5.501600e+03	1.615890e-01	4.534928e-05	2.028398e+04
6.326840e+03	1.487111e-01	0.000000e+00	2.564987e+04
7.275866e+03	1.374182e-01	0.000000e+00	3.234412e+04
8.367246e+03	1.275577e-01	0.000000e+00	4.065827e+04
9.622333e+03	1.190151e-01	0.000000e+00	5.093450e+04
