# Energy_MeV	dEdx_Elec_MeV_um	dEdx_Nucl_MeV_um	Range_um
1.000000e-05	2.458587e-03	2.967791e-02	5.226278e-03
1.150000e-05	2.657511e-03	3.256634e-02	5.604558e-03
1.322500e-05	2.870674e-03	3.557631e-02	6.010219e-03
1.520875e-05	3.099121e-03	3.891098e-02	6.445242e-03
1.749006e-05	3.343971e-03	4.245029e-02	6.911752e-03
2.011357e-05	3.606423e-03	4.621497e-02	7.412028e-03
2.313061e-05	3.887759e-03	5.037013e-02	7.948515e-03
2.660020e-05	4.189357e-03	5.468236e-02	8.523833e-03
3.059023e-05	4.512691e-03	5.942544e-02	9.140792e-03
3.517876e-05	4.859342e-03	6.424745e-02	9.802408e-03
4.045558e-05	5.231005e-03	6.965955e-02	1.051191e-02
4.652391e-05	5.629495e-03	7.532861e-02	1.127277e-02
5.350250e-05	6.056760e-03	8.131934e-02	1.208870e-02
6.152788e-05	6.514890e-03	8.783720e-02	1.296368e-02
7.075706e-05	7.006121e-03	9.423052e-02	1.390200e-02
8.137062e-05	7.532854e-03	1.014382e-01	1.490824e-02
9.357621e-05	8.097663e-03	1.088028e-01	1.598730e-02
1.076126e-04	8.703308e-03	1.165174e-01	1.714447e-02
1.237545e-04	9.352747e-03	1.248470e-01	1.838540e-02
1.423177e-04	1.004915e-02	1.331208e-01	1.971614e-02
1.636654e-04	1.079593e-02	1.418468e-01	2.114321e-02
1.882152e-04	1.159673e-02	1.506306e-01	2.267356e-02
2.164475e-04	1.245545e-02	1.596153e-01	2.431469e-02
2.489146e-04	1.337631e-02	1.689857e-01	2.607460e-02
2.862518e-04	1.436378e-02	1.782825e-01	2.796189e-02
3.291895e-04	1.542271e-02	1.873784e-01	2.998579e-02
3.785680e-04	1.655826e-02	1.966103e-01	3.215618e-02
4.353531e-04	1.777598e-02	2.062932e-01	3.448366e-02
5.006561e-04	1.908181e-02	2.151607e-01	3.697960e-02
5.757545e-04	2.048215e-02	2.249752e-01	3.965621e-02
6.621177e-04	2.198383e-02	2.331853e-01	4.252654e-02
7.614354e-04	2.359418e-02	2.417589e-01	4.560464e-02
8.756507e-04	2.532107e-02	2.503665e-01	4.890552e-02
1.006998e-03	2.717295e-02	2.577718e-01	5.244533e-02
1.158048e-03	2.915885e-02	2.659866e-01	5.624135e-02
1.331755e-03	3.128848e-02	2.726251e-01	6.031213e-02
1.531519e-03	3.357224e-02	2.794016e-01	6.467756e-02
1.761246e-03	3.602130e-02	2.852644e-01	6.935895e-02
2.025433e-03	3.864760e-02	2.904427e-01	7.437919e-02
2.329248e-03	4.146399e-02	2.955308e-01	7.976280e-02
2.678635e-03	4.448423e-02	2.994380e-01	8.549859e-02
3.080431e-03	4.772306e-02	3.033062e-01	9.172425e-02
3.542495e-03	5.119631e-02	3.059806e-01	9.836844e-02
4.073870e-03	5.492095e-02	3.086631e-01	1.054889e-01
4.684950e-03	5.891518e-02	3.105425e-01	1.131238e-01
5.387693e-03	6.319850e-02	3.118494e-01	1.213116e-01
6.195847e-03	6.779185e-02	3.127651e-01	1.300920e-01
7.125224e-03	7.271767e-02	3.124724e-01	1.395080e-01
8.194007e-03	7.800001e-02	3.119506e-01	1.496055e-01
9.423108e-03	8.366468e-02	3.105283e-01	1.604339e-01
1.083657e-02	8.973937e-02	3.084268e-01	1.720460e-01
1.246206e-02	9.625374e-02	3.057032e-01	1.844985e-01
1.433137e-02	1.032396e-01	3.019935e-01	1.978525e-01
1.648108e-02	1.107311e-01	2.976056e-01	2.121730e-01
1.895324e-02	1.187649e-01	2.924038e-01	2.275301e-01
2.179622e-02	1.273801e-01	2.864206e-01	2.439986e-01
2.506566e-02	1.366189e-01	2.796887e-01	2.616591e-01
2.882550e-02	1.465265e-01	2.722245e-01	2.805980e-01
3.314933e-02	1.571511e-01	2.643930e-01	3.009077e-01
3.812173e-02	1.685447e-01	2.557700e-01	3.226874e-01
4.383999e-02	1.807630e-01	2.463254e-01	3.460434e-01
5.041599e-02	1.938657e-01	2.369282e-01	3.710901e-01
5.797838e-02	2.079168e-01	2.262969e-01	3.979497e-01
6.667514e-02	2.229849e-01	2.166116e-01	4.267534e-01
7.667641e-02	2.391436e-01	2.059930e-01	4.576417e-01
8.817787e-02	2.564719e-01	1.949376e-01	4.907658e-01
1.014046e-01	2.750544e-01	1.847028e-01	5.262876e-01
1.166152e-01	2.949819e-01	1.731105e-01	5.643805e-01
1.341075e-01	3.163518e-01	1.629849e-01	6.052305e-01
1.542237e-01	3.392685e-01	1.521871e-01	6.490370e-01
1.773572e-01	3.638439e-01	1.420720e-01	6.960145e-01
2.039608e-01	3.901980e-01	1.325798e-01	7.463940e-01
2.345549e-01	4.184597e-01	1.226003e-01	8.004075e-01
2.697381e-01	4.487683e-01	1.140242e-01	8.584165e-01
3.101989e-01	4.812717e-01	1.050578e-01	9.211482e-01
3.567287e-01	5.161276e-01	9.747015e-02	9.890844e-01
4.102380e-01	5.535065e-01	8.935650e-02	1.062713e+00
4.717737e-01	5.935909e-01	8.244963e-02	1.142581e+00
5.425397e-01	6.365767e-01	7.641828e-02	1.229324e+00
6.239207e-01	6.823093e-01	7.035723e-02	1.323675e+00
7.175088e-01	7.238701e-01	6.490680e-02	1.368827e+00
8.251351e-01	7.788349e-01	5.863881e-02	1.408502e+00
9.489054e-01	8.539130e-01	5.257926e-02	1.446763e+00
1.091241e+00	9.350028e-01	4.709312e-02	1.483878e+00
1.254927e+00	1.025411e+00	4.198820e-02	1.520149e+00
1.443166e+00	1.120270e+00	3.795280e-02	1.556094e+00
1.659641e+00	1.223892e+00	3.416476e-02	1.592458e+00
1.908588e+00	1.335938e+00	3.082425e-02	1.630251e+00
2.194876e+00	1.447705e+00	2.777589e-02	1.670786e+00
2.524107e+00	1.565409e+00	2.493914e-02	1.715721e+00
2.902723e+00	1.664114e+00	2.238200e-02	1.767088e+00
3.338132e+00	1.771640e+00	2.020410e-02	1.827330e+00
3.838852e+00	1.889134e+00	1.813607e-02	1.899364e+00
4.414679e+00	1.985322e+00	1.616367e-02	1.986572e+00
5.076881e+00	2.081632e+00	1.458668e-02	2.092851e+00
5.838413e+00	2.162441e+00	1.281457e-02	2.222626e+00
6.714175e+00	2.235798e+00	1.161351e-02	2.380891e+00
7.721302e+00	2.304255e+00	1.033925e-02	2.573252e+00
8.879497e+00	2.360596e+00	9.170847e-03	2.806010e+00
1.021142e+01	2.415320e+00	8.254719e-03	3.086324e+00
1.174313e+01	2.455478e+00	7.209768e-03	3.422477e+00
1.350460e+01	2.483918e+00	6.477840e-03	3.824256e+00
1.553030e+01	2.505316e+00	5.714935e-03	4.303486e+00
1.785984e+01	2.507194e+00	5.084161e-03	4.874703e+00
2.053882e+01	2.502080e+00	4.541226e-03	5.556022e+00
2.361964e+01	2.481610e+00	3.995046e-03	6.370189e+00
2.716258e+01	2.446535e+00	3.588262e-03	7.345903e+00
3.123697e+01	2.400469e+00	3.167512e-03	8.519476e+00
3.592252e+01	2.346272e+00	2.847175e-03	9.936925e+00
4.131089e+01	2.282454e+00	2.513823e-03	1.165656e+01
4.750753e+01	2.206564e+00	2.237143e-03	1.375301e+01
5.463366e+01	2.403028e+00	1.976994e-03	1.631826e+01
6.282871e+01	2.243261e+00	1.739445e-03	1.947766e+01
7.225301e+01	2.091652e+00	1.558013e-03	2.339221e+01
8.309096e+01	1.942695e+00	1.369395e-03	2.824483e+01
9.555461e+01	1.797798e+00	1.217093e-03	3.428578e+01
1.098878e+02	1.657340e+00	1.072101e-03	4.183971e+01
1.263710e+02	1.523721e+00	9.395056e-04	5.131959e+01
1.453266e+02	1.397064e+00	8.298611e-04	6.325214e+01
1.671256e+02	1.273991e+00	7.314325e-04	7.834742e+01
1.921945e+02	1.158634e+00	6.468881e-04	9.755308e+01
2.210236e+02	1.055347e+00	5.719575e-04	1.220065e+02
2.541772e+02	9.625835e-01	5.047235e-04	1.530565e+02
2.923037e+02	8.756419e-01	4.445075e-04	1.925437e+02
3.361493e+02	7.943881e-01	3.956610e-04	2.428941e+02
3.865717e+02	7.189601e-01	3.490949e-04	3.072434e+02
4.445574e+02	6.493631e-01	3.060495e-04	3.896322e+02
5.112411e+02	5.856199e-01	2.728212e-04	4.952397e+02
5.879272e+02	5.267721e-01	2.347930e-04	6.307992e+02
6.761163e+02	4.731371e-01	2.109713e-04	8.050835e+02
7.775337e+02	4.249156e-01	1.848471e-04	1.029186e+03
8.941638e+02	3.820903e-01	1.618591e-04	1.316927e+03
1.028288e+03	3.433326e-01	1.439392e-04	1.686043e+03
1.182532e+03	3.084426e-01	1.233313e-04	2.159522e+03
1.359911e+03	2.772084e-01	1.097830e-04	2.766530e+03
1.563898e+03	2.492666e-01	9.537744e-05	3.544172e+03
1.798483e+03	2.242857e-01	8.387161e-05	4.539429e+03
2.068255e+03	2.020448e-01	7.393939e-05	5.811608e+03
2.378493e+03	1.823004e-01	6.406052e-05	7.435404e+03
2.735268e+03	1.647607e-01	5.690406e-05	9.504410e+03
3.145558e+03	1.492047e-01	4.950650e-05	1.213537e+04
3.617391e+03	1.354640e-01	0.000000e+00	1.547315e+04
4.160000e+03	1.233351e-01	0.000000e+00	1.969647e+04
4.784000e+03	1.126347e-01	0.000000e+00	2.502431e+04
5.501600e+03	1.032328e-01	0.000000e+00	3.172304e+04
6.326840e+03	9.499412e-02	0.000000e+00	4.011406e+04
7.275866e+03	8.777496e-02	0.000000e+00	5.058187e+04
8.367246e+03	8.147476e-02	0.000000e+00	6.358210e+04
9.622333e+03	7.601352e-02	0.000000e+00	7.964949e+04
