# Energy_MeV	dEdx_Elec_MeV_um	dEdx_Nucl_MeV_um	Range_um
1.000000e-05	1.685447e-03	1.806964e-03	1.186629e-02
1.150000e-05	1.807440e-03	1.903310e-03	1.272518e-02
1.322500e-05	1.938264e-03	1.988519e-03	1.364623e-02
1.520875e-05	2.078556e-03	2.075072e-03	1.463396e-02
1.749006e-05	2.229003e-03	2.152907e-03	1.569317e-02
2.011357e-05	2.390340e-03	2.236729e-03	1.682905e-02
2.313061e-05	2.563354e-03	2.322658e-03	1.804714e-02
2.660020e-05	2.748891e-03	2.396944e-03	1.935341e-02
3.059023e-05	2.947857e-03	2.469311e-03	2.075422e-02
3.517876e-05	3.161224e-03	2.534731e-03	2.225642e-02
4.045558e-05	3.390035e-03	2.603880e-03	2.386735e-02
4.652391e-05	3.635408e-03	2.661485e-03	2.559488e-02
5.350250e-05	3.898541e-03	2.713352e-03	2.744745e-02
6.152788e-05	4.180719e-03	2.764348e-03	2.943411e-02
7.075706e-05	4.483322e-03	2.807518e-03	3.156457e-02
8.137062e-05	4.807827e-03	2.845457e-03	3.384923e-02
9.357621e-05	5.155820e-03	2.872548e-03	3.629925e-02
1.076126e-04	5.529001e-03	2.902657e-03	3.890864e-02
1.237545e-04	5.929193e-03	2.926171e-03	4.174213e-02
1.423177e-04	6.358351e-03	2.940918e-03	4.476655e-02
1.636654e-04	6.818572e-03	2.948879e-03	4.800695e-02
1.882152e-04	7.312104e-03	2.950886e-03	5.148151e-02
2.164475e-04	7.841358e-03	2.950853e-03	5.520772e-02
2.489146e-04	8.408919e-03	2.942175e-03	5.920359e-02
2.862518e-04	9.017562e-03	2.925850e-03	6.348870e-02
3.291895e-04	9.670257e-03	2.901678e-03	6.808398e-02
3.785680e-04	1.037020e-02	2.871662e-03	7.301186e-02
4.353531e-04	1.112080e-02	2.835059e-03	7.829641e-02
5.006561e-04	1.192573e-02	2.789994e-03	8.396344e-02
5.757545e-04	1.278892e-02	2.738037e-03	9.004070e-02
6.621177e-04	1.371458e-02	2.678453e-03	9.655784e-02
7.614354e-04	1.470725e-02	2.612299e-03	1.035467e-01
8.756507e-04	1.577177e-02	2.543074e-03	1.110413e-01
1.006998e-03	1.691334e-02	2.465732e-03	1.190785e-01
1.158048e-03	1.813754e-02	2.377546e-03	1.276974e-01
1.331755e-03	1.945034e-02	2.291453e-03	1.369401e-01
1.531519e-03	2.085817e-02	2.198066e-03	1.468518e-01
1.761246e-03	2.236789e-02	2.108812e-03	1.574809e-01
2.025433e-03	2.398689e-02	2.010006e-03	1.688794e-01
2.329248e-03	2.572308e-02	1.903756e-03	1.811029e-01
2.678635e-03	2.758493e-02	1.805906e-03	1.942112e-01
3.080431e-03	2.958154e-02	1.704402e-03	2.082682e-01
3.542495e-03	3.172267e-02	1.607535e-03	2.233426e-01
4.073870e-03	3.401877e-02	1.503089e-03	2.395082e-01
4.684950e-03	3.648107e-02	1.407230e-03	2.568440e-01
5.387693e-03	3.912158e-02	1.316046e-03	2.754344e-01
6.195847e-03	4.195323e-02	1.221087e-03	2.953703e-01
7.125224e-03	4.498982e-02	1.133953e-03	3.167493e-01
8.194007e-03	4.824621e-02	1.049572e-03	3.396763e-01
9.423108e-03	5.173830e-02	9.776463e-04	3.642578e-01
1.083657e-02	5.522121e-02	8.958375e-04	3.906538e-01
1.246206e-02	5.866076e-02	8.245403e-04	4.191945e-01
1.433137e-02	6.227364e-02	7.678839e-04	4.501034e-01
1.648108e-02	6.605404e-02	7.123260e-04	4.836013e-01
1.895324e-02	6.999015e-02	6.484345e-04	5.199368e-01
2.179622e-02	7.406203e-02	5.815550e-04	5.593985e-01
2.506566e-02	7.823913e-02	5.291840e-04	6.023195e-01
2.882550e-02	8.247715e-02	4.848282e-04	6.490920e-01
3.314933e-02	8.671469e-02	4.379660e-04	7.001826e-01
3.812173e-02	9.086977e-02	3.910506e-04	7.561559e-01
4.383999e-02	9.483697e-02	3.492660e-04	8.177045e-01
5.041599e-02	9.848614e-02	3.162777e-04	8.856908e-01
5.797838e-02	1.016642e-01	2.844414e-04	9.612017e-01
6.667514e-02	1.042019e-01	2.551400e-04	1.045622e+00
7.667641e-02	1.059259e-01	2.290101e-04	1.140730e+00
8.817787e-02	1.066786e-01	2.078587e-04	1.248829e+00
1.014046e-01	1.063412e-01	1.872915e-04	1.372906e+00
1.166152e-01	1.048572e-01	1.651808e-04	1.516844e+00
1.341075e-01	1.022488e-01	1.485968e-04	1.685676e+00
1.542237e-01	9.862167e-02	1.331612e-04	1.885915e+00
1.773572e-01	9.415360e-02	1.206199e-04	2.125940e+00
2.039608e-01	8.907063e-02	1.068621e-04	2.416465e+00
2.345549e-01	8.361598e-02	9.438044e-05	2.771089e+00
2.697381e-01	7.801930e-02	8.438852e-05	3.206939e+00
3.101989e-01	7.247264e-02	7.532622e-05	3.745435e+00
3.567287e-01	6.711703e-02	6.751673e-05	4.413219e+00
4.102380e-01	6.204030e-02	5.920546e-05	5.243327e+00
4.717737e-01	5.728391e-02	5.283411e-05	6.276711e+00
5.425397e-01	5.285486e-02	4.710366e-05	7.564275e+00
6.239207e-01	4.873877e-02	4.164404e-05	9.169552e+00
7.175088e-01	4.491109e-02	3.703882e-05	1.117224e+01
8.251351e-01	4.134504e-02	3.287099e-05	1.367278e+01
9.489054e-01	3.801625e-02	2.967626e-05	1.679831e+01
1.091241e+00	3.490472e-02	0.000000e+00	2.071028e+01
1.254927e+00	3.199498e-02	0.000000e+00	2.561421e+01
1.443166e+00	2.927534e-02	0.000000e+00	3.177225e+01
1.659641e+00	2.673685e-02	0.000000e+00	3.951961e+01
1.908588e+00	2.437221e-02	0.000000e+00	4.928308e+01
2.194876e+00	2.211250e-02	0.000000e+00	6.162434e+01
2.524107e+00	2.002199e-02	0.000000e+00	7.729607e+01
2.902723e+00	1.816081e-02	0.000000e+00	9.718179e+01
3.338132e+00	1.646023e-02	0.000000e+00	1.223995e+02
3.838852e+00	1.489156e-02	0.000000e+00	1.544232e+02
4.414679e+00	1.344785e-02	0.000000e+00	1.951749e+02
5.076881e+00	1.213083e-02	0.000000e+00	2.471034e+02
5.838413e+00	1.093573e-02	0.000000e+00	3.133307e+02
6.714175e+00	9.808530e-03	0.000000e+00	3.980215e+02
7.721302e+00	8.784946e-03	0.000000e+00	5.067180e+02
8.879497e+00	7.891945e-03	0.000000e+00	6.461379e+02
1.021142e+01	7.109365e-03	0.000000e+00	8.242422e+02
1.174313e+01	6.396431e-03	0.000000e+00	1.051741e+03
1.350460e+01	5.748308e-03	0.000000e+00	1.342699e+03
1.553030e+01	5.160335e-03	0.000000e+00	1.715247e+03
1.785984e+01	4.629021e-03	0.000000e+00	2.192706e+03
2.053882e+01	4.150988e-03	0.000000e+00	2.804921e+03
2.361964e+01	3.716448e-03	0.000000e+00	3.590619e+03
2.716258e+01	3.325394e-03	0.000000e+00	4.600249e+03
3.123697e+01	2.977142e-03	0.000000e+00	5.897653e+03
3.592252e+01	2.670693e-03	0.000000e+00	7.562351e+03
4.131089e+01	2.395709e-03	0.000000e+00	9.696309e+03
4.750753e+01	2.149648e-03	0.000000e+00	1.243180e+04
5.463366e+01	1.929873e-03	0.000000e+00	1.593677e+04
6.282871e+01	1.733803e-03	0.000000e+00	2.042495e+04
7.225301e+01	1.559247e-03	0.000000e+00	2.616711e+04
8.309096e+01	1.404024e-03	0.000000e+00	3.350516e+04
9.555461e+01	1.266151e-03	0.000000e+00	4.286982e+04
1.098878e+02	1.143890e-03	0.000000e+00	5.480092e+04
1.263710e+02	1.035625e-03	0.000000e+00	6.997187e+04
1.453266e+02	9.398987e-04	0.000000e+00	8.921842e+04
1.671256e+02	8.553999e-04	0.000000e+00	1.135716e+05
1.921945e+02	7.809495e-04	0.000000e+00	1.442951e+05
2.210236e+02	7.154904e-04	0.000000e+00	1.829261e+05
2.541772e+02	6.580770e-04	0.000000e+00	2.313197e+05
2.923037e+02	6.078641e-04	0.000000e+00	2.916956e+05
3.361493e+02	5.640975e-04	0.000000e+00	3.666849e+05
3.865717e+02	5.261052e-04	0.000000e+00	4.593762e+05
4.445574e+02	4.932879e-04	0.000000e+00	5.733578e+05
5.112411e+02	4.651125e-04	0.000000e+00	7.127560e+05
5.879272e+02	4.411038e-04	0.000000e+00	8.822674e+05
6.761163e+02	4.208377e-04	0.000000e+00	1.087190e+06
7.775337e+02	4.039353e-04	0.000000e+00	1.333418e+06
8.941638e+02	3.895774e-04	0.000000e+00	1.627659e+06
1.028288e+03	3.776126e-04	0.000000e+00	1.902963e+06
1.182532e+03	3.680454e-04	0.000000e+00	1.902963e+06
1.359911e+03	3.606156e-04	0.000000e+00	1.902963e+06
1.563898e+03	3.550854e-04	0.000000e+00	1.902963e+06
1.798483e+03	3.512363e-04	0.000000e+00	1.902963e+06
2.068255e+03	3.488674e-04	0.000000e+00	1.902963e+06
2.378493e+03	3.477939e-04	0.000000e+00	1.902963e+06
2.735268e+03	3.478463e-04	0.000000e+00	1.902963e+06
3.145558e+03	3.488696e-04	0.000000e+00	1.902963e+06
3.617391e+03	3.507229e-04	0.000000e+00	1.902963e+06
4.160000e+03	3.532787e-04	0.000000e+00	1.902963e+06
4.784000e+03	3.564227e-04	0.000000e+00	1.902963e+06
5.501600e+03	3.600536e-04	0.000000e+00	1.902963e+06
6.326840e+03	3.640820e-04	0.000000e+00	1.902963e+06
7.275866e+03	3.684298e-04	0.000000e+00	1.902963e+06
8.367246e+03	3.730559e-04	0.000000e+00	1.902963e+06
9.622333e+03	3.778605e-04	0.000000e+00	1.902963e+06
