# Energy_MeV	dEdx_Elec_MeV_um	dEdx_Nucl_MeV_um	Range_um
1.000000e-05	2.335731e-03	2.608354e-02	6.733650e-03
1.150000e-05	2.519492e-03	2.839801e-02	7.221035e-03
1.322500e-05	2.716472e-03	3.094592e-02	7.743697e-03
1.520875e-05	2.927633e-03	3.360418e-02	8.304190e-03
1.749006e-05	3.154009e-03	3.650342e-02	8.905252e-03
2.011357e-05	3.396707e-03	3.948059e-02	9.549819e-03
2.313061e-05	3.656912e-03	4.283299e-02	1.024104e-02
2.660020e-05	3.935896e-03	4.630170e-02	1.098229e-02
3.059023e-05	4.235024e-03	4.996765e-02	1.177720e-02
3.517876e-05	4.555756e-03	5.400312e-02	1.262964e-02
4.045558e-05	4.899661e-03	5.791432e-02	1.354377e-02
4.652391e-05	5.268418e-03	6.239182e-02	1.452408e-02
5.350250e-05	5.663830e-03	6.689552e-02	1.557534e-02
6.152788e-05	6.087827e-03	7.161426e-02	1.670269e-02
7.075706e-05	6.542483e-03	7.678462e-02	1.791164e-02
8.137062e-05	7.030018e-03	8.184832e-02	1.920810e-02
9.357621e-05	7.552815e-03	8.724845e-02	2.059839e-02
1.076126e-04	8.113426e-03	9.261171e-02	2.208931e-02
1.237545e-04	8.714592e-03	9.816968e-02	2.368815e-02
1.423177e-04	9.359250e-03	1.039712e-01	2.540271e-02
1.636654e-04	1.005055e-02	1.096576e-01	2.724137e-02
1.882152e-04	1.079186e-02	1.152945e-01	2.921311e-02
2.164475e-04	1.158682e-02	1.209351e-01	3.132757e-02
2.489146e-04	1.243930e-02	1.269967e-01	3.359508e-02
2.862518e-04	1.335347e-02	1.323962e-01	3.602671e-02
3.291895e-04	1.433379e-02	1.383881e-01	3.863434e-02
3.785680e-04	1.538505e-02	1.435416e-01	4.143072e-02
4.353531e-04	1.651240e-02	1.487723e-01	4.442949e-02
5.006561e-04	1.772133e-02	1.542076e-01	4.764532e-02
5.757545e-04	1.901775e-02	1.587072e-01	5.109392e-02
6.621177e-04	2.040800e-02	1.637162e-01	5.479212e-02
7.614354e-04	2.189887e-02	1.679242e-01	5.875801e-02
8.756507e-04	2.349764e-02	1.720469e-01	6.301094e-02
1.006998e-03	2.521212e-02	1.757422e-01	6.757171e-02
1.158048e-03	2.705069e-02	1.789714e-01	7.246258e-02
1.331755e-03	2.902232e-02	1.820767e-01	7.770746e-02
1.531519e-03	3.113667e-02	1.845362e-01	8.333197e-02
1.761246e-03	3.340404e-02	1.868776e-01	8.936358e-02
2.025433e-03	3.583552e-02	1.885956e-01	9.580182e-02
2.329248e-03	3.844299e-02	1.903202e-01	1.027500e-01
2.678635e-03	4.123918e-02	1.914569e-01	1.102101e-01
3.080431e-03	4.423776e-02	1.922428e-01	1.181857e-01
3.542495e-03	4.745337e-02	1.928764e-01	1.267402e-01
4.073870e-03	5.090172e-02	1.926856e-01	1.359136e-01
4.684950e-03	5.459967e-02	1.924245e-01	1.457509e-01
5.387693e-03	5.856527e-02	1.915422e-01	1.563002e-01
6.195847e-03	6.281791e-02	1.902438e-01	1.676131e-01
7.125224e-03	6.737834e-02	1.886178e-01	1.797448e-01
8.194007e-03	7.226886e-02	1.863384e-01	1.927547e-01
9.423108e-03	7.751336e-02	1.836650e-01	2.067062e-01
1.083657e-02	8.313745e-02	1.804739e-01	2.216675e-01
1.246206e-02	8.916862e-02	1.768092e-01	2.377116e-01
1.433137e-02	9.563633e-02	1.726805e-01	2.549171e-01
1.648108e-02	1.025722e-01	1.681064e-01	2.733680e-01
1.895324e-02	1.100100e-01	1.632916e-01	2.931544e-01
2.179622e-02	1.179862e-01	1.580126e-01	3.143728e-01
2.506566e-02	1.265398e-01	1.521611e-01	3.371270e-01
2.882550e-02	1.357124e-01	1.464238e-01	3.615283e-01
3.314933e-02	1.455490e-01	1.399213e-01	3.876958e-01
3.812173e-02	1.560975e-01	1.339106e-01	4.157571e-01
4.383999e-02	1.674095e-01	1.274216e-01	4.458496e-01
5.041599e-02	1.795403e-01	1.205047e-01	4.781202e-01
5.797838e-02	1.925492e-01	1.142708e-01	5.127267e-01
6.667514e-02	2.064996e-01	1.071901e-01	5.498380e-01
7.667641e-02	2.214598e-01	1.008470e-01	5.896353e-01
8.817787e-02	2.375028e-01	9.426477e-02	6.323130e-01
1.014046e-01	2.547070e-01	8.794549e-02	6.780800e-01
1.166152e-01	2.731564e-01	8.206144e-02	7.271597e-01
1.341075e-01	2.929412e-01	7.596178e-02	7.797922e-01
1.542237e-01	3.141581e-01	7.061549e-02	8.362319e-01
1.773572e-01	3.369106e-01	6.516474e-02	8.967627e-01
2.039608e-01	3.613102e-01	6.040213e-02	9.616657e-01
2.345549e-01	3.874774e-01	5.529239e-02	1.031663e+00
2.697381e-01	4.155385e-01	5.109650e-02	1.107476e+00
3.101989e-01	4.456306e-01	4.743506e-02	1.189600e+00
3.567287e-01	4.779009e-01	4.351433e-02	1.278651e+00
4.102380e-01	5.125070e-01	4.017080e-02	1.375316e+00
4.717737e-01	5.496127e-01	3.632574e-02	1.437554e+00
5.425397e-01	5.847227e-01	3.264389e-02	1.497323e+00
6.239207e-01	6.216039e-01	2.931057e-02	1.556565e+00
7.175088e-01	6.785082e-01	2.602270e-02	1.615167e+00
8.251351e-01	7.415077e-01	2.355993e-02	1.673148e+00
9.489054e-01	8.082970e-01	2.118202e-02	1.730706e+00
1.091241e+00	8.768404e-01	1.915216e-02	1.788270e+00
1.254927e+00	9.510619e-01	1.724038e-02	1.846549e+00
1.443166e+00	1.021434e+00	1.546271e-02	1.906558e+00
1.659641e+00	1.093799e+00	1.390252e-02	1.969762e+00
1.908588e+00	1.162996e+00	1.253389e-02	2.038055e+00
2.194876e+00	1.218322e+00	1.127395e-02	2.113858e+00
2.524107e+00	1.272523e+00	1.001705e-02	2.200189e+00
2.902723e+00	1.328222e+00	9.061700e-03	2.300707e+00
3.338132e+00	1.380448e+00	7.982832e-03	2.419819e+00
3.838852e+00	1.425273e+00	7.209961e-03	2.562709e+00
4.414679e+00	1.460514e+00	6.434339e-03	2.735421e+00
5.076881e+00	1.494024e+00	5.684711e-03	2.944946e+00
5.838413e+00	1.516554e+00	5.130162e-03	3.199305e+00
6.714175e+00	1.536190e+00	4.494126e-03	3.507709e+00
7.721302e+00	1.552379e+00	4.022084e-03	3.880792e+00
8.879497e+00	1.557914e+00	3.558634e-03	4.330989e+00
1.021142e+01	1.559365e+00	3.159167e-03	4.873085e+00
1.174313e+01	1.550514e+00	2.818665e-03	5.525004e+00
1.350460e+01	1.535204e+00	2.485402e-03	6.308841e+00
1.553030e+01	1.513458e+00	2.228528e-03	7.252213e+00
1.785984e+01	1.482270e+00	1.973511e-03	8.389974e+00
2.053882e+01	1.445423e+00	1.769441e-03	9.766395e+00
2.361964e+01	1.401833e+00	1.557588e-03	1.143793e+01
2.716258e+01	1.352567e+00	1.389279e-03	1.347673e+01
3.123697e+01	1.296457e+00	1.230972e-03	1.597519e+01
3.592252e+01	1.237501e+00	1.079436e-03	1.905156e+01
4.131089e+01	1.279779e+00	9.690380e-04	2.285681e+01
4.750753e+01	1.181889e+00	8.485937e-04	2.758413e+01
5.463366e+01	1.091453e+00	7.559871e-04	3.350058e+01
6.282871e+01	1.005047e+00	6.677644e-04	4.091428e+01
7.225301e+01	9.223793e-01	5.830346e-04	5.022702e+01
8.309096e+01	8.431663e-01	5.161714e-04	6.196845e+01
9.555461e+01	7.685136e-01	4.540761e-04	7.682267e+01
1.098878e+02	6.988966e-01	4.027723e-04	9.565515e+01
1.263710e+02	6.330185e-01	3.555635e-04	1.196046e+02
1.453266e+02	5.711689e-01	3.132755e-04	1.502161e+02
1.671256e+02	5.146784e-01	2.765577e-04	1.894379e+02
1.921945e+02	4.662149e-01	2.457249e-04	2.395418e+02
2.210236e+02	4.214342e-01	2.173716e-04	3.034698e+02
2.541772e+02	3.801873e-01	1.898368e-04	3.851846e+02
2.923037e+02	3.423354e-01	1.697184e-04	4.898004e+02
3.361493e+02	3.077707e-01	1.465822e-04	6.239182e+02
3.865717e+02	2.764401e-01	1.311151e-04	7.959851e+02
4.445574e+02	2.479747e-01	1.152218e-04	1.016880e+03
5.112411e+02	2.220729e-01	1.004690e-04	1.300825e+03
5.879272e+02	1.988181e-01	8.956696e-05	1.666016e+03
6.761163e+02	1.783666e-01	7.702965e-05	2.135155e+03
7.775337e+02	1.600511e-01	6.823201e-05	2.736901e+03
8.941638e+02	1.436075e-01	5.948759e-05	3.508565e+03
1.028288e+03	1.289080e-01	5.217715e-05	4.497725e+03
1.182532e+03	1.157902e-01	4.593287e-05	5.764923e+03
1.359911e+03	1.040994e-01	0.000000e+00	7.386974e+03
1.563898e+03	9.369682e-02	0.000000e+00	9.460991e+03
1.798483e+03	8.445785e-02	0.000000e+00	1.210945e+04
2.068255e+03	7.625900e-02	0.000000e+00	1.548618e+04
2.378493e+03	6.898709e-02	0.000000e+00	1.978343e+04
2.735268e+03	6.255561e-02	0.000000e+00	2.524032e+04
3.145558e+03	5.687815e-02	0.000000e+00	3.215254e+04
3.617391e+03	5.186796e-02	0.000000e+00	4.088342e+04
4.160000e+03	4.745706e-02	0.000000e+00	5.187631e+04
4.784000e+03	4.358675e-02	0.000000e+00	6.566796e+04
5.501600e+03	4.019718e-02	0.000000e+00	8.290275e+04
6.326840e+03	3.723649e-02	0.000000e+00	1.043473e+05
7.275866e+03	3.466353e-02	0.000000e+00	1.309048e+05
8.367246e+03	3.243775e-02	0.000000e+00	1.636291e+05
9.622333e+03	3.052043e-02	0.000000e+00	2.037368e+05
