# Energy_MeV	dEdx_Elec_MeV_um	dEdx_Nucl_MeV_um	Range_um
1.000000e-05	2.539690e-03	2.719763e-02	5.480075e-03
1.150000e-05	2.743953e-03	2.973297e-02	5.876725e-03
1.322500e-05	2.962855e-03	3.243309e-02	6.302086e-03
1.520875e-05	3.197467e-03	3.530112e-02	6.758234e-03
1.749006e-05	3.448939e-03	3.849215e-02	7.247399e-03
2.011357e-05	3.718500e-03	4.175831e-02	7.771969e-03
2.313061e-05	4.007470e-03	4.532267e-02	8.334508e-03
2.660020e-05	4.317262e-03	4.902541e-02	8.937764e-03
3.059023e-05	4.649389e-03	5.318034e-02	9.584685e-03
3.517876e-05	5.005476e-03	5.742452e-02	1.027843e-02
4.045558e-05	5.387264e-03	6.204007e-02	1.102239e-02
4.652391e-05	5.796617e-03	6.687978e-02	1.182019e-02
5.350250e-05	6.235537e-03	7.180419e-02	1.267575e-02
6.152788e-05	6.706169e-03	7.732878e-02	1.359322e-02
7.075706e-05	7.210811e-03	8.281308e-02	1.457711e-02
8.137062e-05	7.751930e-03	8.875427e-02	1.563221e-02
9.357621e-05	8.332170e-03	9.496146e-02	1.676367e-02
1.076126e-04	8.954365e-03	1.013368e-01	1.797704e-02
1.237545e-04	9.621556e-03	1.078699e-01	1.927822e-02
1.423177e-04	1.033700e-02	1.144438e-01	2.067359e-02
1.636654e-04	1.110420e-02	1.213321e-01	2.216996e-02
1.882152e-04	1.192689e-02	1.282749e-01	2.377463e-02
2.164475e-04	1.280911e-02	1.354345e-01	2.549545e-02
2.489146e-04	1.375515e-02	1.420706e-01	2.734083e-02
2.862518e-04	1.476964e-02	1.491728e-01	2.931977e-02
3.291895e-04	1.585754e-02	1.564558e-01	3.144195e-02
3.785680e-04	1.702416e-02	1.630165e-01	3.371773e-02
4.353531e-04	1.827520e-02	1.705278e-01	3.615824e-02
5.006561e-04	1.961677e-02	1.764049e-01	3.877539e-02
5.757545e-04	2.105542e-02	1.829914e-01	4.158198e-02
6.621177e-04	2.259820e-02	1.893532e-01	4.459170e-02
7.614354e-04	2.425262e-02	1.948380e-01	4.781928e-02
8.756507e-04	2.602678e-02	2.010741e-01	5.128046e-02
1.006998e-03	2.792934e-02	2.058862e-01	5.499217e-02
1.158048e-03	2.996959e-02	2.108771e-01	5.897253e-02
1.331755e-03	3.215751e-02	2.151861e-01	6.324099e-02
1.531519e-03	3.450378e-02	2.190406e-01	6.781841e-02
1.761246e-03	3.701987e-02	2.228545e-01	7.272714e-02
2.025433e-03	3.971806e-02	2.256798e-01	7.796621e-02
2.329248e-03	4.261154e-02	2.284212e-01	8.362141e-02
2.678635e-03	4.571444e-02	2.304202e-01	8.969271e-02
3.080431e-03	4.904193e-02	2.324332e-01	9.618357e-02
3.542495e-03	5.261025e-02	2.336513e-01	1.031455e-01
4.073870e-03	5.643684e-02	2.346417e-01	1.106111e-01
4.684950e-03	6.054040e-02	2.351235e-01	1.186171e-01
5.387693e-03	6.494098e-02	2.348839e-01	1.272025e-01
6.195847e-03	6.966006e-02	2.344382e-01	1.364093e-01
7.125224e-03	7.472071e-02	2.332039e-01	1.462825e-01
8.194007e-03	8.014764e-02	2.315700e-01	1.568703e-01
9.423108e-03	8.596738e-02	2.293783e-01	1.682246e-01
1.083657e-02	9.220835e-02	2.265090e-01	1.804006e-01
1.246206e-02	9.890103e-02	2.230936e-01	1.934578e-01
1.433137e-02	1.060781e-01	2.190868e-01	2.074603e-01
1.648108e-02	1.137747e-01	2.144644e-01	2.224762e-01
1.895324e-02	1.220284e-01	2.093388e-01	2.385790e-01
2.179622e-02	1.308795e-01	2.035982e-01	2.558473e-01
2.506566e-02	1.403712e-01	1.977038e-01	2.743655e-01
2.882550e-02	1.505499e-01	1.910575e-01	2.942241e-01
3.314933e-02	1.614653e-01	1.839317e-01	3.155201e-01
3.812173e-02	1.731709e-01	1.768125e-01	3.383574e-01
4.383999e-02	1.857236e-01	1.687233e-01	3.628476e-01
5.041599e-02	1.991850e-01	1.615578e-01	3.891105e-01
5.797838e-02	2.136207e-01	1.533875e-01	4.172745e-01
6.667514e-02	2.291012e-01	1.452065e-01	4.474770e-01
7.667641e-02	2.457023e-01	1.374539e-01	4.798653e-01
8.817787e-02	2.635049e-01	1.286881e-01	5.145980e-01
1.014046e-01	2.825961e-01	1.211508e-01	5.518447e-01
1.166152e-01	3.030691e-01	1.131092e-01	5.917875e-01
1.341075e-01	3.250240e-01	1.056429e-01	6.346216e-01
1.542237e-01	3.485680e-01	9.844194e-02	6.805541e-01
1.773572e-01	3.738161e-01	9.096836e-02	7.298161e-01
2.039608e-01	4.008920e-01	8.454781e-02	7.826368e-01
2.345549e-01	4.299296e-01	7.802803e-02	8.396055e-01
2.697381e-01	4.610690e-01	7.226584e-02	9.013072e-01
3.101989e-01	4.944623e-01	6.609538e-02	9.681456e-01
3.567287e-01	5.302726e-01	6.132797e-02	1.040622e+00
4.102380e-01	5.686749e-01	5.671637e-02	1.119296e+00
4.717737e-01	6.098545e-01	5.217378e-02	1.193105e+00
5.425397e-01	6.493292e-01	4.796465e-02	1.236622e+00
6.239207e-01	6.912202e-01	4.312414e-02	1.279283e+00
7.175088e-01	7.563079e-01	3.891662e-02	1.321034e+00
8.251351e-01	8.288109e-01	3.471846e-02	1.361936e+00
9.489054e-01	9.068693e-01	3.107676e-02	1.402185e+00
1.091241e+00	9.891587e-01	2.799628e-02	1.442154e+00
1.254927e+00	1.079635e+00	2.523125e-02	1.482428e+00
1.443166e+00	1.170073e+00	2.279198e-02	1.523844e+00
1.659641e+00	1.265220e+00	2.047583e-02	1.567532e+00
1.908588e+00	1.360369e+00	1.844010e-02	1.614941e+00
2.194876e+00	1.440109e+00	1.651396e-02	1.667923e+00
2.524107e+00	1.520361e+00	1.494816e-02	1.728746e+00
2.902723e+00	1.603645e+00	1.336153e-02	1.800136e+00
3.338132e+00	1.683026e+00	1.194387e-02	1.885328e+00
3.838852e+00	1.753538e+00	1.076243e-02	1.988091e+00
4.414679e+00	1.811404e+00	9.444116e-03	2.112790e+00
5.076881e+00	1.867966e+00	8.585104e-03	2.264399e+00
5.838413e+00	1.910103e+00	7.608327e-03	2.448567e+00
6.714175e+00	1.949313e+00	6.782786e-03	2.671700e+00
7.721302e+00	1.985140e+00	6.086273e-03	2.941116e+00
8.879497e+00	2.006741e+00	5.312615e-03	3.265281e+00
1.021142e+01	2.024089e+00	4.773573e-03	3.654184e+00
1.174313e+01	2.027737e+00	4.213263e-03	4.119853e+00
1.350460e+01	2.023144e+00	3.759411e-03	4.677043e+00
1.553030e+01	2.010902e+00	3.348436e-03	5.344114e+00
1.785984e+01	1.984384e+00	2.950647e-03	6.144134e+00
2.053882e+01	1.950532e+00	2.642641e-03	7.106270e+00
2.361964e+01	1.905219e+00	2.340396e-03	8.267537e+00
2.716258e+01	1.853276e+00	2.099054e-03	9.674992e+00
3.123697e+01	1.793647e+00	1.846776e-03	1.138860e+01
3.592252e+01	1.726649e+00	1.651911e-03	1.348476e+01
4.131089e+01	1.852452e+00	1.452545e-03	1.606054e+01
4.750753e+01	1.719776e+00	1.286841e-03	1.923978e+01
5.463366e+01	1.597174e+00	1.147809e-03	2.319418e+01
6.282871e+01	1.478673e+00	1.005391e-03	2.811934e+01
7.225301e+01	1.364257e+00	8.983462e-04	3.427075e+01
8.309096e+01	1.253576e+00	7.872414e-04	4.198551e+01
9.555461e+01	1.148382e+00	6.931647e-04	5.169869e+01
1.098878e+02	1.049431e+00	6.103269e-04	6.395998e+01
1.263710e+02	9.549797e-01	5.382988e-04	7.949364e+01
1.453266e+02	8.656381e-01	4.768935e-04	9.928434e+01
1.671256e+02	7.833945e-01	4.200990e-04	1.245714e+02
1.921945e+02	7.124409e-01	3.722401e-04	1.567966e+02
2.210236e+02	6.463727e-01	3.275246e-04	1.978325e+02
2.541772e+02	5.850115e-01	2.920838e-04	2.502078e+02
2.923037e+02	5.282790e-01	2.563777e-04	3.171893e+02
3.361493e+02	4.761213e-01	2.261273e-04	4.029978e+02
3.865717e+02	4.285578e-01	2.007907e-04	5.130386e+02
4.445574e+02	3.851057e-01	1.730508e-04	6.542790e+02
5.112411e+02	3.453855e-01	1.556459e-04	8.358323e+02
5.879272e+02	3.095921e-01	1.356303e-04	1.069359e+03
6.761163e+02	2.780252e-01	1.196076e-04	1.369409e+03
7.775337e+02	2.496635e-01	1.058778e-04	1.754351e+03
8.941638e+02	2.241250e-01	9.099924e-05	2.248096e+03
1.028288e+03	2.012598e-01	8.070054e-05	2.881129e+03
1.182532e+03	1.808358e-01	7.015831e-05	3.692229e+03
1.359911e+03	1.626079e-01	6.190181e-05	4.730591e+03
1.563898e+03	1.463714e-01	5.439299e-05	6.058398e+03
1.798483e+03	1.319494e-01	4.729973e-05	7.754062e+03
2.068255e+03	1.191497e-01	0.000000e+00	9.916075e+03
2.378493e+03	1.077943e-01	0.000000e+00	1.266751e+04
2.735268e+03	9.775152e-02	0.000000e+00	1.616143e+04
3.145558e+03	8.888757e-02	0.000000e+00	2.058715e+04
3.617391e+03	8.106583e-02	0.000000e+00	2.617726e+04
4.160000e+03	7.418162e-02	0.000000e+00	3.321555e+04
4.784000e+03	6.814370e-02	0.000000e+00	4.204563e+04
5.501600e+03	6.285339e-02	0.000000e+00	5.307997e+04
6.326840e+03	5.822794e-02	0.000000e+00	6.680925e+04
7.275866e+03	5.420751e-02	0.000000e+00	8.381162e+04
8.367246e+03	5.072979e-02	0.000000e+00	1.047615e+05
9.622333e+03	4.773312e-02	0.000000e+00	1.304375e+05
