# Energy_MeV	dEdx_Elec_MeV_um	dEdx_Nucl_MeV_um	Range_um
1.000000e-05	1.654685e-03	1.699536e-02	1.603065e-02
1.150000e-05	1.778432e-03	1.823758e-02	1.719096e-02
1.322500e-05	1.911127e-03	1.964115e-02	1.843525e-02
1.520875e-05	2.053418e-03	2.108152e-02	1.976960e-02
1.749006e-05	2.206001e-03	2.255356e-02	2.120054e-02
2.011357e-05	2.369622e-03	2.418571e-02	2.273504e-02
2.313061e-05	2.545079e-03	2.579398e-02	2.438062e-02
2.660020e-05	2.733230e-03	2.748654e-02	2.614530e-02
3.059023e-05	2.934993e-03	2.918794e-02	2.803771e-02
3.517876e-05	3.151356e-03	3.095765e-02	3.006709e-02
4.045558e-05	3.383374e-03	3.279139e-02	3.224336e-02
4.652391e-05	3.632181e-03	3.458550e-02	3.457716e-02
5.350250e-05	3.898993e-03	3.635548e-02	3.707987e-02
6.152788e-05	4.185114e-03	3.814733e-02	3.976373e-02
7.075706e-05	4.491940e-03	4.011812e-02	4.264185e-02
8.137062e-05	4.820971e-03	4.179490e-02	4.572829e-02
9.357621e-05	5.173815e-03	4.365764e-02	4.903813e-02
1.076126e-04	5.552195e-03	4.534758e-02	5.258753e-02
1.237545e-04	5.957959e-03	4.697163e-02	5.639385e-02
1.423177e-04	6.393091e-03	4.876522e-02	6.047566e-02
1.636654e-04	6.859715e-03	5.015835e-02	6.485292e-02
1.882152e-04	7.360112e-03	5.171198e-02	6.954701e-02
2.164475e-04	7.896726e-03	5.311425e-02	7.458086e-02
2.489146e-04	8.472178e-03	5.439108e-02	7.997906e-02
2.862518e-04	9.089280e-03	5.560677e-02	8.576799e-02
3.291895e-04	9.751047e-03	5.660381e-02	9.197592e-02
3.785680e-04	1.046071e-02	5.761812e-02	9.863319e-02
4.353531e-04	1.122174e-02	5.842921e-02	1.057723e-01
5.006561e-04	1.203785e-02	5.914916e-02	1.134282e-01
5.757545e-04	1.291303e-02	5.973252e-02	1.216382e-01
6.621177e-04	1.385156e-02	6.027413e-02	1.304424e-01
7.614354e-04	1.485801e-02	6.066969e-02	1.398839e-01
8.756507e-04	1.593731e-02	6.090723e-02	1.500088e-01
1.006998e-03	1.709473e-02	6.112055e-02	1.608665e-01
1.158048e-03	1.833593e-02	6.108367e-02	1.725101e-01
1.331755e-03	1.966696e-02	6.100750e-02	1.849251e-01
1.531519e-03	2.109434e-02	6.075558e-02	1.983515e-01
1.761246e-03	2.262502e-02	6.034319e-02	2.127524e-01
2.025433e-03	2.426650e-02	5.984682e-02	2.281493e-01
2.329248e-03	2.602679e-02	5.914293e-02	2.446629e-01
2.678635e-03	2.791449e-02	5.830764e-02	2.623716e-01
3.080431e-03	2.993882e-02	5.731436e-02	2.813618e-01
3.542495e-03	3.210967e-02	5.616827e-02	3.017265e-01
4.073870e-03	3.443765e-02	5.487365e-02	3.235651e-01
4.684950e-03	3.693413e-02	5.344113e-02	3.469846e-01
5.387693e-03	3.961130e-02	5.193039e-02	3.720992e-01
6.195847e-03	4.248225e-02	5.027326e-02	3.990316e-01
7.125224e-03	4.556100e-02	4.840501e-02	4.279133e-01
8.194007e-03	4.886259e-02	4.661721e-02	4.588854e-01
9.423108e-03	5.240316e-02	4.458885e-02	4.920994e-01
1.083657e-02	5.619999e-02	4.265841e-02	5.277176e-01
1.246206e-02	6.027163e-02	4.063761e-02	5.659137e-01
1.433137e-02	6.463799e-02	3.839086e-02	6.068743e-01
1.648108e-02	6.932038e-02	3.645465e-02	6.507997e-01
1.895324e-02	7.434168e-02	3.425145e-02	6.979047e-01
2.179622e-02	7.972644e-02	3.218115e-02	7.484192e-01
2.506566e-02	8.550094e-02	3.013636e-02	8.025896e-01
2.882550e-02	9.169340e-02	2.808891e-02	8.606809e-01
3.314933e-02	9.833408e-02	2.625482e-02	9.229771e-01
3.812173e-02	1.054554e-01	2.430323e-02	9.897826e-01
4.383999e-02	1.130922e-01	2.257217e-02	1.061423e+00
5.041599e-02	1.212817e-01	2.088505e-02	1.138249e+00
5.797838e-02	1.300640e-01	1.932929e-02	1.220635e+00
6.667514e-02	1.394820e-01	1.771137e-02	1.308986e+00
7.667641e-02	1.495816e-01	1.634936e-02	1.403730e+00
8.817787e-02	1.604123e-01	1.522290e-02	1.505334e+00
1.014046e-01	1.720269e-01	1.392747e-02	1.614286e+00
1.166152e-01	1.844821e-01	1.282836e-02	1.731135e+00
1.341075e-01	1.978390e-01	1.162254e-02	1.856437e+00
1.542237e-01	2.121630e-01	1.048062e-02	1.991624e+00
1.773572e-01	2.275238e-01	9.453474e-03	2.138043e+00
2.039608e-01	2.439964e-01	8.357689e-03	2.296661e+00
2.345549e-01	2.616614e-01	7.564435e-03	2.468664e+00
2.697381e-01	2.806049e-01	6.804648e-03	2.655386e+00
3.101989e-01	3.009195e-01	6.157855e-03	2.850947e+00
3.567287e-01	3.154328e-01	5.534260e-03	3.008430e+00
4.102380e-01	3.283997e-01	4.957102e-03	3.166959e+00
4.717737e-01	3.482978e-01	4.468750e-03	3.326080e+00
5.425397e-01	3.684324e-01	4.027892e-03	3.485777e+00
6.239207e-01	3.869377e-01	3.628635e-03	3.646535e+00
7.175088e-01	4.023493e-01	3.207526e-03	3.809517e+00
8.251351e-01	4.172725e-01	2.913000e-03	3.976724e+00
9.489054e-01	4.282094e-01	2.579319e-03	4.151156e+00
1.091241e+00	4.380177e-01	2.314875e-03	4.336973e+00
1.254927e+00	4.456090e-01	2.075072e-03	4.539723e+00
1.443166e+00	4.494264e-01	1.821366e-03	4.766535e+00
1.659641e+00	4.523252e-01	1.650373e-03	5.026395e+00
1.908588e+00	4.546707e-01	1.453732e-03	5.330436e+00
2.194876e+00	4.553218e-01	1.291841e-03	5.692293e+00
2.524107e+00	4.539115e-01	1.148682e-03	6.128520e+00
2.902723e+00	4.499419e-01	1.015824e-03	6.659075e+00
3.338132e+00	4.445568e-01	9.086909e-04	7.307872e+00
3.838852e+00	4.367463e-01	8.012514e-04	8.103449e+00
4.414679e+00	4.272617e-01	7.161211e-04	9.079792e+00
5.076881e+00	4.159346e-01	6.375744e-04	1.027750e+01
5.838413e+00	4.027617e-01	5.692283e-04	1.174534e+01
6.714175e+00	3.878889e-01	5.011516e-04	1.354250e+01
7.721302e+00	3.716406e-01	4.462909e-04	1.574188e+01
8.879497e+00	3.542134e-01	3.973704e-04	1.843467e+01
1.021142e+01	3.350004e-01	3.472862e-04	2.173669e+01
1.174313e+01	3.162720e-01	3.121832e-04	2.579716e+01
1.350460e+01	2.967541e-01	2.729546e-04	3.081036e+01
1.553030e+01	2.785840e-01	2.429500e-04	3.703098e+01
1.785984e+01	2.588789e-01	2.156917e-04	4.479372e+01
2.053882e+01	2.370142e-01	1.873226e-04	5.453834e+01
2.361964e+01	2.184441e-01	1.663354e-04	6.684040e+01
2.716258e+01	2.161624e-01	1.461991e-04	8.244577e+01
3.123697e+01	1.961019e-01	1.299878e-04	1.023226e+02
3.592252e+01	1.776106e-01	1.144677e-04	1.277849e+02
4.131089e+01	1.605121e-01	1.005544e-04	1.603815e+02
4.750753e+01	1.446380e-01	8.916492e-05	2.021162e+02
5.463366e+01	1.299441e-01	7.906628e-05	2.555826e+02
6.282871e+01	1.165551e-01	7.017758e-05	3.240888e+02
7.225301e+01	1.044840e-01	6.090985e-05	4.117876e+02
8.309096e+01	9.340951e-02	5.469517e-05	5.240965e+02
9.555461e+01	8.332707e-02	4.754829e-05	6.682990e+02
1.098878e+02	7.440506e-02	4.217831e-05	8.535262e+02
1.263710e+02	6.687211e-02	0.000000e+00	1.090441e+03
1.453266e+02	6.005947e-02	0.000000e+00	1.392888e+03
1.671256e+02	5.390800e-02	0.000000e+00	1.779429e+03
1.921945e+02	4.835164e-02	0.000000e+00	2.274016e+03
2.210236e+02	4.334154e-02	0.000000e+00	2.907574e+03
2.541772e+02	3.884403e-02	0.000000e+00	3.719688e+03
2.923037e+02	3.478469e-02	0.000000e+00	4.761408e+03
3.361493e+02	3.111387e-02	0.000000e+00	6.099503e+03
3.865717e+02	2.783062e-02	0.000000e+00	7.819313e+03
4.445574e+02	2.495294e-02	0.000000e+00	1.002730e+04
5.112411e+02	2.237938e-02	0.000000e+00	1.285815e+04
5.879272e+02	2.007524e-02	0.000000e+00	1.648727e+04
6.761163e+02	1.801726e-02	0.000000e+00	2.113819e+04
7.775337e+02	1.618094e-02	0.000000e+00	2.709540e+04
8.941638e+02	1.454622e-02	0.000000e+00	3.471981e+04
1.028288e+03	1.309290e-02	0.000000e+00	4.446760e+04
1.182532e+03	1.180172e-02	0.000000e+00	5.691402e+04
1.359911e+03	1.065588e-02	0.000000e+00	7.278144e+04
1.563898e+03	9.640158e-03	0.000000e+00	9.297231e+04
1.798483e+03	8.741755e-03	0.000000e+00	1.186088e+05
2.068255e+03	7.948395e-03	0.000000e+00	1.510782e+05
2.378493e+03	7.248439e-03	0.000000e+00	1.920845e+05
2.735268e+03	6.632188e-03	0.000000e+00	2.437063e+05
3.145558e+03	6.091186e-03	0.000000e+00	3.084589e+05
3.617391e+03	5.617727e-03	0.000000e+00	3.893610e+05
4.160000e+03	5.204799e-03	0.000000e+00	4.900019e+05
4.784000e+03	4.846047e-03	0.000000e+00	6.146090e+05
5.501600e+03	4.535705e-03	0.000000e+00	7.681114e+05
6.326840e+03	4.268618e-03	0.000000e+00	9.561971e+05
7.275866e+03	4.040374e-03	0.000000e+00	1.185362e+06
8.367246e+03	3.847069e-03	0.000000e+00	1.462950e+06
9.622333e+03	3.685139e-03	0.000000e+00	1.797181e+06
