# Energy_MeV	dEdx_Elec_MeV_um	dEdx_Nucl_MeV_um	Range_um
1.000000e-05	2.516769e-03	3.253096e-02	4.450101e-03
1.150000e-05	2.725206e-03	3.560077e-02	4.772202e-03
1.322500e-05	2.948488e-03	3.909318e-02	5.117617e-03
1.520875e-05	3.187710e-03	4.290040e-02	5.488032e-03
1.749006e-05	3.444047e-03	4.693625e-02	5.885259e-03
2.011357e-05	3.718755e-03	5.150970e-02	6.311237e-03
2.313061e-05	4.013180e-03	5.621474e-02	6.768048e-03
2.660020e-05	4.328763e-03	6.145552e-02	7.257923e-03
3.059023e-05	4.667047e-03	6.703166e-02	7.783255e-03
3.517876e-05	5.029689e-03	7.292724e-02	8.346611e-03
4.045558e-05	5.418461e-03	7.948814e-02	8.950743e-03
4.652391e-05	5.835263e-03	8.626370e-02	9.598603e-03
5.350250e-05	6.282135e-03	9.361540e-02	1.029335e-02
6.152788e-05	6.761259e-03	1.012770e-01	1.103839e-02
7.075706e-05	7.274977e-03	1.097079e-01	1.183736e-02
8.137062e-05	7.825800e-03	1.185482e-01	1.269415e-02
9.357621e-05	8.416419e-03	1.281820e-01	1.361296e-02
1.076126e-04	9.049721e-03	1.379738e-01	1.459828e-02
1.237545e-04	9.728800e-03	1.482582e-01	1.565491e-02
1.423177e-04	1.045697e-02	1.593899e-01	1.678802e-02
1.636654e-04	1.123780e-02	1.708221e-01	1.800314e-02
1.882152e-04	1.207509e-02	1.832342e-01	1.930622e-02
2.164475e-04	1.297294e-02	1.957203e-01	2.070361e-02
2.489146e-04	1.393574e-02	2.090233e-01	2.220215e-02
2.862518e-04	1.496818e-02	2.222681e-01	2.380916e-02
3.291895e-04	1.607532e-02	2.359163e-01	2.553247e-02
3.785680e-04	1.726256e-02	2.500411e-01	2.738053e-02
4.353531e-04	1.853570e-02	2.640850e-01	2.936235e-02
5.006561e-04	1.990096e-02	2.790427e-01	3.148761e-02
5.757545e-04	2.136501e-02	2.924057e-01	3.376670e-02
6.621177e-04	2.293501e-02	3.069775e-01	3.621075e-02
7.614354e-04	2.461862e-02	3.216853e-01	3.883170e-02
8.756507e-04	2.642407e-02	3.354453e-01	4.164236e-02
1.006998e-03	2.836017e-02	3.505827e-01	4.465646e-02
1.158048e-03	3.043640e-02	3.626120e-01	4.788872e-02
1.331755e-03	3.266288e-02	3.759639e-01	5.135493e-02
1.531519e-03	3.505051e-02	3.887462e-01	5.507202e-02
1.761246e-03	3.761094e-02	4.002792e-01	5.905816e-02
2.025433e-03	4.035667e-02	4.126397e-01	6.333283e-02
2.329248e-03	4.330113e-02	4.225074e-01	6.791689e-02
2.678635e-03	4.645871e-02	4.325980e-01	7.283275e-02
3.080431e-03	4.984481e-02	4.413825e-01	7.810442e-02
3.542495e-03	5.347600e-02	4.490002e-01	8.375190e-02
4.073870e-03	5.737000e-02	4.565617e-01	8.982310e-02
4.684950e-03	6.154584e-02	4.624456e-01	9.632279e-02
5.387693e-03	6.602392e-02	4.678676e-01	1.032956e-01
6.195847e-03	7.082613e-02	4.719491e-01	1.107718e-01
7.125224e-03	7.597590e-02	4.756483e-01	1.187893e-01
8.194007e-03	8.149842e-02	4.782282e-01	1.273872e-01
9.423108e-03	8.742065e-02	4.803703e-01	1.366074e-01
1.083657e-02	9.377154e-02	4.809002e-01	1.464950e-01
1.246206e-02	1.005821e-01	4.804638e-01	1.570982e-01
1.433137e-02	1.078856e-01	4.791792e-01	1.684688e-01
1.648108e-02	1.157177e-01	4.766473e-01	1.806626e-01
1.895324e-02	1.241167e-01	4.733041e-01	1.937389e-01
2.179622e-02	1.331237e-01	4.684698e-01	2.077616e-01
2.506566e-02	1.427825e-01	4.625315e-01	2.227993e-01
2.882550e-02	1.531405e-01	4.553246e-01	2.389255e-01
3.314933e-02	1.642482e-01	4.469934e-01	2.562189e-01
3.812173e-02	1.761599e-01	4.373738e-01	2.747640e-01
4.383999e-02	1.889337e-01	4.267387e-01	2.946514e-01
5.041599e-02	2.026321e-01	4.147876e-01	3.159782e-01
5.797838e-02	2.173220e-01	4.026489e-01	3.388487e-01
6.667514e-02	2.330751e-01	3.889769e-01	3.633747e-01
7.667641e-02	2.499685e-01	3.743235e-01	3.896758e-01
8.817787e-02	2.680847e-01	3.594491e-01	4.178804e-01
1.014046e-01	2.875120e-01	3.430313e-01	4.481266e-01
1.166152e-01	3.083456e-01	3.281597e-01	4.805622e-01
1.341075e-01	3.306871e-01	3.115831e-01	5.153455e-01
1.542237e-01	3.546456e-01	2.948514e-01	5.526462e-01
1.773572e-01	3.803383e-01	2.786078e-01	5.926467e-01
2.039608e-01	4.078907e-01	2.611209e-01	6.355428e-01
2.345549e-01	4.374373e-01	2.454518e-01	6.815430e-01
2.697381e-01	4.691225e-01	2.291676e-01	7.308775e-01
3.101989e-01	5.031011e-01	2.137369e-01	7.837616e-01
3.567287e-01	5.395414e-01	1.992514e-01	8.406429e-01
4.102380e-01	5.786198e-01	1.843137e-01	9.022166e-01
4.717737e-01	6.205267e-01	1.708649e-01	9.688973e-01
5.425397e-01	6.654669e-01	1.578029e-01	1.041181e+00
6.239207e-01	7.136599e-01	1.458152e-01	1.119611e+00
7.175088e-01	7.653413e-01	1.338071e-01	1.204819e+00
8.251351e-01	8.174953e-01	1.237753e-01	1.297539e+00
9.489054e-01	8.665839e-01	1.139902e-01	1.398636e+00
1.091241e+00	9.358719e-01	1.057865e-01	1.476411e+00
1.254927e+00	1.023752e+00	9.704564e-02	1.499521e+00
1.443166e+00	1.118170e+00	8.699367e-02	1.520899e+00
1.659641e+00	1.223779e+00	7.814028e-02	1.541041e+00
1.908588e+00	1.339141e+00	6.924815e-02	1.560557e+00
2.194876e+00	1.464842e+00	6.267206e-02	1.580379e+00
2.524107e+00	1.605416e+00	5.620210e-02	1.601584e+00
2.902723e+00	1.751998e+00	5.082229e-02	1.625506e+00
3.338132e+00	1.906704e+00	4.584470e-02	1.653750e+00
3.838852e+00	2.061383e+00	4.111958e-02	1.688217e+00
4.414679e+00	2.228697e+00	3.714508e-02	1.731125e+00
5.076881e+00	2.412217e+00	3.309406e-02	1.785029e+00
5.838413e+00	2.572971e+00	3.007263e-02	1.852827e+00
6.714175e+00	2.733352e+00	2.692018e-02	1.937755e+00
7.721302e+00	2.885552e+00	2.406069e-02	2.043438e+00
8.879497e+00	3.016195e+00	2.156852e-02	2.173842e+00
1.021142e+01	3.148986e+00	1.903003e-02	2.333327e+00
1.174313e+01	3.268334e+00	1.723761e-02	2.526704e+00
1.350460e+01	3.381388e+00	1.532965e-02	2.759356e+00
1.553030e+01	3.486206e+00	1.365363e-02	3.037451e+00
1.785984e+01	3.565171e+00	1.218374e-02	3.368239e+00
2.053882e+01	3.640113e+00	1.071040e-02	3.760444e+00
2.361964e+01	3.692087e+00	9.577636e-03	4.224782e+00
2.716258e+01	3.727401e+00	8.474963e-03	4.774556e+00
3.123697e+01	3.747853e+00	7.531843e-03	5.426404e+00
3.592252e+01	3.729551e+00	6.724675e-03	6.201198e+00
4.131089e+01	3.702715e+00	5.945653e-03	7.125163e+00
4.750753e+01	3.666697e+00	5.298282e-03	8.231314e+00
5.463366e+01	3.610251e+00	4.710096e-03	9.561087e+00
6.282871e+01	3.535595e+00	4.202239e-03	1.116725e+01
7.225301e+01	3.960934e+00	3.723059e-03	1.311378e+01
8.309096e+01	3.738466e+00	3.313722e-03	1.549110e+01
9.555461e+01	3.517782e+00	2.892773e-03	1.840653e+01
1.098878e+02	3.297542e+00	2.586647e-03	2.198605e+01
1.263710e+02	3.078096e+00	2.293053e-03	2.640159e+01
1.453266e+02	2.863352e+00	2.026058e-03	3.187484e+01
1.671256e+02	2.656840e+00	1.800998e-03	3.868374e+01
1.921945e+02	2.455937e+00	1.566362e-03	4.718583e+01
2.210236e+02	2.260585e+00	1.392745e-03	5.786811e+01
2.541772e+02	2.074856e+00	1.218390e-03	7.136561e+01
2.923037e+02	1.910408e+00	1.080249e-03	8.841544e+01
3.361493e+02	1.758157e+00	9.564827e-04	1.099174e+02
3.865717e+02	1.612902e+00	8.399455e-04	1.371161e+02
4.445574e+02	1.474898e+00	7.475522e-04	1.716356e+02
5.112411e+02	1.344866e+00	6.533218e-04	2.155786e+02
5.879272e+02	1.223205e+00	5.858221e-04	2.716502e+02
6.761163e+02	1.110085e+00	5.160596e-04	3.433289e+02
7.775337e+02	1.004054e+00	4.543870e-04	4.351649e+02
8.941638e+02	9.064591e-01	4.008674e-04	5.530612e+02
1.028288e+03	8.180351e-01	3.483706e-04	7.044454e+02
1.182532e+03	7.380713e-01	3.116027e-04	8.986100e+02
1.359911e+03	6.651164e-01	2.732272e-04	1.147599e+03
1.563898e+03	5.991499e-01	2.402228e-04	1.466933e+03
1.798483e+03	5.398170e-01	2.112187e-04	1.876324e+03
2.068255e+03	4.863444e-01	1.831125e-04	2.400825e+03
2.378493e+03	4.382124e-01	1.614577e-04	3.072133e+03
2.735268e+03	3.952902e-01	1.410056e-04	3.930232e+03
3.145558e+03	3.571260e-01	1.236199e-04	5.025411e+03
3.617391e+03	3.230880e-01	1.089658e-04	6.420588e+03
4.160000e+03	2.928575e-01	9.512231e-05	8.194139e+03
4.784000e+03	2.661640e-01	8.356588e-05	1.044317e+04
5.501600e+03	2.425694e-01	7.343746e-05	1.328727e+04
6.326840e+03	2.217404e-01	6.461047e-05	1.687271e+04
7.275866e+03	2.034665e-01	5.647820e-05	2.137712e+04
8.367246e+03	1.874572e-01	4.965434e-05	2.701440e+04
9.622333e+03	1.734125e-01	0.000000e+00	3.403988e+04
