# Energy_MeV	dEdx_Elec_MeV_um	dEdx_Nucl_MeV_um	Range_um
1.000000e-05	3.160069e-03	1.014729e-02	7.037588e-03
1.150000e-05	3.407685e-03	1.092041e-02	7.546973e-03
1.322500e-05	3.673124e-03	1.173499e-02	8.093227e-03
1.520875e-05	3.957683e-03	1.265950e-02	8.679019e-03
1.749006e-05	4.262753e-03	1.353066e-02	9.307211e-03
2.011357e-05	4.589827e-03	1.449987e-02	9.980871e-03
2.313061e-05	4.940502e-03	1.550600e-02	1.070329e-02
2.660020e-05	5.316493e-03	1.653304e-02	1.147800e-02
3.059023e-05	5.719637e-03	1.761383e-02	1.230879e-02
3.517876e-05	6.151904e-03	1.865487e-02	1.319970e-02
4.045558e-05	6.615406e-03	1.981337e-02	1.415510e-02
4.652391e-05	7.112409e-03	2.092587e-02	1.517966e-02
5.350250e-05	7.645340e-03	2.203623e-02	1.627837e-02
6.152788e-05	8.216803e-03	2.313851e-02	1.745661e-02
7.075706e-05	8.829591e-03	2.430856e-02	1.872013e-02
8.137062e-05	9.486697e-03	2.548800e-02	2.007510e-02
9.357621e-05	1.019133e-02	2.654927e-02	2.152814e-02
1.076126e-04	1.094694e-02	2.767444e-02	2.308636e-02
1.237545e-04	1.175721e-02	2.870913e-02	2.475737e-02
1.423177e-04	1.262610e-02	2.977130e-02	2.654932e-02
1.636654e-04	1.355785e-02	3.081209e-02	2.847097e-02
1.882152e-04	1.455703e-02	3.169438e-02	3.053171e-02
2.164475e-04	1.562850e-02	3.263153e-02	3.274162e-02
2.489146e-04	1.677751e-02	3.350166e-02	3.511147e-02
2.862518e-04	1.800967e-02	3.425287e-02	3.765286e-02
3.291895e-04	1.933099e-02	3.496383e-02	4.037819e-02
3.785680e-04	2.074794e-02	3.560067e-02	4.330079e-02
4.353531e-04	2.226743e-02	3.618849e-02	4.643492e-02
5.006561e-04	2.389689e-02	3.669030e-02	4.979489e-02
5.757545e-04	2.564427e-02	3.707097e-02	5.339273e-02
6.621177e-04	2.751813e-02	3.743894e-02	5.726731e-02
7.614354e-04	2.952760e-02	3.778908e-02	6.141125e-02
8.756507e-04	3.168250e-02	3.795351e-02	6.585656e-02
1.006998e-03	3.399337e-02	3.810282e-02	7.062314e-02
1.158048e-03	3.647150e-02	3.816952e-02	7.573479e-02
1.331755e-03	3.912898e-02	3.813316e-02	8.121642e-02
1.531519e-03	4.197881e-02	3.807587e-02	8.709479e-02
1.761246e-03	4.503490e-02	3.785094e-02	9.339863e-02
2.025433e-03	4.831219e-02	3.757259e-02	1.001588e-01
2.329248e-03	5.182668e-02	3.721631e-02	1.074082e-01
2.678635e-03	5.559555e-02	3.674154e-02	1.151824e-01
3.080431e-03	5.963720e-02	3.618296e-02	1.235192e-01
3.542495e-03	6.397138e-02	3.552660e-02	1.324595e-01
4.073870e-03	6.861928e-02	3.476618e-02	1.420469e-01
4.684950e-03	7.360358e-02	3.393544e-02	1.523283e-01
5.387693e-03	7.894865e-02	3.302445e-02	1.633538e-01
6.195847e-03	8.468059e-02	3.204929e-02	1.751772e-01
7.125224e-03	9.082741e-02	3.095749e-02	1.878566e-01
8.194007e-03	9.741913e-02	2.980872e-02	2.014537e-01
9.423108e-03	1.044880e-01	2.864754e-02	2.160349e-01
1.083657e-02	1.120684e-01	2.740669e-02	2.316715e-01
1.246206e-02	1.201976e-01	2.618452e-02	2.484398e-01
1.433137e-02	1.289151e-01	2.485722e-02	2.664219e-01
1.648108e-02	1.382637e-01	2.352748e-02	2.857057e-01
1.895324e-02	1.482888e-01	2.227064e-02	3.063851e-01
2.179622e-02	1.590396e-01	2.092682e-02	3.285613e-01
2.506566e-02	1.705686e-01	1.960761e-02	3.523425e-01
2.882550e-02	1.829320e-01	1.836862e-02	3.778452e-01
3.314933e-02	1.961903e-01	1.714816e-02	4.051940e-01
3.812173e-02	2.104082e-01	1.595377e-02	4.345212e-01
4.383999e-02	2.256552e-01	1.479027e-02	4.659750e-01
5.041599e-02	2.420058e-01	1.368108e-02	4.996936e-01
5.797838e-02	2.595421e-01	1.272131e-02	5.360218e-01
6.667514e-02	2.783477e-01	1.171770e-02	5.753645e-01
7.667641e-02	2.985143e-01	1.065976e-02	6.179762e-01
8.817787e-02	3.201407e-01	9.988241e-03	6.641770e-01
1.014046e-01	3.433324e-01	9.261158e-03	7.143199e-01
1.166152e-01	3.681984e-01	8.425013e-03	7.542198e-01
1.341075e-01	3.897789e-01	7.709317e-03	7.942524e-01
1.542237e-01	4.084564e-01	6.914465e-03	8.345505e-01
1.773572e-01	4.363733e-01	6.336627e-03	8.749856e-01
2.039608e-01	4.680958e-01	5.672114e-03	9.155133e-01
2.345549e-01	4.975130e-01	5.037875e-03	9.562074e-01
2.697381e-01	5.255713e-01	4.561301e-03	9.972871e-01
3.101989e-01	5.528255e-01	4.090032e-03	1.039172e+00
3.567287e-01	5.749983e-01	3.716126e-03	1.082510e+00
4.102380e-01	5.968110e-01	3.313555e-03	1.128225e+00
4.717737e-01	6.137142e-01	2.984728e-03	1.177566e+00
5.425397e-01	6.264040e-01	2.701374e-03	1.232159e+00
6.239207e-01	6.364097e-01	2.429295e-03	1.294063e+00
7.175088e-01	6.458447e-01	2.171807e-03	1.365833e+00
8.251351e-01	6.542290e-01	1.937601e-03	1.450596e+00
9.489054e-01	6.583893e-01	1.748878e-03	1.552129e+00
1.091241e+00	6.596196e-01	1.557609e-03	1.674953e+00
1.254927e+00	6.590652e-01	1.395397e-03	1.824448e+00
1.443166e+00	6.539493e-01	1.239508e-03	2.006983e+00
1.659641e+00	6.470706e-01	1.100638e-03	2.230085e+00
1.908588e+00	6.373984e-01	9.894843e-04	2.502684e+00
2.194876e+00	6.245322e-01	8.747726e-04	2.835454e+00
2.524107e+00	6.089876e-01	7.730081e-04	3.241304e+00
2.902723e+00	5.904243e-01	6.894700e-04	3.736082e+00
3.338132e+00	5.694485e-01	6.131227e-04	4.339524e+00
3.838852e+00	5.458430e-01	5.439063e-04	5.076570e+00
4.414679e+00	5.209000e-01	4.825057e-04	5.979086e+00
5.076881e+00	4.937306e-01	4.279866e-04	7.088154e+00
5.838413e+00	4.682478e-01	3.848358e-04	8.457048e+00
6.714175e+00	4.399994e-01	3.411926e-04	1.015504e+01
7.721302e+00	4.086765e-01	2.971960e-04	1.227230e+01
8.879497e+00	3.796870e-01	2.683759e-04	1.492582e+01
1.021142e+01	3.758387e-01	2.365965e-04	1.826746e+01
1.174313e+01	3.423943e-01	2.093267e-04	2.249071e+01
1.350460e+01	3.116655e-01	1.869126e-04	2.786214e+01
1.553030e+01	2.831219e-01	1.618995e-04	3.470063e+01
1.785984e+01	2.564684e-01	1.459828e-04	4.340983e+01
2.053882e+01	2.315164e-01	1.283077e-04	5.452052e+01
2.361964e+01	2.085359e-01	1.122247e-04	6.871556e+01
2.716258e+01	1.876067e-01	9.976048e-05	8.685522e+01
3.123697e+01	1.683487e-01	8.735470e-05	1.100556e+02
3.592252e+01	1.505475e-01	7.801139e-05	1.398218e+02
4.131089e+01	1.345202e-01	6.812812e-05	1.780776e+02
4.750753e+01	1.210335e-01	6.027325e-05	2.270746e+02
5.463366e+01	1.088163e-01	5.375484e-05	2.896580e+02
6.282871e+01	9.774174e-02	4.746038e-05	3.696722e+02
7.225301e+01	8.770588e-02	4.174114e-05	4.720844e+02
8.309096e+01	7.863840e-02	0.000000e+00	6.033063e+02
9.555461e+01	7.048486e-02	0.000000e+00	7.715491e+02
1.098878e+02	6.314156e-02	0.000000e+00	9.873684e+02
1.263710e+02	5.647887e-02	0.000000e+00	1.264561e+03
1.453266e+02	5.051727e-02	0.000000e+00	1.620865e+03
1.671256e+02	4.527157e-02	0.000000e+00	2.078472e+03
1.921945e+02	4.060198e-02	0.000000e+00	2.665274e+03
2.210236e+02	3.641857e-02	0.000000e+00	3.417550e+03
2.541772e+02	3.268118e-02	0.000000e+00	4.381729e+03
2.923037e+02	2.934624e-02	0.000000e+00	5.616857e+03
3.361493e+02	2.637625e-02	0.000000e+00	7.197911e+03
3.865717e+02	2.373524e-02	0.000000e+00	9.219724e+03
4.445574e+02	2.138878e-02	0.000000e+00	1.180192e+04
5.112411e+02	1.930615e-02	0.000000e+00	1.509488e+04
5.879272e+02	1.745926e-02	0.000000e+00	1.928661e+04
6.761163e+02	1.582503e-02	0.000000e+00	2.461114e+04
7.775337e+02	1.438176e-02	0.000000e+00	3.135808e+04
8.941638e+02	1.310803e-02	0.000000e+00	3.988365e+04
1.028288e+03	1.198601e-02	0.000000e+00	5.062288e+04
1.182532e+03	1.100054e-02	0.000000e+00	6.410305e+04
1.359911e+03	1.013758e-02	0.000000e+00	8.095795e+04
1.563898e+03	9.384365e-03	0.000000e+00	1.019425e+05
1.798483e+03	8.729498e-03	0.000000e+00	1.279474e+05
2.068255e+03	8.162574e-03	0.000000e+00	1.600132e+05
2.378493e+03	7.674106e-03	0.000000e+00	1.993427e+05
2.735268e+03	7.256044e-03	0.000000e+00	2.473125e+05
3.145558e+03	6.901380e-03	0.000000e+00	3.054816e+05
3.617391e+03	6.603624e-03	0.000000e+00	3.755991e+05
4.160000e+03	6.355709e-03	0.000000e+00	4.596136e+05
4.784000e+03	6.142444e-03	0.000000e+00	5.597925e+05
5.501600e+03	5.969880e-03	0.000000e+00	5.954195e+05
6.326840e+03	5.833667e-03	0.000000e+00	5.954195e+05
7.275866e+03	5.729779e-03	0.000000e+00	5.954195e+05
8.367246e+03	5.654518e-03	0.000000e+00	5.954195e+05
9.622333e+03	5.604558e-03	0.000000e+00	5.954195e+05
