# Energy_MeV	dEdx_Elec_MeV_um	dEdx_Nucl_MeV_um	Range_um
1.000000e-05	2.393091e-03	1.885382e-02	8.439277e-03
1.150000e-05	2.577920e-03	2.046062e-02	9.050116e-03
1.322500e-05	2.776077e-03	2.210147e-02	9.705168e-03
1.520875e-05	2.988529e-03	2.385598e-02	1.040763e-02
1.749006e-05	3.216317e-03	2.575115e-02	1.116094e-02
2.011357e-05	3.460552e-03	2.763236e-02	1.196878e-02
2.313061e-05	3.722429e-03	2.978383e-02	1.283508e-02
2.660020e-05	4.003227e-03	3.190434e-02	1.376409e-02
3.059023e-05	4.304318e-03	3.416070e-02	1.476035e-02
3.517876e-05	4.627173e-03	3.660988e-02	1.582871e-02
4.045558e-05	4.973371e-03	3.904069e-02	1.697440e-02
4.652391e-05	5.344601e-03	4.158798e-02	1.820302e-02
5.350250e-05	5.742679e-03	4.410765e-02	1.952056e-02
6.152788e-05	6.169548e-03	4.679311e-02	2.093347e-02
7.075706e-05	6.627295e-03	4.952810e-02	2.244864e-02
8.137062e-05	7.118156e-03	5.224717e-02	2.407349e-02
9.357621e-05	7.644528e-03	5.486425e-02	2.581594e-02
1.076126e-04	8.208984e-03	5.756837e-02	2.768451e-02
1.237545e-04	8.814281e-03	6.050438e-02	2.968833e-02
1.423177e-04	9.463376e-03	6.298632e-02	3.183719e-02
1.636654e-04	1.015944e-02	6.584055e-02	3.414158e-02
1.882152e-04	1.090587e-02	6.824166e-02	3.661277e-02
2.164475e-04	1.170632e-02	7.072985e-02	3.926282e-02
2.489146e-04	1.256470e-02	7.335107e-02	4.210468e-02
2.862518e-04	1.348520e-02	7.542068e-02	4.515224e-02
3.291895e-04	1.447231e-02	7.778642e-02	4.842038e-02
3.785680e-04	1.553087e-02	7.979077e-02	5.192508e-02
4.353531e-04	1.666604e-02	8.168154e-02	5.568344e-02
5.006561e-04	1.788336e-02	8.344875e-02	5.971384e-02
5.757545e-04	1.918878e-02	8.495558e-02	6.403596e-02
6.621177e-04	2.058869e-02	8.644532e-02	6.867091e-02
7.614354e-04	2.208992e-02	8.760687e-02	7.364135e-02
8.756507e-04	2.369980e-02	8.864164e-02	7.897155e-02
1.006998e-03	2.542621e-02	8.949398e-02	8.468755e-02
1.158048e-03	2.727756e-02	9.032311e-02	9.081728e-02
1.331755e-03	2.926292e-02	9.082101e-02	9.738519e-02
1.531519e-03	3.139197e-02	9.118394e-02	1.044434e-01
1.761246e-03	3.367511e-02	9.145925e-02	1.120010e-01
2.025433e-03	3.612351e-02	9.136196e-02	1.201088e-01
2.329248e-03	3.874913e-02	9.124404e-02	1.288018e-01
2.678635e-03	4.156478e-02	9.078837e-02	1.381244e-01
3.080431e-03	4.458423e-02	9.015514e-02	1.481217e-01
3.542495e-03	4.782223e-02	8.937345e-02	1.588427e-01
4.073870e-03	5.129459e-02	8.827363e-02	1.703396e-01
4.684950e-03	5.501828e-02	8.698847e-02	1.826686e-01
5.387693e-03	5.901149e-02	8.545906e-02	1.958901e-01
6.195847e-03	6.329373e-02	8.369930e-02	2.100686e-01
7.125224e-03	6.788592e-02	8.173574e-02	2.252733e-01
8.194007e-03	7.281050e-02	7.954039e-02	2.415785e-01
9.423108e-03	7.809151e-02	7.726923e-02	2.590638e-01
1.083657e-02	8.375477e-02	7.474055e-02	2.778148e-01
1.246206e-02	8.982793e-02	7.194287e-02	2.979230e-01
1.433137e-02	9.634067e-02	6.923933e-02	3.194867e-01
1.648108e-02	1.033248e-01	6.615246e-02	3.426110e-01
1.895324e-02	1.108145e-01	6.332009e-02	3.674091e-01
2.179622e-02	1.188462e-01	6.022312e-02	3.940023e-01
2.506566e-02	1.274593e-01	5.693069e-02	4.225203e-01
2.882550e-02	1.366958e-01	5.399484e-02	4.531023e-01
3.314933e-02	1.466009e-01	5.066188e-02	4.858978e-01
3.812173e-02	1.572229e-01	4.761768e-02	5.210671e-01
4.383999e-02	1.686137e-01	4.456454e-02	5.587821e-01
5.041599e-02	1.808290e-01	4.157122e-02	5.992270e-01
5.797838e-02	1.939284e-01	3.876473e-02	6.425990e-01
6.667514e-02	2.079760e-01	3.588490e-02	6.891104e-01
7.667641e-02	2.230403e-01	3.331889e-02	7.389885e-01
8.817787e-02	2.391951e-01	3.084631e-02	7.924760e-01
1.014046e-01	2.565191e-01	2.852090e-02	8.498407e-01
1.166152e-01	2.750970e-01	2.604213e-02	9.113324e-01
1.341075e-01	2.950207e-01	2.418690e-02	9.774748e-01
1.542237e-01	3.163867e-01	2.246264e-02	1.049075e+00
1.773572e-01	3.392992e-01	2.049818e-02	1.126613e+00
2.039608e-01	3.638702e-01	1.889013e-02	1.210668e+00
2.345549e-01	3.902193e-01	1.704087e-02	1.299861e+00
2.697381e-01	4.184729e-01	1.543032e-02	1.368579e+00
3.101989e-01	4.460694e-01	1.385783e-02	1.437950e+00
3.567287e-01	4.694834e-01	1.227305e-02	1.507666e+00
4.102380e-01	5.025421e-01	1.110265e-02	1.577490e+00
4.717737e-01	5.443828e-01	9.978572e-03	1.647313e+00
5.425397e-01	5.835623e-01	9.055304e-03	1.717229e+00
6.239207e-01	6.244625e-01	8.122443e-03	1.787548e+00
7.175088e-01	6.630706e-01	7.291106e-03	1.858893e+00
8.251351e-01	6.987829e-01	6.558311e-03	1.932257e+00
9.489054e-01	7.350812e-01	5.917003e-03	2.009082e+00
1.091241e+00	7.626238e-01	5.319323e-03	2.091347e+00
1.254927e+00	7.878634e-01	4.721043e-03	2.181636e+00
1.443166e+00	8.063926e-01	4.276667e-03	2.283231e+00
1.659641e+00	8.252444e-01	3.777626e-03	2.400223e+00
1.908588e+00	8.448685e-01	3.404750e-03	2.537604e+00
2.194876e+00	8.563804e-01	3.037506e-03	2.701390e+00
2.524107e+00	8.658230e-01	2.683024e-03	2.898745e+00
2.902723e+00	8.718103e-01	2.421159e-03	3.138137e+00
3.338132e+00	8.726374e-01	2.128114e-03	3.429515e+00
3.838852e+00	8.713044e-01	1.895176e-03	3.784544e+00
4.414679e+00	8.656197e-01	1.683510e-03	4.216937e+00
5.076881e+00	8.565129e-01	1.493816e-03	4.742951e+00
5.838413e+00	8.434292e-01	1.329817e-03	5.382098e+00
6.714175e+00	8.255632e-01	1.175694e-03	6.158168e+00
7.721302e+00	8.043379e-01	1.049948e-03	7.100602e+00
8.879497e+00	7.791148e-01	9.358330e-04	8.246390e+00
1.021142e+01	7.508102e-01	8.350126e-04	9.642489e+00
1.174313e+01	7.188246e-01	7.307475e-04	1.134904e+01
1.350460e+01	6.873976e-01	6.557435e-04	1.344348e+01
1.553030e+01	6.523448e-01	5.808283e-04	1.602584e+01
1.785984e+01	6.137616e-01	5.097556e-04	1.922557e+01
2.053882e+01	5.748675e-01	4.575183e-04	2.320974e+01
2.361964e+01	5.336031e-01	3.977534e-04	2.819542e+01
2.716258e+01	5.275545e-01	3.568213e-04	3.445572e+01
3.123697e+01	4.823637e-01	3.150796e-04	4.236729e+01
3.592252e+01	4.402611e-01	2.747849e-04	5.239576e+01
4.131089e+01	4.006343e-01	2.433634e-04	6.510893e+01
4.750753e+01	3.632570e-01	2.137086e-04	8.126566e+01
5.463366e+01	3.284687e-01	1.905142e-04	1.018471e+02
6.282871e+01	2.964929e-01	1.673932e-04	1.280953e+02
7.225301e+01	2.670288e-01	1.476384e-04	1.616095e+02
8.309096e+01	2.394032e-01	1.306534e-04	2.045434e+02
9.555461e+01	2.143556e-01	1.159724e-04	2.597093e+02
1.098878e+02	1.928537e-01	1.025386e-04	3.304368e+02
1.263710e+02	1.736223e-01	8.960600e-05	4.208015e+02
1.453266e+02	1.561110e-01	8.008938e-05	5.363374e+02
1.671256e+02	1.401910e-01	6.955034e-05	6.842299e+02
1.921945e+02	1.257693e-01	6.190735e-05	8.737499e+02
2.210236e+02	1.127636e-01	5.438990e-05	1.116786e+03
2.541772e+02	1.010713e-01	4.742018e-05	1.428580e+03
2.923037e+02	9.042027e-02	4.226360e-05	1.828993e+03
3.361493e+02	8.087986e-02	0.000000e+00	2.343732e+03
3.865717e+02	7.244311e-02	0.000000e+00	3.005100e+03
4.445574e+02	6.497384e-02	0.000000e+00	3.853460e+03
5.112411e+02	5.827606e-02	0.000000e+00	4.941067e+03
5.879272e+02	5.228938e-02	0.000000e+00	6.335212e+03
6.761163e+02	4.694701e-02	0.000000e+00	8.121372e+03
7.775337e+02	4.218672e-02	0.000000e+00	1.040822e+04
8.941638e+02	3.795209e-02	0.000000e+00	1.333330e+04
1.028288e+03	3.418940e-02	0.000000e+00	1.707022e+04
1.182532e+03	3.084935e-02	0.000000e+00	2.183742e+04
1.359911e+03	2.788630e-02	0.000000e+00	2.790832e+04
1.563898e+03	2.526295e-02	0.000000e+00	3.562361e+04
1.798483e+03	2.294572e-02	0.000000e+00	4.540546e+04
2.068255e+03	2.090031e-02	0.000000e+00	5.777386e+04
2.378493e+03	1.909747e-02	0.000000e+00	7.336485e+04
2.735268e+03	1.751314e-02	0.000000e+00	9.295066e+04
3.145558e+03	1.612486e-02	0.000000e+00	1.174612e+05
3.617391e+03	1.491198e-02	0.000000e+00	1.480065e+05
4.160000e+03	1.385644e-02	0.000000e+00	1.858989e+05
4.784000e+03	1.294186e-02	0.000000e+00	2.326748e+05
5.501600e+03	1.215290e-02	0.000000e+00	2.901143e+05
6.326840e+03	1.147647e-02	0.000000e+00	3.602592e+05
7.275866e+03	1.090149e-02	0.000000e+00	4.454269e+05
8.367246e+03	1.041762e-02	0.000000e+00	5.482247e+05
9.622333e+03	1.001540e-02	0.000000e+00	6.715491e+05
