# Energy_MeV	dEdx_Elec_MeV_um	dEdx_Nucl_MeV_um	Range_um
1.000000e-05	2.621232e-03	2.770946e-02	5.040219e-03
1.150000e-05	2.834341e-03	3.025291e-02	5.405033e-03
1.322500e-05	3.062689e-03	3.306278e-02	5.796252e-03
1.520875e-05	3.307397e-03	3.602560e-02	6.215788e-03
1.749006e-05	3.569663e-03	3.922538e-02	6.665690e-03
2.011357e-05	3.850772e-03	4.272672e-02	7.148156e-03
2.313061e-05	4.152098e-03	4.638791e-02	7.665544e-03
2.660020e-05	4.475116e-03	5.028458e-02	8.220380e-03
3.059023e-05	4.821405e-03	5.441984e-02	8.815375e-03
3.517876e-05	5.192659e-03	5.902358e-02	9.453437e-03
4.045558e-05	5.590693e-03	6.366119e-02	1.013768e-02
4.652391e-05	6.017452e-03	6.885745e-02	1.087145e-02
5.350250e-05	6.475021e-03	7.403219e-02	1.165833e-02
6.152788e-05	6.965638e-03	7.957620e-02	1.250217e-02
7.075706e-05	7.491699e-03	8.566918e-02	1.340708e-02
8.137062e-05	8.055775e-03	9.163098e-02	1.437750e-02
9.357621e-05	8.660622e-03	9.831974e-02	1.541815e-02
1.076126e-04	9.309196e-03	1.049647e-01	1.653412e-02
1.237545e-04	1.000466e-02	1.120202e-01	1.773087e-02
1.423177e-04	1.075043e-02	1.191954e-01	1.901424e-02
1.636654e-04	1.155013e-02	1.263921e-01	2.039050e-02
1.882152e-04	1.240767e-02	1.340239e-01	2.186637e-02
2.164475e-04	1.332724e-02	1.414296e-01	2.344907e-02
2.489146e-04	1.431335e-02	1.491861e-01	2.514633e-02
2.862518e-04	1.537079e-02	1.564366e-01	2.696643e-02
3.291895e-04	1.650475e-02	1.644185e-01	2.891828e-02
3.785680e-04	1.772075e-02	1.719654e-01	3.101140e-02
4.353531e-04	1.902474e-02	1.793519e-01	3.325602e-02
5.006561e-04	2.042310e-02	1.872443e-01	3.566311e-02
5.757545e-04	2.192265e-02	1.936928e-01	3.824442e-02
6.621177e-04	2.353071e-02	2.010383e-01	4.101258e-02
7.614354e-04	2.525515e-02	2.075184e-01	4.398109e-02
8.756507e-04	2.710439e-02	2.136938e-01	4.716446e-02
1.006998e-03	2.908746e-02	2.202042e-01	5.057825e-02
1.158048e-03	3.121405e-02	2.255005e-01	5.423913e-02
1.331755e-03	3.349455e-02	2.308016e-01	5.816499e-02
1.531519e-03	3.594011e-02	2.352852e-01	6.237500e-02
1.761246e-03	3.856266e-02	2.394527e-01	6.688974e-02
2.025433e-03	4.137502e-02	2.433633e-01	7.170891e-02
2.329248e-03	4.439093e-02	2.465098e-01	7.690961e-02
2.678635e-03	4.762512e-02	2.492564e-01	8.249359e-02
3.080431e-03	5.109340e-02	2.514250e-01	8.846344e-02
3.542495e-03	5.481270e-02	2.535131e-01	9.486661e-02
4.073870e-03	5.880120e-02	2.546408e-01	1.017330e-01
4.684950e-03	6.307839e-02	2.557562e-01	1.090963e-01
5.387693e-03	6.766515e-02	2.559401e-01	1.169926e-01
6.195847e-03	7.258390e-02	2.556707e-01	1.254604e-01
7.125224e-03	7.785867e-02	2.550371e-01	1.345412e-01
8.194007e-03	8.351521e-02	2.535063e-01	1.442792e-01
9.423108e-03	8.958118e-02	2.516671e-01	1.547221e-01
1.083657e-02	9.608620e-02	2.490360e-01	1.659208e-01
1.246206e-02	1.030621e-01	2.457934e-01	1.779300e-01
1.433137e-02	1.105428e-01	2.419047e-01	1.908086e-01
1.648108e-02	1.185650e-01	2.374049e-01	2.046193e-01
1.895324e-02	1.271679e-01	2.321923e-01	2.194296e-01
2.179622e-02	1.363935e-01	2.265043e-01	2.353119e-01
2.506566e-02	1.462868e-01	2.201977e-01	2.523437e-01
2.882550e-02	1.568961e-01	2.136169e-01	2.706083e-01
3.314933e-02	1.682734e-01	2.061651e-01	2.901950e-01
3.812173e-02	1.804742e-01	1.985051e-01	3.111993e-01
4.383999e-02	1.935581e-01	1.904901e-01	3.337239e-01
5.041599e-02	2.075890e-01	1.818833e-01	3.578788e-01
5.797838e-02	2.226354e-01	1.738846e-01	3.837822e-01
6.667514e-02	2.387709e-01	1.648023e-01	4.115605e-01
7.667641e-02	2.560743e-01	1.561848e-01	4.413492e-01
8.817787e-02	2.746302e-01	1.474563e-01	4.732940e-01
1.014046e-01	2.945291e-01	1.382136e-01	5.075512e-01
1.166152e-01	3.158683e-01	1.297811e-01	5.442880e-01
1.341075e-01	3.387521e-01	1.211662e-01	5.836840e-01
1.542237e-01	3.632922e-01	1.131819e-01	6.259298e-01
1.773572e-01	3.896085e-01	1.052863e-01	6.712379e-01
2.039608e-01	4.178300e-01	9.746014e-02	7.198185e-01
2.345549e-01	4.480964e-01	9.023150e-02	7.722121e-01
2.697381e-01	4.805535e-01	8.348585e-02	8.289586e-01
3.101989e-01	5.153598e-01	7.706077e-02	8.904289e-01
3.567287e-01	5.526855e-01	7.040979e-02	9.570841e-01
4.102380e-01	5.927128e-01	6.563211e-02	1.029439e+00
4.717737e-01	6.356375e-01	6.043930e-02	1.108087e+00
5.425397e-01	6.768606e-01	5.576843e-02	1.150828e+00
6.239207e-01	7.205793e-01	5.103000e-02	1.187752e+00
7.175088e-01	7.886611e-01	4.558081e-02	1.223666e+00
8.251351e-01	8.648876e-01	4.133359e-02	1.258644e+00
9.489054e-01	9.474344e-01	3.660643e-02	1.292887e+00
1.091241e+00	1.035269e+00	3.307015e-02	1.326753e+00
1.254927e+00	1.132322e+00	2.973822e-02	1.360787e+00
1.443166e+00	1.231056e+00	2.677207e-02	1.395760e+00
1.659641e+00	1.336120e+00	2.418997e-02	1.432698e+00
1.908588e+00	1.442957e+00	2.165407e-02	1.472926e+00
2.194876e+00	1.534944e+00	1.959214e-02	1.518078e+00
2.524107e+00	1.628478e+00	1.754895e-02	1.570186e+00
2.902723e+00	1.725923e+00	1.588325e-02	1.631669e+00
3.338132e+00	1.819810e+00	1.414079e-02	1.705376e+00
3.838852e+00	1.904246e+00	1.271239e-02	1.794622e+00
4.414679e+00	1.974765e+00	1.138214e-02	1.903206e+00
5.076881e+00	2.044312e+00	1.006224e-02	2.035458e+00
5.838413e+00	2.097631e+00	9.105878e-03	2.196257e+00
6.714175e+00	2.148304e+00	8.047618e-03	2.391111e+00
7.721302e+00	2.195683e+00	7.212882e-03	2.626275e+00
8.879497e+00	2.227159e+00	6.428636e-03	2.908957e+00
1.021142e+01	2.254397e+00	5.651183e-03	3.247628e+00
1.174313e+01	2.266030e+00	5.044274e-03	3.652456e+00
1.350460e+01	2.268690e+00	4.464520e-03	4.135889e+00
1.553030e+01	2.263074e+00	3.984763e-03	4.713384e+00
1.785984e+01	2.240744e+00	3.542082e-03	5.404328e+00
2.053882e+01	2.210273e+00	3.136558e-03	6.233186e+00
2.361964e+01	2.165724e+00	2.789772e-03	7.230940e+00
2.716258e+01	2.114182e+00	2.488180e-03	8.436895e+00
3.123697e+01	2.054712e+00	2.216938e-03	9.901032e+00
3.592252e+01	1.985104e+00	1.949185e-03	1.168688e+01
4.131089e+01	2.159139e+00	1.749298e-03	1.387504e+01
4.750753e+01	2.009158e+00	1.524819e-03	1.656804e+01
5.463366e+01	1.870690e+00	1.366727e-03	1.990837e+01
6.282871e+01	1.736124e+00	1.210182e-03	2.405742e+01
7.225301e+01	1.605660e+00	1.060230e-03	2.922583e+01
8.309096e+01	1.478903e+00	9.506424e-04	3.569168e+01
9.555461e+01	1.357968e+00	8.255417e-04	4.381366e+01
1.098878e+02	1.243782e+00	7.339114e-04	5.404445e+01
1.263710e+02	1.134394e+00	6.446086e-04	6.698050e+01
1.453266e+02	1.030562e+00	5.684201e-04	8.343337e+01
1.671256e+02	9.345873e-01	5.041043e-04	1.044242e+02
1.921945e+02	8.516514e-01	4.416359e-04	1.311387e+02
2.210236e+02	7.741479e-01	3.938689e-04	1.651176e+02
2.541772e+02	7.018765e-01	3.465704e-04	2.084444e+02
2.923037e+02	6.348072e-01	3.091912e-04	2.638127e+02
3.361493e+02	5.729319e-01	2.705299e-04	3.347038e+02
3.865717e+02	5.163237e-01	2.399423e-04	4.255784e+02
4.445574e+02	4.644659e-01	2.114139e-04	5.421882e+02
5.112411e+02	4.169367e-01	1.841137e-04	6.920596e+02
5.879272e+02	3.740011e-01	1.645162e-04	8.848265e+02
6.761163e+02	3.360502e-01	1.431756e-04	1.132512e+03
7.775337e+02	3.018977e-01	1.268337e-04	1.450295e+03
8.941638e+02	2.711079e-01	1.113743e-04	1.857934e+03
1.028288e+03	2.435197e-01	9.653519e-05	2.380620e+03
1.182532e+03	2.188597e-01	8.493976e-05	3.050398e+03
1.359911e+03	1.968292e-01	7.420774e-05	3.907912e+03
1.563898e+03	1.771917e-01	6.538588e-05	5.004535e+03
1.798483e+03	1.597479e-01	5.733045e-05	6.405045e+03
2.068255e+03	1.442630e-01	5.014233e-05	8.190806e+03
2.378493e+03	1.305190e-01	4.395657e-05	1.046348e+04
2.735268e+03	1.183625e-01	0.000000e+00	1.334953e+04
3.145558e+03	1.076334e-01	0.000000e+00	1.700533e+04
3.617391e+03	9.816381e-02	0.000000e+00	2.162305e+04
4.160000e+03	8.982846e-02	0.000000e+00	2.743716e+04
4.784000e+03	8.251890e-02	0.000000e+00	3.473154e+04
5.501600e+03	7.611381e-02	0.000000e+00	4.384703e+04
6.326840e+03	7.051220e-02	0.000000e+00	5.518909e+04
7.275866e+03	6.564357e-02	0.000000e+00	6.923546e+04
8.367246e+03	6.143257e-02	0.000000e+00	8.654351e+04
9.622333e+03	5.780325e-02	0.000000e+00	1.077567e+05
