# Energy_MeV	dEdx_Elec_MeV_um	dEdx_Nucl_MeV_um	Range_um
1.000000e-05	2.052576e-03	2.999128e-02	6.937777e-03
1.150000e-05	2.213617e-03	3.286205e-02	7.439937e-03
1.322500e-05	2.386247e-03	3.590066e-02	7.978443e-03
1.520875e-05	2.571311e-03	3.920816e-02	8.555927e-03
1.749006e-05	2.769712e-03	4.275100e-02	9.175210e-03
2.011357e-05	2.982421e-03	4.652728e-02	9.839316e-03
2.313061e-05	3.210477e-03	5.064605e-02	1.055149e-02
2.660020e-05	3.454996e-03	5.502174e-02	1.131521e-02
3.059023e-05	3.717173e-03	5.960330e-02	1.213421e-02
3.517876e-05	3.998288e-03	6.455087e-02	1.301250e-02
4.045558e-05	4.299715e-03	6.991741e-02	1.395435e-02
4.652391e-05	4.622927e-03	7.546762e-02	1.496437e-02
5.350250e-05	4.969503e-03	8.168853e-02	1.604750e-02
6.152788e-05	5.341137e-03	8.770863e-02	1.720903e-02
7.075706e-05	5.739644e-03	9.434946e-02	1.845462e-02
8.137062e-05	6.166972e-03	1.014040e-01	1.979038e-02
9.357621e-05	6.625207e-03	1.085463e-01	2.122282e-02
1.076126e-04	7.116590e-03	1.165609e-01	2.275894e-02
1.237545e-04	7.643520e-03	1.242460e-01	2.440624e-02
1.423177e-04	8.208571e-03	1.327009e-01	2.617278e-02
1.636654e-04	8.814505e-03	1.410564e-01	2.806718e-02
1.882152e-04	9.464282e-03	1.495057e-01	3.009869e-02
2.164475e-04	1.016108e-02	1.586116e-01	3.227725e-02
2.489146e-04	1.090829e-02	1.672407e-01	3.461350e-02
2.862518e-04	1.170958e-02	1.765589e-01	3.711884e-02
3.291895e-04	1.256885e-02	1.849443e-01	3.980552e-02
3.785680e-04	1.349031e-02	1.940871e-01	4.268667e-02
4.353531e-04	1.447845e-02	2.031145e-01	4.577635e-02
5.006561e-04	1.553810e-02	2.119975e-01	4.908967e-02
5.757545e-04	1.667445e-02	2.209616e-01	5.264280e-02
6.621177e-04	1.789304e-02	2.287268e-01	5.645312e-02
7.614354e-04	1.919982e-02	2.370106e-01	6.053922e-02
8.756507e-04	2.060118e-02	2.447717e-01	6.492108e-02
1.006998e-03	2.210396e-02	2.522161e-01	6.962011e-02
1.158048e-03	2.371551e-02	2.595014e-01	7.465925e-02
1.331755e-03	2.544371e-02	2.658716e-01	8.006312e-02
1.531519e-03	2.729698e-02	2.718816e-01	8.585813e-02
1.761246e-03	2.928439e-02	2.772941e-01	9.207259e-02
2.025433e-03	3.141564e-02	2.820269e-01	9.873685e-02
2.329248e-03	3.370115e-02	2.864468e-01	1.058835e-01
2.678635e-03	3.615209e-02	2.902445e-01	1.135474e-01
3.080431e-03	3.878042e-02	2.932767e-01	1.217660e-01
3.542495e-03	4.159898e-02	2.959101e-01	1.305669e-01
4.073870e-03	4.462156e-02	2.981083e-01	1.400355e-01
4.684950e-03	4.786290e-02	2.994969e-01	1.501687e-01
5.387693e-03	5.133886e-02	3.008775e-01	1.610395e-01
6.195847e-03	5.506640e-02	3.008236e-01	1.726949e-01
7.125224e-03	5.906374e-02	3.005395e-01	1.851944e-01
8.194007e-03	6.335041e-02	2.995684e-01	1.985987e-01
9.423108e-03	6.794735e-02	2.977716e-01	2.129731e-01
1.083657e-02	7.287701e-02	2.955950e-01	2.283880e-01
1.246206e-02	7.816349e-02	2.923083e-01	2.449185e-01
1.433137e-02	8.383260e-02	2.884579e-01	2.626455e-01
1.648108e-02	8.991204e-02	2.837555e-01	2.816557e-01
1.895324e-02	9.643152e-02	2.783769e-01	3.020419e-01
2.179622e-02	1.034229e-01	2.721667e-01	3.239036e-01
2.506566e-02	1.109203e-01	2.653874e-01	3.473475e-01
2.882550e-02	1.189603e-01	2.578488e-01	3.724885e-01
3.314933e-02	1.275823e-01	2.500658e-01	3.994493e-01
3.812173e-02	1.368284e-01	2.413614e-01	4.283614e-01
4.383999e-02	1.467437e-01	2.322088e-01	4.593660e-01
5.041599e-02	1.573767e-01	2.226043e-01	4.926148e-01
5.797838e-02	1.687792e-01	2.126330e-01	5.282704e-01
6.667514e-02	1.810072e-01	2.030314e-01	5.665068e-01
7.667641e-02	1.941201e-01	1.926176e-01	6.075105e-01
8.817787e-02	2.081822e-01	1.823058e-01	6.514820e-01
1.014046e-01	2.232622e-01	1.718188e-01	6.986363e-01
1.166152e-01	2.394336e-01	1.612756e-01	7.492039e-01
1.341075e-01	2.567755e-01	1.511587e-01	8.034316e-01
1.542237e-01	2.753726e-01	1.412461e-01	8.615840e-01
1.773572e-01	2.953158e-01	1.316398e-01	9.239454e-01
2.039608e-01	3.167025e-01	1.225140e-01	9.908209e-01
2.345549e-01	3.396372e-01	1.135187e-01	1.062536e+00
2.697381e-01	3.642319e-01	1.048359e-01	1.139449e+00
3.101989e-01	3.906067e-01	9.713180e-02	1.221896e+00
3.567287e-01	4.188918e-01	8.939353e-02	1.310567e+00
4.102380e-01	4.492244e-01	8.195396e-02	1.406549e+00
4.717737e-01	4.817525e-01	7.614693e-02	1.510492e+00
5.425397e-01	5.166350e-01	6.991844e-02	1.623167e+00
6.239207e-01	5.540423e-01	6.500898e-02	1.745421e+00
7.175088e-01	5.941573e-01	5.936309e-02	1.878238e+00
8.251351e-01	6.351385e-01	5.287033e-02	1.955987e+00
9.489054e-01	6.748964e-01	4.771078e-02	2.024896e+00
1.091241e+00	7.308650e-01	4.211742e-02	2.092359e+00
1.254927e+00	8.021118e-01	3.834215e-02	2.158400e+00
1.443166e+00	8.764309e-01	3.433512e-02	2.223248e+00
1.659641e+00	9.582632e-01	3.100388e-02	2.287387e+00
1.908588e+00	1.044718e+00	2.805198e-02	2.351620e+00
2.194876e+00	1.134783e+00	2.506123e-02	2.417127e+00
2.524107e+00	1.232929e+00	2.268944e-02	2.485536e+00
2.902723e+00	1.323223e+00	2.024615e-02	2.558975e+00
3.338132e+00	1.412523e+00	1.837055e-02	2.640152e+00
3.838852e+00	1.489617e+00	1.643605e-02	2.732451e+00
4.414679e+00	1.571106e+00	1.472207e-02	2.839953e+00
5.076881e+00	1.659065e+00	1.311369e-02	2.967532e+00
5.838413e+00	1.725975e+00	1.166781e-02	3.120904e+00
6.714175e+00	1.790747e+00	1.051106e-02	3.306695e+00
7.721302e+00	1.848400e+00	9.349318e-03	3.532504e+00
8.879497e+00	1.893621e+00	8.346943e-03	3.806966e+00
1.021142e+01	1.937124e+00	7.398339e-03	4.139872e+00
1.174313e+01	1.971122e+00	6.549826e-03	4.542368e+00
1.350460e+01	1.999359e+00	5.818624e-03	5.027270e+00
1.553030e+01	2.019945e+00	5.169608e-03	5.609595e+00
1.785984e+01	2.026309e+00	4.589390e-03	6.307276e+00
2.053882e+01	2.027312e+00	4.089788e-03	7.142174e+00
2.361964e+01	2.015695e+00	3.633539e-03	8.141362e+00
2.716258e+01	1.995120e+00	3.215661e-03	9.338748e+00
3.123697e+01	1.965197e+00	2.879337e-03	1.077712e+01
3.592252e+01	1.922962e+00	2.551569e-03	1.251071e+01
4.131089e+01	1.873581e+00	2.259464e-03	1.460843e+01
4.750753e+01	1.816997e+00	2.017320e-03	1.715805e+01
5.463366e+01	1.752877e+00	1.752085e-03	2.027112e+01
6.282871e+01	1.679789e+00	1.579348e-03	2.409113e+01
7.225301e+01	1.767510e+00	1.391427e-03	2.879546e+01
8.309096e+01	1.642457e+00	1.228528e-03	3.463153e+01
9.555461e+01	1.522707e+00	1.095637e-03	4.190134e+01
1.098878e+02	1.406799e+00	9.494778e-04	5.096691e+01
1.263710e+02	1.294468e+00	8.477737e-04	6.231870e+01
1.453266e+02	1.187113e+00	7.413213e-04	7.659265e+01
1.671256e+02	1.085972e+00	6.557180e-04	9.459411e+01
1.921945e+02	9.901556e-01	5.828791e-04	1.173627e+02
2.210236e+02	8.983907e-01	5.099750e-04	1.463085e+02
2.541772e+02	8.131146e-01	4.547477e-04	1.832795e+02
2.923037e+02	7.384858e-01	3.987740e-04	2.304572e+02
3.361493e+02	6.706132e-01	3.565158e-04	2.905107e+02
3.865717e+02	6.074887e-01	3.139244e-04	3.670926e+02
4.445574e+02	5.489965e-01	2.771749e-04	4.649608e+02
5.112411e+02	4.951437e-01	2.426372e-04	5.902653e+02
5.879272e+02	4.458752e-01	2.130726e-04	7.509044e+02
6.761163e+02	4.010566e-01	1.893454e-04	9.570099e+02
7.775337e+02	3.598159e-01	1.660887e-04	1.221791e+03
8.941638e+02	3.225785e-01	1.464414e-04	1.562353e+03
1.028288e+03	2.894427e-01	1.277243e-04	2.000190e+03
1.182532e+03	2.599680e-01	1.116761e-04	2.562148e+03
1.359911e+03	2.333848e-01	9.769822e-05	3.282941e+03
1.563898e+03	2.095371e-01	8.574650e-05	4.207281e+03
1.798483e+03	1.882290e-01	7.506233e-05	5.391931e+03
2.068255e+03	1.692048e-01	6.602947e-05	6.909041e+03
2.378493e+03	1.522407e-01	5.797240e-05	8.849925e+03
2.735268e+03	1.371595e-01	5.051306e-05	1.132982e+04
3.145558e+03	1.237745e-01	4.477287e-05	1.449373e+04
3.617391e+03	1.118943e-01	0.000000e+00	1.852318e+04
4.160000e+03	1.013736e-01	0.000000e+00	2.364437e+04
4.784000e+03	9.208438e-02	0.000000e+00	3.013767e+04
5.501600e+03	8.388579e-02	0.000000e+00	3.834842e+04
6.326840e+03	7.666044e-02	0.000000e+00	4.869913e+04
7.275866e+03	7.031627e-02	0.000000e+00	6.170285e+04
8.367246e+03	6.475671e-02	0.000000e+00	7.797751e+04
9.622333e+03	5.988947e-02	0.000000e+00	9.826079e+04
