# Energy_MeV	dEdx_Elec_MeV_um	dEdx_Nucl_MeV_um	Range_um
1.000000e-05	2.561631e-03	3.066183e-02	4.686837e-03
1.150000e-05	2.772074e-03	3.359250e-02	5.026073e-03
1.322500e-05	2.997533e-03	3.680295e-02	5.389863e-03
1.520875e-05	3.239114e-03	4.030476e-02	5.779984e-03
1.749006e-05	3.498000e-03	4.404882e-02	6.198343e-03
2.011357e-05	3.775462e-03	4.809023e-02	6.646982e-03
2.313061e-05	4.072856e-03	5.241009e-02	7.128094e-03
2.660020e-05	4.391638e-03	5.706225e-02	7.644029e-03
3.059023e-05	4.733368e-03	6.207934e-02	8.197308e-03
3.517876e-05	5.099717e-03	6.747002e-02	8.790633e-03
4.045558e-05	5.492476e-03	7.302604e-02	9.426904e-03
4.652391e-05	5.913566e-03	7.911855e-02	1.010923e-02
5.350250e-05	6.365043e-03	8.573688e-02	1.084094e-02
6.152788e-05	6.849116e-03	9.245115e-02	1.162561e-02
7.075706e-05	7.368150e-03	1.001097e-01	1.246708e-02
8.137062e-05	7.924680e-03	1.073778e-01	1.336945e-02
9.357621e-05	8.521427e-03	1.155514e-01	1.433714e-02
1.076126e-04	9.161306e-03	1.242517e-01	1.537487e-02
1.237545e-04	9.847444e-03	1.328612e-01	1.648771e-02
1.423177e-04	1.058319e-02	1.427244e-01	1.768110e-02
1.636654e-04	1.137215e-02	1.520322e-01	1.896087e-02
1.882152e-04	1.221816e-02	1.622972e-01	2.033327e-02
2.164475e-04	1.312537e-02	1.725700e-01	2.180500e-02
2.489146e-04	1.409820e-02	1.828034e-01	2.338326e-02
2.862518e-04	1.514142e-02	1.940147e-01	2.507575e-02
3.291895e-04	1.626011e-02	2.044167e-01	2.689075e-02
3.785680e-04	1.745973e-02	2.155894e-01	2.883712e-02
4.353531e-04	1.874616e-02	2.258998e-01	3.092436e-02
5.006561e-04	2.012568e-02	2.371553e-01	3.316268e-02
5.757545e-04	2.160502e-02	2.479180e-01	3.556302e-02
6.621177e-04	2.319142e-02	2.588334e-01	3.813709e-02
7.614354e-04	2.489261e-02	2.694942e-01	4.089747e-02
8.756507e-04	2.671692e-02	2.790308e-01	4.385765e-02
1.006998e-03	2.867326e-02	2.892226e-01	4.703209e-02
1.158048e-03	3.077118e-02	2.984041e-01	5.043630e-02
1.331755e-03	3.302093e-02	3.075425e-01	5.408690e-02
1.531519e-03	3.543351e-02	3.162347e-01	5.800174e-02
1.761246e-03	3.802070e-02	3.240620e-01	6.219994e-02
2.025433e-03	4.079513e-02	3.312438e-01	6.670200e-02
2.329248e-03	4.377037e-02	3.376900e-01	7.152993e-02
2.678635e-03	4.696095e-02	3.435016e-01	7.667136e-02
3.080431e-03	5.038245e-02	3.487217e-01	8.224590e-02
3.542495e-03	5.405159e-02	3.533813e-01	8.821587e-02
4.073870e-03	5.798630e-02	3.568862e-01	9.460045e-02
4.684950e-03	6.220579e-02	3.601091e-01	1.014475e-01
5.387693e-03	6.673069e-02	3.628185e-01	1.087903e-01
6.195847e-03	7.158310e-02	3.643007e-01	1.166644e-01
7.125224e-03	7.678671e-02	3.659772e-01	1.251085e-01
8.194007e-03	8.236696e-02	3.657461e-01	1.341637e-01
9.423108e-03	8.835111e-02	3.653768e-01	1.438744e-01
1.083657e-02	9.476839e-02	3.641587e-01	1.542880e-01
1.246206e-02	1.016501e-01	3.618271e-01	1.654553e-01
1.433137e-02	1.090300e-01	3.591278e-01	1.774308e-01
1.648108e-02	1.169440e-01	3.550191e-01	1.902732e-01
1.895324e-02	1.254308e-01	3.502516e-01	2.040451e-01
2.179622e-02	1.345320e-01	3.444541e-01	2.188139e-01
2.506566e-02	1.442918e-01	3.378255e-01	2.346516e-01
2.882550e-02	1.547581e-01	3.301685e-01	2.516356e-01
3.314933e-02	1.659819e-01	3.218733e-01	2.698489e-01
3.812173e-02	1.780181e-01	3.127207e-01	2.893807e-01
4.383999e-02	1.909255e-01	3.031358e-01	3.103260e-01
5.041599e-02	2.047671e-01	2.924083e-01	3.327874e-01
5.797838e-02	2.196106e-01	2.813659e-01	3.568745e-01
6.667514e-02	2.355284e-01	2.695464e-01	3.827052e-01
7.667641e-02	2.525984e-01	2.575841e-01	4.104055e-01
8.817787e-02	2.709040e-01	2.457767e-01	4.401107e-01
1.014046e-01	2.905345e-01	2.329518e-01	4.719658e-01
1.166152e-01	3.115858e-01	2.206261e-01	5.061268e-01
1.341075e-01	3.341609e-01	2.077348e-01	5.427605e-01
1.542237e-01	3.583700e-01	1.950652e-01	5.820456e-01
1.773572e-01	3.843313e-01	1.826214e-01	6.241745e-01
2.039608e-01	4.121717e-01	1.706767e-01	6.693512e-01
2.345549e-01	4.420272e-01	1.591426e-01	7.177995e-01
2.697381e-01	4.740445e-01	1.479203e-01	7.697651e-01
3.101989e-01	5.083812e-01	1.371544e-01	8.258615e-01
3.567287e-01	5.452031e-01	1.264798e-01	8.866186e-01
4.102380e-01	5.846903e-01	1.173640e-01	9.524437e-01
4.717737e-01	6.270355e-01	1.078612e-01	1.023829e+00
5.425397e-01	6.724458e-01	9.879872e-02	1.101330e+00
6.239207e-01	7.211431e-01	9.208338e-02	1.185589e+00
7.175088e-01	7.660006e-01	8.446023e-02	1.277361e+00
8.251351e-01	8.166626e-01	7.840426e-02	1.315224e+00
9.489054e-01	8.930837e-01	7.143989e-02	1.345635e+00
1.091241e+00	9.779977e-01	6.364165e-02	1.374594e+00
1.254927e+00	1.071960e+00	5.753439e-02	1.402417e+00
1.443166e+00	1.172282e+00	5.069956e-02	1.429587e+00
1.659641e+00	1.283996e+00	4.621123e-02	1.456758e+00
1.908588e+00	1.403019e+00	4.141008e-02	1.484800e+00
2.194876e+00	1.530422e+00	3.740419e-02	1.514832e+00
2.524107e+00	1.667628e+00	3.380994e-02	1.548250e+00
2.902723e+00	1.788610e+00	3.017530e-02	1.586762e+00
3.338132e+00	1.919150e+00	2.733100e-02	1.632411e+00
3.838852e+00	2.058560e+00	2.444220e-02	1.687590e+00
4.414679e+00	2.189818e+00	2.214128e-02	1.755087e+00
5.076881e+00	2.318251e+00	1.976213e-02	1.838093e+00
5.838413e+00	2.423409e+00	1.775382e-02	1.940207e+00
6.714175e+00	2.529175e+00	1.578186e-02	2.065462e+00
7.721302e+00	2.618945e+00	1.408201e-02	2.218334e+00
8.879497e+00	2.703352e+00	1.266399e-02	2.403817e+00
1.021142e+01	2.789026e+00	1.123550e-02	2.627510e+00
1.174313e+01	2.849632e+00	1.006317e-02	2.895805e+00
1.350460e+01	2.906785e+00	8.900320e-03	3.216165e+00
1.553030e+01	2.947601e+00	7.893149e-03	3.597517e+00
1.785984e+01	2.973324e+00	6.995336e-03	4.050751e+00
2.053882e+01	2.991622e+00	6.221818e-03	4.589358e+00
2.361964e+01	2.983862e+00	5.531974e-03	5.230203e+00
2.716258e+01	2.964366e+00	4.918377e-03	5.994483e+00
3.123697e+01	2.925124e+00	4.377701e-03	6.908919e+00
3.592252e+01	2.877663e+00	3.864643e-03	8.007231e+00
4.131089e+01	2.821176e+00	3.471264e-03	9.332060e+00
4.750753e+01	2.746490e+00	3.069309e-03	1.093745e+01
5.463366e+01	3.096998e+00	2.718407e-03	1.289095e+01
6.282871e+01	2.902154e+00	2.428892e-03	1.528002e+01
7.225301e+01	2.719611e+00	2.105561e-03	1.822432e+01
8.309096e+01	2.539303e+00	1.903647e-03	2.185567e+01
9.555461e+01	2.362456e+00	1.673255e-03	2.635055e+01
1.098878e+02	2.188906e+00	1.480248e-03	3.193988e+01
1.263710e+02	2.022060e+00	1.318887e-03	3.891969e+01
1.453266e+02	1.862902e+00	1.141912e-03	4.766299e+01
1.671256e+02	1.708539e+00	1.019942e-03	5.866512e+01
1.921945e+02	1.561400e+00	8.927771e-04	7.259857e+01
2.210236e+02	1.425683e+00	7.907635e-04	9.029331e+01
2.541772e+02	1.306386e+00	7.014910e-04	1.127097e+02
2.923037e+02	1.193826e+00	6.139668e-04	1.411230e+02
3.361493e+02	1.087725e+00	5.469807e-04	1.772494e+02
3.865717e+02	9.883223e-01	4.809925e-04	2.233067e+02
4.445574e+02	8.957816e-01	4.291762e-04	2.821629e+02
5.112411e+02	8.103490e-01	3.767946e-04	3.574946e+02
5.879272e+02	7.313001e-01	3.339324e-04	4.540595e+02
6.761163e+02	6.584449e-01	2.916099e-04	5.780889e+02
7.775337e+02	5.921326e-01	2.569579e-04	7.375325e+02
8.941638e+02	5.332773e-01	2.278834e-04	9.423041e+02
1.028288e+03	4.798229e-01	1.992840e-04	1.204989e+03
1.182532e+03	4.314759e-01	1.763907e-04	1.541978e+03
1.359911e+03	3.880636e-01	1.534555e-04	1.974121e+03
1.563898e+03	3.491413e-01	1.344447e-04	2.527945e+03
1.798483e+03	3.142323e-01	1.172858e-04	3.237076e+03
2.068255e+03	2.830535e-01	1.030799e-04	4.143986e+03
2.378493e+03	2.553550e-01	9.039322e-05	5.302202e+03
2.735268e+03	2.307329e-01	7.929861e-05	6.778893e+03
3.145558e+03	2.088475e-01	6.977702e-05	8.657929e+03
3.617391e+03	1.894923e-01	6.069834e-05	1.104355e+04
4.160000e+03	1.724085e-01	5.392847e-05	1.406454e+04
4.784000e+03	1.573203e-01	4.701158e-05	1.787905e+04
5.501600e+03	1.440441e-01	0.000000e+00	2.267982e+04
6.326840e+03	1.324107e-01	0.000000e+00	2.870003e+04
7.275866e+03	1.222124e-01	0.000000e+00	3.621925e+04
8.367246e+03	1.132926e-01	0.000000e+00	4.556973e+04
9.622333e+03	1.055496e-01	0.000000e+00	5.714248e+04
