# Energy_MeV	dEdx_Elec_MeV_um	dEdx_Nucl_MeV_um	Range_um
1.000000e-05	2.094898e-03	3.247764e-02	5.598578e-03
1.150000e-05	2.262954e-03	3.577290e-02	6.003806e-03
1.322500e-05	2.443060e-03	3.918802e-02	6.438364e-03
1.520875e-05	2.636098e-03	4.299830e-02	6.904376e-03
1.749006e-05	2.843012e-03	4.720103e-02	7.404119e-03
2.011357e-05	3.064814e-03	5.166721e-02	7.940033e-03
2.313061e-05	3.302591e-03	5.665854e-02	8.514737e-03
2.660020e-05	3.557503e-03	6.187567e-02	9.131038e-03
3.059023e-05	3.830798e-03	6.764686e-02	9.791947e-03
3.517876e-05	4.123812e-03	7.382244e-02	1.050069e-02
4.045558e-05	4.437977e-03	8.028814e-02	1.126074e-02
4.652391e-05	4.774827e-03	8.748027e-02	1.207580e-02
5.350250e-05	5.136010e-03	9.498215e-02	1.294985e-02
6.152788e-05	5.523289e-03	1.031260e-01	1.388717e-02
7.075706e-05	5.938558e-03	1.115594e-01	1.489233e-02
8.137062e-05	6.383846e-03	1.207335e-01	1.597024e-02
9.357621e-05	6.861328e-03	1.306123e-01	1.712618e-02
1.076126e-04	7.373336e-03	1.412217e-01	1.836578e-02
1.237545e-04	7.922373e-03	1.520641e-01	1.969510e-02
1.423177e-04	8.511121e-03	1.633947e-01	2.112065e-02
1.636654e-04	9.142457e-03	1.754757e-01	2.264937e-02
1.882152e-04	9.819464e-03	1.882922e-01	2.428874e-02
2.164475e-04	1.054545e-02	2.019703e-01	2.604677e-02
2.489146e-04	1.132396e-02	2.157293e-01	2.793205e-02
2.862518e-04	1.215880e-02	2.303766e-01	2.995379e-02
3.291895e-04	1.305405e-02	2.449875e-01	3.212186e-02
3.785680e-04	1.401408e-02	2.601240e-01	3.444686e-02
4.353531e-04	1.504359e-02	2.756796e-01	3.694014e-02
5.006561e-04	1.614759e-02	2.912477e-01	3.961389e-02
5.757545e-04	1.733149e-02	3.077312e-01	4.248116e-02
6.621177e-04	1.860107e-02	3.226447e-01	4.555597e-02
7.614354e-04	1.996252e-02	3.384198e-01	4.885334e-02
8.756507e-04	2.142251e-02	3.548265e-01	5.238937e-02
1.006998e-03	2.298817e-02	3.702454e-01	5.618134e-02
1.158048e-03	2.466714e-02	3.866401e-01	6.024777e-02
1.331755e-03	2.646762e-02	4.003608e-01	6.460854e-02
1.531519e-03	2.839842e-02	4.147364e-01	6.928494e-02
1.761246e-03	3.046895e-02	4.291924e-01	7.429982e-02
2.025433e-03	3.268935e-02	4.420385e-01	7.967768e-02
2.329248e-03	3.507046e-02	4.554536e-01	8.544479e-02
2.678635e-03	3.762391e-02	4.665591e-01	9.162933e-02
3.080431e-03	4.036216e-02	4.777155e-01	9.826151e-02
3.542495e-03	4.329862e-02	4.876851e-01	1.053737e-01
4.073870e-03	4.644760e-02	4.959243e-01	1.130007e-01
4.684950e-03	4.982451e-02	5.042690e-01	1.211342e-01
5.387693e-03	5.344584e-02	5.108692e-01	1.299278e-01
6.195847e-03	5.732927e-02	5.169510e-01	1.393610e-01
7.125224e-03	6.149379e-02	5.214948e-01	1.494466e-01
8.194007e-03	6.595973e-02	5.253654e-01	1.602637e-01
9.423108e-03	7.074892e-02	5.285102e-01	1.718635e-01
1.083657e-02	7.588475e-02	5.309288e-01	1.843028e-01
1.246206e-02	8.139231e-02	5.315332e-01	1.976425e-01
1.433137e-02	8.729851e-02	5.311032e-01	2.119476e-01
1.648108e-02	9.363219e-02	5.295524e-01	2.272883e-01
1.895324e-02	1.004243e-01	5.269581e-01	2.437393e-01
2.179622e-02	1.077081e-01	5.233297e-01	2.613811e-01
2.506566e-02	1.155190e-01	5.179813e-01	2.802997e-01
2.882550e-02	1.238953e-01	5.114818e-01	3.005876e-01
3.314933e-02	1.328779e-01	5.035454e-01	3.223441e-01
3.812173e-02	1.425106e-01	4.943803e-01	3.456753e-01
4.383999e-02	1.528405e-01	4.838222e-01	3.706952e-01
5.041599e-02	1.639182e-01	4.720682e-01	3.975260e-01
5.797838e-02	1.757976e-01	4.588982e-01	4.262989e-01
6.667514e-02	1.885369e-01	4.454579e-01	4.571545e-01
7.667641e-02	2.021983e-01	4.305593e-01	4.902434e-01
8.817787e-02	2.168484e-01	4.141875e-01	5.257271e-01
1.014046e-01	2.325590e-01	3.977672e-01	5.637791e-01
1.166152e-01	2.494067e-01	3.797340e-01	6.045856e-01
1.341075e-01	2.674738e-01	3.631130e-01	6.483457e-01
1.542237e-01	2.868487e-01	3.451665e-01	6.952731e-01
1.773572e-01	3.076259e-01	3.262942e-01	7.455969e-01
2.039608e-01	3.299070e-01	3.083563e-01	7.995632e-01
2.345549e-01	3.538008e-01	2.891513e-01	8.574359e-01
2.697381e-01	3.794240e-01	2.717802e-01	9.194974e-01
3.101989e-01	4.069019e-01	2.537951e-01	9.860515e-01
3.567287e-01	4.363686e-01	2.364127e-01	1.057420e+00
4.102380e-01	4.679681e-01	2.206598e-01	1.133960e+00
4.717737e-01	5.018552e-01	2.040802e-01	1.216037e+00
5.425397e-01	5.381966e-01	1.892315e-01	1.304584e+00
6.239207e-01	5.771683e-01	1.746407e-01	1.400488e+00
7.175088e-01	6.189609e-01	1.613781e-01	1.504380e+00
8.251351e-01	6.637784e-01	1.485204e-01	1.617040e+00
9.489054e-01	7.118398e-01	1.367461e-01	1.739339e+00
1.091241e+00	7.633801e-01	1.258434e-01	1.872286e+00
1.254927e+00	8.113342e-01	1.173360e-01	2.017061e+00
1.443166e+00	8.625305e-01	1.077454e-01	2.161620e+00
1.659641e+00	9.416867e-01	9.671617e-02	2.202321e+00
1.908588e+00	1.030340e+00	8.635955e-02	2.240281e+00
2.194876e+00	1.128135e+00	7.646393e-02	2.276058e+00
2.524107e+00	1.234041e+00	6.941136e-02	2.310364e+00
2.902723e+00	1.352415e+00	6.221479e-02	2.344384e+00
3.338132e+00	1.478706e+00	5.632576e-02	2.379508e+00
3.838852e+00	1.616972e+00	5.077738e-02	2.417501e+00
4.414679e+00	1.766393e+00	4.558898e-02	2.460532e+00
5.076881e+00	1.907698e+00	4.113988e-02	2.511213e+00
5.838413e+00	2.059604e+00	3.657647e-02	2.572645e+00
6.714175e+00	2.221858e+00	3.327490e-02	2.648439e+00
7.721302e+00	2.382251e+00	2.990010e-02	2.742754e+00
8.879497e+00	2.538194e+00	2.662435e-02	2.860257e+00
1.021142e+01	2.672681e+00	2.385897e-02	3.006280e+00
1.174313e+01	2.808860e+00	2.106877e-02	3.186675e+00
1.350460e+01	2.923291e+00	1.906444e-02	3.407912e+00
1.553030e+01	3.035488e+00	1.703044e-02	3.677131e+00
1.785984e+01	3.147806e+00	1.510744e-02	4.002269e+00
2.053882e+01	3.235804e+00	1.347591e-02	4.392324e+00
2.361964e+01	3.321393e+00	1.186182e-02	4.857720e+00
2.716258e+01	3.385910e+00	1.060826e-02	5.410852e+00
3.123697e+01	3.436857e+00	9.392421e-03	6.066795e+00
3.592252e+01	3.479673e+00	8.319935e-03	6.844158e+00
4.131089e+01	3.490505e+00	7.449185e-03	7.766148e+00
4.750753e+01	3.489489e+00	6.584893e-03	8.861857e+00
5.463366e+01	3.460703e+00	5.868392e-03	1.016786e+01
6.282871e+01	3.423909e+00	5.211636e-03	1.173018e+01
7.225301e+01	3.379226e+00	4.648343e-03	1.360684e+01
8.309096e+01	3.308285e+00	4.140380e-03	1.587105e+01
9.555461e+01	3.777263e+00	3.665622e-03	1.861450e+01
1.098878e+02	3.551719e+00	3.199139e-03	2.195388e+01
1.263710e+02	3.342871e+00	2.861010e-03	2.605133e+01
1.453266e+02	3.134396e+00	2.534980e-03	3.108440e+01
1.671256e+02	2.928379e+00	2.253562e-03	3.728700e+01
1.921945e+02	2.724404e+00	1.992141e-03	4.496680e+01
2.210236e+02	2.526878e+00	1.735060e-03	5.451843e+01
2.541772e+02	2.337355e+00	1.542581e-03	6.643676e+01
2.923037e+02	2.152831e+00	1.346653e-03	8.137537e+01
3.361493e+02	1.975578e+00	1.197503e-03	1.002246e+02
3.865717e+02	1.809902e+00	1.059480e-03	1.240914e+02
4.445574e+02	1.665165e+00	9.327294e-04	1.542472e+02
5.112411e+02	1.527775e+00	8.279637e-04	1.923615e+02
5.879272e+02	1.397305e+00	7.210084e-04	2.406980e+02
6.761163e+02	1.274156e+00	6.480829e-04	3.021841e+02
7.775337e+02	1.158684e+00	5.736246e-04	3.806086e+02
8.941638e+02	1.051346e+00	5.027168e-04	4.808314e+02
1.028288e+03	9.515504e-01	4.432718e-04	6.091359e+02
1.182532e+03	8.589120e-01	3.853814e-04	7.737620e+02
1.359911e+03	7.740746e-01	3.445407e-04	9.852575e+02
1.563898e+03	6.982051e-01	3.037501e-04	1.256793e+03
1.798483e+03	6.291324e-01	2.657688e-04	1.605043e+03
2.068255e+03	5.664288e-01	2.335518e-04	2.051745e+03
2.378493e+03	5.099702e-01	2.028191e-04	2.624597e+03
2.735268e+03	4.592317e-01	1.788450e-04	3.358843e+03
3.145558e+03	4.135676e-01	1.562909e-04	4.299176e+03
3.617391e+03	3.726610e-01	1.364911e-04	5.502060e+03
4.160000e+03	3.362889e-01	1.207231e-04	7.038660e+03
4.784000e+03	3.039260e-01	1.053539e-04	8.998312e+03
5.501600e+03	2.751059e-01	9.255621e-05	1.149258e+04
6.326840e+03	2.495937e-01	8.125308e-05	1.466019e+04
7.275866e+03	2.270729e-01	7.145789e-05	1.867259e+04
8.367246e+03	2.071674e-01	6.286177e-05	2.374042e+04
9.622333e+03	1.896398e-01	5.491788e-05	3.012058e+04
