# Energy_MeV	dEdx_Elec_MeV_um	dEdx_Nucl_MeV_um	Range_um
1.000000e-05	1.988124e-03	3.083924e-02	6.859938e-03
1.150000e-05	2.144269e-03	3.374631e-02	7.356463e-03
1.322500e-05	2.311648e-03	3.702979e-02	7.888928e-03
1.520875e-05	2.491081e-03	4.042640e-02	8.459933e-03
1.749006e-05	2.683444e-03	4.421629e-02	9.072267e-03
2.011357e-05	2.889679e-03	4.823418e-02	9.728923e-03
2.313061e-05	3.110793e-03	5.247268e-02	1.043311e-02
2.660020e-05	3.347867e-03	5.719471e-02	1.118826e-02
3.059023e-05	3.602060e-03	6.207818e-02	1.199807e-02
3.517876e-05	3.874614e-03	6.743442e-02	1.286650e-02
4.045558e-05	4.166860e-03	7.291590e-02	1.379778e-02
4.652391e-05	4.480228e-03	7.896704e-02	1.479648e-02
5.350250e-05	4.816247e-03	8.540367e-02	1.586745e-02
6.152788e-05	5.176560e-03	9.229733e-02	1.701595e-02
7.075706e-05	5.562927e-03	9.947314e-02	1.824757e-02
8.137062e-05	5.977236e-03	1.068334e-01	1.956834e-02
9.357621e-05	6.421510e-03	1.148328e-01	2.098471e-02
1.076126e-04	6.897922e-03	1.231831e-01	2.250359e-02
1.237545e-04	7.408797e-03	1.320669e-01	2.413241e-02
1.423177e-04	7.956632e-03	1.411994e-01	2.587913e-02
1.636654e-04	8.544103e-03	1.507180e-01	2.775227e-02
1.882152e-04	9.174081e-03	1.603734e-01	2.976100e-02
2.164475e-04	9.849643e-03	1.703499e-01	3.191511e-02
2.489146e-04	1.057409e-02	1.804573e-01	3.422515e-02
2.862518e-04	1.135096e-02	1.907631e-01	3.670238e-02
3.291895e-04	1.218405e-02	2.014690e-01	3.935892e-02
3.785680e-04	1.307743e-02	2.113739e-01	4.220774e-02
4.353531e-04	1.403546e-02	2.218853e-01	4.526276e-02
5.006561e-04	1.506282e-02	2.325716e-01	4.853890e-02
5.757545e-04	1.616454e-02	2.425962e-01	5.205217e-02
6.621177e-04	1.734599e-02	2.535768e-01	5.581973e-02
7.614354e-04	1.861296e-02	2.624981e-01	5.986000e-02
8.756507e-04	1.997161e-02	2.721626e-01	6.419269e-02
1.006998e-03	2.142860e-02	2.815783e-01	6.883900e-02
1.158048e-03	2.299104e-02	2.899241e-01	7.382160e-02
1.331755e-03	2.466657e-02	2.989804e-01	7.916485e-02
1.531519e-03	2.646337e-02	3.062011e-01	8.489484e-02
1.761246e-03	2.839022e-02	3.136934e-01	9.103957e-02
2.025433e-03	3.045652e-02	3.201735e-01	9.762906e-02
2.329248e-03	3.267239e-02	3.256915e-01	1.046955e-01
2.678635e-03	3.504863e-02	3.312942e-01	1.122734e-01
3.080431e-03	3.759687e-02	3.355817e-01	1.203998e-01
3.542495e-03	4.032954e-02	3.397274e-01	1.291144e-01
4.073870e-03	4.326001e-02	3.426591e-01	1.384350e-01
4.684950e-03	4.640258e-02	3.453645e-01	1.484862e-01
5.387693e-03	4.977261e-02	3.474153e-01	1.592313e-01
6.195847e-03	5.338656e-02	3.489616e-01	1.707580e-01
7.125224e-03	5.726209e-02	3.495508e-01	1.831168e-01
8.194007e-03	6.141812e-02	3.492500e-01	1.963707e-01
9.423108e-03	6.587498e-02	3.483773e-01	2.105839e-01
1.083657e-02	7.065442e-02	3.466883e-01	2.258258e-01
1.246206e-02	7.577979e-02	3.443081e-01	2.421709e-01
1.433137e-02	8.127615e-02	3.409377e-01	2.596990e-01
1.648108e-02	8.717033e-02	3.366975e-01	2.784959e-01
1.895324e-02	9.349113e-02	3.315732e-01	2.986533e-01
2.179622e-02	1.002694e-01	3.256130e-01	3.202698e-01
2.506566e-02	1.075384e-01	3.187375e-01	3.434508e-01
2.882550e-02	1.153334e-01	3.110717e-01	3.683096e-01
3.314933e-02	1.236927e-01	3.025024e-01	3.949677e-01
3.812173e-02	1.326570e-01	2.936961e-01	4.235556e-01
4.383999e-02	1.422701e-01	2.838798e-01	4.542125e-01
5.041599e-02	1.525790e-01	2.732163e-01	4.870883e-01
5.797838e-02	1.636342e-01	2.625349e-01	5.223436e-01
6.667514e-02	1.754894e-01	2.505881e-01	5.601509e-01
7.667641e-02	1.882028e-01	2.397777e-01	6.006948e-01
8.817787e-02	2.018364e-01	2.278266e-01	6.441731e-01
1.014046e-01	2.164568e-01	2.155094e-01	6.907983e-01
1.166152e-01	2.321354e-01	2.038748e-01	7.407982e-01
1.341075e-01	2.489488e-01	1.910446e-01	7.944175e-01
1.542237e-01	2.669792e-01	1.797470e-01	8.519177e-01
1.773572e-01	2.863147e-01	1.677710e-01	9.135797e-01
2.039608e-01	3.070496e-01	1.564656e-01	9.797045e-01
2.345549e-01	3.292854e-01	1.460213e-01	1.050616e+00
2.697381e-01	3.531306e-01	1.349696e-01	1.126659e+00
3.101989e-01	3.787018e-01	1.253365e-01	1.208213e+00
3.567287e-01	4.061237e-01	1.155689e-01	1.295637e+00
4.102380e-01	4.355316e-01	1.069771e-01	1.389634e+00
4.717737e-01	4.670684e-01	9.829412e-02	1.491366e+00
5.425397e-01	5.008878e-01	9.062217e-02	1.601535e+00
6.239207e-01	5.371550e-01	8.359161e-02	1.720956e+00
7.175088e-01	5.760474e-01	7.758094e-02	1.850522e+00
8.251351e-01	6.177548e-01	7.133422e-02	1.991276e+00
9.489054e-01	6.606932e-01	6.415050e-02	2.103144e+00
1.091241e+00	7.019811e-01	5.740464e-02	2.172337e+00
1.254927e+00	7.595658e-01	5.101838e-02	2.239630e+00
1.443166e+00	8.338262e-01	4.603087e-02	2.305106e+00
1.659641e+00	9.122906e-01	4.136688e-02	2.369036e+00
1.908588e+00	9.991399e-01	3.738128e-02	2.431956e+00
2.194876e+00	1.091277e+00	3.366978e-02	2.494727e+00
2.524107e+00	1.188987e+00	3.028431e-02	2.558595e+00
2.902723e+00	1.296211e+00	2.730062e-02	2.625258e+00
3.338132e+00	1.397409e+00	2.434389e-02	2.696938e+00
3.838852e+00	1.499871e+00	2.209553e-02	2.776421e+00
4.414679e+00	1.589179e+00	1.980645e-02	2.867151e+00
5.076881e+00	1.684341e+00	1.766623e-02	2.973312e+00
5.838413e+00	1.788470e+00	1.587819e-02	3.099847e+00
6.714175e+00	1.868193e+00	1.397448e-02	3.252536e+00
7.721302e+00	1.947194e+00	1.267325e-02	3.438044e+00
8.879497e+00	2.017288e+00	1.128481e-02	3.663976e+00
1.021142e+01	2.074847e+00	1.002861e-02	3.938941e+00
1.174313e+01	2.130694e+00	8.973909e-03	4.272647e+00
1.350460e+01	2.175429e+00	7.867847e-03	4.676071e+00
1.553030e+01	2.215138e+00	7.055899e-03	5.161788e+00
1.785984e+01	2.245664e+00	6.233801e-03	5.744439e+00
2.053882e+01	2.261055e+00	5.537207e-03	6.441457e+00
2.361964e+01	2.270779e+00	4.951991e-03	7.274013e+00
2.716258e+01	2.265476e+00	4.368962e-03	8.268266e+00
3.123697e+01	2.250829e+00	3.904913e-03	9.456908e+00
3.592252e+01	2.225234e+00	3.459623e-03	1.088110e+01
4.131089e+01	2.184785e+00	3.095308e-03	1.259292e+01
4.750753e+01	2.136310e+00	2.747364e-03	1.465836e+01
5.463366e+01	2.080160e+00	2.438149e-03	1.716131e+01
6.282871e+01	2.014902e+00	2.136061e-03	2.020820e+01
7.225301e+01	1.939298e+00	1.900700e-03	2.393561e+01
8.309096e+01	2.068344e+00	1.690000e-03	2.851188e+01
9.555461e+01	1.926796e+00	1.495721e-03	3.417137e+01
1.098878e+02	1.791006e+00	1.325505e-03	4.120208e+01
1.263710e+02	1.658882e+00	1.157114e-03	4.994476e+01
1.453266e+02	1.530311e+00	1.025181e-03	6.086277e+01
1.671256e+02	1.406852e+00	8.982967e-04	7.455673e+01
1.921945e+02	1.290080e+00	7.964714e-04	9.178717e+01
2.210236e+02	1.179177e+00	7.037283e-04	1.135334e+02
2.541772e+02	1.072369e+00	6.202060e-04	1.411235e+02
2.923037e+02	9.727653e-01	5.504127e-04	1.763040e+02
3.361493e+02	8.850896e-01	4.807198e-04	2.211401e+02
3.865717e+02	8.053810e-01	4.311030e-04	2.781420e+02
4.445574e+02	7.309519e-01	3.803778e-04	3.507504e+02
5.112411e+02	6.617064e-01	3.340541e-04	4.434573e+02
5.879272e+02	5.977198e-01	2.956425e-04	5.620708e+02
6.761163e+02	5.389654e-01	2.558096e-04	7.140566e+02
7.775337e+02	4.853494e-01	2.294205e-04	9.089924e+02
8.941638e+02	4.359044e-01	2.014612e-04	1.159363e+03
1.028288e+03	3.911122e-01	1.766537e-04	1.481357e+03
1.182532e+03	3.511233e-01	1.558368e-04	1.895345e+03
1.359911e+03	3.155233e-01	1.346769e-04	2.426748e+03
1.563898e+03	2.833661e-01	1.191527e-04	3.108403e+03
1.798483e+03	2.544854e-01	1.038593e-04	3.982652e+03
2.068255e+03	2.286619e-01	9.100619e-05	5.103238e+03
2.378493e+03	2.055850e-01	8.037024e-05	6.538480e+03
2.735268e+03	1.849860e-01	6.998122e-05	8.374841e+03
3.145558e+03	1.666667e-01	6.169571e-05	1.072144e+04
3.617391e+03	1.504066e-01	5.400248e-05	1.371561e+04
4.160000e+03	1.359682e-01	4.766933e-05	1.752928e+04
4.784000e+03	1.231766e-01	0.000000e+00	2.237674e+04
5.501600e+03	1.118823e-01	0.000000e+00	2.852367e+04
6.326840e+03	1.019129e-01	0.000000e+00	3.629739e+04
7.275866e+03	9.312425e-02	0.000000e+00	4.609850e+04
8.367246e+03	8.540714e-02	0.000000e+00	5.841357e+04
9.622333e+03	7.864465e-02	0.000000e+00	7.382890e+04
