# Energy_MeV	dEdx_Elec_MeV_um	dEdx_Nucl_MeV_um	Range_um
1.000000e-05	3.003776e-03	6.652282e-03	6.658287e-03
1.150000e-05	3.221190e-03	7.109858e-03	7.140218e-03
1.322500e-05	3.454342e-03	7.563765e-03	7.657030e-03
1.520875e-05	3.704369e-03	8.029350e-03	8.211250e-03
1.749006e-05	3.972493e-03	8.520481e-03	8.805585e-03
2.011357e-05	4.260024e-03	9.012814e-03	9.442938e-03
2.313061e-05	4.568367e-03	9.519387e-03	1.012642e-02
2.660020e-05	4.899028e-03	9.980246e-03	1.085938e-02
3.059023e-05	5.253622e-03	1.048866e-02	1.164539e-02
3.517876e-05	5.633882e-03	1.103064e-02	1.248829e-02
4.045558e-05	6.041665e-03	1.148435e-02	1.339219e-02
4.652391e-05	6.478964e-03	1.198893e-02	1.436153e-02
5.350250e-05	6.947915e-03	1.244671e-02	1.540102e-02
6.152788e-05	7.450809e-03	1.289555e-02	1.651576e-02
7.075706e-05	7.990103e-03	1.338757e-02	1.771118e-02
8.137062e-05	8.568430e-03	1.376551e-02	1.899312e-02
9.357621e-05	9.188618e-03	1.418181e-02	2.036785e-02
1.076126e-04	9.853695e-03	1.457530e-02	2.183200e-02
1.237545e-04	1.056691e-02	1.490906e-02	2.342190e-02
1.423177e-04	1.133175e-02	1.524197e-02	2.511893e-02
1.636654e-04	1.215195e-02	1.551200e-02	2.693715e-02
1.882152e-04	1.303151e-02	1.579397e-02	2.888676e-02
2.164475e-04	1.397474e-02	1.601983e-02	3.097757e-02
2.489146e-04	1.498624e-02	1.619752e-02	3.321969e-02
2.862518e-04	1.607095e-02	1.636687e-02	3.562411e-02
3.291895e-04	1.723417e-02	1.651456e-02	3.820256e-02
3.785680e-04	1.848159e-02	1.661961e-02	4.096764e-02
4.353531e-04	1.981930e-02	1.668153e-02	4.393285e-02
5.006561e-04	2.125383e-02	1.672250e-02	4.711268e-02
5.757545e-04	2.279220e-02	1.672411e-02	5.052268e-02
6.621177e-04	2.444191e-02	1.669944e-02	5.417956e-02
7.614354e-04	2.621102e-02	1.662864e-02	5.810074e-02
8.756507e-04	2.810819e-02	1.651136e-02	6.230723e-02
1.006998e-03	3.010803e-02	1.636583e-02	6.681374e-02
1.158048e-03	3.155478e-02	1.617755e-02	7.170678e-02
1.331755e-03	3.307771e-02	1.594281e-02	7.708352e-02
1.531519e-03	3.468146e-02	1.567045e-02	8.297806e-02
1.761246e-03	3.637096e-02	1.535185e-02	8.944361e-02
2.025433e-03	3.815153e-02	1.499775e-02	9.653263e-02
2.329248e-03	4.002884e-02	1.460222e-02	1.043036e-01
2.678635e-03	4.200898e-02	1.419358e-02	1.128200e-01
3.080431e-03	4.409847e-02	1.373053e-02	1.221510e-01
3.542495e-03	4.630428e-02	1.321851e-02	1.323718e-01
4.073870e-03	4.863390e-02	1.272885e-02	1.435643e-01
4.684950e-03	5.109533e-02	1.217993e-02	1.558173e-01
5.387693e-03	5.369711e-02	1.164909e-02	1.692275e-01
6.195847e-03	5.644836e-02	1.109277e-02	1.838997e-01
7.125224e-03	5.935879e-02	1.047894e-02	1.999479e-01
8.194007e-03	6.243873e-02	9.948288e-03	2.174957e-01
9.423108e-03	6.569908e-02	9.357557e-03	2.366772e-01
1.083657e-02	6.915135e-02	8.774316e-03	2.576379e-01
1.246206e-02	7.280762e-02	8.233169e-03	2.805356e-01
1.433137e-02	7.668043e-02	7.673773e-03	3.055418e-01
1.648108e-02	8.078281e-02	7.172714e-03	3.328425e-01
1.895324e-02	8.512807e-02	6.637276e-03	3.626397e-01
2.179622e-02	8.972981e-02	6.150667e-03	3.951531e-01
2.506566e-02	9.460173e-02	5.717975e-03	4.306217e-01
2.882550e-02	9.975767e-02	5.273380e-03	4.693062e-01
3.314933e-02	1.052116e-01	4.830673e-03	5.114906e-01
3.812173e-02	1.109776e-01	4.474476e-03	5.574847e-01
4.383999e-02	1.170705e-01	4.171101e-03	6.076271e-01
5.041599e-02	1.235057e-01	3.822219e-03	6.622880e-01
5.797838e-02	1.302994e-01	3.479533e-03	7.218718e-01
6.667514e-02	1.374683e-01	3.143799e-03	7.868199e-01
7.667641e-02	1.450287e-01	2.864937e-03	8.576155e-01
8.817787e-02	1.529949e-01	2.587525e-03	9.347883e-01
1.014046e-01	1.613765e-01	2.307700e-03	1.018921e+00
1.166152e-01	1.701750e-01	2.062151e-03	1.110660e+00
1.341075e-01	1.793802e-01	1.863362e-03	1.210724e+00
1.542237e-01	1.889646e-01	1.684451e-03	1.319925e+00
1.773572e-01	1.988769e-01	1.508831e-03	1.439188e+00
2.039608e-01	2.090342e-01	1.358725e-03	1.569588e+00
2.345549e-01	2.193112e-01	1.220524e-03	1.712386e+00
2.697381e-01	2.295293e-01	1.107138e-03	1.869094e+00
3.101989e-01	2.394446e-01	9.901766e-04	2.041557e+00
3.567287e-01	2.487399e-01	8.750796e-04	2.232067e+00
4.102380e-01	2.570252e-01	7.949138e-04	2.443518e+00
4.717737e-01	2.638542e-01	7.080488e-04	2.679608e+00
5.425397e-01	2.687635e-01	6.320198e-04	2.945110e+00
6.239207e-01	2.713366e-01	5.668711e-04	3.246199e+00
7.175088e-01	2.712808e-01	4.971228e-04	3.590863e+00
8.251351e-01	2.684960e-01	4.504255e-04	3.989363e+00
9.489054e-01	2.631054e-01	3.992752e-04	4.454779e+00
1.091241e+00	2.554313e-01	3.517295e-04	5.003631e+00
1.254927e+00	2.459231e-01	3.146985e-04	5.656627e+00
1.443166e+00	2.350672e-01	2.778972e-04	6.439584e+00
1.659641e+00	2.233113e-01	2.490104e-04	7.384641e+00
1.908588e+00	2.110232e-01	2.195555e-04	8.531870e+00
2.194876e+00	1.984822e-01	1.949695e-04	9.931441e+00
2.524107e+00	1.858931e-01	1.752338e-04	1.164646e+01
2.902723e+00	1.734070e-01	1.553445e-04	1.375670e+01
3.338132e+00	1.611401e-01	1.368201e-04	1.636342e+01
3.838852e+00	1.491867e-01	1.217814e-04	1.959558e+01
4.414679e+00	1.376266e-01	1.085024e-04	2.361789e+01
5.076881e+00	1.265271e-01	9.604141e-05	2.864108e+01
5.838413e+00	1.159436e-01	8.527450e-05	3.493521e+01
6.714175e+00	1.059192e-01	7.462829e-05	4.284726e+01
7.721302e+00	9.648407e-02	6.629871e-05	5.282064e+01
8.879497e+00	8.742797e-02	5.890190e-05	6.544332e+01
1.021142e+01	7.918339e-02	5.170807e-05	8.148078e+01
1.174313e+01	7.179966e-02	4.540888e-05	1.018269e+02
1.350460e+01	6.504167e-02	4.012793e-05	1.276390e+02
1.553030e+01	5.880285e-02	3.560373e-05	1.604378e+02
1.785984e+01	5.307388e-02	0.000000e+00	2.022012e+02
2.053882e+01	4.785757e-02	0.000000e+00	2.554416e+02
2.361964e+01	4.311889e-02	0.000000e+00	3.233755e+02
2.716258e+01	3.864856e-02	0.000000e+00	4.103106e+02
3.123697e+01	3.460972e-02	0.000000e+00	5.219231e+02
3.592252e+01	3.111889e-02	0.000000e+00	6.650185e+02
4.131089e+01	2.802920e-02	0.000000e+00	8.477606e+02
4.750753e+01	2.521635e-02	0.000000e+00	1.081214e+03
5.463366e+01	2.265922e-02	0.000000e+00	1.379809e+03
6.282871e+01	2.034057e-02	0.000000e+00	1.762166e+03
7.225301e+01	1.824677e-02	0.000000e+00	2.252195e+03
8.309096e+01	1.636296e-02	0.000000e+00	2.880518e+03
9.555461e+01	1.464778e-02	0.000000e+00	3.686967e+03
1.098878e+02	1.310753e-02	0.000000e+00	4.723270e+03
1.263710e+02	1.173984e-02	0.000000e+00	6.054656e+03
1.453266e+02	1.053223e-02	0.000000e+00	7.762454e+03
1.671256e+02	9.448630e-03	0.000000e+00	9.951487e+03
1.921945e+02	8.479308e-03	0.000000e+00	1.275724e+04
2.210236e+02	7.613557e-03	0.000000e+00	1.635172e+04
2.541772e+02	6.841365e-03	0.000000e+00	2.095372e+04
2.923037e+02	6.153961e-03	0.000000e+00	2.684027e+04
3.361493e+02	5.542688e-03	0.000000e+00	3.436109e+04
3.865717e+02	4.999823e-03	0.000000e+00	4.395646e+04
4.445574e+02	4.518485e-03	0.000000e+00	5.617780e+04
5.112411e+02	4.092294e-03	0.000000e+00	7.171249e+04
5.879272e+02	3.715515e-03	0.000000e+00	9.141303e+04
6.761163e+02	3.382982e-03	0.000000e+00	1.163302e+05
7.775337e+02	3.090052e-03	0.000000e+00	1.477504e+05
8.941638e+02	2.832559e-03	0.000000e+00	1.872376e+05
1.028288e+03	2.606783e-03	0.000000e+00	2.259089e+05
1.182532e+03	2.409394e-03	0.000000e+00	2.259089e+05
1.359911e+03	2.237423e-03	0.000000e+00	2.259089e+05
1.563898e+03	2.088222e-03	0.000000e+00	2.259089e+05
1.798483e+03	1.959433e-03	0.000000e+00	2.259089e+05
2.068255e+03	1.848955e-03	0.000000e+00	2.259089e+05
2.378493e+03	1.754916e-03	0.000000e+00	2.259089e+05
2.735268e+03	1.675645e-03	0.000000e+00	2.259089e+05
3.145558e+03	1.609649e-03	0.000000e+00	2.259089e+05
3.617391e+03	1.553258e-03	0.000000e+00	2.259089e+05
4.160000e+03	1.506685e-03	0.000000e+00	2.259089e+05
4.784000e+03	1.469566e-03	0.000000e+00	2.259089e+05
5.501600e+03	1.440873e-03	0.000000e+00	2.259089e+05
6.326840e+03	1.419665e-03	0.000000e+00	2.259089e+05
7.275866e+03	1.405078e-03	0.000000e+00	2.259089e+05
8.367246e+03	1.396317e-03	0.000000e+00	2.259089e+05
9.622333e+03	1.392650e-03	0.000000e+00	2.259089e+05
