# Energy_MeV	dEdx_Elec_MeV_um	dEdx_Nucl_MeV_um	Range_um
1.000000e-05	1.988726e-03	3.165471e-02	6.413277e-03
1.150000e-05	2.145926e-03	3.474027e-02	6.877473e-03
1.322500e-05	2.314425e-03	3.812836e-02	7.375268e-03
1.520875e-05	2.495048e-03	4.173475e-02	7.909094e-03
1.749006e-05	2.688678e-03	4.577714e-02	8.481559e-03
2.011357e-05	2.896263e-03	4.998858e-02	9.095458e-03
2.313061e-05	3.118816e-03	5.466439e-02	9.753792e-03
2.660020e-05	3.357427e-03	5.964112e-02	1.045978e-02
3.059023e-05	3.613261e-03	6.487688e-02	1.121686e-02
3.517876e-05	3.887569e-03	7.069634e-02	1.202874e-02
4.045558e-05	4.181691e-03	7.675314e-02	1.289939e-02
4.652391e-05	4.497064e-03	8.336229e-02	1.383306e-02
5.350250e-05	4.835229e-03	9.015635e-02	1.483430e-02
6.152788e-05	5.197839e-03	9.759473e-02	1.590801e-02
7.075706e-05	5.586665e-03	1.055804e-01	1.705944e-02
8.137062e-05	6.003607e-03	1.141267e-01	1.829422e-02
9.357621e-05	6.450703e-03	1.229555e-01	1.961836e-02
1.076126e-04	6.930135e-03	1.320819e-01	2.103835e-02
1.237545e-04	7.444248e-03	1.418943e-01	2.256111e-02
1.423177e-04	7.995552e-03	1.522592e-01	2.419410e-02
1.636654e-04	8.586741e-03	1.632759e-01	2.594528e-02
1.882152e-04	9.220703e-03	1.744900e-01	2.782322e-02
2.164475e-04	9.900535e-03	1.862893e-01	2.983707e-02
2.489146e-04	1.062956e-02	1.981709e-01	3.199670e-02
2.862518e-04	1.141134e-02	2.104713e-01	3.431264e-02
3.291895e-04	1.224968e-02	2.230018e-01	3.679620e-02
3.785680e-04	1.314870e-02	2.356823e-01	3.945953e-02
4.353531e-04	1.411278e-02	2.489584e-01	4.231563e-02
5.006561e-04	1.514663e-02	2.611390e-01	4.537846e-02
5.757545e-04	1.625530e-02	2.739921e-01	4.866298e-02
6.621177e-04	1.744420e-02	2.872187e-01	5.218523e-02
7.614354e-04	1.871915e-02	2.997035e-01	5.596242e-02
8.756507e-04	2.008637e-02	3.130931e-01	6.001301e-02
1.006998e-03	2.155255e-02	3.242105e-01	6.435679e-02
1.158048e-03	2.312484e-02	3.359721e-01	6.901497e-02
1.331755e-03	2.481093e-02	3.476261e-01	7.401031e-02
1.531519e-03	2.661906e-02	3.580386e-01	7.936721e-02
1.761246e-03	2.855805e-02	3.690350e-01	8.511185e-02
2.025433e-03	3.063738e-02	3.780280e-01	9.127229e-02
2.329248e-03	3.286721e-02	3.871842e-01	9.787863e-02
2.678635e-03	3.525843e-02	3.952394e-01	1.049631e-01
3.080431e-03	3.782273e-02	4.019811e-01	1.125604e-01
3.542495e-03	4.057263e-02	4.088036e-01	1.207076e-01
4.073870e-03	4.352156e-02	4.141566e-01	1.294445e-01
4.684950e-03	4.668393e-02	4.191992e-01	1.387715e-01
5.387693e-03	5.007520e-02	4.228511e-01	1.488651e-01
6.195847e-03	5.371192e-02	4.260747e-01	1.596385e-01
7.125224e-03	5.761187e-02	4.286472e-01	1.711946e-01
8.194007e-03	6.179410e-02	4.305853e-01	1.835850e-01
9.423108e-03	6.627904e-02	4.312073e-01	1.968727e-01
1.083657e-02	7.108860e-02	4.308523e-01	2.111222e-01
1.246206e-02	7.624627e-02	4.296788e-01	2.264031e-01
1.433137e-02	8.177726e-02	4.276088e-01	2.427900e-01
1.648108e-02	8.770858e-02	4.246770e-01	2.603629e-01
1.895324e-02	9.406921e-02	4.204367e-01	2.792078e-01
2.179622e-02	1.008902e-01	4.151943e-01	2.994168e-01
2.506566e-02	1.082049e-01	4.088233e-01	3.210885e-01
2.882550e-02	1.160491e-01	4.014383e-01	3.443288e-01
3.314933e-02	1.244610e-01	3.929273e-01	3.692511e-01
3.812173e-02	1.334818e-01	3.834353e-01	3.959774e-01
4.383999e-02	1.431555e-01	3.728216e-01	4.246382e-01
5.041599e-02	1.535294e-01	3.619333e-01	4.553736e-01
5.797838e-02	1.646542e-01	3.498582e-01	4.883335e-01
6.667514e-02	1.765842e-01	3.366598e-01	5.236789e-01
7.667641e-02	1.893777e-01	3.233869e-01	5.615827e-01
8.817787e-02	2.030972e-01	3.087345e-01	6.022303e-01
1.014046e-01	2.178097e-01	2.952876e-01	6.458198e-01
1.166152e-01	2.335871e-01	2.806700e-01	6.925642e-01
1.341075e-01	2.505065e-01	2.653807e-01	7.426919e-01
1.542237e-01	2.686505e-01	2.509395e-01	7.964481e-01
1.773572e-01	2.881078e-01	2.352744e-01	8.540954e-01
2.039608e-01	3.089734e-01	2.212248e-01	9.159151e-01
2.345549e-01	3.313492e-01	2.065356e-01	9.822090e-01
2.697381e-01	3.553447e-01	1.924823e-01	1.053301e+00
3.101989e-01	3.810770e-01	1.796743e-01	1.129539e+00
3.567287e-01	4.086717e-01	1.661516e-01	1.211301e+00
4.102380e-01	4.382638e-01	1.541607e-01	1.298951e+00
4.717737e-01	4.699988e-01	1.421903e-01	1.393146e+00
5.425397e-01	5.040313e-01	1.315172e-01	1.495063e+00
6.239207e-01	5.405271e-01	1.209794e-01	1.605432e+00
7.175088e-01	5.796645e-01	1.113984e-01	1.725061e+00
8.251351e-01	6.216346e-01	1.026375e-01	1.854844e+00
9.489054e-01	6.666427e-01	9.551796e-02	1.995817e+00
1.091241e+00	7.134760e-01	8.778633e-02	2.149185e+00
1.254927e+00	7.569308e-01	7.889495e-02	2.244710e+00
1.443166e+00	8.164573e-01	7.047273e-02	2.304143e+00
1.659641e+00	8.951034e-01	6.251902e-02	2.361085e+00
1.908588e+00	9.796949e-01	5.658584e-02	2.415919e+00
2.194876e+00	1.073989e+00	5.079362e-02	2.469259e+00
2.524107e+00	1.174543e+00	4.594153e-02	2.522010e+00
2.902723e+00	1.283794e+00	4.139272e-02	2.575437e+00
3.338132e+00	1.404039e+00	3.718894e-02	2.631223e+00
3.838852e+00	1.523971e+00	3.355065e-02	2.691529e+00
4.414679e+00	1.649160e+00	2.987806e-02	2.759048e+00
5.076881e+00	1.760845e+00	2.714250e-02	2.837068e+00
5.838413e+00	1.881478e+00	2.436989e-02	2.929487e+00
6.714175e+00	2.015024e+00	2.170898e-02	3.040936e+00
7.721302e+00	2.121273e+00	1.948492e-02	3.176765e+00
8.879497e+00	2.229050e+00	1.718646e-02	3.343085e+00
1.021142e+01	2.324088e+00	1.555937e-02	3.546808e+00
1.174313e+01	2.407185e+00	1.388335e-02	3.795672e+00
1.350460e+01	2.488547e+00	1.232110e-02	4.098342e+00
1.553030e+01	2.555512e+00	1.100902e-02	4.464509e+00
1.785984e+01	2.619916e+00	9.672699e-03	4.905156e+00
2.053882e+01	2.672024e+00	8.662332e-03	5.432971e+00
2.361964e+01	2.708072e+00	7.661084e-03	6.062945e+00
2.716258e+01	2.738037e+00	6.793515e-03	6.813187e+00
3.123697e+01	2.747488e+00	6.081010e-03	7.705969e+00
3.592252e+01	2.747507e+00	5.369596e-03	8.769031e+00
4.131089e+01	2.732654e+00	4.793038e-03	1.003718e+01
4.750753e+01	2.698283e+00	4.250446e-03	1.155427e+01
5.463366e+01	2.653580e+00	3.797377e-03	1.337573e+01
6.282871e+01	2.600295e+00	3.378348e-03	1.557167e+01
7.225301e+01	2.535528e+00	2.992713e-03	1.823073e+01
8.309096e+01	2.457252e+00	2.616849e-03	2.146633e+01
9.555461e+01	2.698958e+00	2.334234e-03	2.541745e+01
1.098878e+02	2.525711e+00	2.072067e-03	3.027656e+01
1.263710e+02	2.359101e+00	1.839086e-03	3.628346e+01
1.453266e+02	2.195297e+00	1.626732e-03	4.371487e+01
1.671256e+02	2.034659e+00	1.417204e-03	5.294935e+01
1.921945e+02	1.879046e+00	1.259048e-03	6.447709e+01
2.210236e+02	1.730783e+00	1.101391e-03	7.891862e+01
2.541772e+02	1.589422e+00	9.779347e-04	9.706884e+01
2.923037e+02	1.451815e+00	8.644895e-04	1.200046e+02
3.361493e+02	1.322722e+00	7.608403e-04	1.491504e+02
3.865717e+02	1.207887e+00	6.758855e-04	1.861948e+02
4.445574e+02	1.103590e+00	5.892857e-04	2.331654e+02
5.112411e+02	1.005473e+00	5.291425e-04	2.928471e+02
5.879272e+02	9.134718e-01	4.678471e-04	3.688909e+02
6.761163e+02	8.278475e-01	4.102230e-04	4.660202e+02
7.775337e+02	7.486482e-01	3.624241e-04	5.903155e+02
8.941638e+02	6.759046e-01	3.142847e-04	7.495792e+02
1.028288e+03	6.085045e-01	2.814457e-04	9.539792e+02
1.182532e+03	5.470288e-01	2.477705e-04	1.216735e+03
1.359911e+03	4.917691e-01	2.169045e-04	1.554521e+03
1.563898e+03	4.424479e-01	1.909996e-04	1.988129e+03
1.798483e+03	3.977441e-01	1.654638e-04	2.544365e+03
2.068255e+03	3.574866e-01	1.461733e-04	3.257869e+03
2.378493e+03	3.214258e-01	1.275703e-04	4.172599e+03
2.735268e+03	2.891286e-01	1.115552e-04	5.344449e+03
3.145558e+03	2.602243e-01	9.863137e-05	6.844160e+03
3.617391e+03	2.344904e-01	8.596510e-05	8.761011e+03
4.160000e+03	2.116425e-01	7.566823e-05	1.120738e+04
4.784000e+03	1.913329e-01	6.631064e-05	1.432399e+04
5.501600e+03	1.733207e-01	5.843294e-05	1.828628e+04
6.326840e+03	1.574151e-01	5.133030e-05	2.331184e+04
7.275866e+03	1.433721e-01	0.000000e+00	2.966888e+04
8.367246e+03	1.309839e-01	0.000000e+00	3.768580e+04
9.622333e+03	1.201049e-01	0.000000e+00	4.776175e+04
