# Energy_MeV	dEdx_Elec_MeV_um	dEdx_Nucl_MeV_um	Range_um
1.000000e-05	2.661844e-03	3.192049e-02	4.165730e-03
1.150000e-05	2.884779e-03	3.499994e-02	4.467248e-03
1.322500e-05	3.123546e-03	3.843000e-02	4.790590e-03
1.520875e-05	3.379320e-03	4.208412e-02	5.137335e-03
1.749006e-05	3.653357e-03	4.614319e-02	5.509178e-03
2.011357e-05	3.947002e-03	5.046907e-02	5.907935e-03
2.313061e-05	4.261693e-03	5.520217e-02	6.335555e-03
2.660020e-05	4.598972e-03	6.021792e-02	6.794126e-03
3.059023e-05	4.960490e-03	6.561855e-02	7.285888e-03
3.517876e-05	5.348017e-03	7.145662e-02	7.813244e-03
4.045558e-05	5.763446e-03	7.765992e-02	8.378771e-03
4.652391e-05	6.208811e-03	8.447509e-02	8.985231e-03
5.350250e-05	6.686288e-03	9.130911e-02	9.635587e-03
6.152788e-05	7.198211e-03	9.898115e-02	1.033302e-02
7.075706e-05	7.747084e-03	1.071684e-01	1.108092e-02
8.137062e-05	8.335587e-03	1.155905e-01	1.188297e-02
9.357621e-05	8.966598e-03	1.251186e-01	1.274306e-02
1.076126e-04	9.643199e-03	1.341080e-01	1.366541e-02
1.237545e-04	1.036870e-02	1.443531e-01	1.465452e-02
1.423177e-04	1.114664e-02	1.550384e-01	1.571523e-02
1.636654e-04	1.198082e-02	1.658867e-01	1.685270e-02
1.882152e-04	1.287532e-02	1.780364e-01	1.807251e-02
2.164475e-04	1.383451e-02	1.896671e-01	1.938061e-02
2.489146e-04	1.486307e-02	2.023261e-01	2.078339e-02
2.862518e-04	1.596603e-02	2.150061e-01	2.228770e-02
3.291895e-04	1.714878e-02	2.277532e-01	2.390089e-02
3.785680e-04	1.841710e-02	2.414776e-01	2.563085e-02
4.353531e-04	1.977718e-02	2.545506e-01	2.748603e-02
5.006561e-04	2.123567e-02	2.680621e-01	2.947548e-02
5.757545e-04	2.279970e-02	2.810518e-01	3.160893e-02
6.621177e-04	2.447689e-02	2.948798e-01	3.389680e-02
7.614354e-04	2.627546e-02	3.080245e-01	3.635027e-02
8.756507e-04	2.820417e-02	3.218403e-01	3.898132e-02
1.006998e-03	3.027247e-02	3.343547e-01	4.180281e-02
1.158048e-03	3.249045e-02	3.464283e-01	4.482852e-02
1.331755e-03	3.486894e-02	3.588069e-01	4.807323e-02
1.531519e-03	3.741957e-02	3.699332e-01	5.155280e-02
1.761246e-03	4.015480e-02	3.815050e-01	5.528422e-02
2.025433e-03	4.308798e-02	3.916342e-01	5.928572e-02
2.329248e-03	4.623346e-02	4.015415e-01	6.357685e-02
2.678635e-03	4.960660e-02	4.100083e-01	6.817858e-02
3.080431e-03	5.322386e-02	4.178329e-01	7.310015e-02
3.542495e-03	5.710294e-02	4.249965e-01	7.840781e-02
4.073870e-03	6.126277e-02	4.310507e-01	8.408171e-02
4.684950e-03	6.572369e-02	4.368884e-01	9.016839e-02
5.387693e-03	7.050747e-02	4.408335e-01	9.669442e-02
6.195847e-03	7.563750e-02	4.447771e-01	1.036931e-01
7.125224e-03	8.113883e-02	4.478132e-01	1.111983e-01
8.194007e-03	8.703835e-02	4.496682e-01	1.192468e-01
9.423108e-03	9.336487e-02	4.514199e-01	1.278778e-01
1.083657e-02	1.001493e-01	4.510235e-01	1.371335e-01
1.246206e-02	1.074248e-01	4.504218e-01	1.470591e-01
1.433137e-02	1.152268e-01	4.486563e-01	1.577032e-01
1.648108e-02	1.235936e-01	4.457178e-01	1.691177e-01
1.895324e-02	1.325660e-01	4.420924e-01	1.813584e-01
2.179622e-02	1.421878e-01	4.368891e-01	1.944850e-01
2.506566e-02	1.525060e-01	4.307933e-01	2.085618e-01
2.882550e-02	1.635711e-01	4.234723e-01	2.236575e-01
3.314933e-02	1.754370e-01	4.150806e-01	2.398459e-01
3.812173e-02	1.881618e-01	4.055012e-01	2.572058e-01
4.383999e-02	2.018077e-01	3.950160e-01	2.758223e-01
5.041599e-02	2.164412e-01	3.837074e-01	2.957864e-01
5.797838e-02	2.321339e-01	3.715878e-01	3.171955e-01
6.667514e-02	2.489624e-01	3.582190e-01	3.401541e-01
7.667641e-02	2.670090e-01	3.445657e-01	3.647744e-01
8.817787e-02	2.863619e-01	3.296156e-01	3.911768e-01
1.014046e-01	3.071154e-01	3.152245e-01	4.194903e-01
1.166152e-01	3.293712e-01	3.002848e-01	4.498532e-01
1.341075e-01	3.532378e-01	2.845118e-01	4.824136e-01
1.542237e-01	3.788319e-01	2.694114e-01	5.173307e-01
1.773572e-01	4.062785e-01	2.530975e-01	5.547752e-01
2.039608e-01	4.357117e-01	2.379947e-01	5.949297e-01
2.345549e-01	4.672753e-01	2.223465e-01	6.379942e-01
2.697381e-01	5.011235e-01	2.078792e-01	6.841582e-01
3.101989e-01	5.374240e-01	1.938138e-01	7.337926e-01
3.567287e-01	5.763529e-01	1.797751e-01	7.875114e-01
4.102380e-01	6.180994e-01	1.669314e-01	8.456852e-01
4.717737e-01	6.628676e-01	1.536717e-01	9.087444e-01
5.425397e-01	7.108761e-01	1.427447e-01	9.771607e-01
6.239207e-01	7.623597e-01	1.310609e-01	1.051484e+00
7.175088e-01	8.149547e-01	1.204000e-01	1.132352e+00
8.251351e-01	8.636653e-01	1.118832e-01	1.220515e+00
9.489054e-01	9.313323e-01	1.029402e-01	1.292583e+00
1.091241e+00	1.018533e+00	9.528825e-02	1.312928e+00
1.254927e+00	1.112572e+00	8.648854e-02	1.331734e+00
1.443166e+00	1.217827e+00	7.717892e-02	1.349430e+00
1.659641e+00	1.332297e+00	6.943566e-02	1.366543e+00
1.908588e+00	1.457566e+00	6.159075e-02	1.383875e+00
2.194876e+00	1.597599e+00	5.590911e-02	1.402362e+00
2.524107e+00	1.743315e+00	5.021980e-02	1.423159e+00
2.902723e+00	1.898741e+00	4.529857e-02	1.447660e+00
3.338132e+00	2.052231e+00	4.091221e-02	1.477514e+00
3.838852e+00	2.219004e+00	3.662035e-02	1.514651e+00
4.414679e+00	2.403956e+00	3.301949e-02	1.561293e+00
5.076881e+00	2.563476e+00	2.965755e-02	1.619965e+00
5.838413e+00	2.725539e+00	2.674310e-02	1.693477e+00
6.714175e+00	2.876573e+00	2.388668e-02	1.784995e+00
7.721302e+00	3.009094e+00	2.147619e-02	1.897977e+00
8.879497e+00	3.142869e+00	1.897776e-02	2.036223e+00
1.021142e+01	3.261302e+00	1.706533e-02	2.203924e+00
1.174313e+01	3.376020e+00	1.526860e-02	2.405764e+00
1.350460e+01	3.480035e+00	1.356791e-02	2.647107e+00
1.553030e+01	3.560894e+00	1.216305e-02	2.934243e+00
1.785984e+01	3.637454e+00	1.068965e-02	3.274736e+00
2.053882e+01	3.689029e+00	9.545942e-03	3.677868e+00
2.361964e+01	3.726355e+00	8.427830e-03	4.155154e+00
2.716258e+01	3.746650e+00	7.508748e-03	4.720995e+00
3.123697e+01	3.730832e+00	6.687660e-03	5.393452e+00
3.592252e+01	3.704557e+00	5.918578e-03	6.195219e+00
4.131089e+01	3.668814e+00	5.291111e-03	7.154860e+00
4.750753e+01	3.614066e+00	4.663008e-03	8.308230e+00
5.463366e+01	3.539982e+00	4.195478e-03	9.700995e+00
6.282871e+01	3.974108e+00	3.711469e-03	1.138849e+01
7.225301e+01	3.750434e+00	3.291073e-03	1.344846e+01
8.309096e+01	3.529949e+00	2.924204e-03	1.597476e+01
9.555461e+01	3.309576e+00	2.553871e-03	1.907579e+01
1.098878e+02	3.090081e+00	2.298004e-03	2.290012e+01
1.263710e+02	2.874982e+00	2.023028e-03	2.763936e+01
1.453266e+02	2.668035e+00	1.791261e-03	3.353411e+01
1.671256e+02	2.467153e+00	1.586779e-03	4.089281e+01
1.921945e+02	2.271093e+00	1.382734e-03	5.013493e+01
2.210236e+02	2.084819e+00	1.228293e-03	6.181061e+01
2.541772e+02	1.919058e+00	1.079038e-03	7.656144e+01
2.923037e+02	1.766357e+00	9.539641e-04	9.516304e+01
3.361493e+02	1.620705e+00	8.456992e-04	1.186882e+02
3.865717e+02	1.482275e+00	7.431429e-04	1.485403e+02
4.445574e+02	1.351812e+00	6.583210e-04	1.865359e+02
5.112411e+02	1.229674e+00	5.821957e-04	2.350133e+02
5.879272e+02	1.116088e+00	5.165488e-04	2.969776e+02
6.761163e+02	1.009671e+00	4.540097e-04	3.763565e+02
7.775337e+02	9.116133e-01	4.027911e-04	4.782535e+02
8.941638e+02	8.226436e-01	3.491567e-04	6.090994e+02
1.028288e+03	7.422911e-01	3.106914e-04	7.769305e+02
1.182532e+03	6.689482e-01	2.738454e-04	9.921461e+02
1.359911e+03	6.026016e-01	2.399756e-04	1.268169e+03
1.563898e+03	5.429235e-01	2.126368e-04	1.622043e+03
1.798483e+03	4.891469e-01	1.835711e-04	2.075438e+03
2.068255e+03	4.407241e-01	1.621971e-04	2.655775e+03
2.378493e+03	3.975221e-01	1.410337e-04	3.397646e+03
2.735268e+03	3.591139e-01	1.240527e-04	4.344574e+03
3.145558e+03	3.248604e-01	1.091474e-04	5.551022e+03
3.617391e+03	2.944257e-01	9.510610e-05	7.084853e+03
4.160000e+03	2.675484e-01	8.412505e-05	9.030172e+03
4.784000e+03	2.437940e-01	7.306165e-05	1.149060e+04
5.501600e+03	2.228182e-01	6.501829e-05	1.459292e+04
6.326840e+03	2.044101e-01	5.673429e-05	1.849117e+04
7.275866e+03	1.882849e-01	4.966722e-05	2.337090e+04
8.367246e+03	1.741374e-01	0.000000e+00	2.945375e+04
9.622333e+03	1.618013e-01	0.000000e+00	3.700191e+04
