# Energy_MeV	dEdx_Elec_MeV_um	dEdx_Nucl_MeV_um	Range_um
1.000000e-05	2.023593e-03	3.008132e-02	7.046261e-03
1.150000e-05	2.182140e-03	3.298795e-02	7.556273e-03
1.322500e-05	2.352099e-03	3.601852e-02	8.103201e-03
1.520875e-05	2.534301e-03	3.935777e-02	8.689715e-03
1.749006e-05	2.729636e-03	4.292337e-02	9.318681e-03
2.011357e-05	2.939059e-03	4.670508e-02	9.993172e-03
2.313061e-05	3.163595e-03	5.087559e-02	1.071648e-02
2.660020e-05	3.404341e-03	5.523981e-02	1.149215e-02
3.059023e-05	3.662473e-03	5.989784e-02	1.232396e-02
3.517876e-05	3.939252e-03	6.483279e-02	1.321597e-02
4.045558e-05	4.236031e-03	7.022326e-02	1.417255e-02
4.652391e-05	4.554260e-03	7.584643e-02	1.519837e-02
5.350250e-05	4.895495e-03	8.205174e-02	1.629843e-02
6.152788e-05	5.261401e-03	8.821667e-02	1.747812e-02
7.075706e-05	5.653768e-03	9.484110e-02	1.874320e-02
8.137062e-05	6.074512e-03	1.019427e-01	2.009984e-02
9.357621e-05	6.525688e-03	1.091989e-01	2.155467e-02
1.076126e-04	7.009501e-03	1.171939e-01	2.311481e-02
1.237545e-04	7.528314e-03	1.250573e-01	2.478788e-02
1.423177e-04	8.084663e-03	1.335930e-01	2.658204e-02
1.636654e-04	8.681265e-03	1.419999e-01	2.850606e-02
1.882152e-04	9.321034e-03	1.506211e-01	3.056934e-02
2.164475e-04	1.000710e-02	1.597193e-01	3.278197e-02
2.489146e-04	1.074281e-02	1.685522e-01	3.515474e-02
2.862518e-04	1.153175e-02	1.780546e-01	3.769926e-02
3.291895e-04	1.237779e-02	1.865225e-01	4.042795e-02
3.785680e-04	1.328506e-02	1.957738e-01	4.335415e-02
4.353531e-04	1.425799e-02	2.050364e-01	4.649215e-02
5.006561e-04	1.530133e-02	2.138999e-01	4.985727e-02
5.757545e-04	1.642018e-02	2.232689e-01	5.346597e-02
6.621177e-04	1.762000e-02	2.310177e-01	5.733586e-02
7.614354e-04	1.890666e-02	2.394478e-01	6.148586e-02
8.756507e-04	2.028644e-02	2.474602e-01	6.593624e-02
1.006998e-03	2.176609e-02	2.548893e-01	7.070874e-02
1.158048e-03	2.335283e-02	2.625201e-01	7.582668e-02
1.331755e-03	2.505441e-02	2.688764e-01	8.131505e-02
1.531519e-03	2.687915e-02	2.751368e-01	8.720068e-02
1.761246e-03	2.883596e-02	2.806800e-01	9.351231e-02
2.025433e-03	3.093440e-02	2.854939e-01	1.002808e-01
2.329248e-03	3.318472e-02	2.901473e-01	1.075392e-01
2.678635e-03	3.559792e-02	2.939375e-01	1.153229e-01
3.080431e-03	3.818579e-02	2.972103e-01	1.236700e-01
3.542495e-03	4.096096e-02	2.998396e-01	1.325630e-01
4.073870e-03	4.393699e-02	3.021259e-01	1.422158e-01
4.684950e-03	4.712843e-02	3.036646e-01	1.525176e-01
5.387693e-03	5.055087e-02	3.050448e-01	1.635577e-01
6.195847e-03	5.422102e-02	3.051985e-01	1.753953e-01
7.125224e-03	5.815682e-02	3.049178e-01	1.880904e-01
8.194007e-03	6.237749e-02	3.040191e-01	2.017041e-01
9.423108e-03	6.690365e-02	3.023169e-01	2.163033e-01
1.083657e-02	7.175742e-02	3.001639e-01	2.319593e-01
1.246206e-02	7.696251e-02	2.969635e-01	2.487483e-01
1.433137e-02	8.254433e-02	2.931330e-01	2.667526e-01
1.648108e-02	8.853018e-02	2.884669e-01	2.860599e-01
1.895324e-02	9.494928e-02	2.831015e-01	3.067649e-01
2.179622e-02	1.018330e-01	2.769055e-01	3.289685e-01
2.506566e-02	1.092150e-01	2.700974e-01	3.527791e-01
2.882550e-02	1.171312e-01	2.624785e-01	3.783131e-01
3.314933e-02	1.256205e-01	2.546895e-01	4.056953e-01
3.812173e-02	1.347242e-01	2.459466e-01	4.350596e-01
4.383999e-02	1.444868e-01	2.366476e-01	4.665492e-01
5.041599e-02	1.549561e-01	2.270666e-01	5.003180e-01
5.797838e-02	1.661831e-01	2.167863e-01	5.365308e-01
6.667514e-02	1.782228e-01	2.072070e-01	5.753650e-01
7.667641e-02	1.911339e-01	1.966766e-01	6.170101e-01
8.817787e-02	2.049795e-01	1.861204e-01	6.616694e-01
1.014046e-01	2.198272e-01	1.756572e-01	7.095610e-01
1.166152e-01	2.357497e-01	1.647483e-01	7.609189e-01
1.341075e-01	2.528246e-01	1.546553e-01	8.159946e-01
1.542237e-01	2.711354e-01	1.444512e-01	8.750566e-01
1.773572e-01	2.907715e-01	1.346708e-01	9.383934e-01
2.039608e-01	3.118290e-01	1.254546e-01	1.006314e+00
2.345549e-01	3.344105e-01	1.161383e-01	1.079151e+00
2.697381e-01	3.586266e-01	1.074753e-01	1.157263e+00
3.101989e-01	3.845954e-01	9.940305e-02	1.241010e+00
3.567287e-01	4.124446e-01	9.168107e-02	1.330951e+00
4.102380e-01	4.423102e-01	8.410641e-02	1.428212e+00
4.717737e-01	4.743374e-01	7.794254e-02	1.533544e+00
5.425397e-01	5.086828e-01	7.163887e-02	1.647700e+00
6.239207e-01	5.455141e-01	6.659444e-02	1.771531e+00
7.175088e-01	5.850114e-01	6.096452e-02	1.906020e+00
8.251351e-01	6.270436e-01	5.449012e-02	2.001695e+00
9.489054e-01	6.655870e-01	4.903483e-02	2.073060e+00
1.091241e+00	7.163584e-01	4.330645e-02	2.142986e+00
1.254927e+00	7.854285e-01	3.936853e-02	2.211423e+00
1.443166e+00	8.590836e-01	3.526979e-02	2.278554e+00
1.659641e+00	9.406592e-01	3.188385e-02	2.344817e+00
1.908588e+00	1.024472e+00	2.880043e-02	2.410963e+00
2.194876e+00	1.114684e+00	2.576350e-02	2.478116e+00
2.524107e+00	1.210371e+00	2.331643e-02	2.547846e+00
2.902723e+00	1.302077e+00	2.077034e-02	2.622240e+00
3.338132e+00	1.396823e+00	1.887662e-02	2.703914e+00
3.838852e+00	1.471562e+00	1.689694e-02	2.796239e+00
4.414679e+00	1.552596e+00	1.511437e-02	2.903244e+00
5.076881e+00	1.640707e+00	1.350896e-02	3.029767e+00
5.838413e+00	1.710303e+00	1.196547e-02	3.181510e+00
6.714175e+00	1.779005e+00	1.081081e-02	3.365090e+00
7.721302e+00	1.834896e+00	9.617216e-03	3.588122e+00
8.879497e+00	1.884256e+00	8.573383e-03	3.859266e+00
1.021142e+01	1.928832e+00	7.626502e-03	4.188337e+00
1.174313e+01	1.963158e+00	6.726627e-03	4.586505e+00
1.350460e+01	1.995165e+00	5.996947e-03	5.066570e+00
1.553030e+01	2.015123e+00	5.316601e-03	5.643457e+00
1.785984e+01	2.025498e+00	4.721823e-03	6.334921e+00
2.053882e+01	2.029357e+00	4.212710e-03	7.162509e+00
2.361964e+01	2.018416e+00	3.732979e-03	8.152820e+00
2.716258e+01	2.001215e+00	3.315966e-03	9.339098e+00
3.123697e+01	1.972206e+00	2.957512e-03	1.076324e+01
3.592252e+01	1.933034e+00	2.630361e-03	1.247831e+01
4.131089e+01	1.885106e+00	2.330512e-03	1.455170e+01
4.750753e+01	1.830252e+00	2.076697e-03	1.706918e+01
5.463366e+01	1.767765e+00	1.805526e-03	2.013986e+01
6.282871e+01	1.696910e+00	1.623245e-03	2.390389e+01
7.225301e+01	1.796853e+00	1.434115e-03	2.853509e+01
8.309096e+01	1.669217e+00	1.267756e-03	3.426973e+01
9.555461e+01	1.548942e+00	1.128309e-03	4.141245e+01
1.098878e+02	1.431961e+00	9.780985e-04	5.031305e+01
1.263710e+02	1.319032e+00	8.728372e-04	6.144837e+01
1.453266e+02	1.210449e+00	7.625280e-04	7.543773e+01
1.671256e+02	1.107855e+00	6.760113e-04	9.307058e+01
1.921945e+02	1.011366e+00	5.997477e-04	1.153553e+02
2.210236e+02	9.182095e-01	5.255549e-04	1.436491e+02
2.541772e+02	8.314910e-01	4.683537e-04	1.797633e+02
2.923037e+02	7.542650e-01	4.092569e-04	2.258796e+02
3.361493e+02	6.852707e-01	3.670773e-04	2.845900e+02
3.865717e+02	6.210936e-01	3.233781e-04	3.594189e+02
4.445574e+02	5.615750e-01	2.850280e-04	4.550054e+02
5.112411e+02	5.067088e-01	2.505511e-04	5.773412e+02
5.879272e+02	4.564213e-01	2.187945e-04	7.341397e+02
6.761163e+02	4.106518e-01	1.951090e-04	9.352803e+02
7.775337e+02	3.686211e-01	1.711573e-04	1.193594e+03
8.941638e+02	3.305117e-01	1.506422e-04	1.525786e+03
1.028288e+03	2.964100e-01	1.319580e-04	1.952976e+03
1.182532e+03	2.662524e-01	1.148591e-04	2.501462e+03
1.359911e+03	2.390454e-01	1.009098e-04	3.204987e+03
1.563898e+03	2.146042e-01	8.833173e-05	4.107280e+03
1.798483e+03	1.927550e-01	7.737219e-05	5.263832e+03
2.068255e+03	1.732441e-01	6.814821e-05	6.745246e+03
2.378493e+03	1.558383e-01	5.964697e-05	8.640936e+03
2.735268e+03	1.403545e-01	5.220270e-05	1.106380e+04
3.145558e+03	1.266099e-01	4.605474e-05	1.415604e+04
3.617391e+03	1.144103e-01	0.000000e+00	1.809588e+04
4.160000e+03	1.035985e-01	0.000000e+00	2.310559e+04
4.784000e+03	9.404786e-02	0.000000e+00	2.946107e+04
5.501600e+03	8.561862e-02	0.000000e+00	3.750262e+04
6.326840e+03	7.818545e-02	0.000000e+00	4.764726e+04
7.275866e+03	7.165353e-02	0.000000e+00	6.040221e+04
8.367246e+03	6.592842e-02	0.000000e+00	7.637956e+04
9.622333e+03	6.091403e-02	0.000000e+00	9.631143e+04
