# Energy_MeV	dEdx_Elec_MeV_um	dEdx_Nucl_MeV_um	Range_um
1.000000e-05	2.376312e-03	3.013158e-02	5.431323e-03
1.150000e-05	2.567645e-03	3.302560e-02	5.824446e-03
1.322500e-05	2.772687e-03	3.614317e-02	6.246022e-03
1.520875e-05	2.992442e-03	3.951806e-02	6.698112e-03
1.749006e-05	3.227986e-03	4.312492e-02	7.182925e-03
2.011357e-05	3.480472e-03	4.699524e-02	7.702829e-03
2.313061e-05	3.751136e-03	5.117170e-02	8.260364e-03
2.660020e-05	4.041300e-03	5.563979e-02	8.858254e-03
3.059023e-05	4.352383e-03	6.049904e-02	9.499419e-03
3.517876e-05	4.685907e-03	6.543248e-02	1.018699e-02
4.045558e-05	5.043500e-03	7.092475e-02	1.092433e-02
4.652391e-05	5.426912e-03	7.683058e-02	1.171504e-02
5.350250e-05	5.838016e-03	8.283428e-02	1.256298e-02
6.152788e-05	6.278820e-03	8.971114e-02	1.347230e-02
7.075706e-05	6.751478e-03	9.615100e-02	1.444743e-02
8.137062e-05	7.258301e-03	1.035199e-01	1.549314e-02
9.357621e-05	7.801764e-03	1.112182e-01	1.661454e-02
1.076126e-04	8.384523e-03	1.189506e-01	1.781711e-02
1.237545e-04	9.009424e-03	1.277636e-01	1.910672e-02
1.423177e-04	9.679522e-03	1.360549e-01	2.048968e-02
1.636654e-04	1.039809e-02	1.452111e-01	2.197273e-02
1.882152e-04	1.116864e-02	1.543189e-01	2.356313e-02
2.164475e-04	1.199493e-02	1.634736e-01	2.526864e-02
2.489146e-04	1.288100e-02	1.734311e-01	2.709760e-02
2.862518e-04	1.383119e-02	1.827493e-01	2.905894e-02
3.291895e-04	1.485013e-02	1.925974e-01	3.116224e-02
3.785680e-04	1.594279e-02	2.018538e-01	3.341778e-02
4.353531e-04	1.711453e-02	2.118543e-01	3.583658e-02
5.006561e-04	1.837106e-02	2.213638e-01	3.843045e-02
5.757545e-04	1.971852e-02	2.312070e-01	4.121206e-02
6.621177e-04	2.116350e-02	2.404422e-01	4.419501e-02
7.614354e-04	2.271305e-02	2.490427e-01	4.739387e-02
8.756507e-04	2.437474e-02	2.580462e-01	5.082427e-02
1.006998e-03	2.615670e-02	2.661220e-01	5.450295e-02
1.158048e-03	2.806762e-02	2.743640e-01	5.844791e-02
1.331755e-03	3.011684e-02	2.818691e-01	6.267840e-02
1.531519e-03	3.231438e-02	2.889275e-01	6.721509e-02
1.761246e-03	3.467097e-02	2.951646e-01	7.208016e-02
2.025433e-03	3.719812e-02	3.008737e-01	7.729736e-02
2.329248e-03	3.990819e-02	3.060135e-01	8.289218e-02
2.678635e-03	4.281439e-02	3.105064e-01	8.889173e-02
3.080431e-03	4.593095e-02	3.147092e-01	9.531307e-02
3.542495e-03	4.927307e-02	3.176539e-01	1.022294e-01
4.073870e-03	5.285710e-02	3.205619e-01	1.096268e-01
4.684950e-03	5.670053e-02	3.228085e-01	1.175622e-01
5.387693e-03	6.082215e-02	3.241255e-01	1.260712e-01
6.195847e-03	6.524208e-02	3.255320e-01	1.351961e-01
7.125224e-03	6.998193e-02	3.252449e-01	1.449815e-01
8.194007e-03	7.506485e-02	3.248863e-01	1.554752e-01
9.423108e-03	8.051567e-02	3.236739e-01	1.667283e-01
1.083657e-02	8.636102e-02	3.215744e-01	1.787960e-01
1.246206e-02	9.262945e-02	3.190649e-01	1.917372e-01
1.433137e-02	9.935159e-02	3.153521e-01	2.056151e-01
1.648108e-02	1.065603e-01	3.110317e-01	2.204974e-01
1.895324e-02	1.142907e-01	3.058055e-01	2.364569e-01
2.179622e-02	1.225807e-01	2.998257e-01	2.535716e-01
2.506566e-02	1.314708e-01	2.929638e-01	2.719251e-01
2.882550e-02	1.410042e-01	2.854869e-01	2.916070e-01
3.314933e-02	1.512278e-01	2.773408e-01	3.127134e-01
3.812173e-02	1.621913e-01	2.687004e-01	3.353476e-01
4.383999e-02	1.739483e-01	2.591000e-01	3.596201e-01
5.041599e-02	1.865563e-01	2.492734e-01	3.856495e-01
5.797838e-02	2.000769e-01	2.386174e-01	4.135628e-01
6.667514e-02	2.145761e-01	2.281213e-01	4.434964e-01
7.667641e-02	2.301248e-01	2.174750e-01	4.755967e-01
8.817787e-02	2.467989e-01	2.060738e-01	5.100206e-01
1.014046e-01	2.646799e-01	1.951639e-01	5.469360e-01
1.166152e-01	2.838551e-01	1.835396e-01	5.865232e-01
1.341075e-01	3.044183e-01	1.724717e-01	6.289758e-01
1.542237e-01	3.264698e-01	1.612519e-01	6.745012e-01
1.773572e-01	3.501174e-01	1.507665e-01	7.233223e-01
2.039608e-01	3.754766e-01	1.405210e-01	7.756750e-01
2.345549e-01	4.026713e-01	1.305162e-01	8.318240e-01
2.697381e-01	4.318344e-01	1.211108e-01	8.920158e-01
3.101989e-01	4.631106e-01	1.115312e-01	9.568624e-01
3.567287e-01	4.966505e-01	1.036000e-01	1.027090e+00
4.102380e-01	5.326180e-01	9.510799e-02	1.103151e+00
4.717737e-01	5.711889e-01	8.730845e-02	1.185620e+00
5.425397e-01	6.125516e-01	8.124858e-02	1.275123e+00
6.239207e-01	6.569082e-01	7.463091e-02	1.372393e+00
7.175088e-01	7.002813e-01	6.917300e-02	1.454109e+00
8.251351e-01	7.445368e-01	6.289640e-02	1.497778e+00
9.489054e-01	8.112978e-01	5.609426e-02	1.539913e+00
1.091241e+00	8.899201e-01	5.058369e-02	1.580663e+00
1.254927e+00	9.744942e-01	4.472432e-02	1.620284e+00
1.443166e+00	1.066423e+00	4.067670e-02	1.659215e+00
1.659641e+00	1.167434e+00	3.649569e-02	1.698123e+00
1.908588e+00	1.272331e+00	3.294512e-02	1.737936e+00
2.194876e+00	1.386452e+00	2.976320e-02	1.779886e+00
2.524107e+00	1.501345e+00	2.660468e-02	1.825555e+00
2.902723e+00	1.608076e+00	2.403957e-02	1.876912e+00
3.338132e+00	1.713181e+00	2.154882e-02	1.936334e+00
3.838852e+00	1.822424e+00	1.947339e-02	2.006701e+00
4.414679e+00	1.933973e+00	1.738369e-02	2.091377e+00
5.076881e+00	2.030272e+00	1.562704e-02	2.194262e+00
5.838413e+00	2.116556e+00	1.384817e-02	2.319820e+00
6.714175e+00	2.201996e+00	1.240702e-02	2.473095e+00
7.721302e+00	2.265382e+00	1.112782e-02	2.659777e+00
8.879497e+00	2.329609e+00	9.878330e-03	2.886239e+00
1.021142e+01	2.387713e+00	8.853867e-03	3.159673e+00
1.174313e+01	2.432673e+00	7.804860e-03	3.488318e+00
1.350460e+01	2.473352e+00	6.946440e-03	3.881786e+00
1.553030e+01	2.493164e+00	6.141130e-03	4.351556e+00
1.785984e+01	2.506376e+00	5.469252e-03	4.911613e+00
2.053882e+01	2.507911e+00	4.864882e-03	5.579269e+00
2.361964e+01	2.493235e+00	4.317011e-03	6.376176e+00
2.716258e+01	2.469263e+00	3.851384e-03	7.329592e+00
3.123697e+01	2.426651e+00	3.396821e-03	8.473960e+00
3.592252e+01	2.377052e+00	3.054059e-03	9.852885e+00
4.131089e+01	2.319342e+00	2.700094e-03	1.152170e+01
4.750753e+01	2.249664e+00	2.393800e-03	1.355051e+01
5.463366e+01	2.499936e+00	2.132619e-03	1.602865e+01
6.282871e+01	2.329550e+00	1.855967e-03	1.906761e+01
7.225301e+01	2.175182e+00	1.673813e-03	2.282412e+01
8.309096e+01	2.024382e+00	1.472089e-03	2.747853e+01
9.555461e+01	1.877589e+00	1.303178e-03	3.325846e+01
1.098878e+02	1.734022e+00	1.157607e-03	4.046783e+01
1.263710e+02	1.596362e+00	1.005607e-03	4.949939e+01
1.453266e+02	1.465901e+00	8.956028e-04	6.084785e+01
1.671256e+02	1.340835e+00	7.854085e-04	7.515969e+01
1.921945e+02	1.221200e+00	6.951004e-04	9.331614e+01
2.210236e+02	1.109340e+00	6.163186e-04	1.164433e+02
2.541772e+02	1.012847e+00	5.405633e-04	1.458488e+02
2.923037e+02	9.228137e-01	4.801481e-04	1.831944e+02
3.361493e+02	8.384671e-01	4.235084e-04	2.307474e+02
3.865717e+02	7.598075e-01	3.767667e-04	2.914460e+02
4.445574e+02	6.869553e-01	3.308845e-04	3.690914e+02
5.112411e+02	6.200102e-01	2.934899e-04	4.685597e+02
5.879272e+02	5.586040e-01	2.553085e-04	5.961279e+02
6.761163e+02	5.020167e-01	2.261256e-04	7.600090e+02
7.775337e+02	4.507343e-01	1.998958e-04	9.707682e+02
8.941638e+02	4.051464e-01	1.749446e-04	1.241623e+03
1.028288e+03	3.641901e-01	1.549797e-04	1.589182e+03
1.182532e+03	3.271878e-01	1.342885e-04	2.035042e+03
1.359911e+03	2.939770e-01	1.181654e-04	2.606829e+03
1.563898e+03	2.642666e-01	1.029159e-04	3.339661e+03
1.798483e+03	2.376910e-01	9.047748e-05	4.278111e+03
2.068255e+03	2.139670e-01	7.948216e-05	5.478536e+03
2.378493e+03	1.928828e-01	6.948005e-05	7.012013e+03
2.735268e+03	1.741635e-01	6.130695e-05	8.967877e+03
3.145558e+03	1.575358e-01	5.329866e-05	1.145782e+04
3.617391e+03	1.428177e-01	4.738521e-05	1.462087e+04
4.160000e+03	1.298275e-01	0.000000e+00	1.862909e+04
4.784000e+03	1.183590e-01	0.000000e+00	2.369414e+04
5.501600e+03	1.082571e-01	0.000000e+00	3.007450e+04
6.326840e+03	9.939634e-02	0.000000e+00	3.808353e+04
7.275866e+03	9.163174e-02	0.000000e+00	4.809789e+04
8.367246e+03	8.483525e-02	0.000000e+00	6.056627e+04
9.622333e+03	7.892282e-02	0.000000e+00	7.601808e+04
