# Energy_MeV	dEdx_Elec_MeV_um	dEdx_Nucl_MeV_um	Range_um
1.000000e-05	2.934662e-03	2.117965e-02	5.222392e-03
1.150000e-05	3.172128e-03	2.306704e-02	5.600392e-03
1.322500e-05	3.426592e-03	2.504764e-02	6.005751e-03
1.520875e-05	3.699301e-03	2.713895e-02	6.440450e-03
1.749006e-05	3.991591e-03	2.938337e-02	6.906613e-03
2.011357e-05	4.304891e-03	3.191001e-02	7.406518e-03
2.313061e-05	4.640736e-03	3.439302e-02	7.942605e-03
2.660020e-05	5.000768e-03	3.717337e-02	8.517495e-03
3.059023e-05	5.386746e-03	4.001895e-02	9.133996e-03
3.517876e-05	5.800560e-03	4.298374e-02	9.795120e-03
4.045558e-05	6.244230e-03	4.634851e-02	1.050410e-02
4.652391e-05	6.719925e-03	4.953738e-02	1.126439e-02
5.350250e-05	7.229972e-03	5.311317e-02	1.207971e-02
6.152788e-05	7.776861e-03	5.678683e-02	1.295405e-02
7.075706e-05	8.363265e-03	6.055920e-02	1.389167e-02
8.137062e-05	8.992049e-03	6.450026e-02	1.489715e-02
9.357621e-05	9.666287e-03	6.833643e-02	1.597542e-02
1.076126e-04	1.038927e-02	7.251401e-02	1.713173e-02
1.237545e-04	1.116454e-02	7.658707e-02	1.837173e-02
1.423177e-04	1.199587e-02	8.072449e-02	1.970148e-02
1.636654e-04	1.288733e-02	8.473131e-02	2.112749e-02
1.882152e-04	1.384327e-02	8.899676e-02	2.265671e-02
2.164475e-04	1.486837e-02	9.322495e-02	2.429661e-02
2.489146e-04	1.596763e-02	9.715903e-02	2.605521e-02
2.862518e-04	1.714643e-02	1.014256e-01	2.794110e-02
3.291895e-04	1.841051e-02	1.050234e-01	2.996350e-02
3.785680e-04	1.976607e-02	1.089676e-01	3.213227e-02
4.353531e-04	2.121971e-02	1.126427e-01	3.445802e-02
5.006561e-04	2.277854e-02	1.159237e-01	3.695211e-02
5.757545e-04	2.445018e-02	1.194805e-01	3.962672e-02
6.621177e-04	2.624280e-02	1.224492e-01	4.249493e-02
7.614354e-04	2.816515e-02	1.253007e-01	4.557073e-02
8.756507e-04	3.022662e-02	1.278116e-01	4.886916e-02
1.006998e-03	3.243728e-02	1.301520e-01	5.240634e-02
1.158048e-03	3.480793e-02	1.322959e-01	5.619954e-02
1.331755e-03	3.735016e-02	1.340284e-01	6.026247e-02
1.531519e-03	4.007639e-02	1.355186e-01	6.463163e-02
1.761246e-03	4.299993e-02	1.367526e-01	6.930845e-02
2.025433e-03	4.613506e-02	1.380009e-01	7.432570e-02
2.329248e-03	4.949711e-02	1.385880e-01	7.970512e-02
2.678635e-03	5.310249e-02	1.391643e-01	8.547411e-02
3.080431e-03	5.696882e-02	1.393817e-01	9.166067e-02
3.542495e-03	6.111499e-02	1.392202e-01	9.829501e-02
4.073870e-03	6.556126e-02	1.389732e-01	1.054095e-01
4.684950e-03	7.032934e-02	1.381385e-01	1.130390e-01
5.387693e-03	7.544253e-02	1.371360e-01	1.212207e-01
6.195847e-03	8.092580e-02	1.357939e-01	1.299946e-01
7.125224e-03	8.680596e-02	1.340447e-01	1.394036e-01
8.194007e-03	9.311171e-02	1.319837e-01	1.494935e-01
9.423108e-03	9.987388e-02	1.295646e-01	1.603138e-01
1.083657e-02	1.071255e-01	1.267703e-01	1.719173e-01
1.246206e-02	1.149020e-01	1.237117e-01	1.843607e-01
1.433137e-02	1.232413e-01	1.203325e-01	1.977047e-01
1.648108e-02	1.321843e-01	1.167685e-01	2.120145e-01
1.895324e-02	1.417745e-01	1.127615e-01	2.273601e-01
2.179622e-02	1.520589e-01	1.085787e-01	2.438164e-01
2.506566e-02	1.630876e-01	1.042942e-01	2.614639e-01
2.882550e-02	1.749147e-01	9.963249e-02	2.803887e-01
3.314933e-02	1.875977e-01	9.527484e-02	3.006832e-01
3.812173e-02	2.011988e-01	9.036639e-02	3.224467e-01
4.383999e-02	2.157843e-01	8.560043e-02	3.457855e-01
5.041599e-02	2.314256e-01	8.094709e-02	3.708136e-01
5.797838e-02	2.481989e-01	7.588789e-02	3.976531e-01
6.667514e-02	2.661863e-01	7.127171e-02	4.264352e-01
7.667641e-02	2.854757e-01	6.661156e-02	4.573007e-01
8.817787e-02	3.061612e-01	6.223552e-02	4.903999e-01
1.014046e-01	3.283440e-01	5.786972e-02	5.258982e-01
1.166152e-01	3.521323e-01	5.358050e-02	5.639506e-01
1.341075e-01	3.776447e-01	4.966378e-02	6.048778e-01
1.542237e-01	4.050042e-01	4.599418e-02	6.491804e-01
1.773572e-01	4.343441e-01	4.247573e-02	6.971575e-01
2.039608e-01	4.658075e-01	3.868963e-02	7.491660e-01
2.345549e-01	4.995484e-01	3.616984e-02	8.055960e-01
2.697381e-01	5.357263e-01	3.343506e-02	8.515903e-01
3.101989e-01	5.724638e-01	3.060265e-02	8.876276e-01
3.567287e-01	6.075115e-01	2.805504e-02	9.233886e-01
4.102380e-01	6.566921e-01	2.512530e-02	9.587808e-01
4.717737e-01	7.191146e-01	2.288422e-02	9.937840e-01
5.425397e-01	7.828052e-01	2.039040e-02	1.028476e+00
6.239207e-01	8.520084e-01	1.823621e-02	1.063060e+00
7.175088e-01	9.231414e-01	1.646776e-02	1.097898e+00
8.251351e-01	9.946034e-01	1.477902e-02	1.133529e+00
9.489054e-01	1.070866e+00	1.340026e-02	1.170732e+00
1.091241e+00	1.136633e+00	1.198662e-02	1.210549e+00
1.254927e+00	1.200143e+00	1.081511e-02	1.254316e+00
1.443166e+00	1.252322e+00	9.733337e-03	1.303712e+00
1.659641e+00	1.307026e+00	8.778181e-03	1.360794e+00
1.908588e+00	1.365621e+00	7.830598e-03	1.428046e+00
2.194876e+00	1.408228e+00	7.017115e-03	1.508412e+00
2.524107e+00	1.448498e+00	6.312530e-03	1.605335e+00
2.902723e+00	1.483051e+00	5.576725e-03	1.722804e+00
3.338132e+00	1.507994e+00	5.041516e-03	1.865414e+00
3.838852e+00	1.530843e+00	4.459215e-03	2.038430e+00
4.414679e+00	1.546231e+00	3.984116e-03	2.247919e+00
5.076881e+00	1.556532e+00	3.568904e-03	2.500934e+00
5.838413e+00	1.560511e+00	3.130026e-03	2.805810e+00
6.714175e+00	1.553873e+00	2.794528e-03	3.172577e+00
7.721302e+00	1.542379e+00	2.475884e-03	3.613533e+00
8.879497e+00	1.521709e+00	2.210590e-03	4.143976e+00
1.021142e+01	1.494284e+00	1.960618e-03	4.783157e+00
1.174313e+01	1.459669e+00	1.733844e-03	5.555478e+00
1.350460e+01	1.418368e+00	1.546560e-03	6.492018e+00
1.553030e+01	1.371074e+00	1.379362e-03	7.632468e+00
1.785984e+01	1.317739e+00	1.230691e-03	9.027640e+00
2.053882e+01	1.259823e+00	1.075062e-03	1.074245e+01
2.361964e+01	1.195486e+00	9.692984e-04	1.286066e+01
2.716258e+01	1.216075e+00	8.505098e-04	1.548656e+01
3.123697e+01	1.123638e+00	7.559275e-04	1.876506e+01
3.592252e+01	1.035995e+00	6.730975e-04	2.287400e+01
4.131089e+01	9.520147e-01	5.849669e-04	2.802835e+01
4.750753e+01	8.713868e-01	5.270438e-04	3.451820e+01
5.463366e+01	7.950215e-01	4.608558e-04	4.271978e+01
6.282871e+01	7.236626e-01	4.060573e-04	5.311023e+01
7.225301e+01	6.567048e-01	3.587691e-04	6.630559e+01
8.309096e+01	5.930298e-01	3.148689e-04	8.313982e+01
9.555461e+01	5.343709e-01	2.802026e-04	1.047047e+02
1.098878e+02	4.833755e-01	2.454442e-04	1.322922e+02
1.263710e+02	4.372754e-01	2.180177e-04	1.674840e+02
1.453266e+02	3.947578e-01	1.930303e-04	2.124370e+02
1.671256e+02	3.556695e-01	1.713526e-04	2.699566e+02
1.921945e+02	3.199322e-01	1.500528e-04	3.436650e+02
2.210236e+02	2.874480e-01	1.327459e-04	4.382096e+02
2.541772e+02	2.580620e-01	1.176556e-04	5.595480e+02
2.923037e+02	2.311579e-01	1.021460e-04	7.154434e+02
3.361493e+02	2.069651e-01	9.132634e-05	9.159420e+02
3.865717e+02	1.855096e-01	7.940607e-05	1.173666e+03
4.445574e+02	1.664769e-01	7.020133e-05	1.504381e+03
5.112411e+02	1.493666e-01	6.202463e-05	1.928479e+03
5.879272e+02	1.340502e-01	5.348927e-05	2.472224e+03
6.761163e+02	1.203783e-01	4.717778e-05	3.168970e+03
7.775337e+02	1.081870e-01	0.000000e+00	4.061118e+03
8.941638e+02	9.733103e-02	0.000000e+00	5.202338e+03
1.028288e+03	8.768402e-02	0.000000e+00	6.660364e+03
1.182532e+03	7.912217e-02	0.000000e+00	8.520441e+03
1.359911e+03	7.152485e-02	0.000000e+00	1.088927e+04
1.563898e+03	6.479778e-02	0.000000e+00	1.389981e+04
1.798483e+03	5.885729e-02	0.000000e+00	1.771684e+04
2.068255e+03	5.361388e-02	0.000000e+00	2.254334e+04
2.378493e+03	4.899236e-02	0.000000e+00	2.862761e+04
2.735268e+03	4.493275e-02	0.000000e+00	3.627112e+04
3.145558e+03	4.137538e-02	0.000000e+00	4.583697e+04
3.617391e+03	3.826414e-02	0.000000e+00	5.775860e+04
4.160000e+03	3.555499e-02	0.000000e+00	7.254852e+04
4.784000e+03	3.320801e-02	0.000000e+00	9.080678e+04
5.501600e+03	3.118272e-02	0.000000e+00	1.132287e+05
6.326840e+03	2.944561e-02	0.000000e+00	1.406121e+05
7.275866e+03	2.796948e-02	0.000000e+00	1.738621e+05
8.367246e+03	2.672734e-02	0.000000e+00	2.139977e+05
9.622333e+03	2.569410e-02	0.000000e+00	2.621506e+05
