# Energy_MeV	dEdx_Elec_MeV_um	dEdx_Nucl_MeV_um	Range_um
1.000000e-05	2.257340e-03	2.910733e-02	6.249687e-03
1.150000e-05	2.436240e-03	3.176490e-02	6.702043e-03
1.322500e-05	2.627993e-03	3.472890e-02	7.187141e-03
1.520875e-05	2.833539e-03	3.786392e-02	7.707350e-03
1.749006e-05	3.053882e-03	4.120686e-02	8.265212e-03
2.011357e-05	3.290101e-03	4.491356e-02	8.863452e-03
2.313061e-05	3.543350e-03	4.873985e-02	9.504993e-03
2.660020e-05	3.814867e-03	5.288643e-02	1.019297e-02
3.059023e-05	4.105980e-03	5.721070e-02	1.093074e-02
3.517876e-05	4.418111e-03	6.201254e-02	1.172192e-02
4.045558e-05	4.752786e-03	6.696571e-02	1.257035e-02
4.652391e-05	5.111639e-03	7.240135e-02	1.348020e-02
5.350250e-05	5.496425e-03	7.793316e-02	1.445591e-02
6.152788e-05	5.909024e-03	8.373429e-02	1.550223e-02
7.075706e-05	6.351451e-03	9.008814e-02	1.662429e-02
8.137062e-05	6.825868e-03	9.648241e-02	1.782757e-02
9.357621e-05	7.334593e-03	1.034826e-01	1.911794e-02
1.076126e-04	7.880112e-03	1.105586e-01	2.050170e-02
1.237545e-04	8.465090e-03	1.180630e-01	2.198563e-02
1.423177e-04	9.092384e-03	1.255600e-01	2.357696e-02
1.636654e-04	9.765059e-03	1.332544e-01	2.528347e-02
1.882152e-04	1.048640e-02	1.412265e-01	2.711350e-02
2.164475e-04	1.125994e-02	1.491563e-01	2.907599e-02
2.489146e-04	1.208944e-02	1.575284e-01	3.118053e-02
2.862518e-04	1.297897e-02	1.651167e-01	3.343739e-02
3.291895e-04	1.393287e-02	1.734557e-01	3.585761e-02
3.785680e-04	1.495580e-02	1.816519e-01	3.845300e-02
4.353531e-04	1.605275e-02	1.893978e-01	4.123625e-02
5.006561e-04	1.722909e-02	1.979641e-01	4.422095e-02
5.757545e-04	1.849056e-02	2.047312e-01	4.742169e-02
6.621177e-04	1.984333e-02	2.124075e-01	5.085409e-02
7.614354e-04	2.129400e-02	2.195074e-01	5.453494e-02
8.756507e-04	2.284966e-02	2.259917e-01	5.848221e-02
1.006998e-03	2.451791e-02	2.330274e-01	6.271518e-02
1.158048e-03	2.630690e-02	2.385818e-01	6.725454e-02
1.331755e-03	2.822538e-02	2.443056e-01	7.212246e-02
1.531519e-03	3.028271e-02	2.491841e-01	7.734272e-02
1.761246e-03	3.248894e-02	2.535502e-01	8.294082e-02
2.025433e-03	3.485485e-02	2.578248e-01	8.894412e-02
2.329248e-03	3.739200e-02	2.611309e-01	9.538195e-02
2.678635e-03	4.011279e-02	2.641942e-01	1.022380e-01
3.080431e-03	4.303050e-02	2.664805e-01	1.096711e-01
3.542495e-03	4.615940e-02	2.686543e-01	1.176319e-01
4.073870e-03	4.951476e-02	2.700309e-01	1.261454e-01
4.684950e-03	5.311299e-02	2.712192e-01	1.352757e-01
5.387693e-03	5.697165e-02	2.715465e-01	1.450670e-01
6.195847e-03	6.110959e-02	2.712832e-01	1.555668e-01
7.125224e-03	6.554705e-02	2.706177e-01	1.668265e-01
8.194007e-03	7.030568e-02	2.691371e-01	1.789013e-01
9.423108e-03	7.540874e-02	2.672326e-01	1.918501e-01
1.083657e-02	8.088117e-02	2.645295e-01	2.057361e-01
1.246206e-02	8.674968e-02	2.611623e-01	2.206272e-01
1.433137e-02	9.304297e-02	2.571045e-01	2.365960e-01
1.648108e-02	9.979176e-02	2.524002e-01	2.537207e-01
1.895324e-02	1.070290e-01	2.469604e-01	2.720850e-01
2.179622e-02	1.147901e-01	2.409659e-01	2.917785e-01
2.506566e-02	1.231130e-01	2.342586e-01	3.128973e-01
2.882550e-02	1.320383e-01	2.273804e-01	3.355447e-01
3.314933e-02	1.416095e-01	2.196011e-01	3.598315e-01
3.812173e-02	1.518736e-01	2.113951e-01	3.858761e-01
4.383999e-02	1.628806e-01	2.030066e-01	4.138058e-01
5.041599e-02	1.746842e-01	1.937423e-01	4.437570e-01
5.797838e-02	1.873422e-01	1.853628e-01	4.758761e-01
6.667514e-02	2.009164e-01	1.758779e-01	5.103202e-01
7.667641e-02	2.154732e-01	1.665461e-01	5.472573e-01
8.817787e-02	2.310835e-01	1.573977e-01	5.868678e-01
1.014046e-01	2.478237e-01	1.474756e-01	6.293452e-01
1.166152e-01	2.657756e-01	1.386443e-01	6.748974e-01
1.341075e-01	2.850269e-01	1.294200e-01	7.237468e-01
1.542237e-01	3.056715e-01	1.208147e-01	7.761317e-01
1.773572e-01	3.278105e-01	1.125528e-01	8.323087e-01
2.039608e-01	3.515518e-01	1.041105e-01	8.925498e-01
2.345549e-01	3.770116e-01	9.653508e-02	9.571535e-01
2.697381e-01	4.043146e-01	8.917031e-02	1.026447e+00
3.101989e-01	4.335952e-01	8.242718e-02	1.101247e+00
3.567287e-01	4.649951e-01	7.549806e-02	1.182261e+00
4.102380e-01	4.986677e-01	7.002662e-02	1.270033e+00
4.717737e-01	5.347776e-01	6.454866e-02	1.365219e+00
5.425397e-01	5.735011e-01	5.969692e-02	1.468559e+00
6.239207e-01	6.150250e-01	5.475305e-02	1.558575e+00
7.175088e-01	6.540810e-01	4.906759e-02	1.615041e+00
8.251351e-01	6.984317e-01	4.423014e-02	1.670385e+00
9.489054e-01	7.648153e-01	3.924790e-02	1.724548e+00
1.091241e+00	8.376530e-01	3.541743e-02	1.777625e+00
1.254927e+00	9.170336e-01	3.181633e-02	1.829898e+00
1.443166e+00	9.994687e-01	2.871564e-02	1.881884e+00
1.659641e+00	1.089865e+00	2.590651e-02	1.934378e+00
1.908588e+00	1.181833e+00	2.324690e-02	1.988511e+00
2.194876e+00	1.275974e+00	2.099456e-02	2.045804e+00
2.524107e+00	1.372729e+00	1.875263e-02	2.108190e+00
2.902723e+00	1.449281e+00	1.700801e-02	2.178151e+00
3.338132e+00	1.529759e+00	1.518706e-02	2.258701e+00
3.838852e+00	1.614448e+00	1.360515e-02	2.353460e+00
4.414679e+00	1.690975e+00	1.220608e-02	2.466720e+00
5.076881e+00	1.762675e+00	1.075971e-02	2.603467e+00
5.838413e+00	1.818246e+00	9.753658e-03	2.769476e+00
6.714175e+00	1.872710e+00	8.647828e-03	2.971314e+00
7.721302e+00	1.915556e+00	7.721460e-03	3.216438e+00
8.879497e+00	1.953343e+00	6.896451e-03	3.513310e+00
1.021142e+01	1.989774e+00	6.053028e-03	3.871607e+00
1.174313e+01	2.009180e+00	5.415957e-03	4.302548e+00
1.350460e+01	2.024499e+00	4.788668e-03	4.819400e+00
1.553030e+01	2.028208e+00	4.265552e-03	5.438182e+00
1.785984e+01	2.021769e+00	3.801970e-03	6.178576e+00
2.053882e+01	2.008724e+00	3.360416e-03	7.065111e+00
2.361964e+01	1.980841e+00	2.996361e-03	8.128635e+00
2.716258e+01	1.945442e+00	2.663680e-03	9.408173e+00
3.123697e+01	1.899366e+00	2.378492e-03	1.095326e+01
3.592252e+01	1.846580e+00	2.099808e-03	1.282690e+01
4.131089e+01	1.786104e+00	1.875071e-03	1.510933e+01
4.750753e+01	1.717999e+00	1.638861e-03	1.790304e+01
5.463366e+01	1.835544e+00	1.463351e-03	2.133723e+01
6.282871e+01	1.704778e+00	1.298614e-03	2.557980e+01
7.225301e+01	1.582766e+00	1.142655e-03	3.085989e+01
8.309096e+01	1.464746e+00	1.019204e-03	3.743638e+01
9.555461e+01	1.350755e+00	8.875526e-04	4.565449e+01
1.098878e+02	1.240669e+00	7.874316e-04	5.596650e+01
1.263710e+02	1.136237e+00	6.905694e-04	6.895434e+01
1.453266e+02	1.038006e+00	6.105886e-04	8.535463e+01
1.671256e+02	9.439619e-01	5.406859e-04	1.061446e+02
1.921945e+02	8.553989e-01	4.751293e-04	1.326484e+02
2.210236e+02	7.746907e-01	4.226826e-04	1.665103e+02
2.541772e+02	7.043021e-01	3.706199e-04	2.096469e+02
2.923037e+02	6.387933e-01	3.314819e-04	2.645902e+02
3.361493e+02	5.779776e-01	2.910883e-04	3.347341e+02
3.865717e+02	5.218004e-01	2.570392e-04	4.244600e+02
4.445574e+02	4.702002e-01	2.270134e-04	5.394239e+02
5.112411e+02	4.231732e-01	1.970314e-04	6.868675e+02
5.879272e+02	3.801453e-01	1.764045e-04	8.761436e+02
6.761163e+02	3.409075e-01	1.541115e-04	1.119481e+03
7.775337e+02	3.055638e-01	1.359000e-04	1.432468e+03
8.941638e+02	2.744815e-01	1.196286e-04	1.834527e+03
1.028288e+03	2.464662e-01	1.035068e-04	2.350293e+03
1.182532e+03	2.212559e-01	9.133142e-05	3.011833e+03
1.359911e+03	1.986975e-01	7.968993e-05	3.859933e+03
1.563898e+03	1.785475e-01	7.005575e-05	4.946501e+03
1.798483e+03	1.605665e-01	6.162226e-05	6.337347e+03
2.068255e+03	1.445561e-01	5.377470e-05	8.115625e+03
2.378493e+03	1.303386e-01	4.727829e-05	1.038616e+04
2.735268e+03	1.177198e-01	0.000000e+00	1.328055e+04
3.145558e+03	1.065278e-01	0.000000e+00	1.696312e+04
3.617391e+03	9.663335e-02	0.000000e+00	2.163815e+04
4.160000e+03	8.790064e-02	0.000000e+00	2.755806e+04
4.784000e+03	8.019579e-02	0.000000e+00	3.503275e+04
5.501600e+03	7.341761e-02	0.000000e+00	4.444002e+04
6.326840e+03	6.747420e-02	0.000000e+00	5.623685e+04
7.275866e+03	6.226705e-02	0.000000e+00	7.097119e+04
8.367246e+03	5.771688e-02	0.000000e+00	8.929417e+04
9.622333e+03	5.376477e-02	0.000000e+00	1.119722e+05
