# Energy_MeV	dEdx_Elec_MeV_um	dEdx_Nucl_MeV_um	Range_um
1.000000e-05	2.491429e-03	3.207806e-02	4.594266e-03
1.150000e-05	2.696729e-03	3.519068e-02	4.926801e-03
1.322500e-05	2.916668e-03	3.862643e-02	5.283406e-03
1.520875e-05	3.152324e-03	4.229210e-02	5.665822e-03
1.749006e-05	3.404854e-03	4.639493e-02	6.075917e-03
2.011357e-05	3.675495e-03	5.070239e-02	6.515695e-03
2.313061e-05	3.965572e-03	5.547733e-02	6.987304e-03
2.660020e-05	4.276505e-03	6.049568e-02	7.493049e-03
3.059023e-05	4.609815e-03	6.589029e-02	8.035400e-03
3.517876e-05	4.967132e-03	7.179047e-02	8.617006e-03
4.045558e-05	5.350204e-03	7.797338e-02	9.240710e-03
4.652391e-05	5.760903e-03	8.481162e-02	9.909557e-03
5.350250e-05	6.201237e-03	9.165303e-02	1.062682e-02
6.152788e-05	6.673357e-03	9.932200e-02	1.139599e-02
7.075706e-05	7.179572e-03	1.075084e-01	1.222084e-02
8.137062e-05	7.722354e-03	1.160237e-01	1.310539e-02
9.357621e-05	8.304357e-03	1.254317e-01	1.405396e-02
1.076126e-04	8.928424e-03	1.345217e-01	1.507120e-02
1.237545e-04	9.597604e-03	1.447319e-01	1.616206e-02
1.423177e-04	1.031517e-02	1.553993e-01	1.733188e-02
1.636654e-04	1.108462e-02	1.663697e-01	1.858637e-02
1.882152e-04	1.190972e-02	1.783572e-01	1.993166e-02
2.164475e-04	1.279450e-02	1.901160e-01	2.137432e-02
2.489146e-04	1.374328e-02	2.026579e-01	2.292141e-02
2.862518e-04	1.476069e-02	2.153557e-01	2.458047e-02
3.291895e-04	1.585172e-02	2.281044e-01	2.635962e-02
3.785680e-04	1.702168e-02	2.416454e-01	2.826754e-02
4.353531e-04	1.827630e-02	2.548657e-01	3.031356e-02
5.006561e-04	1.962169e-02	2.681127e-01	3.250767e-02
5.757545e-04	2.106445e-02	2.812545e-01	3.486060e-02
6.621177e-04	2.261161e-02	2.949389e-01	3.738382e-02
7.614354e-04	2.427073e-02	3.079816e-01	4.008969e-02
8.756507e-04	2.604992e-02	3.219637e-01	4.299140e-02
1.006998e-03	2.795787e-02	3.340087e-01	4.610314e-02
1.158048e-03	3.000390e-02	3.462309e-01	4.944011e-02
1.331755e-03	3.219800e-02	3.583754e-01	5.301861e-02
1.531519e-03	3.455090e-02	3.693694e-01	5.685612e-02
1.761246e-03	3.707410e-02	3.810864e-01	6.097140e-02
2.025433e-03	3.977990e-02	3.907700e-01	6.538454e-02
2.329248e-03	4.268155e-02	4.006647e-01	7.011711e-02
2.678635e-03	4.579321e-02	4.089645e-01	7.519223e-02
3.080431e-03	4.913007e-02	4.165532e-01	8.063181e-02
3.542495e-03	5.270846e-02	4.238039e-01	8.645879e-02
4.073870e-03	5.654584e-02	4.295836e-01	9.273315e-02
4.684950e-03	6.066096e-02	4.353549e-01	9.944346e-02
5.387693e-03	6.507393e-02	4.391419e-01	1.066417e-01
6.195847e-03	6.980630e-02	4.429305e-01	1.143603e-01
7.125224e-03	7.488120e-02	4.458533e-01	1.226376e-01
8.194007e-03	8.032342e-02	4.477419e-01	1.315140e-01
9.423108e-03	8.615954e-02	4.492055e-01	1.410329e-01
1.083657e-02	9.241808e-02	4.488157e-01	1.512407e-01
1.246206e-02	9.912961e-02	4.480634e-01	1.621875e-01
1.433137e-02	1.063269e-01	4.461969e-01	1.739265e-01
1.648108e-02	1.140452e-01	4.432376e-01	1.865153e-01
1.895324e-02	1.223221e-01	4.394242e-01	2.000151e-01
2.179622e-02	1.311980e-01	4.341721e-01	2.144921e-01
2.506566e-02	1.407165e-01	4.279599e-01	2.300171e-01
2.882550e-02	1.509238e-01	4.205730e-01	2.466657e-01
3.314933e-02	1.618700e-01	4.120850e-01	2.645193e-01
3.812173e-02	1.736085e-01	4.024623e-01	2.836651e-01
4.383999e-02	1.861966e-01	3.918671e-01	3.041968e-01
5.041599e-02	1.996958e-01	3.805937e-01	3.262146e-01
5.797838e-02	2.141721e-01	3.683419e-01	3.498261e-01
6.667514e-02	2.296962e-01	3.549722e-01	3.751464e-01
7.667641e-02	2.463440e-01	3.413354e-01	4.022995e-01
8.817787e-02	2.641967e-01	3.262168e-01	4.314180e-01
1.014046e-01	2.833416e-01	3.121219e-01	4.626442e-01
1.166152e-01	3.038722e-01	2.970082e-01	4.961305e-01
1.341075e-01	3.258889e-01	2.813872e-01	5.320404e-01
1.542237e-01	3.494991e-01	2.663777e-01	5.705494e-01
1.773572e-01	3.748182e-01	2.498708e-01	6.118460e-01
2.039608e-01	4.019700e-01	2.351906e-01	6.561320e-01
2.345549e-01	4.310870e-01	2.195296e-01	7.036216e-01
2.697381e-01	4.623115e-01	2.052023e-01	7.545548e-01
3.101989e-01	4.957961e-01	1.914010e-01	8.091559e-01
3.567287e-01	5.317071e-01	1.772001e-01	8.679851e-01
4.102380e-01	5.702173e-01	1.646964e-01	9.316964e-01
4.717737e-01	6.115148e-01	1.515132e-01	1.000702e+00
5.425397e-01	6.558015e-01	1.407560e-01	1.075520e+00
6.239207e-01	7.032938e-01	1.292789e-01	1.156722e+00
7.175088e-01	7.542237e-01	1.188570e-01	1.244972e+00
8.251351e-01	8.032894e-01	1.102181e-01	1.341041e+00
9.489054e-01	8.527541e-01	1.016749e-01	1.445845e+00
1.091241e+00	9.272482e-01	9.394596e-02	1.478512e+00
1.254927e+00	1.014833e+00	8.505774e-02	1.504367e+00
1.443166e+00	1.110307e+00	7.594101e-02	1.528678e+00
1.659641e+00	1.215147e+00	6.808943e-02	1.551901e+00
1.908588e+00	1.331548e+00	6.068875e-02	1.574784e+00
2.194876e+00	1.455704e+00	5.493791e-02	1.598233e+00
2.524107e+00	1.593317e+00	4.943045e-02	1.623392e+00
2.902723e+00	1.739199e+00	4.452870e-02	1.651673e+00
3.338132e+00	1.883361e+00	4.020662e-02	1.684784e+00
3.838852e+00	2.033572e+00	3.605919e-02	1.724753e+00
4.414679e+00	2.192367e+00	3.241409e-02	1.773952e+00
5.076881e+00	2.357615e+00	2.919653e-02	1.835119e+00
5.838413e+00	2.509875e+00	2.624453e-02	1.911337e+00
6.714175e+00	2.649617e+00	2.346717e-02	2.006121e+00
7.721302e+00	2.790804e+00	2.109757e-02	2.123348e+00
8.879497e+00	2.902534e+00	1.856622e-02	2.267304e+00
1.021142e+01	3.017778e+00	1.678483e-02	2.442716e+00
1.174313e+01	3.127446e+00	1.496428e-02	2.654824e+00
1.350460e+01	3.220568e+00	1.332164e-02	2.909554e+00
1.553030e+01	3.311228e+00	1.194172e-02	3.213738e+00
1.785984e+01	3.374223e+00	1.044877e-02	3.575463e+00
2.053882e+01	3.430114e+00	9.377523e-03	4.004536e+00
2.361964e+01	3.471920e+00	8.261276e-03	4.513036e+00
2.716258e+01	3.488779e+00	7.366381e-03	5.116004e+00
3.123697e+01	3.494020e+00	6.572906e-03	5.832285e+00
3.592252e+01	3.465914e+00	5.797437e-03	6.685559e+00
4.131089e+01	3.430876e+00	5.195560e-03	7.705622e+00
4.750753e+01	3.387660e+00	4.572348e-03	8.930049e+00
5.463366e+01	3.321124e+00	4.119083e-03	1.040610e+01
6.282871e+01	3.819970e+00	3.648103e-03	1.219365e+01
7.225301e+01	3.587399e+00	3.234875e-03	1.436682e+01
8.309096e+01	3.378564e+00	2.863102e-03	1.703049e+01
9.555461e+01	3.170005e+00	2.513420e-03	2.030257e+01
1.098878e+02	2.963751e+00	2.254127e-03	2.433164e+01
1.263710e+02	2.758922e+00	1.987848e-03	2.931611e+01
1.453266e+02	2.560034e+00	1.760111e-03	3.551145e+01
1.671256e+02	2.369298e+00	1.552889e-03	4.323752e+01
1.921945e+02	2.184045e+00	1.359487e-03	5.291209e+01
2.210236e+02	2.005193e+00	1.203115e-03	6.510572e+01
2.541772e+02	1.835865e+00	1.059639e-03	8.054330e+01
2.923037e+02	1.689273e+00	9.351704e-04	1.000581e+02
3.361493e+02	1.550775e+00	8.289957e-04	1.247119e+02
3.865717e+02	1.419129e+00	7.304420e-04	1.559600e+02
4.445574e+02	1.294649e+00	6.445571e-04	1.956892e+02
5.112411e+02	1.177835e+00	5.721758e-04	2.463422e+02
5.879272e+02	1.069118e+00	5.056673e-04	3.110557e+02
6.761163e+02	9.681789e-01	4.451286e-04	3.938735e+02
7.775337e+02	8.741815e-01	3.948967e-04	5.000967e+02
8.941638e+02	7.880310e-01	3.405408e-04	6.365506e+02
1.028288e+03	7.106537e-01	3.051038e-04	8.117790e+02
1.182532e+03	6.404833e-01	2.677617e-04	1.036535e+03
1.359911e+03	5.766931e-01	2.351875e-04	1.324818e+03
1.563898e+03	5.191880e-01	2.083829e-04	1.694541e+03
1.798483e+03	4.675234e-01	1.791798e-04	2.168480e+03
2.068255e+03	4.210298e-01	1.590676e-04	2.775543e+03
2.378493e+03	3.793191e-01	1.379503e-04	3.552272e+03
2.735268e+03	3.422027e-01	1.214672e-04	4.544741e+03
3.145558e+03	3.091961e-01	1.071110e-04	5.810840e+03
3.617391e+03	2.797894e-01	9.308489e-05	7.422921e+03
4.160000e+03	2.537291e-01	8.246357e-05	9.471018e+03
4.784000e+03	2.307262e-01	7.152092e-05	1.206654e+04
5.501600e+03	2.103949e-01	6.372463e-05	1.534649e+04
6.326840e+03	1.924739e-01	5.568121e-05	1.947818e+04
7.275866e+03	1.767655e-01	4.874308e-05	2.466441e+04
8.367246e+03	1.629972e-01	0.000000e+00	3.114893e+04
9.622333e+03	1.509314e-01	0.000000e+00	3.922209e+04
