# Energy_MeV	dEdx_Elec_MeV_um	dEdx_Nucl_MeV_um	Range_um
1.000000e-05	5.947181e-04	1.110228e-02	3.362938e-02
1.150000e-05	6.377641e-04	1.188852e-02	3.606349e-02
1.322500e-05	6.839258e-04	1.269142e-02	3.867379e-02
1.520875e-05	7.334287e-04	1.350997e-02	4.147302e-02
1.749006e-05	7.865146e-04	1.433140e-02	4.447486e-02
2.011357e-05	8.434430e-04	1.521174e-02	4.769397e-02
2.313061e-05	9.044918e-04	1.608880e-02	5.114608e-02
2.660020e-05	9.699594e-04	1.698061e-02	5.484806e-02
3.059023e-05	1.040166e-03	1.781561e-02	5.881800e-02
3.517876e-05	1.115453e-03	1.870804e-02	6.307527e-02
4.045558e-05	1.196190e-03	1.966853e-02	6.764070e-02
4.652391e-05	1.282771e-03	2.047068e-02	7.253656e-02
5.350250e-05	1.375619e-03	2.138120e-02	7.778680e-02
6.152788e-05	1.475187e-03	2.217993e-02	8.341705e-02
7.075706e-05	1.581962e-03	2.298330e-02	8.945482e-02
8.137062e-05	1.696465e-03	2.384584e-02	9.592961e-02
9.357621e-05	1.819256e-03	2.451353e-02	1.028730e-01
1.076126e-04	1.950935e-03	2.526648e-02	1.103190e-01
1.237545e-04	2.092145e-03	2.594100e-02	1.183040e-01
1.423177e-04	2.243575e-03	2.654279e-02	1.268669e-01
1.636654e-04	2.405966e-03	2.712474e-02	1.360496e-01
1.882152e-04	2.580111e-03	2.760837e-02	1.458969e-01
2.164475e-04	2.766861e-03	2.809637e-02	1.564570e-01
2.489146e-04	2.967128e-03	2.848498e-02	1.677815e-01
2.862518e-04	3.181890e-03	2.880866e-02	1.799256e-01
3.291895e-04	3.412197e-03	2.909747e-02	1.929487e-01
3.785680e-04	3.659174e-03	2.936346e-02	2.069144e-01
4.353531e-04	3.924027e-03	2.953142e-02	2.218910e-01
5.006561e-04	4.208050e-03	2.964607e-02	2.379516e-01
5.757545e-04	4.512631e-03	2.972471e-02	2.551747e-01
6.621177e-04	4.839258e-03	2.970727e-02	2.736443e-01
7.614354e-04	5.189526e-03	2.966606e-02	2.934509e-01
8.756507e-04	5.565146e-03	2.952381e-02	3.146006e-01
1.006998e-03	5.967954e-03	2.931575e-02	3.374777e-01
1.158048e-03	6.399918e-03	2.905773e-02	3.619006e-01
1.331755e-03	6.863148e-03	2.870767e-02	3.880984e-01
1.531519e-03	7.359906e-03	2.828812e-02	4.161874e-01
1.761246e-03	7.892620e-03	2.779467e-02	4.463107e-01
2.025433e-03	8.463892e-03	2.722298e-02	4.786143e-01
2.329248e-03	9.076513e-03	2.658698e-02	5.132561e-01
2.678635e-03	9.733476e-03	2.587826e-02	5.504053e-01
3.080431e-03	1.043799e-02	2.514241e-02	5.902432e-01
3.542495e-03	1.119350e-02	2.431693e-02	6.329645e-01
4.073870e-03	1.200369e-02	2.340688e-02	6.787783e-01
4.684950e-03	1.287252e-02	2.253080e-02	7.279082e-01
5.387693e-03	1.380424e-02	2.154273e-02	7.805939e-01
6.195847e-03	1.480340e-02	2.060921e-02	8.370929e-01
7.125224e-03	1.587488e-02	1.960692e-02	8.976814e-01
8.194007e-03	1.715278e-02	1.852932e-02	9.554230e-01
9.423108e-03	1.935992e-02	1.757981e-02	9.734739e-01
1.083657e-02	2.179669e-02	1.651397e-02	9.943402e-01
1.246206e-02	2.449820e-02	1.550138e-02	1.017393e+00
1.433137e-02	2.749901e-02	1.452431e-02	1.042326e+00
1.648108e-02	3.083281e-02	1.354427e-02	1.069068e+00
1.895324e-02	3.453217e-02	1.263978e-02	1.097722e+00
2.179622e-02	3.862836e-02	1.170089e-02	1.128515e+00
2.506566e-02	4.315133e-02	1.085116e-02	1.161762e+00
2.882550e-02	4.812971e-02	1.006764e-02	1.197831e+00
3.314933e-02	5.359105e-02	9.295134e-03	1.237127e+00
3.812173e-02	5.956214e-02	8.494902e-03	1.280071e+00
4.383999e-02	6.606949e-02	7.888921e-03	1.327092e+00
5.041599e-02	7.314003e-02	7.336244e-03	1.378620e+00
5.797838e-02	8.080196e-02	6.700665e-03	1.435078e+00
6.667514e-02	8.908584e-02	6.142554e-03	1.496884e+00
7.667641e-02	9.802597e-02	5.540808e-03	1.564392e+00
8.817787e-02	1.070116e-01	5.037176e-03	1.638243e+00
1.014046e-01	1.162141e-01	4.532503e-03	1.719575e+00
1.166152e-01	6.311491e-02	4.021024e-03	1.808855e+00
1.341075e-01	6.957118e-02	3.625082e-03	1.906517e+00
1.542237e-01	7.644251e-02	3.263498e-03	2.012921e+00
1.773572e-01	8.375102e-02	2.958066e-03	2.128380e+00
2.039608e-01	9.152538e-02	2.648405e-03	2.253127e+00
2.345549e-01	9.980045e-02	2.380348e-03	2.387303e+00
2.697381e-01	1.086155e-01	2.143669e-03	2.530961e+00
3.101989e-01	1.180101e-01	1.936429e-03	2.684090e+00
3.567287e-01	1.280167e-01	1.737152e-03	2.846674e+00
4.102380e-01	1.386495e-01	1.539108e-03	3.018806e+00
4.717737e-01	1.498892e-01	1.396069e-03	3.200862e+00
5.425397e-01	1.616640e-01	1.238472e-03	3.393762e+00
6.239207e-01	1.738301e-01	1.111118e-03	3.599315e+00
7.175088e-01	1.861549e-01	9.929420e-04	3.820635e+00
8.251351e-01	1.983091e-01	8.748552e-04	4.062634e+00
9.489054e-01	2.098735e-01	7.905910e-04	4.332546e+00
1.091241e+00	2.203630e-01	6.977353e-04	4.640514e+00
1.254927e+00	2.292683e-01	6.181064e-04	5.000211e+00
1.443166e+00	2.361103e-01	5.509169e-04	5.429542e+00
1.659641e+00	2.404974e-01	4.880067e-04	5.951475e+00
1.908588e+00	2.421741e-01	4.354125e-04	6.595062e+00
2.194876e+00	2.410523e-01	3.846726e-04	7.396718e+00
2.524107e+00	2.372160e-01	3.424909e-04	8.401812e+00
2.902723e+00	2.309050e-01	3.065946e-04	9.666628e+00
3.338132e+00	2.224805e-01	2.726538e-04	1.126077e+01
3.838852e+00	2.123829e-01	2.390779e-04	1.327015e+01
4.414679e+00	2.010866e-01	2.140073e-04	1.580068e+01
5.076881e+00	1.890556e-01	1.899096e-04	1.898307e+01
5.838413e+00	1.767041e-01	1.671354e-04	2.297932e+01
6.714175e+00	1.643671e-01	1.495018e-04	2.799157e+01
7.721302e+00	1.522876e-01	1.301801e-04	3.427440e+01
8.879497e+00	1.406198e-01	1.164695e-04	4.215150e+01
1.021142e+01	1.294469e-01	1.030444e-04	5.203776e+01
1.174313e+01	1.188057e-01	8.991136e-05	6.446775e+01
1.350460e+01	1.087071e-01	7.958873e-05	8.013147e+01
1.553030e+01	9.915895e-02	6.996191e-05	9.992299e+01
1.785984e+01	9.093960e-02	6.233701e-05	1.249707e+02
2.053882e+01	8.198466e-02	5.462972e-05	1.568028e+02
2.361964e+01	7.400268e-02	4.819962e-05	1.973565e+02
2.716258e+01	6.674265e-02	4.276841e-05	2.489613e+02
3.123697e+01	6.008927e-02	3.796823e-05	3.147081e+02
3.592252e+01	5.402674e-02	0.000000e+00	3.985918e+02
4.131089e+01	4.854909e-02	0.000000e+00	5.056731e+02
4.750753e+01	4.360771e-02	0.000000e+00	6.424193e+02
5.463366e+01	3.898759e-02	0.000000e+00	8.174920e+02
6.282871e+01	3.484023e-02	0.000000e+00	1.042304e+03
7.225301e+01	3.127641e-02	0.000000e+00	1.330507e+03
8.309096e+01	2.813303e-02	0.000000e+00	1.698536e+03
9.555461e+01	2.528308e-02	0.000000e+00	2.168666e+03
1.098878e+02	2.270047e-02	0.000000e+00	2.769962e+03
1.263710e+02	2.036451e-02	0.000000e+00	3.539933e+03
1.453266e+02	1.825913e-02	0.000000e+00	4.526769e+03
1.671256e+02	1.636751e-02	0.000000e+00	5.792199e+03
1.921945e+02	1.464678e-02	0.000000e+00	7.416552e+03
2.210236e+02	1.310241e-02	0.000000e+00	9.504137e+03
2.541772e+02	1.173245e-02	0.000000e+00	1.218645e+04
2.923037e+02	1.052309e-02	0.000000e+00	1.562746e+04
3.361493e+02	9.438552e-03	0.000000e+00	2.003866e+04
3.865717e+02	8.468867e-03	0.000000e+00	2.569324e+04
4.445574e+02	7.603051e-03	0.000000e+00	3.293818e+04
5.112411e+02	6.831197e-03	0.000000e+00	4.221484e+04
5.879272e+02	6.144542e-03	0.000000e+00	5.408204e+04
6.761163e+02	5.534224e-03	0.000000e+00	6.924526e+04
7.775337e+02	4.992270e-03	0.000000e+00	8.859272e+04
8.941638e+02	4.511558e-03	0.000000e+00	1.132368e+05
1.028288e+03	4.085871e-03	0.000000e+00	1.445644e+05
1.182532e+03	3.709672e-03	0.000000e+00	1.842953e+05
1.359911e+03	3.377596e-03	0.000000e+00	2.345494e+05
1.563898e+03	3.084899e-03	0.000000e+00	2.979221e+05
1.798483e+03	2.827551e-03	0.000000e+00	3.775674e+05
2.068255e+03	2.601946e-03	0.000000e+00	4.772871e+05
2.378493e+03	2.404828e-03	0.000000e+00	6.016244e+05
2.735268e+03	2.233207e-03	0.000000e+00	7.559572e+05
3.145558e+03	2.084387e-03	0.000000e+00	9.465891e+05
3.617391e+03	1.955945e-03	0.000000e+00	1.180833e+06
4.160000e+03	1.845759e-03	0.000000e+00	1.467086e+06
4.784000e+03	1.751977e-03	0.000000e+00	1.814892e+06
5.501600e+03	1.672940e-03	0.000000e+00	2.235002e+06
6.326840e+03	1.607150e-03	0.000000e+00	2.739362e+06
7.275866e+03	1.550896e-03	0.000000e+00	3.341669e+06
8.367246e+03	1.504477e-03	0.000000e+00	3.797710e+06
9.622333e+03	1.467494e-03	0.000000e+00	3.797710e+06
