# Energy_MeV	dEdx_Elec_MeV_um	dEdx_Nucl_MeV_um	Range_um
1.000000e-05	2.160293e-03	2.572157e-02	7.859651e-03
1.150000e-05	2.328025e-03	2.802359e-02	8.428536e-03
1.322500e-05	2.507845e-03	3.044798e-02	9.038598e-03
1.520875e-05	2.700631e-03	3.309064e-02	9.692817e-03
1.749006e-05	2.907326e-03	3.578475e-02	1.039439e-02
2.011357e-05	3.128939e-03	3.880833e-02	1.114674e-02
2.313061e-05	3.366555e-03	4.198949e-02	1.195355e-02
2.660020e-05	3.621334e-03	4.529338e-02	1.281875e-02
3.059023e-05	3.894521e-03	4.900418e-02	1.374658e-02
3.517876e-05	4.187451e-03	5.252928e-02	1.474156e-02
4.045558e-05	4.501556e-03	5.658315e-02	1.580857e-02
4.652391e-05	4.838370e-03	6.071403e-02	1.695280e-02
5.350250e-05	5.199538e-03	6.496707e-02	1.817985e-02
6.152788e-05	5.586826e-03	6.971705e-02	1.949572e-02
7.075706e-05	6.002125e-03	7.428054e-02	2.090683e-02
8.137062e-05	6.447465e-03	7.922736e-02	2.242007e-02
9.357621e-05	6.925020e-03	8.412368e-02	2.404285e-02
1.076126e-04	7.437125e-03	8.915967e-02	2.578309e-02
1.237545e-04	7.986281e-03	9.449947e-02	2.764928e-02
1.423177e-04	8.575171e-03	9.962472e-02	2.965055e-02
1.636654e-04	9.206672e-03	1.048495e-01	3.179667e-02
1.882152e-04	9.883869e-03	1.099344e-01	3.409813e-02
2.164475e-04	1.061007e-02	1.154495e-01	3.656617e-02
2.489146e-04	1.138882e-02	1.204441e-01	3.921285e-02
2.862518e-04	1.222393e-02	1.258463e-01	4.205110e-02
3.291895e-04	1.311948e-02	1.306879e-01	4.509478e-02
3.785680e-04	1.407984e-02	1.354044e-01	4.835876e-02
4.353531e-04	1.510970e-02	1.403697e-01	5.185899e-02
5.006561e-04	1.621410e-02	1.445598e-01	5.561258e-02
5.757545e-04	1.739842e-02	1.490769e-01	5.963784e-02
6.621177e-04	1.866847e-02	1.530338e-01	6.395446e-02
7.614354e-04	2.003043e-02	1.568214e-01	6.858352e-02
8.756507e-04	2.149096e-02	1.602023e-01	7.354763e-02
1.006998e-03	2.305721e-02	1.631956e-01	7.887105e-02
1.158048e-03	2.473682e-02	1.660217e-01	8.457978e-02
1.331755e-03	2.653799e-02	1.683515e-01	9.070171e-02
1.531519e-03	2.846953e-02	1.705363e-01	9.726674e-02
1.761246e-03	3.054087e-02	1.721265e-01	1.043070e-01
2.025433e-03	3.276213e-02	1.737134e-01	1.118568e-01
2.329248e-03	3.514416e-02	1.748195e-01	1.199449e-01
2.678635e-03	3.769861e-02	1.755299e-01	1.286396e-01
3.080431e-03	4.043794e-02	1.761958e-01	1.379481e-01
3.542495e-03	4.337555e-02	1.760256e-01	1.479341e-01
4.073870e-03	4.652577e-02	1.758201e-01	1.586411e-01
4.684950e-03	4.990401e-02	1.750690e-01	1.701234e-01
5.387693e-03	5.352677e-02	1.739008e-01	1.824368e-01
6.195847e-03	5.741174e-02	1.724775e-01	1.956415e-01
7.125224e-03	6.157791e-02	1.704247e-01	2.098019e-01
8.194007e-03	6.604562e-02	1.680301e-01	2.249871e-01
9.423108e-03	7.083671e-02	1.651519e-01	2.412716e-01
1.083657e-02	7.597458e-02	1.618525e-01	2.587348e-01
1.246206e-02	8.148433e-02	1.581086e-01	2.774619e-01
1.433137e-02	8.739287e-02	1.539872e-01	2.975445e-01
1.648108e-02	9.372908e-02	1.495887e-01	3.190806e-01
1.895324e-02	1.005239e-01	1.448315e-01	3.421756e-01
2.179622e-02	1.078105e-01	1.395345e-01	3.669423e-01
2.506566e-02	1.156246e-01	1.342799e-01	3.935016e-01
2.882550e-02	1.240042e-01	1.284190e-01	4.219831e-01
3.314933e-02	1.329904e-01	1.228464e-01	4.525261e-01
3.812173e-02	1.426269e-01	1.169969e-01	4.852801e-01
4.383999e-02	1.529610e-01	1.107066e-01	5.204048e-01
5.041599e-02	1.640431e-01	1.049538e-01	5.580717e-01
5.797838e-02	1.759272e-01	9.857045e-02	5.984648e-01
6.667514e-02	1.886716e-01	9.267539e-02	6.417817e-01
7.667641e-02	2.023384e-01	8.665540e-02	6.882342e-01
8.817787e-02	2.169944e-01	8.090264e-02	7.380488e-01
1.014046e-01	2.327113e-01	7.545814e-02	7.914688e-01
1.166152e-01	2.495657e-01	6.995705e-02	8.487553e-01
1.341075e-01	2.676400e-01	6.497982e-02	9.101885e-01
1.542237e-01	2.870226e-01	5.994460e-02	9.760674e-01
1.773572e-01	3.078081e-01	5.559321e-02	1.046722e+00
2.039608e-01	3.300981e-01	5.092355e-02	1.122459e+00
2.345549e-01	3.540024e-01	4.696162e-02	1.203922e+00
2.697381e-01	3.796373e-01	4.365724e-02	1.292105e+00
3.101989e-01	4.071276e-01	4.002615e-02	1.387602e+00
3.567287e-01	4.366077e-01	3.701410e-02	1.491123e+00
4.102380e-01	4.682216e-01	3.355025e-02	1.603447e+00
4.717737e-01	5.021204e-01	3.008203e-02	1.684664e+00
5.425397e-01	5.362118e-01	2.707423e-02	1.760478e+00
6.239207e-01	5.680089e-01	2.396992e-02	1.836074e+00
7.175088e-01	6.127516e-01	2.174935e-02	1.911235e+00
8.251351e-01	6.693978e-01	1.953173e-02	1.985893e+00
9.489054e-01	7.261127e-01	1.766030e-02	2.060182e+00
1.091241e+00	7.870884e-01	1.591438e-02	2.134497e+00
1.254927e+00	8.484894e-01	1.425062e-02	2.209520e+00
1.443166e+00	9.086779e-01	1.284380e-02	2.286398e+00
1.659641e+00	9.720268e-01	1.154991e-02	2.366717e+00
1.908588e+00	1.024780e+00	1.041354e-02	2.452622e+00
2.194876e+00	1.074944e+00	9.260784e-03	2.546908e+00
2.524107e+00	1.115161e+00	8.363384e-03	2.653077e+00
2.902723e+00	1.157040e+00	7.390209e-03	2.775483e+00
3.338132e+00	1.201581e+00	6.647673e-03	2.919375e+00
3.838852e+00	1.232805e+00	5.948011e-03	3.091009e+00
4.414679e+00	1.261594e+00	5.258516e-03	3.297756e+00
5.076881e+00	1.285383e+00	4.736760e-03	3.548203e+00
5.838413e+00	1.300983e+00	4.163013e-03	3.852295e+00
6.714175e+00	1.314382e+00	3.713648e-03	4.221518e+00
7.721302e+00	1.321358e+00	3.287498e-03	4.669181e+00
8.879497e+00	1.323655e+00	2.918390e-03	5.210856e+00
1.021142e+01	1.320358e+00	2.601614e-03	5.865039e+00
1.174313e+01	1.308359e+00	2.301115e-03	6.654083e+00
1.350460e+01	1.291889e+00	2.058305e-03	7.605472e+00
1.553030e+01	1.268007e+00	1.821648e-03	8.753506e+00
1.785984e+01	1.238554e+00	1.633810e-03	1.014146e+01
2.053882e+01	1.203051e+00	1.439314e-03	1.182433e+01
2.361964e+01	1.163617e+00	1.281663e-03	1.387240e+01
2.716258e+01	1.118888e+00	1.138853e-03	1.637570e+01
3.123697e+01	1.068858e+00	9.948131e-04	1.944980e+01
3.592252e+01	1.015835e+00	8.952209e-04	2.324284e+01
4.131089e+01	9.577758e-01	7.843960e-04	2.794630e+01
4.750753e+01	9.646636e-01	6.975876e-04	3.379943e+01
5.463366e+01	8.885008e-01	6.180000e-04	4.113400e+01
6.282871e+01	8.166726e-01	5.379695e-04	5.035811e+01
7.225301e+01	7.482251e-01	4.776739e-04	6.196700e+01
8.309096e+01	6.828570e-01	4.194768e-04	7.662722e+01
9.555461e+01	6.212666e-01	3.720813e-04	9.520300e+01
1.098878e+02	5.639906e-01	3.288686e-04	1.187904e+02
1.263710e+02	5.105360e-01	2.891233e-04	1.488040e+02
1.453266e+02	4.599172e-01	2.560115e-04	1.871563e+02
1.671256e+02	4.135135e-01	2.267192e-04	2.363490e+02
1.921945e+02	3.733323e-01	2.011441e-04	2.993433e+02
2.210236e+02	3.371249e-01	1.758230e-04	3.797661e+02
2.541772e+02	3.038747e-01	1.568658e-04	4.825547e+02
2.923037e+02	2.734256e-01	1.359937e-04	6.141252e+02
3.361493e+02	2.456803e-01	1.210284e-04	7.827584e+02
3.865717e+02	2.205362e-01	1.066903e-04	9.990748e+02
4.445574e+02	1.978462e-01	9.291446e-05	1.276686e+03
5.112411e+02	1.771160e-01	8.280968e-05	1.633330e+03
5.879272e+02	1.585067e-01	7.149921e-05	2.091954e+03
6.761163e+02	1.420252e-01	6.308340e-05	2.681393e+03
7.775337e+02	1.274183e-01	5.503349e-05	3.437662e+03
8.941638e+02	1.143020e-01	4.819969e-05	4.407367e+03
1.028288e+03	1.025696e-01	0.000000e+00	5.650529e+03
1.182532e+03	9.209938e-02	0.000000e+00	7.243379e+03
1.359911e+03	8.276667e-02	0.000000e+00	9.282833e+03
1.563898e+03	7.445998e-02	0.000000e+00	1.189156e+04
1.798483e+03	6.707906e-02	0.000000e+00	1.522440e+04
2.068255e+03	6.052809e-02	0.000000e+00	1.947617e+04
2.378493e+03	5.471564e-02	0.000000e+00	2.489076e+04
2.735268e+03	4.956925e-02	0.000000e+00	3.177204e+04
3.145558e+03	4.502424e-02	0.000000e+00	4.049662e+04
3.617391e+03	4.101245e-02	0.000000e+00	5.152833e+04
4.160000e+03	3.747640e-02	0.000000e+00	6.543460e+04
4.784000e+03	3.436975e-02	0.000000e+00	8.290434e+04
5.501600e+03	3.164752e-02	0.000000e+00	1.047672e+05
6.326840e+03	2.926768e-02	0.000000e+00	1.320135e+05
7.275866e+03	2.719591e-02	0.000000e+00	1.658142e+05
8.367246e+03	2.540105e-02	0.000000e+00	2.075402e+05
9.622333e+03	2.385239e-02	0.000000e+00	2.587800e+05
