# Energy_MeV	dEdx_Elec_MeV_um	dEdx_Nucl_MeV_um	Range_um
1.000000e-05	2.411483e-03	3.072619e-02	5.170176e-03
1.150000e-05	2.606871e-03	3.362831e-02	5.544396e-03
1.322500e-05	2.816241e-03	3.689580e-02	5.945702e-03
1.520875e-05	3.040620e-03	4.031382e-02	6.376055e-03
1.749006e-05	3.281107e-03	4.410168e-02	6.837558e-03
2.011357e-05	3.538878e-03	4.810181e-02	7.332464e-03
2.313061e-05	3.815195e-03	5.237973e-02	7.863191e-03
2.660020e-05	4.111410e-03	5.707940e-02	8.432333e-03
3.059023e-05	4.428970e-03	6.198102e-02	9.042670e-03
3.517876e-05	4.769429e-03	6.738765e-02	9.697183e-03
4.045558e-05	5.134451e-03	7.283925e-02	1.039907e-02
4.652391e-05	5.525819e-03	7.895407e-02	1.115176e-02
5.350250e-05	5.945448e-03	8.542161e-02	1.195893e-02
6.152788e-05	6.395386e-03	9.220090e-02	1.282452e-02
7.075706e-05	6.877834e-03	9.963509e-02	1.375277e-02
8.137062e-05	7.395147e-03	1.068710e-01	1.474820e-02
9.357621e-05	7.949855e-03	1.150133e-01	1.581569e-02
1.076126e-04	8.544666e-03	1.234283e-01	1.696043e-02
1.237545e-04	9.182488e-03	1.321603e-01	1.818804e-02
1.423177e-04	9.866437e-03	1.416465e-01	1.950450e-02
1.636654e-04	1.059985e-02	1.510087e-01	2.091625e-02
1.882152e-04	1.138632e-02	1.609398e-01	2.243017e-02
2.164475e-04	1.222968e-02	1.709662e-01	2.405368e-02
2.489146e-04	1.313406e-02	1.811246e-01	2.579470e-02
2.862518e-04	1.410387e-02	1.918187e-01	2.766173e-02
3.291895e-04	1.514384e-02	2.023415e-01	2.966391e-02
3.785680e-04	1.625907e-02	2.127642e-01	3.181099e-02
4.353531e-04	1.745500e-02	2.232191e-01	3.411349e-02
5.006561e-04	1.873747e-02	2.341446e-01	3.658264e-02
5.757545e-04	2.011275e-02	2.443576e-01	3.923051e-02
6.621177e-04	2.158755e-02	2.554768e-01	4.207004e-02
7.614354e-04	2.316908e-02	2.649203e-01	4.511509e-02
8.756507e-04	2.486507e-02	2.746369e-01	4.838055e-02
1.006998e-03	2.668380e-02	2.843408e-01	5.188236e-02
1.158048e-03	2.863416e-02	2.929113e-01	5.563763e-02
1.331755e-03	3.072568e-02	3.022237e-01	5.966471e-02
1.531519e-03	3.296857e-02	3.098369e-01	6.398327e-02
1.761246e-03	3.537379e-02	3.176122e-01	6.861442e-02
2.025433e-03	3.795309e-02	3.242330e-01	7.358076e-02
2.329248e-03	4.071908e-02	3.301858e-01	7.890658e-02
2.678635e-03	4.368526e-02	3.359511e-01	8.461788e-02
3.080431e-03	4.686612e-02	3.404646e-01	9.072818e-02
3.542495e-03	5.027722e-02	3.449530e-01	9.731365e-02
4.073870e-03	5.393520e-02	3.479735e-01	1.043556e-01
4.684950e-03	5.785794e-02	3.509993e-01	1.119099e-01
5.387693e-03	6.206460e-02	3.532283e-01	1.200095e-01
6.195847e-03	6.657574e-02	3.547198e-01	1.286957e-01
7.125224e-03	7.141340e-02	3.558220e-01	1.380106e-01
8.194007e-03	7.660120e-02	3.555014e-01	1.479997e-01
9.423108e-03	8.216449e-02	3.549066e-01	1.587118e-01
1.083657e-02	8.813045e-02	3.533602e-01	1.701993e-01
1.246206e-02	9.452823e-02	3.509933e-01	1.825182e-01
1.433137e-02	1.013891e-01	3.479348e-01	1.957288e-01
1.648108e-02	1.087465e-01	3.437453e-01	2.098956e-01
1.895324e-02	1.166365e-01	3.387899e-01	2.250878e-01
2.179622e-02	1.250975e-01	3.329062e-01	2.413795e-01
2.506566e-02	1.341710e-01	3.261421e-01	2.588505e-01
2.882550e-02	1.439012e-01	3.185022e-01	2.775861e-01
3.314933e-02	1.543357e-01	3.100613e-01	2.976778e-01
3.812173e-02	1.655254e-01	3.011413e-01	3.192236e-01
4.383999e-02	1.775250e-01	2.913853e-01	3.423289e-01
5.041599e-02	1.903932e-01	2.807197e-01	3.671067e-01
5.797838e-02	2.041928e-01	2.699719e-01	3.936780e-01
6.667514e-02	2.189912e-01	2.579383e-01	4.221725e-01
7.667641e-02	2.348607e-01	2.468446e-01	4.527293e-01
8.817787e-02	2.518788e-01	2.348200e-01	4.854978e-01
1.014046e-01	2.701288e-01	2.223472e-01	5.206383e-01
1.166152e-01	2.896997e-01	2.105774e-01	5.583223e-01
1.341075e-01	3.106871e-01	1.974473e-01	5.987337e-01
1.542237e-01	3.331936e-01	1.858717e-01	6.420701e-01
1.773572e-01	3.573291e-01	1.735253e-01	6.885433e-01
2.039608e-01	3.832116e-01	1.620992e-01	7.383798e-01
2.345549e-01	4.109675e-01	1.512319e-01	7.918282e-01
2.697381e-01	4.407323e-01	1.399324e-01	8.491231e-01
3.101989e-01	4.726533e-01	1.300997e-01	9.107300e-01
3.567287e-01	5.068853e-01	1.197748e-01	9.774094e-01
4.102380e-01	5.435951e-01	1.111997e-01	1.049619e+00
4.717737e-01	5.829619e-01	1.020407e-01	1.127893e+00
5.425397e-01	6.251781e-01	9.397877e-02	1.212818e+00
6.239207e-01	6.704501e-01	8.712682e-02	1.305077e+00
7.175088e-01	7.168000e-01	8.029716e-02	1.405462e+00
8.251351e-01	7.607570e-01	7.413676e-02	1.462131e+00
9.489054e-01	8.224836e-01	6.705229e-02	1.500621e+00
1.091241e+00	9.020389e-01	5.999020e-02	1.537500e+00
1.254927e+00	9.870781e-01	5.376024e-02	1.573039e+00
1.443166e+00	1.081712e+00	4.792451e-02	1.607648e+00
1.659641e+00	1.183431e+00	4.335190e-02	1.641932e+00
1.908588e+00	1.293043e+00	3.901514e-02	1.676737e+00
2.194876e+00	1.414685e+00	3.517248e-02	1.713179e+00
2.524107e+00	1.534453e+00	3.172729e-02	1.752691e+00
2.902723e+00	1.657774e+00	2.847023e-02	1.797053e+00
3.338132e+00	1.770761e+00	2.557230e-02	1.848436e+00
3.838852e+00	1.891798e+00	2.305813e-02	1.909408e+00
4.414679e+00	2.024486e+00	2.071283e-02	1.983020e+00
5.076881e+00	2.130614e+00	1.849144e-02	2.072788e+00
5.838413e+00	2.236415e+00	1.665478e-02	2.182726e+00
6.714175e+00	2.332566e+00	1.464437e-02	2.317371e+00
7.721302e+00	2.413557e+00	1.325500e-02	2.481798e+00
8.879497e+00	2.493749e+00	1.180924e-02	2.681692e+00
1.021142e+01	2.561498e+00	1.049440e-02	2.923413e+00
1.174313e+01	2.623969e+00	9.426067e-03	3.214178e+00
1.350460e+01	2.676686e+00	8.240473e-03	3.562342e+00
1.553030e+01	2.710576e+00	7.399623e-03	3.977795e+00
1.785984e+01	2.738773e+00	6.523346e-03	4.472502e+00
2.053882e+01	2.748334e+00	5.808877e-03	5.061201e+00
2.361964e+01	2.746349e+00	5.186980e-03	5.762258e+00
2.716258e+01	2.731322e+00	4.568616e-03	6.598732e+00
3.123697e+01	2.694821e+00	4.099303e-03	7.599687e+00
3.592252e+01	2.649425e+00	3.612940e-03	8.801842e+00
4.131089e+01	2.595516e+00	3.251276e-03	1.025169e+01
4.750753e+01	2.529422e+00	2.875201e-03	1.200796e+01
5.463366e+01	2.450230e+00	2.553983e-03	1.414584e+01
6.282871e+01	2.683790e+00	2.258783e-03	1.675742e+01
7.225301e+01	2.511892e+00	1.985069e-03	1.997148e+01
8.309096e+01	2.345337e+00	1.779187e-03	2.394479e+01
9.555461e+01	2.181847e+00	1.566482e-03	2.886190e+01
1.098878e+02	2.021470e+00	1.389553e-03	3.497425e+01
1.263710e+02	1.866391e+00	1.225019e-03	4.260731e+01
1.453266e+02	1.718812e+00	1.072962e-03	5.217200e+01
1.671256e+02	1.577463e+00	9.486741e-04	6.419717e+01
1.921945e+02	1.440743e+00	8.358369e-04	7.940112e+01
2.210236e+02	1.312346e+00	7.384166e-04	9.872696e+01
2.541772e+02	1.198923e+00	6.537580e-04	1.232842e+02
2.923037e+02	1.095183e+00	5.764582e-04	1.544222e+02
3.361493e+02	9.975814e-01	5.081972e-04	1.939965e+02
3.865717e+02	9.061043e-01	4.517205e-04	2.444311e+02
4.445574e+02	8.209999e-01	3.988957e-04	3.088623e+02
5.112411e+02	7.423459e-01	3.504465e-04	3.913241e+02
5.879272e+02	6.701204e-01	3.116236e-04	4.969965e+02
6.761163e+02	6.031546e-01	2.684673e-04	6.326391e+02
7.775337e+02	5.421738e-01	2.408681e-04	8.070209e+02
8.941638e+02	4.874752e-01	2.112205e-04	1.031178e+03
1.028288e+03	4.385531e-01	1.851301e-04	1.318890e+03
1.182532e+03	3.942235e-01	1.644263e-04	1.687972e+03
1.359911e+03	3.543278e-01	1.411332e-04	2.161389e+03
1.563898e+03	3.185973e-01	1.254628e-04	2.768291e+03
1.798483e+03	2.865950e-01	1.089003e-04	3.545727e+03
2.068255e+03	2.579631e-01	9.573620e-05	4.540579e+03
2.378493e+03	2.324821e-01	8.449094e-05	5.811999e+03
2.735268e+03	2.098585e-01	7.330482e-05	7.434418e+03
3.145558e+03	1.897473e-01	6.503697e-05	9.501005e+03
3.617391e+03	1.719184e-01	5.647846e-05	1.212787e+04
4.160000e+03	1.561776e-01	5.028075e-05	1.545894e+04
4.784000e+03	1.422793e-01	0.000000e+00	1.967154e+04
5.501600e+03	1.300221e-01	0.000000e+00	2.498266e+04
6.326840e+03	1.192620e-01	0.000000e+00	3.165586e+04
7.275866e+03	1.098342e-01	0.000000e+00	4.000865e+04
8.367246e+03	1.015732e-01	0.000000e+00	5.042025e+04
9.622333e+03	9.437288e-02	0.000000e+00	6.333917e+04
