# Energy_MeV	dEdx_Elec_MeV_um	dEdx_Nucl_MeV_um	Range_um
1.000000e-05	1.995891e-03	3.015948e-02	7.152858e-03
1.150000e-05	2.152062e-03	3.309777e-02	7.670586e-03
1.322500e-05	2.319476e-03	3.612210e-02	8.225787e-03
1.520875e-05	2.498951e-03	3.949164e-02	8.821174e-03
1.749006e-05	2.691364e-03	4.307833e-02	9.459655e-03
2.011357e-05	2.897657e-03	4.686416e-02	1.014435e-02
2.313061e-05	3.118838e-03	5.108442e-02	1.087860e-02
2.660020e-05	3.355988e-03	5.543565e-02	1.166600e-02
3.059023e-05	3.610265e-03	6.016770e-02	1.251039e-02
3.517876e-05	3.882913e-03	6.508832e-02	1.341590e-02
4.045558e-05	4.175263e-03	7.050087e-02	1.438695e-02
4.652391e-05	4.488743e-03	7.619389e-02	1.542829e-02
5.350250e-05	4.824887e-03	8.238143e-02	1.654500e-02
6.152788e-05	5.185335e-03	8.868765e-02	1.774253e-02
7.075706e-05	5.571850e-03	9.529335e-02	1.902675e-02
8.137062e-05	5.986319e-03	1.024395e-01	2.040391e-02
9.357621e-05	6.430767e-03	1.098054e-01	2.188076e-02
1.076126e-04	6.907366e-03	1.177780e-01	2.346450e-02
1.237545e-04	7.418445e-03	1.258153e-01	2.516287e-02
1.423177e-04	7.966499e-03	1.343594e-01	2.698417e-02
1.636654e-04	8.554207e-03	1.428829e-01	2.893730e-02
1.882152e-04	9.184439e-03	1.516713e-01	3.103180e-02
2.164475e-04	9.860276e-03	1.607434e-01	3.327790e-02
2.489146e-04	1.058502e-02	1.697899e-01	3.568657e-02
2.862518e-04	1.136220e-02	1.793975e-01	3.826958e-02
3.291895e-04	1.219564e-02	1.880179e-01	4.103955e-02
3.785680e-04	1.308938e-02	1.973745e-01	4.401002e-02
4.353531e-04	1.404781e-02	2.068656e-01	4.719549e-02
5.006561e-04	1.507560e-02	2.157063e-01	5.061152e-02
5.757545e-04	1.617777e-02	2.254637e-01	5.427481e-02
6.621177e-04	1.735971e-02	2.332030e-01	5.820325e-02
7.614354e-04	1.862719e-02	2.417763e-01	6.241603e-02
8.756507e-04	1.998641e-02	2.500336e-01	6.693374e-02
1.006998e-03	2.144401e-02	2.574448e-01	7.177843e-02
1.158048e-03	2.300710e-02	2.654158e-01	7.697380e-02
1.331755e-03	2.468332e-02	2.717558e-01	8.254520e-02
1.531519e-03	2.648087e-02	2.782625e-01	8.851987e-02
1.761246e-03	2.840851e-02	2.839326e-01	9.492698e-02
2.025433e-03	3.047568e-02	2.888257e-01	1.017978e-01
2.329248e-03	3.269247e-02	2.937089e-01	1.091660e-01
2.678635e-03	3.506970e-02	2.974903e-01	1.170675e-01
3.080431e-03	3.761900e-02	3.010003e-01	1.255409e-01
3.542495e-03	4.035281e-02	3.036245e-01	1.345595e-01
4.073870e-03	4.328450e-02	3.059981e-01	1.443513e-01
4.684950e-03	4.642838e-02	3.076844e-01	1.548258e-01
5.387693e-03	4.979981e-02	3.090636e-01	1.660318e-01
6.195847e-03	5.341527e-02	3.094233e-01	1.780488e-01
7.125224e-03	5.729241e-02	3.091459e-01	1.909359e-01
8.194007e-03	6.145018e-02	3.083199e-01	2.047556e-01
9.423108e-03	6.590889e-02	3.067117e-01	2.195756e-01
1.083657e-02	7.069032e-02	3.045675e-01	2.354684e-01
1.246206e-02	7.581784e-02	3.014695e-01	2.525115e-01
1.433137e-02	8.131648e-02	2.976577e-01	2.707881e-01
1.648108e-02	8.721312e-02	2.930318e-01	2.903876e-01
1.895324e-02	9.353656e-02	2.876813e-01	3.114057e-01
2.179622e-02	1.003177e-01	2.815049e-01	3.339451e-01
2.506566e-02	1.075896e-01	2.746677e-01	3.581161e-01
2.882550e-02	1.153879e-01	2.669756e-01	3.840364e-01
3.314933e-02	1.237507e-01	2.591802e-01	4.118328e-01
3.812173e-02	1.327187e-01	2.504019e-01	4.416412e-01
4.383999e-02	1.423359e-01	2.409618e-01	4.736072e-01
5.041599e-02	1.526491e-01	2.314077e-01	5.078870e-01
5.797838e-02	1.637088e-01	2.208251e-01	5.446478e-01
6.667514e-02	1.755691e-01	2.112715e-01	5.840692e-01
7.667641e-02	1.882877e-01	2.006281e-01	6.263442e-01
8.817787e-02	2.019270e-01	1.898348e-01	6.716792e-01
1.014046e-01	2.165535e-01	1.793992e-01	7.202955e-01
1.166152e-01	2.322386e-01	1.681314e-01	7.724305e-01
1.341075e-01	2.490591e-01	1.580659e-01	8.283389e-01
1.542237e-01	2.670970e-01	1.475764e-01	8.882944e-01
1.773572e-01	2.864405e-01	1.376280e-01	9.525896e-01
2.039608e-01	3.071841e-01	1.283246e-01	1.021538e+00
2.345549e-01	3.294292e-01	1.186935e-01	1.095478e+00
2.697381e-01	3.532843e-01	1.100535e-01	1.174767e+00
3.101989e-01	3.788661e-01	1.016192e-01	1.259795e+00
3.567287e-01	4.063000e-01	9.391638e-02	1.351016e+00
4.102380e-01	4.357205e-01	8.620926e-02	1.449534e+00
4.717737e-01	4.672704e-01	7.969569e-02	1.556235e+00
5.425397e-01	5.011039e-01	7.340383e-02	1.671846e+00
6.239207e-01	5.373863e-01	6.814168e-02	1.797229e+00
7.175088e-01	5.762949e-01	6.252963e-02	1.933365e+00
8.251351e-01	6.180174e-01	5.607577e-02	2.046709e+00
9.489054e-01	6.568489e-01	5.033081e-02	2.120573e+00
1.091241e+00	7.027420e-01	4.461377e-02	2.192964e+00
1.254927e+00	7.697692e-01	4.037210e-02	2.263809e+00
1.443166e+00	8.428009e-01	3.619936e-02	2.333248e+00
1.659641e+00	9.229502e-01	3.274488e-02	2.401670e+00
1.908588e+00	1.005469e+00	2.953219e-02	2.469774e+00
2.194876e+00	1.095818e+00	2.649627e-02	2.538631e+00
2.524107e+00	1.188675e+00	2.392979e-02	2.609755e+00
2.902723e+00	1.282229e+00	2.131234e-02	2.685174e+00
3.338132e+00	1.379918e+00	1.937174e-02	2.767460e+00
3.838852e+00	1.454614e+00	1.734761e-02	2.859918e+00
4.414679e+00	1.535222e+00	1.549804e-02	2.966544e+00
5.076881e+00	1.620727e+00	1.389620e-02	3.092139e+00
5.838413e+00	1.695594e+00	1.225638e-02	3.242386e+00
6.714175e+00	1.767984e+00	1.110427e-02	3.423883e+00
7.721302e+00	1.822222e+00	9.879250e-03	3.644264e+00
8.879497e+00	1.875465e+00	8.794902e-03	3.912210e+00
1.021142e+01	1.918723e+00	7.850104e-03	4.237568e+00
1.174313e+01	1.955684e+00	6.899533e-03	4.631527e+00
1.350460e+01	1.991230e+00	6.171643e-03	5.106881e+00
1.553030e+01	2.010596e+00	5.460440e-03	5.678486e+00
1.785984e+01	2.024737e+00	4.851529e-03	6.363939e+00
2.053882e+01	2.028482e+00	4.333095e-03	7.184504e+00
2.361964e+01	2.020970e+00	3.830248e-03	8.166349e+00
2.716258e+01	2.006936e+00	3.414254e-03	9.342101e+00
3.123697e+01	1.978785e+00	3.033985e-03	1.075282e+01
3.592252e+01	1.942488e+00	2.707573e-03	1.245046e+01
4.131089e+01	1.895969e+00	2.400084e-03	1.450098e+01
4.750753e+01	1.842693e+00	2.134852e-03	1.698829e+01
5.463366e+01	1.781739e+00	1.864269e-03	2.001922e+01
6.282871e+01	1.712980e+00	1.666205e-03	2.373041e+01
7.225301e+01	1.825923e+00	1.477484e-03	2.829340e+01
8.309096e+01	1.696178e+00	1.306176e-03	3.393351e+01
9.555461e+01	1.574567e+00	1.160315e-03	4.095482e+01
1.098878e+02	1.456795e+00	1.009491e-03	4.970055e+01
1.263710e+02	1.343054e+00	8.973799e-04	6.063254e+01
1.453266e+02	1.233322e+00	7.848818e-04	7.435394e+01
1.671256e+02	1.129328e+00	6.961857e-04	9.163923e+01
1.921945e+02	1.031520e+00	6.162603e-04	1.134703e+02
2.210236e+02	9.376941e-01	5.413782e-04	1.411546e+02
2.541772e+02	8.495769e-01	4.816792e-04	1.764594e+02
2.923037e+02	7.697366e-01	4.207720e-04	2.215618e+02
3.361493e+02	6.996710e-01	3.774218e-04	2.790065e+02
3.865717e+02	6.344833e-01	3.326306e-04	3.521852e+02
4.445574e+02	5.739805e-01	2.927157e-04	4.456229e+02
5.112411e+02	5.181207e-01	2.583127e-04	5.651609e+02
5.879272e+02	4.668387e-01	2.243916e-04	7.183358e+02
6.761163e+02	4.201173e-01	2.007567e-04	9.147958e+02
7.775337e+02	3.773315e-01	1.761189e-04	1.167019e+03
8.941638e+02	3.383682e-01	1.547554e-04	1.491309e+03
1.028288e+03	3.033053e-01	1.361111e-04	1.908404e+03
1.182532e+03	2.724717e-01	1.179744e-04	2.444135e+03
1.359911e+03	2.446533e-01	1.040589e-04	3.131348e+03
1.563898e+03	2.196300e-01	9.086355e-05	4.012780e+03
1.798483e+03	1.972450e-01	7.963664e-05	5.142738e+03
2.068255e+03	1.772510e-01	7.022498e-05	6.590342e+03
2.378493e+03	1.594101e-01	6.128630e-05	8.443194e+03
2.735268e+03	1.435282e-01	5.385986e-05	1.081197e+04
3.145558e+03	1.294265e-01	4.730969e-05	1.383616e+04
3.617391e+03	1.169101e-01	0.000000e+00	1.769080e+04
4.160000e+03	1.058109e-01	0.000000e+00	2.259442e+04
4.784000e+03	9.600048e-02	0.000000e+00	2.881855e+04
5.501600e+03	8.734204e-02	0.000000e+00	3.669859e+04
6.326840e+03	7.970350e-02	0.000000e+00	4.664614e+04
7.275866e+03	7.298547e-02	0.000000e+00	5.916269e+04
8.367246e+03	6.709553e-02	0.000000e+00	7.485447e+04
9.622333e+03	6.193549e-02	0.000000e+00	9.444799e+04
