# Energy_MeV	dEdx_Elec_MeV_um	dEdx_Nucl_MeV_um	Range_um
1.000000e-05	3.063456e-03	1.373611e-02	6.454887e-03
1.150000e-05	3.305453e-03	1.483720e-02	6.922095e-03
1.322500e-05	3.564846e-03	1.601374e-02	7.423120e-03
1.520875e-05	3.842904e-03	1.726466e-02	7.960409e-03
1.749006e-05	4.140989e-03	1.854497e-02	8.536588e-03
2.011357e-05	4.460556e-03	1.998707e-02	9.154471e-03
2.313061e-05	4.803169e-03	2.141192e-02	9.817076e-03
2.660020e-05	5.170502e-03	2.292393e-02	1.052764e-02
3.059023e-05	5.564351e-03	2.454308e-02	1.128964e-02
3.517876e-05	5.986641e-03	2.620160e-02	1.210679e-02
4.045558e-05	6.439434e-03	2.788969e-02	1.298308e-02
4.652391e-05	6.924944e-03	2.958068e-02	1.392281e-02
5.350250e-05	7.445543e-03	3.140048e-02	1.493055e-02
6.152788e-05	8.003775e-03	3.320488e-02	1.601123e-02
7.075706e-05	8.602367e-03	3.503726e-02	1.717013e-02
8.137062e-05	9.244244e-03	3.676269e-02	1.841291e-02
9.357621e-05	9.932542e-03	3.860724e-02	1.974565e-02
1.076126e-04	1.067062e-02	4.057847e-02	2.117485e-02
1.237545e-04	1.146209e-02	4.223662e-02	2.270749e-02
1.423177e-04	1.231082e-02	4.410438e-02	2.435107e-02
1.636654e-04	1.322095e-02	4.575385e-02	2.611362e-02
1.882152e-04	1.419693e-02	4.741434e-02	2.800374e-02
2.164475e-04	1.524352e-02	4.918189e-02	3.003066e-02
2.489146e-04	1.636585e-02	5.056181e-02	3.220430e-02
2.862518e-04	1.756939e-02	5.210744e-02	3.453526e-02
3.291895e-04	1.886002e-02	5.350027e-02	3.703494e-02
3.785680e-04	2.024405e-02	5.473599e-02	3.971555e-02
4.353531e-04	2.172824e-02	5.593001e-02	4.259018e-02
5.006561e-04	2.331985e-02	5.692895e-02	4.567288e-02
5.757545e-04	2.502663e-02	5.792862e-02	4.897871e-02
6.621177e-04	2.685695e-02	5.873096e-02	5.252381e-02
7.614354e-04	2.881972e-02	5.939120e-02	5.630575e-02
8.756507e-04	3.092456e-02	5.998696e-02	6.040316e-02
1.006998e-03	3.318173e-02	6.053634e-02	6.477547e-02
1.158048e-03	3.560226e-02	6.087447e-02	6.946447e-02
1.331755e-03	3.819799e-02	6.111085e-02	7.449203e-02
1.531519e-03	4.098159e-02	6.126629e-02	7.988372e-02
1.761246e-03	4.396665e-02	6.122917e-02	8.566561e-02
2.025433e-03	4.716777e-02	6.114326e-02	9.186604e-02
2.329248e-03	5.060058e-02	6.084349e-02	9.851526e-02
2.678635e-03	5.428186e-02	6.041257e-02	1.056457e-01
3.080431e-03	5.822958e-02	5.987617e-02	1.132923e-01
3.542495e-03	6.246303e-02	5.915110e-02	1.214923e-01
4.073870e-03	6.700289e-02	5.828287e-02	1.302859e-01
4.684950e-03	7.187135e-02	5.726233e-02	1.397160e-01
5.387693e-03	7.709219e-02	5.607961e-02	1.498286e-01
6.195847e-03	8.269090e-02	5.476658e-02	1.606731e-01
7.125224e-03	8.869486e-02	5.330604e-02	1.723026e-01
8.194007e-03	9.513337e-02	5.178449e-02	1.847739e-01
9.423108e-03	1.020379e-01	5.007745e-02	1.981478e-01
1.083657e-02	1.094422e-01	4.820496e-02	2.124897e-01
1.246206e-02	1.173824e-01	4.639340e-02	2.278696e-01
1.433137e-02	1.258973e-01	4.436279e-02	2.443629e-01
1.648108e-02	1.350286e-01	4.243369e-02	2.620499e-01
1.895324e-02	1.448207e-01	4.036148e-02	2.810171e-01
2.179622e-02	1.553216e-01	3.814880e-02	3.013571e-01
2.506566e-02	1.665826e-01	3.618584e-02	3.231694e-01
2.882550e-02	1.786587e-01	3.399462e-02	3.465605e-01
3.314933e-02	1.916088e-01	3.190246e-02	3.716447e-01
3.812173e-02	2.054962e-01	2.989248e-02	3.985443e-01
4.383999e-02	2.203889e-01	2.787825e-02	4.273909e-01
5.041599e-02	2.363594e-01	2.600913e-02	4.583255e-01
5.797838e-02	2.534860e-01	2.408076e-02	4.915011e-01
6.667514e-02	2.718521e-01	2.232505e-02	5.270672e-01
7.667641e-02	2.915491e-01	2.071952e-02	5.652810e-01
8.817787e-02	3.126726e-01	1.912398e-02	6.066216e-01
1.014046e-01	3.353250e-01	1.746999e-02	6.513910e-01
1.166152e-01	3.596170e-01	1.623854e-02	6.999154e-01
1.341075e-01	3.856673e-01	1.509716e-02	7.525559e-01
1.542237e-01	4.135984e-01	1.378458e-02	7.940121e-01
1.773572e-01	4.424598e-01	1.263095e-02	8.345456e-01
2.039608e-01	4.653370e-01	1.138607e-02	8.753082e-01
2.345549e-01	4.961061e-01	1.036199e-02	9.161539e-01
2.697381e-01	5.369888e-01	9.319601e-03	9.570003e-01
3.101989e-01	5.766673e-01	8.270453e-03	9.978844e-01
3.567287e-01	6.185412e-01	7.457408e-03	1.038964e+00
4.102380e-01	6.562673e-01	6.710551e-03	1.080569e+00
4.717737e-01	6.931334e-01	6.084383e-03	1.123246e+00
5.425397e-01	7.291969e-01	5.444777e-03	1.167786e+00
6.239207e-01	7.577840e-01	4.895456e-03	1.215296e+00
7.175088e-01	7.850349e-01	4.410761e-03	1.267226e+00
8.251351e-01	8.031428e-01	3.982922e-03	1.325425e+00
9.489054e-01	8.220752e-01	3.571313e-03	1.392204e+00
1.091241e+00	8.424030e-01	3.166176e-03	1.470393e+00
1.254927e+00	8.543668e-01	2.870632e-03	1.563406e+00
1.443166e+00	8.649131e-01	2.548043e-03	1.675322e+00
1.659641e+00	8.707647e-01	2.285266e-03	1.810961e+00
1.908588e+00	8.727272e-01	2.041099e-03	1.975993e+00
2.194876e+00	8.721489e-01	1.799600e-03	2.177065e+00
2.524107e+00	8.666107e-01	1.625501e-03	2.421988e+00
2.902723e+00	8.584953e-01	1.435069e-03	2.720002e+00
3.338132e+00	8.457080e-01	1.270702e-03	3.082176e+00
3.838852e+00	8.287447e-01	1.132809e-03	3.521964e+00
4.414679e+00	8.081557e-01	1.003780e-03	4.055985e+00
5.076881e+00	7.835042e-01	8.951572e-04	4.705062e+00
5.838413e+00	7.556494e-01	7.911494e-04	5.495594e+00
6.714175e+00	7.243887e-01	7.040407e-04	6.461351e+00
7.721302e+00	6.927921e-01	6.306453e-04	7.645783e+00
8.879497e+00	6.581794e-01	5.605829e-04	9.104997e+00
1.021142e+01	6.204707e-01	4.912054e-04	1.091157e+01
1.174313e+01	5.811062e-01	4.400900e-04	1.315926e+01
1.350460e+01	5.407771e-01	3.903035e-04	1.596985e+01
1.553030e+01	5.353504e-01	3.437653e-04	1.949673e+01
1.785984e+01	4.894622e-01	3.073599e-04	2.394869e+01
2.053882e+01	4.469882e-01	2.674412e-04	2.959238e+01
2.361964e+01	4.069624e-01	2.394995e-04	3.674450e+01
2.716258e+01	3.692179e-01	2.117634e-04	4.583047e+01
3.123697e+01	3.339874e-01	1.848577e-04	5.740078e+01
3.592252e+01	3.015454e-01	1.636739e-04	7.215508e+01
4.131089e+01	2.718418e-01	1.437941e-04	9.098780e+01
4.750753e+01	2.437554e-01	1.281777e-04	1.150977e+02
5.463366e+01	2.182953e-01	1.122611e-04	1.460699e+02
6.282871e+01	1.961854e-01	9.909570e-05	1.858073e+02
7.225301e+01	1.766571e-01	8.798085e-05	2.365895e+02
8.309096e+01	1.588699e-01	7.807304e-05	3.015031e+02
9.555461e+01	1.426958e-01	6.889664e-05	3.845816e+02
1.098878e+02	1.280369e-01	6.011692e-05	4.910260e+02
1.263710e+02	1.148039e-01	5.379461e-05	6.275174e+02
1.453266e+02	1.029074e-01	4.699911e-05	8.026085e+02
1.671256e+02	9.208951e-02	4.157245e-05	1.027415e+03
1.921945e+02	8.237280e-02	0.000000e+00	1.316385e+03
2.210236e+02	7.374798e-02	0.000000e+00	1.687749e+03
2.541772e+02	6.614441e-02	0.000000e+00	2.164227e+03
2.923037e+02	5.932440e-02	0.000000e+00	2.775073e+03
3.361493e+02	5.322553e-02	0.000000e+00	3.558140e+03
3.865717e+02	4.778219e-02	0.000000e+00	4.561482e+03
4.445574e+02	4.293018e-02	0.000000e+00	5.846244e+03
5.112411e+02	3.861304e-02	0.000000e+00	7.489860e+03
5.879272e+02	3.477646e-02	0.000000e+00	9.590095e+03
6.761163e+02	3.137031e-02	0.000000e+00	1.227006e+04
7.775337e+02	2.834824e-02	0.000000e+00	1.568398e+04
8.941638e+02	2.567144e-02	0.000000e+00	2.002415e+04
1.028288e+03	2.330637e-02	0.000000e+00	2.552912e+04
1.182532e+03	2.121857e-02	0.000000e+00	3.249299e+04
1.359911e+03	1.937765e-02	0.000000e+00	4.127594e+04
1.563898e+03	1.775904e-02	0.000000e+00	5.231582e+04
1.798483e+03	1.634008e-02	0.000000e+00	6.614063e+04
2.068255e+03	1.509973e-02	0.000000e+00	8.338153e+04
2.378493e+03	1.401951e-02	0.000000e+00	1.047860e+05
2.735268e+03	1.308291e-02	0.000000e+00	1.312305e+05
3.145558e+03	1.227431e-02	0.000000e+00	1.637323e+05
3.617391e+03	1.158021e-02	0.000000e+00	2.034600e+05
4.160000e+03	1.098931e-02	0.000000e+00	2.517424e+05
4.784000e+03	1.049117e-02	0.000000e+00	3.100770e+05
5.501600e+03	1.007615e-02	0.000000e+00	3.801282e+05
6.326840e+03	9.721902e-03	0.000000e+00	4.637999e+05
7.275866e+03	9.428732e-03	0.000000e+00	5.315460e+05
8.367246e+03	9.194918e-03	0.000000e+00	5.315460e+05
9.622333e+03	9.013982e-03	0.000000e+00	5.315460e+05
