# Energy_MeV	dEdx_Elec_MeV_um	dEdx_Nucl_MeV_um	Range_um
1.000000e-05	2.660523e-03	2.343812e-02	5.831300e-03
1.150000e-05	2.872953e-03	2.554354e-02	6.253373e-03
1.322500e-05	3.100627e-03	2.776663e-02	6.705995e-03
1.520875e-05	3.344660e-03	3.016401e-02	7.191379e-03
1.749006e-05	3.606246e-03	3.263432e-02	7.711895e-03
2.011357e-05	3.886664e-03	3.537410e-02	8.270086e-03
2.313061e-05	4.187286e-03	3.831011e-02	8.868679e-03
2.660020e-05	4.509581e-03	4.130263e-02	9.510599e-03
3.059023e-05	4.855126e-03	4.467440e-02	1.019898e-02
3.517876e-05	5.225608e-03	4.792192e-02	1.093719e-02
4.045558e-05	5.622840e-03	5.159241e-02	1.172883e-02
4.652391e-05	6.048761e-03	5.542375e-02	1.257777e-02
5.350250e-05	6.505453e-03	5.927376e-02	1.348815e-02
6.152788e-05	6.995149e-03	6.360518e-02	1.446443e-02
7.075706e-05	7.520240e-03	6.780784e-02	1.551137e-02
8.137062e-05	8.083292e-03	7.229128e-02	1.663410e-02
9.357621e-05	8.687056e-03	7.680752e-02	1.783808e-02
1.076126e-04	9.334482e-03	8.143749e-02	1.912921e-02
1.237545e-04	1.002873e-02	8.632010e-02	2.051379e-02
1.423177e-04	1.077320e-02	9.101024e-02	2.199859e-02
1.636654e-04	1.157152e-02	9.575877e-02	2.359086e-02
1.882152e-04	1.242760e-02	1.004466e-01	2.529838e-02
2.164475e-04	1.334561e-02	1.055966e-01	2.712949e-02
2.489146e-04	1.433005e-02	1.101228e-01	2.909314e-02
2.862518e-04	1.538571e-02	1.150012e-01	3.119892e-02
3.291895e-04	1.651777e-02	1.195677e-01	3.345711e-02
3.785680e-04	1.773174e-02	1.238231e-01	3.587875e-02
4.353531e-04	1.903356e-02	1.285115e-01	3.847568e-02
5.006561e-04	2.042960e-02	1.323050e-01	4.126057e-02
5.757545e-04	2.192666e-02	1.363775e-01	4.424703e-02
6.621177e-04	2.353206e-02	1.401520e-01	4.744965e-02
7.614354e-04	2.525365e-02	1.435740e-01	5.088408e-02
8.756507e-04	2.709984e-02	1.467599e-01	5.456710e-02
1.006998e-03	2.907964e-02	1.494545e-01	5.851669e-02
1.158048e-03	3.120274e-02	1.521104e-01	6.275216e-02
1.331755e-03	3.347949e-02	1.543186e-01	6.729420e-02
1.531519e-03	3.592102e-02	1.562878e-01	7.213621e-02
1.761246e-03	3.853927e-02	1.578224e-01	7.737471e-02
2.025433e-03	4.134702e-02	1.592460e-01	8.299224e-02
2.329248e-03	4.435798e-02	1.603608e-01	8.899845e-02
2.678635e-03	4.758688e-02	1.609898e-01	9.544020e-02
3.080431e-03	5.104947e-02	1.616168e-01	1.023482e-01
3.542495e-03	5.476269e-02	1.615248e-01	1.097560e-01
4.073870e-03	5.874466e-02	1.613334e-01	1.177000e-01
4.684950e-03	6.301484e-02	1.607234e-01	1.262190e-01
5.387693e-03	6.759410e-02	1.596523e-01	1.353547e-01
6.195847e-03	7.250480e-02	1.583825e-01	1.451516e-01
7.125224e-03	7.777094e-02	1.565459e-01	1.556577e-01
8.194007e-03	8.341824e-02	1.543729e-01	1.669240e-01
9.423108e-03	8.947429e-02	1.517763e-01	1.790059e-01
1.083657e-02	9.596868e-02	1.487847e-01	1.919624e-01
1.246206e-02	1.029331e-01	1.453800e-01	2.058566e-01
1.433137e-02	1.104017e-01	1.416384e-01	2.207564e-01
1.648108e-02	1.184108e-01	1.376364e-01	2.367347e-01
1.895324e-02	1.269996e-01	1.333058e-01	2.538695e-01
2.179622e-02	1.362101e-01	1.284270e-01	2.722446e-01
2.506566e-02	1.460872e-01	1.236614e-01	2.919497e-01
2.882550e-02	1.566792e-01	1.183562e-01	3.130810e-01
3.314933e-02	1.680379e-01	1.131845e-01	3.357417e-01
3.812173e-02	1.802188e-01	1.078958e-01	3.600428e-01
4.383999e-02	1.932813e-01	1.020263e-01	3.861028e-01
5.041599e-02	2.072892e-01	9.681448e-02	4.140490e-01
5.797838e-02	2.223111e-01	9.104642e-02	4.440179e-01
6.667514e-02	2.384202e-01	8.551174e-02	4.761559e-01
7.667641e-02	2.556954e-01	8.006519e-02	5.106203e-01
8.817787e-02	2.742209e-01	7.470634e-02	5.475791e-01
1.014046e-01	2.940873e-01	6.979288e-02	5.872134e-01
1.166152e-01	3.153917e-01	6.468773e-02	6.297146e-01
1.341075e-01	3.382380e-01	6.003979e-02	6.752956e-01
1.542237e-01	3.627385e-01	5.548828e-02	7.241758e-01
1.773572e-01	3.890141e-01	5.140923e-02	7.769157e-01
2.039608e-01	4.171916e-01	4.716966e-02	8.340378e-01
2.345549e-01	4.474085e-01	4.341459e-02	8.959194e-01
2.697381e-01	4.798125e-01	4.045239e-02	9.630239e-01
3.101989e-01	5.145620e-01	3.704586e-02	1.035684e+00
3.567287e-01	5.518195e-01	3.418372e-02	1.080736e+00
4.102380e-01	5.867034e-01	3.103643e-02	1.125539e+00
4.717737e-01	6.244625e-01	2.788684e-02	1.169941e+00
5.425397e-01	6.820449e-01	2.518749e-02	1.213860e+00
6.239207e-01	7.451081e-01	2.223913e-02	1.257318e+00
7.175088e-01	8.124425e-01	2.016779e-02	1.300473e+00
8.251351e-01	8.808847e-01	1.812757e-02	1.343658e+00
9.489054e-01	9.548687e-01	1.638971e-02	1.387418e+00
1.091241e+00	1.025817e+00	1.475485e-02	1.432528e+00
1.254927e+00	1.097551e+00	1.319800e-02	1.480109e+00
1.443166e+00	1.167317e+00	1.192051e-02	1.531602e+00
1.659641e+00	1.221307e+00	1.071922e-02	1.588848e+00
1.908588e+00	1.275555e+00	9.673735e-03	1.654138e+00
2.194876e+00	1.331713e+00	8.572827e-03	1.730244e+00
2.524107e+00	1.382894e+00	7.761592e-03	1.820508e+00
2.902723e+00	1.428089e+00	6.885947e-03	1.928852e+00
3.338132e+00	1.462501e+00	6.163135e-03	2.059851e+00
3.838852e+00	1.495257e+00	5.533755e-03	2.218788e+00
4.414679e+00	1.517973e+00	4.869824e-03	2.411730e+00
5.076881e+00	1.537077e+00	4.398449e-03	2.645640e+00
5.838413e+00	1.553400e+00	3.882344e-03	2.928564e+00
6.714175e+00	1.558144e+00	3.444544e-03	3.269919e+00
7.721302e+00	1.558879e+00	3.060176e-03	3.680913e+00
8.879497e+00	1.549955e+00	2.709056e-03	4.175148e+00
1.021142e+01	1.534008e+00	2.422010e-03	4.769409e+00
1.174313e+01	1.512083e+00	2.140749e-03	5.484687e+00
1.350460e+01	1.480267e+00	1.909888e-03	6.347487e+00
1.553030e+01	1.443024e+00	1.696530e-03	7.391488e+00
1.785984e+01	1.399074e+00	1.517128e-03	8.659639e+00
2.053882e+01	1.349478e+00	1.338519e-03	1.020684e+01
2.361964e+01	1.293116e+00	1.188784e-03	1.210339e+01
2.716258e+01	1.233774e+00	1.060364e-03	1.443934e+01
3.123697e+01	1.273644e+00	9.240515e-04	1.732928e+01
3.592252e+01	1.176409e+00	8.321776e-04	2.092099e+01
4.131089e+01	1.086249e+00	7.291949e-04	2.541750e+01
4.750753e+01	1.000066e+00	6.472377e-04	3.105189e+01
5.463366e+01	9.175905e-01	5.756780e-04	3.813117e+01
6.282871e+01	8.386229e-01	4.990629e-04	4.705870e+01
7.225301e+01	7.642755e-01	4.442250e-04	5.835470e+01
8.309096e+01	6.949455e-01	3.899808e-04	7.267784e+01
9.555461e+01	6.292356e-01	3.463110e-04	9.089745e+01
1.098878e+02	5.676832e-01	3.056080e-04	1.141918e+02
1.263710e+02	5.117302e-01	2.680325e-04	1.440367e+02
1.453266e+02	4.634793e-01	2.381782e-04	1.821540e+02
1.671256e+02	4.189079e-01	2.105743e-04	2.307921e+02
1.921945e+02	3.778609e-01	1.873013e-04	2.929692e+02
2.210236e+02	3.402072e-01	1.629828e-04	3.725791e+02
2.541772e+02	3.058378e-01	1.458636e-04	4.746454e+02
2.923037e+02	2.746919e-01	1.270997e-04	6.055957e+02
3.361493e+02	2.463724e-01	1.123775e-04	7.737163e+02
3.865717e+02	2.206320e-01	9.948819e-05	9.898387e+02
4.445574e+02	1.975267e-01	8.615189e-05	1.267795e+03
5.112411e+02	1.772333e-01	7.703183e-05	1.624832e+03
5.879272e+02	1.590320e-01	6.686423e-05	2.082766e+03
6.761163e+02	1.426948e-01	5.859885e-05	2.670006e+03
7.775337e+02	1.280936e-01	5.134322e-05	3.422736e+03
8.941638e+02	1.150637e-01	4.481732e-05	4.387008e+03
1.028288e+03	1.034522e-01	0.000000e+00	5.621236e+03
1.182532e+03	9.312157e-02	0.000000e+00	7.199252e+03
1.359911e+03	8.394742e-02	0.000000e+00	9.214161e+03
1.563898e+03	7.580599e-02	0.000000e+00	1.178288e+04
1.798483e+03	6.858585e-02	0.000000e+00	1.505145e+04
2.068255e+03	6.220127e-02	0.000000e+00	1.920149e+04
2.378493e+03	5.656537e-02	0.000000e+00	2.445751e+04
2.735268e+03	5.159217e-02	0.000000e+00	3.109525e+04
3.145558e+03	4.721474e-02	0.000000e+00	3.945103e+04
3.617391e+03	4.337439e-02	0.000000e+00	4.993185e+04
4.160000e+03	4.001137e-02	0.000000e+00	6.302605e+04
4.784000e+03	3.707460e-02	0.000000e+00	7.931426e+04
5.501600e+03	3.452324e-02	0.000000e+00	9.948027e+04
6.326840e+03	3.231663e-02	0.000000e+00	1.243213e+05
7.275866e+03	3.041645e-02	0.000000e+00	1.547571e+05
8.367246e+03	2.879264e-02	0.000000e+00	1.918382e+05
9.622333e+03	2.741853e-02	0.000000e+00	2.367519e+05
