# Energy_MeV	dEdx_Elec_MeV_um	dEdx_Nucl_MeV_um	Range_um
1.000000e-05	2.257723e-03	2.989444e-02	5.962715e-03
1.150000e-05	2.437547e-03	3.281613e-02	6.394300e-03
1.322500e-05	2.630281e-03	3.580881e-02	6.857123e-03
1.520875e-05	2.836868e-03	3.915340e-02	7.353445e-03
1.749006e-05	3.058318e-03	4.269528e-02	7.885691e-03
2.011357e-05	3.295716e-03	4.645838e-02	8.456462e-03
2.313061e-05	3.550221e-03	5.064481e-02	9.068545e-03
2.660020e-05	3.823079e-03	5.495388e-02	9.724931e-03
3.059023e-05	4.115623e-03	5.964324e-02	1.042883e-02
3.517876e-05	4.429282e-03	6.451401e-02	1.118367e-02
4.045558e-05	4.765591e-03	6.991521e-02	1.199315e-02
4.652391e-05	5.126191e-03	7.552460e-02	1.286122e-02
5.350250e-05	5.512846e-03	8.164786e-02	1.379212e-02
6.152788e-05	5.927445e-03	8.790926e-02	1.479040e-02
7.075706e-05	6.372013e-03	9.444485e-02	1.586094e-02
8.137062e-05	6.848723e-03	1.015901e-01	1.700897e-02
9.357621e-05	7.359903e-03	1.088394e-01	1.824008e-02
1.076126e-04	7.908052e-03	1.167262e-01	1.956031e-02
1.237545e-04	8.495846e-03	1.247264e-01	2.097610e-02
1.423177e-04	9.126159e-03	1.331826e-01	2.249436e-02
1.636654e-04	9.802069e-03	1.416529e-01	2.412251e-02
1.882152e-04	1.052688e-02	1.503638e-01	2.586851e-02
2.164475e-04	1.130413e-02	1.593415e-01	2.774089e-02
2.489146e-04	1.213762e-02	1.683209e-01	2.974879e-02
2.862518e-04	1.303141e-02	1.778252e-01	3.190202e-02
3.291895e-04	1.398989e-02	1.863696e-01	3.421110e-02
3.785680e-04	1.501772e-02	1.957492e-01	3.668732e-02
4.353531e-04	1.611993e-02	2.050698e-01	3.934277e-02
5.006561e-04	1.730191e-02	2.138023e-01	4.219042e-02
5.757545e-04	1.856943e-02	2.235296e-01	4.524419e-02
6.621177e-04	1.992868e-02	2.311604e-01	4.851898e-02
7.614354e-04	2.138630e-02	2.397918e-01	5.203081e-02
8.756507e-04	2.294941e-02	2.478834e-01	5.579683e-02
1.006998e-03	2.462565e-02	2.551967e-01	5.983543e-02
1.158048e-03	2.642321e-02	2.631743e-01	6.416636e-02
1.331755e-03	2.835087e-02	2.694363e-01	6.881075e-02
1.531519e-03	3.041805e-02	2.759271e-01	7.379131e-02
1.761246e-03	3.263485e-02	2.814790e-01	7.913236e-02
2.025433e-03	3.501209e-02	2.863925e-01	8.486001e-02
2.329248e-03	3.756139e-02	2.912542e-01	9.100222e-02
2.678635e-03	4.029520e-02	2.949837e-01	9.758901e-02
3.080431e-03	4.322688e-02	2.984832e-01	1.046350e-01
3.542495e-03	4.637076e-02	3.010649e-01	1.122309e-01
4.073870e-03	4.974218e-02	3.035024e-01	1.203523e-01
4.684950e-03	5.335763e-02	3.051116e-01	1.290646e-01
5.387693e-03	5.723476e-02	3.064580e-01	1.384058e-01
6.195847e-03	6.139252e-02	3.068586e-01	1.484235e-01
7.125224e-03	6.585121e-02	3.065684e-01	1.591663e-01
8.194007e-03	7.063262e-02	3.058122e-01	1.706867e-01
9.423108e-03	7.576011e-02	3.041806e-01	1.830409e-01
1.083657e-02	8.125873e-02	3.020421e-01	1.962892e-01
1.246206e-02	8.715533e-02	2.990073e-01	2.104965e-01
1.433137e-02	9.347874e-02	2.952222e-01	2.257322e-01
1.648108e-02	1.002598e-01	2.906528e-01	2.420706e-01
1.895324e-02	1.075317e-01	2.853545e-01	2.595916e-01
2.179622e-02	1.153300e-01	2.792312e-01	2.783807e-01
2.506566e-02	1.236927e-01	2.724664e-01	2.985298e-01
2.882550e-02	1.326607e-01	2.648788e-01	3.201374e-01
3.314933e-02	1.422778e-01	2.571349e-01	3.433090e-01
3.812173e-02	1.525909e-01	2.483820e-01	3.681576e-01
4.383999e-02	1.636506e-01	2.390822e-01	3.948047e-01
5.041599e-02	1.755108e-01	2.296310e-01	4.233808e-01
5.797838e-02	1.882294e-01	2.191278e-01	4.540252e-01
6.667514e-02	2.018685e-01	2.096839e-01	4.868876e-01
7.667641e-02	2.164949e-01	1.990163e-01	5.221284e-01
8.817787e-02	2.321800e-01	1.884117e-01	5.599200e-01
1.014046e-01	2.490003e-01	1.780997e-01	6.004473e-01
1.166152e-01	2.670381e-01	1.668627e-01	6.439079e-01
1.341075e-01	2.863815e-01	1.569106e-01	6.905140e-01
1.542237e-01	3.071250e-01	1.464683e-01	7.404934e-01
1.773572e-01	3.293699e-01	1.366993e-01	7.940905e-01
2.039608e-01	3.532249e-01	1.274003e-01	8.515665e-01
2.345549e-01	3.788065e-01	1.178256e-01	9.132080e-01
2.697381e-01	4.062398e-01	1.092871e-01	9.792858e-01
3.101989e-01	4.356600e-01	1.009108e-01	1.050334e+00
3.567287e-01	4.672102e-01	9.330685e-02	1.127231e+00
4.102380e-01	5.010440e-01	8.552369e-02	1.210506e+00
4.717737e-01	5.373267e-01	7.921958e-02	1.300774e+00
5.425397e-01	5.762356e-01	7.303240e-02	1.398712e+00
6.239207e-01	6.179608e-01	6.759780e-02	1.505106e+00
7.175088e-01	6.608795e-01	6.203306e-02	1.589285e+00
8.251351e-01	7.021974e-01	5.563361e-02	1.641554e+00
9.489054e-01	7.599069e-01	5.006708e-02	1.692387e+00
1.091241e+00	8.342218e-01	4.444137e-02	1.741848e+00
1.254927e+00	9.127094e-01	4.010445e-02	1.790143e+00
1.443166e+00	9.995739e-01	3.601314e-02	1.837677e+00
1.659641e+00	1.091780e+00	3.252718e-02	1.885104e+00
1.908588e+00	1.189501e+00	2.933491e-02	1.933366e+00
2.194876e+00	1.296807e+00	2.633643e-02	1.983749e+00
2.524107e+00	1.397975e+00	2.377558e-02	2.037932e+00
2.902723e+00	1.500310e+00	2.121880e-02	2.098026e+00
3.338132e+00	1.589689e+00	1.925682e-02	2.166633e+00
3.838852e+00	1.684871e+00	1.721014e-02	2.246919e+00
4.414679e+00	1.788873e+00	1.540247e-02	2.342621e+00
5.076881e+00	1.868661e+00	1.382373e-02	2.458112e+00
5.838413e+00	1.947555e+00	1.217889e-02	2.598430e+00
6.714175e+00	2.017707e+00	1.104358e-02	2.769324e+00
7.721302e+00	2.075149e+00	9.801051e-03	2.977305e+00
8.879497e+00	2.130930e+00	8.741920e-03	3.229712e+00
1.021142e+01	2.175701e+00	7.810905e-03	3.534844e+00
1.174313e+01	2.215300e+00	6.854226e-03	3.902211e+00
1.350460e+01	2.245851e+00	6.135784e-03	4.342883e+00
1.553030e+01	2.261122e+00	5.424286e-03	4.870049e+00
1.785984e+01	2.270750e+00	4.828631e-03	5.499720e+00
2.053882e+01	2.265444e+00	4.307074e-03	6.251686e+00
2.361964e+01	2.250690e+00	3.805398e-03	7.150680e+00
2.716258e+01	2.225075e+00	3.394833e-03	8.227846e+00
3.123697e+01	2.184523e+00	3.015720e-03	9.522572e+00
3.592252e+01	2.136005e+00	2.693941e-03	1.108480e+01
4.131089e+01	2.079809e+00	2.381189e-03	1.297800e+01
4.750753e+01	2.014490e+00	2.123383e-03	1.528269e+01
5.463366e+01	1.938824e+00	1.856801e-03	1.810220e+01
6.282871e+01	2.067469e+00	1.656756e-03	2.156391e+01
7.225301e+01	1.925997e+00	1.470833e-03	2.584522e+01
8.309096e+01	1.790219e+00	1.295903e-03	3.116385e+01
9.555461e+01	1.658119e+00	1.154217e-03	3.777769e+01
1.098878e+02	1.529570e+00	1.005633e-03	4.603738e+01
1.263710e+02	1.406145e+00	8.919625e-04	5.639737e+01
1.453266e+02	1.289416e+00	7.818099e-04	6.943304e+01
1.671256e+02	1.178520e+00	6.919324e-04	8.588552e+01
1.921945e+02	1.071763e+00	6.124250e-04	1.067600e+02
2.210236e+02	9.722015e-01	5.385009e-04	1.333778e+02
2.541772e+02	8.846040e-01	4.788133e-04	1.673004e+02
2.923037e+02	8.049285e-01	4.193895e-04	2.104276e+02
3.361493e+02	7.305304e-01	3.753944e-04	2.653634e+02
3.865717e+02	6.613158e-01	3.300052e-04	3.355066e+02
4.445574e+02	5.973594e-01	2.910472e-04	4.252521e+02
5.112411e+02	5.386358e-01	2.571584e-04	5.402486e+02
5.879272e+02	4.850486e-01	2.230528e-04	6.877430e+02
6.761163e+02	4.356278e-01	1.997718e-04	8.771830e+02
7.775337e+02	3.908625e-01	1.747298e-04	1.120817e+03
8.941638e+02	3.509035e-01	1.538869e-04	1.434055e+03
1.028288e+03	3.153245e-01	1.355218e-04	1.836130e+03
1.182532e+03	2.831871e-01	1.172323e-04	2.351890e+03
1.359911e+03	2.543251e-01	1.035006e-04	3.013370e+03
1.563898e+03	2.285187e-01	9.028960e-05	3.861233e+03
1.798483e+03	2.054570e-01	7.931481e-05	4.947165e+03
2.068255e+03	1.848720e-01	6.982890e-05	6.336584e+03
2.378493e+03	1.665655e-01	6.090777e-05	8.112040e+03
2.735268e+03	1.503167e-01	5.358047e-05	1.037743e+04
3.145558e+03	1.358884e-01	4.704169e-05	1.326283e+04
3.617391e+03	1.231061e-01	0.000000e+00	1.693034e+04
4.160000e+03	1.118200e-01	0.000000e+00	2.158093e+04
4.784000e+03	1.018579e-01	0.000000e+00	2.746221e+04
5.501600e+03	9.307590e-02	0.000000e+00	3.487719e+04
6.326840e+03	8.536476e-02	0.000000e+00	4.419390e+04
7.275866e+03	7.860752e-02	0.000000e+00	5.585577e+04
8.367246e+03	7.268977e-02	0.000000e+00	7.039230e+04
9.622333e+03	6.753231e-02	0.000000e+00	8.842994e+04
