# Energy_MeV	dEdx_Elec_MeV_um	dEdx_Nucl_MeV_um	Range_um
1.000000e-05	2.171717e-03	3.098809e-02	6.006914e-03
1.150000e-05	2.344552e-03	3.392667e-02	6.441698e-03
1.322500e-05	2.529796e-03	3.722671e-02	6.907952e-03
1.520875e-05	2.728357e-03	4.066738e-02	7.407953e-03
1.749006e-05	2.941205e-03	4.449956e-02	7.944144e-03
2.011357e-05	3.169383e-03	4.852208e-02	8.519146e-03
2.313061e-05	3.414005e-03	5.283767e-02	9.135766e-03
2.660020e-05	3.676268e-03	5.758306e-02	9.797017e-03
3.059023e-05	3.957453e-03	6.252422e-02	1.050613e-02
3.517876e-05	4.258935e-03	6.800360e-02	1.126657e-02
4.045558e-05	4.582187e-03	7.348467e-02	1.208205e-02
4.652391e-05	4.928789e-03	7.962063e-02	1.295656e-02
5.350250e-05	5.300435e-03	8.617366e-02	1.389436e-02
6.152788e-05	5.698941e-03	9.302378e-02	1.490004e-02
7.075706e-05	6.126253e-03	1.005093e-01	1.597851e-02
8.137062e-05	6.584460e-03	1.078222e-01	1.713504e-02
9.357621e-05	7.075800e-03	1.159796e-01	1.837529e-02
1.076126e-04	7.602673e-03	1.245127e-01	1.970530e-02
1.237545e-04	8.167655e-03	1.333386e-01	2.113158e-02
1.423177e-04	8.773505e-03	1.428726e-01	2.266110e-02
1.636654e-04	9.423183e-03	1.523317e-01	2.430132e-02
1.882152e-04	1.011986e-02	1.623264e-01	2.606026e-02
2.164475e-04	1.086695e-02	1.724980e-01	2.794652e-02
2.489146e-04	1.166809e-02	1.827010e-01	2.996930e-02
2.862518e-04	1.252720e-02	1.934712e-01	3.213849e-02
3.291895e-04	1.344848e-02	2.041072e-01	3.446470e-02
3.785680e-04	1.443642e-02	2.146127e-01	3.695927e-02
4.353531e-04	1.549586e-02	2.251879e-01	3.963440e-02
5.006561e-04	1.663197e-02	2.360839e-01	4.250316e-02
5.757545e-04	1.785029e-02	2.464892e-01	4.557956e-02
6.621177e-04	1.915679e-02	2.577424e-01	4.887863e-02
7.614354e-04	2.055785e-02	2.672089e-01	5.241649e-02
8.756507e-04	2.206030e-02	2.770470e-01	5.621043e-02
1.006998e-03	2.367149e-02	2.866761e-01	6.027897e-02
1.158048e-03	2.539930e-02	2.954308e-01	6.464199e-02
1.331755e-03	2.725215e-02	3.048633e-01	6.932081e-02
1.531519e-03	2.923911e-02	3.124472e-01	7.433829e-02
1.761246e-03	3.136988e-02	3.203628e-01	7.971893e-02
2.025433e-03	3.365486e-02	3.269430e-01	8.548903e-02
2.329248e-03	3.610523e-02	3.329297e-01	9.167678e-02
2.678635e-03	3.873296e-02	3.387657e-01	9.831239e-02
3.080431e-03	4.155087e-02	3.432901e-01	1.054283e-01
3.542495e-03	4.457274e-02	3.478872e-01	1.130106e-01
4.073870e-03	4.781333e-02	3.508576e-01	1.212392e-01
4.684950e-03	5.128847e-02	3.538304e-01	1.300207e-01
5.387693e-03	5.501515e-02	3.561300e-01	1.394324e-01
6.195847e-03	5.901155e-02	3.576545e-01	1.495239e-01
7.125224e-03	6.329722e-02	3.587186e-01	1.603464e-01
8.194007e-03	6.789308e-02	3.584095e-01	1.719521e-01
9.423108e-03	7.282159e-02	3.577500e-01	1.843979e-01
1.083657e-02	7.810682e-02	3.562201e-01	1.977445e-01
1.246206e-02	8.377460e-02	3.538441e-01	2.120571e-01
1.433137e-02	8.985262e-02	3.507216e-01	2.274057e-01
1.648108e-02	9.637056e-02	3.465001e-01	2.438651e-01
1.895324e-02	1.033603e-01	3.414847e-01	2.615160e-01
2.179622e-02	1.108559e-01	3.355480e-01	2.804445e-01
2.506566e-02	1.188941e-01	3.287187e-01	3.007430e-01
2.882550e-02	1.275140e-01	3.210005e-01	3.225106e-01
3.314933e-02	1.367579e-01	3.124796e-01	3.458539e-01
3.812173e-02	1.466709e-01	3.034690e-01	3.708869e-01
4.383999e-02	1.573013e-01	2.936140e-01	3.977317e-01
5.041599e-02	1.687012e-01	2.829145e-01	4.265194e-01
5.797838e-02	1.809263e-01	2.720035e-01	4.573907e-01
6.667514e-02	1.940362e-01	2.598401e-01	4.904968e-01
7.667641e-02	2.080950e-01	2.486680e-01	5.259991e-01
8.817787e-02	2.231713e-01	2.365064e-01	5.640710e-01
1.014046e-01	2.393389e-01	2.240639e-01	6.048983e-01
1.166152e-01	2.566767e-01	2.120801e-01	6.486809e-01
1.341075e-01	2.752695e-01	1.988073e-01	6.956327e-01
1.542237e-01	2.952080e-01	1.872041e-01	7.459828e-01
1.773572e-01	3.165896e-01	1.746616e-01	7.999772e-01
2.039608e-01	3.395189e-01	1.632495e-01	8.578794e-01
2.345549e-01	3.641078e-01	1.523005e-01	9.199730e-01
2.697381e-01	3.904764e-01	1.409384e-01	9.865633e-01
3.101989e-01	4.187537e-01	1.309919e-01	1.057957e+00
3.567287e-01	4.490786e-01	1.204647e-01	1.134634e+00
4.102380e-01	4.815993e-01	1.119207e-01	1.217558e+00
4.717737e-01	5.164738e-01	1.028148e-01	1.307361e+00
5.425397e-01	5.538725e-01	9.455668e-02	1.404690e+00
6.239207e-01	5.939783e-01	8.759604e-02	1.510268e+00
7.175088e-01	6.369869e-01	8.091173e-02	1.624934e+00
8.251351e-01	6.826622e-01	7.469733e-02	1.749660e+00
9.489054e-01	7.242733e-01	6.755078e-02	1.808703e+00
1.091241e+00	7.794650e-01	6.032096e-02	1.861101e+00
1.254927e+00	8.546338e-01	5.399577e-02	1.911632e+00
1.443166e+00	9.357613e-01	4.823973e-02	1.960652e+00
1.659641e+00	1.026194e+00	4.361097e-02	2.008561e+00
1.908588e+00	1.121166e+00	3.927075e-02	2.056047e+00
2.194876e+00	1.224807e+00	3.535326e-02	2.104094e+00
2.524107e+00	1.336984e+00	3.191892e-02	2.154041e+00
2.902723e+00	1.448706e+00	2.865299e-02	2.207626e+00
3.338132e+00	1.566201e+00	2.571895e-02	2.267044e+00
3.838852e+00	1.665018e+00	2.319712e-02	2.334980e+00
4.414679e+00	1.772569e+00	2.082029e-02	2.414670e+00
5.076881e+00	1.890195e+00	1.862793e-02	2.509969e+00
5.838413e+00	1.986133e+00	1.674533e-02	2.625352e+00
6.714175e+00	2.082258e+00	1.471474e-02	2.765972e+00
7.721302e+00	2.163156e+00	1.332997e-02	2.937681e+00
8.879497e+00	2.236322e+00	1.186387e-02	3.147081e+00
1.021142e+01	2.304855e+00	1.057154e-02	3.401584e+00
1.174313e+01	2.361071e+00	9.475617e-03	3.709524e+00
1.350460e+01	2.415623e+00	8.290745e-03	4.080368e+00
1.553030e+01	2.455825e+00	7.443086e-03	4.525070e+00
1.785984e+01	2.484079e+00	6.550047e-03	5.056579e+00
2.053882e+01	2.505500e+00	5.843125e-03	5.690540e+00
2.361964e+01	2.507207e+00	5.218256e-03	6.446188e+00
2.716258e+01	2.501928e+00	4.602388e-03	7.347496e+00
3.123697e+01	2.481435e+00	4.122961e-03	8.424568e+00
3.592252e+01	2.446194e+00	3.629640e-03	9.715387e+00
4.131089e+01	2.400068e+00	3.268433e-03	1.126801e+01
4.750753e+01	2.345811e+00	2.896498e-03	1.314334e+01
5.463366e+01	2.281894e+00	2.568237e-03	1.541856e+01
6.282871e+01	2.205921e+00	2.268830e-03	1.819244e+01
7.225301e+01	2.401721e+00	1.996657e-03	2.158670e+01
8.309096e+01	2.242073e+00	1.787832e-03	2.576741e+01
9.555461e+01	2.090470e+00	1.578058e-03	3.094742e+01
1.098878e+02	1.941573e+00	1.397176e-03	3.736892e+01
1.263710e+02	1.796669e+00	1.230286e-03	4.536320e+01
1.453266e+02	1.656259e+00	1.079481e-03	5.536003e+01
1.671256e+02	1.522700e+00	9.536004e-04	6.790591e+01
1.921945e+02	1.396099e+00	8.409227e-04	8.369819e+01
2.210236e+02	1.273052e+00	7.414837e-04	1.036772e+02
2.541772e+02	1.157757e+00	6.573121e-04	1.290972e+02
2.923037e+02	1.054591e+00	5.799182e-04	1.614624e+02
3.361493e+02	9.618770e-01	5.107791e-04	2.025581e+02
3.865717e+02	8.749804e-01	4.542341e-04	2.548219e+02
4.445574e+02	7.937711e-01	4.006778e-04	3.214650e+02
5.112411e+02	7.183890e-01	3.529967e-04	4.066384e+02
5.879272e+02	6.488388e-01	3.131301e-04	5.156902e+02
6.761163e+02	5.851409e-01	2.701363e-04	6.554761e+02
7.775337e+02	5.263293e-01	2.421205e-04	8.349101e+02
8.941638e+02	4.727358e-01	2.121014e-04	1.065604e+03
1.028288e+03	4.245617e-01	1.864736e-04	1.362239e+03
1.182532e+03	3.817699e-01	1.652026e-04	1.743104e+03
1.359911e+03	3.430431e-01	1.421683e-04	2.231681e+03
1.563898e+03	3.081829e-01	1.261527e-04	2.858393e+03
1.798483e+03	2.769761e-01	1.094304e-04	3.661847e+03
2.068255e+03	2.490587e-01	9.626089e-05	4.691149e+03
2.378493e+03	2.241003e-01	8.497392e-05	6.008479e+03
2.735268e+03	2.018800e-01	7.384067e-05	7.692328e+03
3.145558e+03	1.821541e-01	6.538523e-05	9.841546e+03
3.617391e+03	1.646307e-01	5.680096e-05	1.258000e+04
4.160000e+03	1.490896e-01	5.052276e-05	1.606216e+04
4.784000e+03	1.353625e-01	0.000000e+00	2.047975e+04
5.501600e+03	1.232455e-01	0.000000e+00	2.606923e+04
6.326840e+03	1.125558e-01	0.000000e+00	3.312034e+04
7.275866e+03	1.031637e-01	0.000000e+00	4.198550e+04
8.367246e+03	9.493348e-02	0.000000e+00	5.308992e+04
9.622333e+03	8.772189e-02	0.000000e+00	6.694223e+04
