# Energy_MeV	dEdx_Elec_MeV_um	dEdx_Nucl_MeV_um	Range_um
1.000000e-05	2.248598e-03	2.802531e-02	6.607156e-03
1.150000e-05	2.425823e-03	3.062572e-02	7.085385e-03
1.322500e-05	2.615792e-03	3.337997e-02	7.598229e-03
1.520875e-05	2.819435e-03	3.633709e-02	8.148193e-03
1.749006e-05	3.037748e-03	3.957939e-02	8.737964e-03
2.011357e-05	3.271799e-03	4.297356e-02	9.370422e-03
2.313061e-05	3.522731e-03	4.658551e-02	1.004866e-02
2.660020e-05	3.791771e-03	5.042067e-02	1.077599e-02
3.059023e-05	4.080234e-03	5.466114e-02	1.155596e-02
3.517876e-05	4.389530e-03	5.898172e-02	1.239238e-02
4.045558e-05	4.721170e-03	6.380199e-02	1.328935e-02
4.652391e-05	5.076775e-03	6.859111e-02	1.425124e-02
5.350250e-05	5.458082e-03	7.373498e-02	1.528275e-02
6.152788e-05	5.866955e-03	7.933785e-02	1.638893e-02
7.075706e-05	6.305390e-03	8.489845e-02	1.757517e-02
8.137062e-05	6.775531e-03	9.110516e-02	1.884727e-02
9.357621e-05	7.279674e-03	9.724122e-02	2.021144e-02
1.076126e-04	7.820282e-03	1.038107e-01	2.167436e-02
1.237545e-04	8.399996e-03	1.104206e-01	2.324316e-02
1.423177e-04	9.021649e-03	1.171031e-01	2.492551e-02
1.636654e-04	9.688277e-03	1.241704e-01	2.672963e-02
1.882152e-04	1.040314e-02	1.310264e-01	2.866434e-02
2.164475e-04	1.116972e-02	1.382757e-01	3.073908e-02
2.489146e-04	1.199178e-02	1.449465e-01	3.296399e-02
2.862518e-04	1.287332e-02	1.522705e-01	3.534994e-02
3.291895e-04	1.381866e-02	1.593258e-01	3.790858e-02
3.785680e-04	1.483240e-02	1.661891e-01	4.065243e-02
4.353531e-04	1.591951e-02	1.734761e-01	4.359487e-02
5.006561e-04	1.708529e-02	1.794707e-01	4.675029e-02
5.757545e-04	1.833544e-02	1.861866e-01	5.013410e-02
6.621177e-04	1.967607e-02	1.922580e-01	5.376284e-02
7.614354e-04	2.111373e-02	1.980009e-01	5.765422e-02
8.756507e-04	2.265544e-02	2.039857e-01	6.182726e-02
1.006998e-03	2.430872e-02	2.089070e-01	6.630235e-02
1.158048e-03	2.608167e-02	2.137939e-01	7.110135e-02
1.331755e-03	2.798294e-02	2.179966e-01	7.624770e-02
1.531519e-03	3.002181e-02	2.218153e-01	8.176655e-02
1.761246e-03	3.220826e-02	2.254274e-01	8.768486e-02
2.025433e-03	3.455295e-02	2.283549e-01	9.403154e-02
2.329248e-03	3.706735e-02	2.308896e-01	1.008376e-01
2.678635e-03	3.976374e-02	2.329117e-01	1.081367e-01
3.080431e-03	4.265529e-02	2.347896e-01	1.159673e-01
3.542495e-03	4.575613e-02	2.358796e-01	1.243586e-01
4.073870e-03	4.908141e-02	2.369270e-01	1.333609e-01
4.684950e-03	5.264736e-02	2.370707e-01	1.430131e-01
5.387693e-03	5.647142e-02	2.368317e-01	1.533643e-01
6.195847e-03	6.057227e-02	2.362031e-01	1.644647e-01
7.125224e-03	6.496993e-02	2.348123e-01	1.763686e-01
8.194007e-03	6.968589e-02	2.331177e-01	1.891340e-01
9.423108e-03	7.474320e-02	2.306572e-01	2.028233e-01
1.083657e-02	8.016655e-02	2.276600e-01	2.175036e-01
1.246206e-02	8.598245e-02	2.240457e-01	2.332464e-01
1.433137e-02	9.221930e-02	2.198737e-01	2.501287e-01
1.648108e-02	9.890758e-02	2.150459e-01	2.682329e-01
1.895324e-02	1.060800e-01	2.097676e-01	2.876475e-01
2.179622e-02	1.137715e-01	2.038985e-01	3.084674e-01
2.506566e-02	1.220197e-01	1.978137e-01	3.307943e-01
2.882550e-02	1.308649e-01	1.909452e-01	3.547372e-01
3.314933e-02	1.403504e-01	1.838071e-01	3.804129e-01
3.812173e-02	1.505224e-01	1.763695e-01	4.079471e-01
4.383999e-02	1.614307e-01	1.684001e-01	4.374745e-01
5.041599e-02	1.731285e-01	1.609729e-01	4.691390e-01
5.797838e-02	1.856730e-01	1.526379e-01	5.030952e-01
6.667514e-02	1.991255e-01	1.445861e-01	5.395091e-01
7.667641e-02	2.135517e-01	1.364787e-01	5.785589e-01
8.817787e-02	2.290221e-01	1.279567e-01	6.204353e-01
1.014046e-01	2.456122e-01	1.201282e-01	6.653425e-01
1.166152e-01	2.634031e-01	1.121732e-01	7.135000e-01
1.341075e-01	2.824818e-01	1.047106e-01	7.651432e-01
1.542237e-01	3.029413e-01	9.744773e-02	8.205247e-01
1.773572e-01	3.248818e-01	9.021132e-02	8.799135e-01
2.039608e-01	3.484103e-01	8.349765e-02	9.436079e-01
2.345549e-01	3.736418e-01	7.725323e-02	1.011884e+00
2.697381e-01	4.007009e-01	7.128008e-02	1.085349e+00
3.101989e-01	4.297189e-01	6.521482e-02	1.164885e+00
3.567287e-01	4.608372e-01	6.067825e-02	1.251021e+00
4.102380e-01	4.942079e-01	5.583416e-02	1.344398e+00
4.717737e-01	5.299940e-01	5.165313e-02	1.445721e+00
5.425397e-01	5.683685e-01	4.726512e-02	1.539637e+00
6.239207e-01	6.070576e-01	4.221891e-02	1.600616e+00
7.175088e-01	6.450313e-01	3.819147e-02	1.660796e+00
8.251351e-01	6.993020e-01	3.378440e-02	1.720043e+00
9.489054e-01	7.668390e-01	3.059387e-02	1.778359e+00
1.091241e+00	8.366334e-01	2.747520e-02	1.835918e+00
1.254927e+00	9.126345e-01	2.476858e-02	1.893115e+00
1.443166e+00	9.927260e-01	2.237961e-02	1.950616e+00
1.659641e+00	1.073939e+00	2.002316e-02	2.009422e+00
1.908588e+00	1.161209e+00	1.812235e-02	2.070901e+00
2.194876e+00	1.240276e+00	1.620248e-02	2.136882e+00
2.524107e+00	1.315400e+00	1.468493e-02	2.209716e+00
2.902723e+00	1.380501e+00	1.309760e-02	2.292310e+00
3.338132e+00	1.448545e+00	1.175554e-02	2.388217e+00
3.838852e+00	1.520407e+00	1.051711e-02	2.501682e+00
4.414679e+00	1.575349e+00	9.305967e-03	2.637719e+00
5.076881e+00	1.626568e+00	8.415491e-03	2.802157e+00
5.838413e+00	1.672726e+00	7.453959e-03	3.001710e+00
6.714175e+00	1.706417e+00	6.669181e-03	3.244052e+00
7.721302e+00	1.738578e+00	5.938954e-03	3.537938e+00
8.879497e+00	1.763068e+00	5.227743e-03	3.893383e+00
1.021142e+01	1.780969e+00	4.663452e-03	4.321990e+00
1.174313e+01	1.792907e+00	4.130315e-03	4.837412e+00
1.350460e+01	1.791347e+00	3.680205e-03	5.456045e+00
1.553030e+01	1.784849e+00	3.275211e-03	6.197942e+00
1.785984e+01	1.768058e+00	2.901352e-03	7.088019e+00
2.053882e+01	1.742723e+00	2.578898e-03	8.157564e+00
2.361964e+01	1.709590e+00	2.300619e-03	9.446155e+00
2.716258e+01	1.666756e+00	2.048150e-03	1.100408e+01
3.123697e+01	1.617609e+00	1.805428e-03	1.289541e+01
3.592252e+01	1.561689e+00	1.616558e-03	1.520192e+01
4.131089e+01	1.499842e+00	1.407504e-03	1.802786e+01
4.750753e+01	1.430247e+00	1.263320e-03	2.150739e+01
5.463366e+01	1.477584e+00	1.117526e-03	2.580727e+01
6.282871e+01	1.369381e+00	9.820384e-04	3.116047e+01
7.225301e+01	1.265879e+00	8.784202e-04	3.784825e+01
8.309096e+01	1.166273e+00	7.619083e-04	4.621385e+01
9.555461e+01	1.070127e+00	6.786287e-04	5.671974e+01
1.098878e+02	9.787558e-01	5.949309e-04	6.996558e+01
1.263710e+02	8.930325e-01	5.253367e-04	8.671044e+01
1.453266e+02	8.121010e-01	4.662054e-04	1.079375e+02
1.671256e+02	7.349997e-01	4.081333e-04	1.349811e+02
1.921945e+02	6.636779e-01	3.641741e-04	1.695789e+02
2.210236e+02	6.017473e-01	3.196764e-04	2.137763e+02
2.541772e+02	5.453167e-01	2.857305e-04	2.701004e+02
2.923037e+02	4.930540e-01	2.505757e-04	3.420017e+02
3.361493e+02	4.448281e-01	2.217958e-04	4.339625e+02
3.865717e+02	4.005944e-01	1.952239e-04	5.517737e+02
4.445574e+02	3.602797e-01	1.702256e-04	7.028645e+02
5.112411e+02	3.236956e-01	1.519717e-04	8.967671e+02
5.879272e+02	2.901384e-01	1.326153e-04	1.145917e+03
6.761163e+02	2.599209e-01	1.172329e-04	1.466380e+03
7.775337e+02	2.331195e-01	1.028334e-04	1.878316e+03
8.941638e+02	2.092759e-01	8.928211e-05	2.406936e+03
1.028288e+03	1.878135e-01	7.849876e-05	3.084899e+03
1.182532e+03	1.685882e-01	6.863602e-05	3.954192e+03
1.359911e+03	1.514214e-01	6.035364e-05	5.068144e+03
1.563898e+03	1.361066e-01	5.299549e-05	6.494525e+03
1.798483e+03	1.224625e-01	4.637050e-05	8.319089e+03
2.068255e+03	1.103375e-01	0.000000e+00	1.065005e+04
2.378493e+03	9.957686e-02	0.000000e+00	1.362356e+04
2.735268e+03	9.002776e-02	0.000000e+00	1.740998e+04
3.145558e+03	8.157376e-02	0.000000e+00	2.222154e+04
3.617391e+03	7.410951e-02	0.000000e+00	2.832122e+04
4.160000e+03	6.752146e-02	0.000000e+00	3.603275e+04
4.784000e+03	6.171614e-02	0.000000e+00	4.575207e+04
5.501600e+03	5.661873e-02	0.000000e+00	5.795967e+04
6.326840e+03	5.215215e-02	0.000000e+00	7.323396e+04
7.275866e+03	4.824454e-02	0.000000e+00	9.226506e+04
8.367246e+03	4.484225e-02	0.000000e+00	1.158685e+05
9.622333e+03	4.189564e-02	0.000000e+00	1.449986e+05
