# Energy_MeV	dEdx_Elec_MeV_um	dEdx_Nucl_MeV_um	Range_um
1.000000e-05	2.155776e-03	3.154922e-02	5.865010e-03
1.150000e-05	2.327794e-03	3.461503e-02	6.289522e-03
1.322500e-05	2.512157e-03	3.790420e-02	6.744761e-03
1.520875e-05	2.709768e-03	4.159452e-02	7.232951e-03
1.749006e-05	2.921593e-03	4.543185e-02	7.756475e-03
2.011357e-05	3.148670e-03	4.971993e-02	8.317893e-03
2.313061e-05	3.392108e-03	5.420578e-02	8.919947e-03
2.660020e-05	3.653098e-03	5.902541e-02	9.565577e-03
3.059023e-05	3.932916e-03	6.433046e-02	1.025794e-02
3.517876e-05	4.232929e-03	6.984669e-02	1.100041e-02
4.045558e-05	4.554603e-03	7.598229e-02	1.179663e-02
4.652391e-05	4.899511e-03	8.209366e-02	1.265048e-02
5.350250e-05	5.269337e-03	8.892693e-02	1.356612e-02
6.152788e-05	5.665890e-03	9.626292e-02	1.454805e-02
7.075706e-05	6.091106e-03	1.039253e-01	1.560104e-02
8.137062e-05	6.547064e-03	1.122707e-01	1.673025e-02
9.357621e-05	7.035990e-03	1.204515e-01	1.794120e-02
1.076126e-04	7.560275e-03	1.295265e-01	1.923979e-02
1.237545e-04	8.122478e-03	1.390823e-01	2.063238e-02
1.423177e-04	8.725348e-03	1.489563e-01	2.212576e-02
1.636654e-04	9.371828e-03	1.595744e-01	2.372724e-02
1.882152e-04	1.006508e-02	1.701545e-01	2.544463e-02
2.164475e-04	1.080849e-02	1.812967e-01	2.728632e-02
2.489146e-04	1.160568e-02	1.926921e-01	2.926132e-02
2.862518e-04	1.246056e-02	2.040607e-01	3.137927e-02
3.291895e-04	1.337730e-02	2.160689e-01	3.365052e-02
3.785680e-04	1.436037e-02	2.279681e-01	3.608616e-02
4.353531e-04	1.541459e-02	2.396817e-01	3.869810e-02
5.006561e-04	1.654510e-02	2.515177e-01	4.149908e-02
5.757545e-04	1.775742e-02	2.636042e-01	4.450281e-02
6.621177e-04	1.905748e-02	2.752815e-01	4.772395e-02
7.614354e-04	2.045162e-02	2.878801e-01	5.117823e-02
8.756507e-04	2.194667e-02	2.983917e-01	5.488254e-02
1.006998e-03	2.354991e-02	3.094090e-01	5.885497e-02
1.158048e-03	2.526920e-02	3.200548e-01	6.311492e-02
1.331755e-03	2.711291e-02	3.298907e-01	6.768321e-02
1.531519e-03	2.909007e-02	3.404285e-01	7.258216e-02
1.761246e-03	3.121033e-02	3.488447e-01	7.783569e-02
2.025433e-03	3.348405e-02	3.577273e-01	8.346948e-02
2.329248e-03	3.592233e-02	3.650085e-01	8.951105e-02
2.678635e-03	3.853709e-02	3.716709e-01	9.598990e-02
3.080431e-03	4.134111e-02	3.781452e-01	1.029377e-01
3.542495e-03	4.434807e-02	3.832266e-01	1.103884e-01
4.073870e-03	4.757268e-02	3.883990e-01	1.183672e-01
4.684950e-03	5.103068e-02	3.916619e-01	1.269512e-01
5.387693e-03	5.473897e-02	3.949260e-01	1.361373e-01
6.195847e-03	5.871566e-02	3.975188e-01	1.459920e-01
7.125224e-03	6.298019e-02	3.992351e-01	1.565586e-01
8.194007e-03	6.755338e-02	4.003793e-01	1.678901e-01
9.423108e-03	7.245757e-02	4.000429e-01	1.800419e-01
1.083657e-02	7.771674e-02	3.992626e-01	1.930732e-01
1.246206e-02	8.335656e-02	3.975665e-01	2.070477e-01
1.433137e-02	8.940459e-02	3.949188e-01	2.220336e-01
1.648108e-02	9.589038e-02	3.913990e-01	2.381044e-01
1.895324e-02	1.028456e-01	3.866844e-01	2.553383e-01
2.179622e-02	1.103043e-01	3.810667e-01	2.738196e-01
2.506566e-02	1.183028e-01	3.744320e-01	2.936385e-01
2.882550e-02	1.268802e-01	3.667960e-01	3.148919e-01
3.314933e-02	1.360785e-01	3.581668e-01	3.376838e-01
3.812173e-02	1.459426e-01	3.486408e-01	3.621254e-01
4.383999e-02	1.565206e-01	3.385717e-01	3.883359e-01
5.041599e-02	1.678643e-01	3.275500e-01	4.164435e-01
5.797838e-02	1.800290e-01	3.156360e-01	4.465858e-01
6.667514e-02	1.930742e-01	3.034096e-01	4.789098e-01
7.667641e-02	2.070636e-01	2.898316e-01	5.135733e-01
8.817787e-02	2.220656e-01	2.773511e-01	5.507456e-01
1.014046e-01	2.381535e-01	2.637404e-01	5.906085e-01
1.166152e-01	2.554058e-01	2.499358e-01	6.333570e-01
1.341075e-01	2.739068e-01	2.364902e-01	6.791996e-01
1.542237e-01	2.937469e-01	2.217566e-01	7.283601e-01
1.773572e-01	3.150231e-01	2.087478e-01	7.810788e-01
2.039608e-01	3.378393e-01	1.946938e-01	8.376135e-01
2.345549e-01	3.623069e-01	1.820169e-01	8.982406e-01
2.697381e-01	3.885454e-01	1.698111e-01	9.632539e-01
3.101989e-01	4.166832e-01	1.571857e-01	1.032981e+00
3.567287e-01	4.468575e-01	1.460276e-01	1.107726e+00
4.102380e-01	4.792176e-01	1.342855e-01	1.188211e+00
4.717737e-01	5.139201e-01	1.247380e-01	1.275367e+00
5.425397e-01	5.511343e-01	1.146595e-01	1.369759e+00
6.239207e-01	5.910421e-01	1.053738e-01	1.472096e+00
7.175088e-01	6.338385e-01	9.756439e-02	1.583154e+00
8.251351e-01	6.797326e-01	9.024370e-02	1.703837e+00
9.489054e-01	7.249644e-01	8.329904e-02	1.835195e+00
1.091241e+00	7.701421e-01	7.531267e-02	1.891390e+00
1.254927e+00	8.372511e-01	6.718490e-02	1.940512e+00
1.443166e+00	9.181566e-01	6.009065e-02	1.987591e+00
1.659641e+00	1.005137e+00	5.376445e-02	2.033042e+00
1.908588e+00	1.100582e+00	4.858155e-02	2.077427e+00
2.194876e+00	1.205128e+00	4.376473e-02	2.121580e+00
2.524107e+00	1.315600e+00	3.936590e-02	2.166655e+00
2.902723e+00	1.436977e+00	3.555839e-02	2.214165e+00
3.338132e+00	1.559960e+00	3.193042e-02	2.266037e+00
3.838852e+00	1.678710e+00	2.864480e-02	2.324655e+00
4.414679e+00	1.794832e+00	2.584471e-02	2.392915e+00
5.076881e+00	1.916820e+00	2.318162e-02	2.474225e+00
5.838413e+00	2.044136e+00	2.076643e-02	2.572643e+00
6.714175e+00	2.153206e+00	1.864815e-02	2.692810e+00
7.721302e+00	2.254209e+00	1.640555e-02	2.840018e+00
8.879497e+00	2.353024e+00	1.484758e-02	3.020244e+00
1.021142e+01	2.428920e+00	1.321020e-02	3.240161e+00
1.174313e+01	2.506279e+00	1.178452e-02	3.507244e+00
1.350460e+01	2.575905e+00	1.055096e-02	3.829873e+00
1.553030e+01	2.633716e+00	9.243035e-03	4.217587e+00
1.785984e+01	2.687508e+00	8.290808e-03	4.681479e+00
2.053882e+01	2.716592e+00	7.298986e-03	5.234736e+00
2.361964e+01	2.740540e+00	6.508154e-03	5.893378e+00
2.716258e+01	2.750367e+00	5.813252e-03	6.677189e+00
3.123697e+01	2.743572e+00	5.130842e-03	7.610869e+00
3.592252e+01	2.726670e+00	4.592167e-03	8.725453e+00
4.131089e+01	2.686520e+00	4.044170e-03	1.006009e+01
4.750753e+01	2.639465e+00	3.639393e-03	1.166425e+01
5.463366e+01	2.584062e+00	3.229162e-03	1.360059e+01
6.282871e+01	2.514792e+00	2.860393e-03	1.594830e+01
7.225301e+01	2.837753e+00	2.524774e-03	1.880843e+01
8.309096e+01	2.648430e+00	2.224272e-03	2.230587e+01
9.555461e+01	2.479321e+00	1.990187e-03	2.661691e+01
1.098878e+02	2.313049e+00	1.759248e-03	3.194596e+01
1.263710e+02	2.150511e+00	1.556004e-03	3.854637e+01
1.453266e+02	1.990694e+00	1.368924e-03	4.675835e+01
1.671256e+02	1.836887e+00	1.202619e-03	5.702160e+01
1.921945e+02	1.690621e+00	1.061628e-03	6.988939e+01
2.210236e+02	1.550053e+00	9.367845e-04	8.608177e+01
2.541772e+02	1.414986e+00	8.250618e-04	1.065805e+02
2.923037e+02	1.288216e+00	7.319059e-04	1.326484e+02
3.361493e+02	1.178052e+00	6.460340e-04	1.657521e+02
3.865717e+02	1.075614e+00	5.685926e-04	2.077351e+02
4.445574e+02	9.792289e-01	5.058984e-04	2.611236e+02
5.112411e+02	8.889875e-01	4.462257e-04	3.291966e+02
5.879272e+02	8.051044e-01	3.934485e-04	4.161979e+02
6.761163e+02	7.277251e-01	3.485551e-04	5.275759e+02
7.775337e+02	6.565803e-01	3.011331e-04	6.703413e+02
8.941638e+02	5.907613e-01	2.695929e-04	8.536666e+02
1.028288e+03	5.309325e-01	2.364745e-04	1.089380e+03
1.182532e+03	4.775297e-01	2.078351e-04	1.392299e+03
1.359911e+03	4.295279e-01	1.838762e-04	1.781016e+03
1.563898e+03	3.860794e-01	1.584760e-04	2.279679e+03
1.798483e+03	3.470271e-01	1.404775e-04	2.919243e+03
2.068255e+03	3.120586e-01	1.219245e-04	3.739037e+03
2.378493e+03	2.807383e-01	1.071798e-04	4.788996e+03
2.735268e+03	2.527399e-01	9.463780e-05	6.132266e+03
3.145558e+03	2.278451e-01	8.230722e-05	7.848488e+03
3.617391e+03	2.057380e-01	7.280206e-05	1.003779e+04
4.160000e+03	1.860871e-01	6.327321e-05	1.282537e+04
4.784000e+03	1.686834e-01	5.623684e-05	1.636713e+04
5.501600e+03	1.533226e-01	4.924484e-05	2.085610e+04
6.326840e+03	1.397581e-01	0.000000e+00	2.652978e+04
7.275866e+03	1.278047e-01	0.000000e+00	3.367840e+04
8.367246e+03	1.173194e-01	0.000000e+00	4.265394e+04
9.622333e+03	1.081313e-01	0.000000e+00	5.387973e+04
