# Energy_MeV	dEdx_Elec_MeV_um	dEdx_Nucl_MeV_um	Range_um
1.000000e-05	2.167739e-03	3.195289e-02	5.666876e-03
1.150000e-05	2.341391e-03	3.507896e-02	6.077048e-03
1.322500e-05	2.527497e-03	3.849128e-02	6.516908e-03
1.520875e-05	2.726968e-03	4.212752e-02	6.988605e-03
1.749006e-05	2.940781e-03	4.622360e-02	7.494444e-03
2.011357e-05	3.169981e-03	5.046910e-02	8.036895e-03
2.313061e-05	3.415690e-03	5.520641e-02	8.618610e-03
2.660020e-05	3.679109e-03	6.021586e-02	9.242430e-03
3.059023e-05	3.961526e-03	6.551600e-02	9.911402e-03
3.517876e-05	4.264321e-03	7.140572e-02	1.062879e-02
4.045558e-05	4.588975e-03	7.751210e-02	1.139811e-02
4.652391e-05	4.937073e-03	8.421941e-02	1.222311e-02
5.350250e-05	5.310317e-03	9.105473e-02	1.310783e-02
6.152788e-05	5.710531e-03	9.860353e-02	1.405658e-02
7.075706e-05	6.139671e-03	1.066644e-01	1.507400e-02
8.137062e-05	6.599832e-03	1.152611e-01	1.616507e-02
9.357621e-05	7.093264e-03	1.242584e-01	1.733510e-02
1.076126e-04	7.622377e-03	1.334374e-01	1.858983e-02
1.237545e-04	8.189757e-03	1.434186e-01	1.993537e-02
1.423177e-04	8.798174e-03	1.538843e-01	2.137830e-02
1.636654e-04	9.450603e-03	1.649636e-01	2.292567e-02
1.882152e-04	1.015023e-02	1.764079e-01	2.458505e-02
2.164475e-04	1.090047e-02	1.882778e-01	2.636453e-02
2.489146e-04	1.170500e-02	2.003690e-01	2.827280e-02
2.862518e-04	1.256773e-02	2.128714e-01	3.031920e-02
3.291895e-04	1.349290e-02	2.254759e-01	3.251372e-02
3.785680e-04	1.448501e-02	2.384018e-01	3.486709e-02
4.353531e-04	1.554891e-02	2.517535e-01	3.739078e-02
5.006561e-04	1.668980e-02	2.642058e-01	4.009715e-02
5.757545e-04	1.791326e-02	2.773320e-01	4.299940e-02
6.621177e-04	1.922526e-02	2.906531e-01	4.611172e-02
7.614354e-04	2.063222e-02	3.032649e-01	4.944931e-02
8.756507e-04	2.214099e-02	3.169810e-01	5.302848e-02
1.006998e-03	2.375897e-02	3.282175e-01	5.686671e-02
1.158048e-03	2.549404e-02	3.402937e-01	6.098275e-02
1.331755e-03	2.735469e-02	3.520310e-01	6.539671e-02
1.531519e-03	2.935000e-02	3.625560e-01	7.013016e-02
1.761246e-03	3.148973e-02	3.738740e-01	7.520622e-02
2.025433e-03	3.378433e-02	3.829592e-01	8.064969e-02
2.329248e-03	3.624501e-02	3.923798e-01	8.648715e-02
2.678635e-03	3.888378e-02	4.004754e-01	9.274714e-02
3.080431e-03	4.171355e-02	4.074184e-01	9.946023e-02
3.542495e-03	4.474812e-02	4.144175e-01	1.066592e-01
4.073870e-03	4.800234e-02	4.198305e-01	1.143292e-01
4.684950e-03	5.149210e-02	4.250774e-01	1.226542e-01
5.387693e-03	5.523444e-02	4.287376e-01	1.315388e-01
6.195847e-03	5.924765e-02	4.321236e-01	1.410603e-01
7.125224e-03	6.355133e-02	4.347449e-01	1.512697e-01
8.194007e-03	6.816651e-02	4.366784e-01	1.622185e-01
9.423108e-03	7.311574e-02	4.374725e-01	1.739597e-01
1.083657e-02	7.842319e-02	4.371017e-01	1.865508e-01
1.246206e-02	8.411480e-02	4.360236e-01	2.000533e-01
1.433137e-02	9.021837e-02	4.339560e-01	2.145330e-01
1.648108e-02	9.676371e-02	4.309924e-01	2.300607e-01
1.895324e-02	1.037828e-01	4.268139e-01	2.467124e-01
2.179622e-02	1.113099e-01	4.215296e-01	2.645694e-01
2.506566e-02	1.193819e-01	4.151486e-01	2.837189e-01
2.882550e-02	1.280381e-01	4.077166e-01	3.042543e-01
3.314933e-02	1.373209e-01	3.991456e-01	3.262761e-01
3.812173e-02	1.472755e-01	3.895695e-01	3.498919e-01
4.383999e-02	1.579506e-01	3.788855e-01	3.752171e-01
5.041599e-02	1.693985e-01	3.678609e-01	4.023753e-01
5.797838e-02	1.816749e-01	3.556137e-01	4.314992e-01
6.667514e-02	1.948399e-01	3.423210e-01	4.627310e-01
7.667641e-02	2.089578e-01	3.289294e-01	4.962235e-01
8.817787e-02	2.240975e-01	3.140188e-01	5.321403e-01
1.014046e-01	2.403331e-01	3.004428e-01	5.706567e-01
1.166152e-01	2.577438e-01	2.855206e-01	6.119608e-01
1.341075e-01	2.764147e-01	2.701146e-01	6.562545e-01
1.542237e-01	2.964370e-01	2.555413e-01	7.037544e-01
1.773572e-01	3.179085e-01	2.395193e-01	7.546925e-01
2.039608e-01	3.409342e-01	2.253385e-01	8.093173e-01
2.345549e-01	3.656264e-01	2.103119e-01	8.678955e-01
2.697381e-01	3.921059e-01	1.961314e-01	9.307140e-01
3.101989e-01	4.205020e-01	1.830888e-01	9.980818e-01
3.567287e-01	4.509535e-01	1.692920e-01	1.070309e+00
4.102380e-01	4.836100e-01	1.571857e-01	1.147879e+00
4.717737e-01	5.186311e-01	1.448826e-01	1.231765e+00
5.425397e-01	5.561871e-01	1.341629e-01	1.322610e+00
6.239207e-01	5.964613e-01	1.233173e-01	1.421067e+00
7.175088e-01	6.396507e-01	1.135961e-01	1.527867e+00
8.251351e-01	6.859661e-01	1.048177e-01	1.643861e+00
9.489054e-01	7.351908e-01	9.729389e-02	1.770029e+00
1.091241e+00	7.791293e-01	8.950698e-02	1.889458e+00
1.254927e+00	8.373189e-01	8.055204e-02	1.935573e+00
1.443166e+00	9.168340e-01	7.201152e-02	1.979410e+00
1.659641e+00	1.003385e+00	6.403869e-02	2.021209e+00
1.908588e+00	1.100245e+00	5.774387e-02	2.061535e+00
2.194876e+00	1.202936e+00	5.192519e-02	2.101146e+00
2.524107e+00	1.316132e+00	4.690881e-02	2.141084e+00
2.902723e+00	1.439968e+00	4.223693e-02	2.182720e+00
3.338132e+00	1.567449e+00	3.801345e-02	2.227798e+00
3.838852e+00	1.703855e+00	3.425263e-02	2.278486e+00
4.414679e+00	1.824612e+00	3.056373e-02	2.337414e+00
5.076881e+00	1.956740e+00	2.771947e-02	2.407716e+00
5.838413e+00	2.101777e+00	2.485756e-02	2.493032e+00
6.714175e+00	2.224428e+00	2.216817e-02	2.597622e+00
7.721302e+00	2.348644e+00	1.992799e-02	2.726312e+00
8.879497e+00	2.455104e+00	1.754731e-02	2.884539e+00
1.021142e+01	2.553347e+00	1.590099e-02	3.078379e+00
1.174313e+01	2.646736e+00	1.416445e-02	3.314572e+00
1.350460e+01	2.726412e+00	1.258032e-02	3.600660e+00
1.553030e+01	2.805545e+00	1.126395e-02	3.945119e+00
1.785984e+01	2.868296e+00	9.878204e-03	4.357686e+00
2.053882e+01	2.917766e+00	8.857212e-03	4.849816e+00
2.361964e+01	2.960228e+00	7.822696e-03	5.435286e+00
2.716258e+01	2.978626e+00	6.947192e-03	6.130990e+00
3.123697e+01	2.989535e+00	6.215633e-03	6.957921e+00
3.592252e+01	2.981461e+00	5.481251e-03	7.942372e+00
4.131089e+01	2.953814e+00	4.902252e-03	9.117420e+00
4.750753e+01	2.912878e+00	4.339908e-03	1.052478e+01
5.463366e+01	2.862770e+00	3.885245e-03	1.221714e+01
6.282871e+01	2.801097e+00	3.450340e-03	1.426102e+01
7.225301e+01	2.723399e+00	3.059650e-03	1.674128e+01
8.309096e+01	3.038899e+00	2.682602e-03	1.976200e+01
9.555461e+01	2.849393e+00	2.384514e-03	2.346518e+01
1.098878e+02	2.668369e+00	2.121529e-03	2.803268e+01
1.263710e+02	2.488741e+00	1.878615e-03	3.366890e+01
1.453266e+02	2.312777e+00	1.663486e-03	4.065436e+01
1.671256e+02	2.140918e+00	1.453308e-03	4.935242e+01
1.921945e+02	1.976438e+00	1.286666e-03	6.022415e+01
2.210236e+02	1.819436e+00	1.128349e-03	7.385650e+01
2.541772e+02	1.666037e+00	1.000002e-03	9.104144e+01
2.923037e+02	1.521385e+00	8.831357e-04	1.128357e+02
3.361493e+02	1.391272e+00	7.789294e-04	1.405025e+02
3.865717e+02	1.273922e+00	6.908429e-04	1.755356e+02
4.445574e+02	1.163160e+00	6.038840e-04	2.199801e+02
5.112411e+02	1.058883e+00	5.410138e-04	2.765342e+02
5.879272e+02	9.614259e-01	4.775806e-04	3.486874e+02
6.761163e+02	8.709069e-01	4.191345e-04	4.409387e+02
7.775337e+02	7.874693e-01	3.711900e-04	5.590591e+02
8.941638e+02	7.100235e-01	3.211264e-04	7.105580e+02
1.028288e+03	6.390422e-01	2.879393e-04	9.052273e+02
1.182532e+03	5.748867e-01	2.529633e-04	1.155456e+03
1.359911e+03	5.176368e-01	2.216588e-04	1.476682e+03
1.563898e+03	4.656364e-01	1.956754e-04	1.888736e+03
1.798483e+03	4.187097e-01	1.689982e-04	2.417319e+03
2.068255e+03	3.766219e-01	1.496279e-04	3.095051e+03
2.378493e+03	3.388808e-01	1.303707e-04	3.963423e+03
2.735268e+03	3.050446e-01	1.142125e-04	5.074964e+03
3.145558e+03	2.748826e-01	1.009146e-04	6.495982e+03
3.617391e+03	2.480974e-01	8.782071e-05	8.309965e+03
4.160000e+03	2.242753e-01	7.748218e-05	1.062152e+04
4.784000e+03	2.031260e-01	6.776001e-05	1.356110e+04
5.501600e+03	1.844437e-01	5.985586e-05	1.729059e+04
6.326840e+03	1.679487e-01	5.246869e-05	2.200967e+04
7.275866e+03	1.533886e-01	4.592875e-05	2.796302e+04
8.367246e+03	1.405965e-01	0.000000e+00	3.544827e+04
9.622333e+03	1.293895e-01	0.000000e+00	4.482455e+04
