# Energy_MeV	dEdx_Elec_MeV_um	dEdx_Nucl_MeV_um	Range_um
1.000000e-05	2.130135e-03	2.872181e-02	7.010273e-03
1.150000e-05	2.297106e-03	3.141690e-02	7.517680e-03
1.322500e-05	2.476094e-03	3.427096e-02	8.061814e-03
1.520875e-05	2.667974e-03	3.730904e-02	8.645332e-03
1.749006e-05	2.873685e-03	4.066619e-02	9.271086e-03
2.011357e-05	3.094232e-03	4.414469e-02	9.942132e-03
2.313061e-05	3.330693e-03	4.797937e-02	1.066175e-02
2.660020e-05	3.584225e-03	5.186721e-02	1.143345e-02
3.059023e-05	3.856065e-03	5.622704e-02	1.226101e-02
3.517876e-05	4.147544e-03	6.080923e-02	1.314847e-02
4.045558e-05	4.460083e-03	6.565077e-02	1.410016e-02
4.652391e-05	4.795212e-03	7.090260e-02	1.512074e-02
5.350250e-05	5.154567e-03	7.606988e-02	1.621519e-02
6.152788e-05	5.539904e-03	8.187174e-02	1.738885e-02
7.075706e-05	5.953106e-03	8.782529e-02	1.864747e-02
8.137062e-05	6.396192e-03	9.406075e-02	1.999718e-02
9.357621e-05	6.871326e-03	1.007678e-01	2.144459e-02
1.076126e-04	7.380829e-03	1.074541e-01	2.299676e-02
1.237545e-04	7.927192e-03	1.144859e-01	2.466127e-02
1.423177e-04	8.513082e-03	1.215895e-01	2.644627e-02
1.636654e-04	9.141363e-03	1.288300e-01	2.836046e-02
1.882152e-04	9.815104e-03	1.363804e-01	3.041321e-02
2.164475e-04	1.053760e-02	1.438946e-01	3.261453e-02
2.489146e-04	1.131237e-02	1.512224e-01	3.497519e-02
2.862518e-04	1.214321e-02	1.586863e-01	3.750671e-02
3.291895e-04	1.303417e-02	1.664645e-01	4.022147e-02
3.785680e-04	1.398961e-02	1.736416e-01	4.313272e-02
4.353531e-04	1.501420e-02	1.815784e-01	4.625469e-02
5.006561e-04	1.611294e-02	1.881701e-01	4.960263e-02
5.757545e-04	1.729120e-02	1.951045e-01	5.319289e-02
6.621177e-04	1.855473e-02	2.020026e-01	5.704302e-02
7.614354e-04	1.990971e-02	2.080000e-01	6.117183e-02
8.756507e-04	2.136275e-02	2.146452e-01	6.559948e-02
1.006998e-03	2.292097e-02	2.199608e-01	7.034760e-02
1.158048e-03	2.459196e-02	2.254466e-01	7.543940e-02
1.331755e-03	2.638389e-02	2.301474e-01	8.089974e-02
1.531519e-03	2.830552e-02	2.343122e-01	8.675531e-02
1.761246e-03	3.036623e-02	2.384271e-01	9.303471e-02
2.025433e-03	3.257609e-02	2.415619e-01	9.976861e-02
2.329248e-03	3.494590e-02	2.446979e-01	1.069899e-01
2.678635e-03	3.748723e-02	2.468310e-01	1.147339e-01
3.080431e-03	4.021251e-02	2.489700e-01	1.230225e-01
3.542495e-03	4.313503e-02	2.504944e-01	1.319487e-01
4.073870e-03	4.626909e-02	2.515554e-01	1.414966e-01
4.684950e-03	4.962999e-02	2.522708e-01	1.517390e-01
5.387693e-03	5.323414e-02	2.520383e-01	1.627216e-01
6.195847e-03	5.709917e-02	2.515964e-01	1.744992e-01
7.125224e-03	6.124395e-02	2.504515e-01	1.871294e-01
8.194007e-03	6.568873e-02	2.487575e-01	2.006736e-01
9.423108e-03	7.045522e-02	2.465425e-01	2.151982e-01
1.083657e-02	7.556671e-02	2.435477e-01	2.307741e-01
1.246206e-02	8.104816e-02	2.399974e-01	2.474775e-01
1.433137e-02	8.692637e-02	2.357962e-01	2.653898e-01
1.648108e-02	9.323005e-02	2.309619e-01	2.845986e-01
1.895324e-02	9.998999e-02	2.255244e-01	3.051977e-01
2.179622e-02	1.072392e-01	2.194943e-01	3.272879e-01
2.506566e-02	1.150131e-01	2.131723e-01	3.509770e-01
2.882550e-02	1.233497e-01	2.062043e-01	3.763806e-01
3.314933e-02	1.322897e-01	1.985964e-01	4.036229e-01
3.812173e-02	1.418768e-01	1.909963e-01	4.328371e-01
4.383999e-02	1.521579e-01	1.824033e-01	4.641659e-01
5.041599e-02	1.631830e-01	1.746038e-01	4.977623e-01
5.797838e-02	1.750062e-01	1.660190e-01	5.337904e-01
6.667514e-02	1.876851e-01	1.571371e-01	5.724260e-01
7.667641e-02	2.012817e-01	1.488540e-01	6.138583e-01
8.817787e-02	2.158625e-01	1.394808e-01	6.582896e-01
1.014046e-01	2.314986e-01	1.313474e-01	7.059367e-01
1.166152e-01	2.482665e-01	1.226110e-01	7.570324e-01
1.341075e-01	2.662480e-01	1.144812e-01	8.118264e-01
1.542237e-01	2.855311e-01	1.068350e-01	8.705867e-01
1.773572e-01	3.062099e-01	9.876740e-02	9.336005e-01
2.039608e-01	3.283854e-01	9.186923e-02	1.001173e+00
2.345549e-01	3.521660e-01	8.460894e-02	1.073645e+00
2.697381e-01	3.776678e-01	7.851825e-02	1.151335e+00
3.101989e-01	4.050170e-01	7.201125e-02	1.235025e+00
3.567287e-01	4.343457e-01	6.641659e-02	1.325658e+00
4.102380e-01	4.657972e-01	6.153199e-02	1.423819e+00
4.717737e-01	4.995252e-01	5.670709e-02	1.530248e+00
5.425397e-01	5.356944e-01	5.230508e-02	1.645755e+00
6.239207e-01	5.744793e-01	4.724276e-02	1.743760e+00
7.175088e-01	6.125284e-01	4.233479e-02	1.812284e+00
8.251351e-01	6.513218e-01	3.789274e-02	1.879877e+00
9.489054e-01	7.090640e-01	3.382329e-02	1.946410e+00
1.091241e+00	7.768898e-01	3.055969e-02	2.011912e+00
1.254927e+00	8.481905e-01	2.751859e-02	2.076611e+00
1.443166e+00	9.241651e-01	2.481343e-02	2.140995e+00
1.659641e+00	1.005985e+00	2.236592e-02	2.205868e+00
1.908588e+00	1.086783e+00	2.008738e-02	2.272417e+00
2.194876e+00	1.172588e+00	1.801917e-02	2.342252e+00
2.524107e+00	1.253360e+00	1.627105e-02	2.417522e+00
2.902723e+00	1.324766e+00	1.459779e-02	2.500961e+00
3.338132e+00	1.391270e+00	1.302107e-02	2.595949e+00
3.838852e+00	1.459530e+00	1.174283e-02	2.706602e+00
4.414679e+00	1.528308e+00	1.030873e-02	2.837823e+00
5.076881e+00	1.584434e+00	9.350907e-03	2.995394e+00
5.838413e+00	1.633204e+00	8.319642e-03	3.186024e+00
6.714175e+00	1.680204e+00	7.387395e-03	3.417430e+00
7.721302e+00	1.711477e+00	6.644650e-03	3.698426e+00
8.879497e+00	1.742098e+00	5.798964e-03	4.039069e+00
1.021142e+01	1.767115e+00	5.215678e-03	4.450877e+00
1.174313e+01	1.782685e+00	4.597843e-03	4.947225e+00
1.350460e+01	1.793852e+00	4.092657e-03	5.543898e+00
1.553030e+01	1.790864e+00	3.656736e-03	6.259906e+00
1.785984e+01	1.782437e+00	3.217442e-03	7.118567e+00
2.053882e+01	1.765284e+00	2.888916e-03	8.148901e+00
2.361964e+01	1.737964e+00	2.547949e-03	9.387402e+00
2.716258e+01	1.703553e+00	2.291852e-03	1.088027e+01
3.123697e+01	1.659658e+00	2.025174e-03	1.268624e+01
3.592252e+01	1.609576e+00	1.801154e-03	1.488016e+01
4.131089e+01	1.552452e+00	1.590599e-03	1.755760e+01
4.750753e+01	1.489808e+00	1.400711e-03	2.084043e+01
5.463366e+01	1.578328e+00	1.253865e-03	2.488494e+01
6.282871e+01	1.460632e+00	1.103171e-03	2.988730e+01
7.225301e+01	1.353405e+00	9.798414e-04	3.612191e+01
8.309096e+01	1.250412e+00	8.624877e-04	4.391023e+01
9.555461e+01	1.151445e+00	7.565518e-04	5.365839e+01
1.098878e+02	1.055890e+00	6.678593e-04	6.590790e+01
1.263710e+02	9.653031e-01	5.889445e-04	8.135988e+01
1.453266e+02	8.803935e-01	5.204549e-04	1.009004e+02
1.671256e+02	7.999775e-01	4.603686e-04	1.256866e+02
1.921945e+02	7.237551e-01	4.064175e-04	1.572913e+02
2.210236e+02	6.533007e-01	3.577071e-04	1.977313e+02
2.541772e+02	5.928537e-01	3.185466e-04	2.493619e+02
2.923037e+02	5.370774e-01	2.808638e-04	3.151650e+02
3.361493e+02	4.854494e-01	2.464980e-04	3.991938e+02
3.865717e+02	4.378384e-01	2.195515e-04	5.066935e+02
4.445574e+02	3.941942e-01	1.887756e-04	6.444411e+02
5.112411e+02	3.544694e-01	1.698213e-04	8.211194e+02
5.879272e+02	3.183536e-01	1.486761e-04	1.047890e+03
6.761163e+02	2.853191e-01	1.303307e-04	1.339336e+03
7.775337e+02	2.555915e-01	1.158261e-04	1.714213e+03
8.941638e+02	2.293195e-01	9.933114e-05	2.195977e+03
1.028288e+03	2.058521e-01	8.836954e-05	2.814084e+03
1.182532e+03	1.847406e-01	7.670081e-05	3.606819e+03
1.359911e+03	1.658428e-01	6.749400e-05	4.623182e+03
1.563898e+03	1.489705e-01	5.952476e-05	5.925469e+03
1.798483e+03	1.339215e-01	5.159018e-05	7.592773e+03
2.068255e+03	1.205190e-01	4.580082e-05	9.725135e+03
2.378493e+03	1.086123e-01	0.000000e+00	1.244875e+04
2.735268e+03	9.804563e-02	0.000000e+00	1.592228e+04
3.145558e+03	8.867021e-02	0.000000e+00	2.034409e+04
3.617391e+03	8.037425e-02	0.000000e+00	2.596116e+04
4.160000e+03	7.305081e-02	0.000000e+00	3.307917e+04
4.784000e+03	6.658743e-02	0.000000e+00	4.207412e+04
5.501600e+03	6.089479e-02	0.000000e+00	5.340529e+04
6.326840e+03	5.589870e-02	0.000000e+00	6.762946e+04
7.275866e+03	5.152159e-02	0.000000e+00	8.541593e+04
8.367246e+03	4.769419e-02	0.000000e+00	1.075621e+05
9.622333e+03	4.436474e-02	0.000000e+00	1.350090e+05
