# Energy_MeV	dEdx_Elec_MeV_um	dEdx_Nucl_MeV_um	Range_um
1.000000e-05	2.585078e-03	2.406390e-02	6.021023e-03
1.150000e-05	2.790758e-03	2.621639e-02	6.456828e-03
1.322500e-05	3.011206e-03	2.852639e-02	6.924177e-03
1.520875e-05	3.247502e-03	3.099561e-02	7.425352e-03
1.749006e-05	3.500802e-03	3.354720e-02	7.962803e-03
2.011357e-05	3.772344e-03	3.633471e-02	8.539155e-03
2.313061e-05	4.063456e-03	3.941833e-02	9.157224e-03
2.660020e-05	4.375562e-03	4.246322e-02	9.820029e-03
3.059023e-05	4.710187e-03	4.596484e-02	1.053081e-02
3.517876e-05	5.068967e-03	4.932201e-02	1.129303e-02
4.045558e-05	5.453654e-03	5.305698e-02	1.211043e-02
4.652391e-05	5.866130e-03	5.710680e-02	1.298699e-02
5.350250e-05	6.308410e-03	6.102460e-02	1.392699e-02
6.152788e-05	6.782654e-03	6.552470e-02	1.493504e-02
7.075706e-05	7.291179e-03	6.985933e-02	1.601604e-02
8.137062e-05	7.836472e-03	7.450448e-02	1.717529e-02
9.357621e-05	8.421195e-03	7.925321e-02	1.841845e-02
1.076126e-04	9.048205e-03	8.401092e-02	1.975158e-02
1.237545e-04	9.720566e-03	8.910847e-02	2.118122e-02
1.423177e-04	1.044156e-02	9.393749e-02	2.271432e-02
1.636654e-04	1.121472e-02	9.893870e-02	2.435840e-02
1.882152e-04	1.204381e-02	1.037813e-01	2.612147e-02
2.164475e-04	1.293288e-02	1.091130e-01	2.801216e-02
2.489146e-04	1.388629e-02	1.139282e-01	3.003969e-02
2.862518e-04	1.490868e-02	1.188947e-01	3.221398e-02
3.291895e-04	1.600506e-02	1.238702e-01	3.454565e-02
3.785680e-04	1.718077e-02	1.282033e-01	3.704608e-02
4.353531e-04	1.844156e-02	1.330904e-01	3.972749e-02
5.006561e-04	1.979360e-02	1.371708e-01	4.260299e-02
5.757545e-04	2.124348e-02	1.413181e-01	4.568662e-02
6.621177e-04	2.279829e-02	1.454350e-01	4.899344e-02
7.614354e-04	2.446563e-02	1.489959e-01	5.253961e-02
8.756507e-04	2.625364e-02	1.523633e-01	5.634245e-02
1.006998e-03	2.817106e-02	1.552232e-01	6.042055e-02
1.158048e-03	3.022724e-02	1.579910e-01	6.479382e-02
1.331755e-03	3.243225e-02	1.604266e-01	6.948363e-02
1.531519e-03	3.479685e-02	1.625385e-01	7.451289e-02
1.761246e-03	3.733259e-02	1.641852e-01	7.989380e-02
2.025433e-03	4.005186e-02	1.656364e-01	8.569256e-02
2.329248e-03	4.296795e-02	1.669587e-01	9.189354e-02
2.678635e-03	4.609510e-02	1.676015e-01	9.854572e-02
3.080431e-03	4.944858e-02	1.683310e-01	1.056781e-01
3.542495e-03	5.304479e-02	1.683069e-01	1.133270e-01
4.073870e-03	5.690129e-02	1.681149e-01	1.215295e-01
4.684950e-03	6.103692e-02	1.676146e-01	1.303257e-01
5.387693e-03	6.547188e-02	1.665272e-01	1.397586e-01
6.195847e-03	7.022785e-02	1.652671e-01	1.498742e-01
7.125224e-03	7.532805e-02	1.634392e-01	1.607220e-01
8.194007e-03	8.079740e-02	1.612369e-01	1.723550e-01
9.423108e-03	8.666262e-02	1.586066e-01	1.848301e-01
1.083657e-02	9.295236e-02	1.555681e-01	1.982080e-01
1.246206e-02	9.969736e-02	1.520686e-01	2.125542e-01
1.433137e-02	1.069306e-01	1.482596e-01	2.279388e-01
1.648108e-02	1.146873e-01	1.441094e-01	2.444370e-01
1.895324e-02	1.230055e-01	1.396832e-01	2.621294e-01
2.179622e-02	1.319257e-01	1.346776e-01	2.811022e-01
2.506566e-02	1.414916e-01	1.296909e-01	3.014483e-01
2.882550e-02	1.517499e-01	1.242923e-01	3.232672e-01
3.314933e-02	1.627507e-01	1.187708e-01	3.466654e-01
3.812173e-02	1.745477e-01	1.133877e-01	3.717571e-01
4.383999e-02	1.871986e-01	1.073163e-01	3.986648e-01
5.041599e-02	2.007652e-01	1.017933e-01	4.275201e-01
5.797838e-02	2.153137e-01	9.592173e-02	4.584642e-01
6.667514e-02	2.309152e-01	8.999093e-02	4.916480e-01
7.667641e-02	2.476460e-01	8.431436e-02	5.272335e-01
8.817787e-02	2.655878e-01	7.875320e-02	5.653947e-01
1.014046e-01	2.848282e-01	7.359168e-02	6.063181e-01
1.166152e-01	3.054613e-01	6.831771e-02	6.502032e-01
1.341075e-01	3.275878e-01	6.332308e-02	6.972688e-01
1.542237e-01	3.513158e-01	5.849171e-02	7.477217e-01
1.773572e-01	3.767628e-01	5.423935e-02	8.019722e-01
2.039608e-01	4.040522e-01	4.992237e-02	8.606899e-01
2.345549e-01	4.333169e-01	4.569734e-02	9.242772e-01
2.697381e-01	4.646997e-01	4.267747e-02	9.932055e-01
3.101989e-01	4.983541e-01	3.920462e-02	1.067991e+00
3.567287e-01	5.344407e-01	3.613183e-02	1.130218e+00
4.102380e-01	5.713409e-01	3.293133e-02	1.178130e+00
4.717737e-01	6.062166e-01	2.948104e-02	1.225681e+00
5.425397e-01	6.546815e-01	2.672972e-02	1.272744e+00
6.239207e-01	7.167966e-01	2.362559e-02	1.319290e+00
7.175088e-01	7.804425e-01	2.138224e-02	1.365415e+00
8.251351e-01	8.497005e-01	1.923521e-02	1.411383e+00
9.489054e-01	9.204809e-01	1.734467e-02	1.457668e+00
1.091241e+00	9.920960e-01	1.564166e-02	1.504976e+00
1.254927e+00	1.068629e+00	1.399111e-02	1.554330e+00
1.443166e+00	1.134155e+00	1.265374e-02	1.607101e+00
1.659641e+00	1.198429e+00	1.136626e-02	1.665050e+00
1.908588e+00	1.250346e+00	1.026581e-02	1.730392e+00
2.194876e+00	1.305017e+00	9.110683e-03	1.805842e+00
2.524107e+00	1.364211e+00	8.225842e-03	1.894680e+00
2.902723e+00	1.406603e+00	7.333771e-03	2.000796e+00
3.338132e+00	1.447349e+00	6.521161e-03	2.128740e+00
3.838852e+00	1.481727e+00	5.879943e-03	2.283791e+00
4.414679e+00	1.507173e+00	5.180098e-03	2.472021e+00
5.076881e+00	1.530329e+00	4.664621e-03	2.700397e+00
5.838413e+00	1.545639e+00	4.138808e-03	2.976940e+00
6.714175e+00	1.556399e+00	3.652999e-03	3.310971e+00
7.721302e+00	1.560358e+00	3.248143e-03	3.713499e+00
8.879497e+00	1.554198e+00	2.879292e-03	4.197764e+00
1.021142e+01	1.543074e+00	2.574094e-03	4.779985e+00
1.174313e+01	1.522509e+00	2.280349e-03	5.480333e+00
1.350460e+01	1.495450e+00	2.026539e-03	6.324180e+00
1.553030e+01	1.461010e+00	1.798343e-03	7.343681e+00
1.785984e+01	1.419973e+00	1.609035e-03	8.579784e+00
2.053882e+01	1.372871e+00	1.427089e-03	1.008478e+01
2.361964e+01	1.319807e+00	1.258999e-03	1.192560e+01
2.716258e+01	1.261993e+00	1.128155e-03	1.418776e+01
3.123697e+01	1.197983e+00	9.822783e-04	1.698164e+01
3.592252e+01	1.219611e+00	8.833232e-04	2.044458e+01
4.131089e+01	1.126867e+00	7.783953e-04	2.476690e+01
4.750753e+01	1.039116e+00	6.857222e-04	3.018413e+01
5.463366e+01	9.549946e-01	6.128103e-04	3.697879e+01
6.282871e+01	8.742461e-01	5.316703e-04	4.553282e+01
7.225301e+01	7.977125e-01	4.728351e-04	5.634174e+01
8.309096e+01	7.261734e-01	4.155616e-04	7.003438e+01
9.555461e+01	6.591321e-01	3.675770e-04	8.742129e+01
1.098878e+02	5.952559e-01	3.250129e-04	1.095987e+02
1.263710e+02	5.364166e-01	2.849218e-04	1.380063e+02
1.453266e+02	4.851250e-01	2.536449e-04	1.743525e+02
1.671256e+02	4.388878e-01	2.239685e-04	2.207180e+02
1.921945e+02	3.962411e-01	1.993394e-04	2.799399e+02
2.210236e+02	3.570292e-01	1.737469e-04	3.557130e+02
2.541772e+02	3.211739e-01	1.549479e-04	4.528076e+02
2.923037e+02	2.885730e-01	1.358288e-04	5.773464e+02
3.361493e+02	2.590800e-01	1.191265e-04	7.371754e+02
3.865717e+02	2.320874e-01	1.059932e-04	9.425132e+02
4.445574e+02	2.077990e-01	9.189743e-05	1.206596e+03
5.112411e+02	1.862402e-01	8.186980e-05	1.546071e+03
5.879272e+02	1.671343e-01	7.150968e-05	1.981712e+03
6.761163e+02	1.499562e-01	6.227822e-05	2.540364e+03
7.775337e+02	1.345770e-01	5.462109e-05	3.256638e+03
8.941638e+02	1.208484e-01	4.775043e-05	4.174479e+03
1.028288e+03	1.086059e-01	0.000000e+00	5.349765e+03
1.182532e+03	9.770366e-02	0.000000e+00	6.853229e+03
1.359911e+03	8.801486e-02	0.000000e+00	8.774155e+03
1.563898e+03	7.941576e-02	0.000000e+00	1.122492e+04
1.798483e+03	7.178522e-02	0.000000e+00	1.434620e+04
2.068255e+03	6.502796e-02	0.000000e+00	1.831336e+04
2.378493e+03	5.906046e-02	0.000000e+00	2.334374e+04
2.735268e+03	5.379317e-02	0.000000e+00	2.970514e+04
3.145558e+03	4.915014e-02	0.000000e+00	3.772524e+04
3.617391e+03	4.507113e-02	0.000000e+00	4.780201e+04
4.160000e+03	4.149655e-02	0.000000e+00	6.041492e+04
4.784000e+03	3.836993e-02	0.000000e+00	7.613649e+04
5.501600e+03	3.564686e-02	0.000000e+00	9.564397e+04
6.326840e+03	3.328744e-02	0.000000e+00	1.197305e+05
7.275866e+03	3.125111e-02	0.000000e+00	1.493157e+05
8.367246e+03	2.950401e-02	0.000000e+00	1.854547e+05
9.622333e+03	2.801886e-02	0.000000e+00	2.293456e+05
