# Energy_MeV	dEdx_Elec_MeV_um	dEdx_Nucl_MeV_um	Range_um
1.000000e-05	2.726891e-03	2.578364e-02	5.055845e-03
1.150000e-05	2.948496e-03	2.815059e-02	5.421790e-03
1.322500e-05	3.185951e-03	3.065362e-02	5.814222e-03
1.520875e-05	3.440418e-03	3.339541e-02	6.235058e-03
1.749006e-05	3.713145e-03	3.632618e-02	6.686355e-03
2.011357e-05	4.005467e-03	3.948148e-02	7.170317e-03
2.313061e-05	4.318814e-03	4.271433e-02	7.689308e-03
2.660020e-05	4.654719e-03	4.627692e-02	8.245865e-03
3.059023e-05	5.014824e-03	5.017453e-02	8.842705e-03
3.517876e-05	5.400891e-03	5.406643e-02	9.482744e-03
4.045558e-05	5.814807e-03	5.853675e-02	1.016911e-02
4.652391e-05	6.258595e-03	6.277861e-02	1.090516e-02
5.350250e-05	6.734423e-03	6.755295e-02	1.169448e-02
6.152788e-05	7.244618e-03	7.265918e-02	1.254093e-02
7.075706e-05	7.791672e-03	7.766746e-02	1.344865e-02
8.137062e-05	8.378258e-03	8.339516e-02	1.442207e-02
9.357621e-05	9.007243e-03	8.888696e-02	1.546595e-02
1.076126e-04	9.681700e-03	9.480315e-02	1.658538e-02
1.237545e-04	1.040492e-02	1.008031e-01	1.778584e-02
1.423177e-04	1.118045e-02	1.068492e-01	1.907319e-02
1.636654e-04	1.201206e-02	1.133301e-01	2.045371e-02
1.882152e-04	1.290383e-02	1.194564e-01	2.193416e-02
2.164475e-04	1.386010e-02	1.258077e-01	2.352177e-02
2.489146e-04	1.488556e-02	1.319416e-01	2.522429e-02
2.862518e-04	1.598521e-02	1.386808e-01	2.705004e-02
3.291895e-04	1.716442e-02	1.447788e-01	2.900793e-02
3.785680e-04	1.842896e-02	1.511312e-01	3.110754e-02
4.353531e-04	1.978499e-02	1.573432e-01	3.335912e-02
5.006561e-04	2.123916e-02	1.628864e-01	3.577367e-02
5.757545e-04	2.279855e-02	1.690387e-01	3.836299e-02
6.621177e-04	2.447080e-02	1.741960e-01	4.113972e-02
7.614354e-04	2.626406e-02	1.795025e-01	4.411744e-02
8.756507e-04	2.818710e-02	1.846280e-01	4.731068e-02
1.006998e-03	3.024932e-02	1.891826e-01	5.073505e-02
1.158048e-03	3.246078e-02	1.933913e-01	5.440728e-02
1.331755e-03	3.483230e-02	1.970208e-01	5.834531e-02
1.531519e-03	3.737546e-02	2.005095e-01	6.256838e-02
1.761246e-03	4.010268e-02	2.035400e-01	6.706424e-02
2.025433e-03	4.302728e-02	2.062273e-01	7.194243e-02
2.329248e-03	4.616356e-02	2.082649e-01	7.716377e-02
2.678635e-03	4.952683e-02	2.101236e-01	8.274857e-02
3.080431e-03	5.313353e-02	2.117263e-01	8.873777e-02
3.542495e-03	5.700128e-02	2.125521e-01	9.516062e-02
4.073870e-03	6.114897e-02	2.134655e-01	1.020482e-01
4.684950e-03	6.559686e-02	2.133826e-01	1.094344e-01
5.387693e-03	7.036669e-02	2.131412e-01	1.173551e-01
6.195847e-03	7.548175e-02	2.124435e-01	1.258493e-01
7.125224e-03	8.096703e-02	2.110574e-01	1.349582e-01
8.194007e-03	8.684934e-02	2.094433e-01	1.447264e-01
9.423108e-03	9.315741e-02	2.070773e-01	1.552016e-01
1.083657e-02	9.992205e-02	2.042639e-01	1.664350e-01
1.246206e-02	1.071763e-01	2.008930e-01	1.784816e-01
1.433137e-02	1.149557e-01	1.970089e-01	1.914000e-01
1.648108e-02	1.232981e-01	1.925487e-01	2.052535e-01
1.895324e-02	1.322443e-01	1.876848e-01	2.201097e-01
2.179622e-02	1.418380e-01	1.824020e-01	2.360412e-01
2.506566e-02	1.521262e-01	1.767620e-01	2.531259e-01
2.882550e-02	1.631590e-01	1.704018e-01	2.714472e-01
3.314933e-02	1.749903e-01	1.640667e-01	2.910944e-01
3.812173e-02	1.876781e-01	1.571654e-01	3.121638e-01
4.383999e-02	2.012841e-01	1.502181e-01	3.347584e-01
5.041599e-02	2.158750e-01	1.433349e-01	3.589883e-01
5.797838e-02	2.315220e-01	1.356579e-01	3.849719e-01
6.667514e-02	2.483015e-01	1.286576e-01	4.128361e-01
7.667641e-02	2.662955e-01	1.211487e-01	4.427172e-01
8.817787e-02	2.855919e-01	1.137123e-01	4.747614e-01
1.014046e-01	3.062850e-01	1.064818e-01	5.091247e-01
1.166152e-01	3.284759e-01	9.946019e-02	5.459754e-01
1.341075e-01	3.522730e-01	9.289999e-02	5.854924e-01
1.542237e-01	3.777925e-01	8.622053e-02	6.278701e-01
1.773572e-01	4.051600e-01	7.995342e-02	6.733292e-01
2.039608e-01	4.345102e-01	7.382834e-02	7.224124e-01
2.345549e-01	4.659848e-01	6.846557e-02	7.755733e-01
2.697381e-01	4.997375e-01	6.294280e-02	8.331708e-01
3.101989e-01	5.359332e-01	5.771430e-02	8.956348e-01
3.567287e-01	5.747490e-01	5.384550e-02	9.634532e-01
4.102380e-01	6.163699e-01	4.939637e-02	1.021248e+00
4.717737e-01	6.553285e-01	4.560658e-02	1.058177e+00
5.425397e-01	7.003818e-01	4.151864e-02	1.094371e+00
6.239207e-01	7.670648e-01	3.717683e-02	1.129792e+00
7.175088e-01	8.399990e-01	3.365294e-02	1.164506e+00
8.251351e-01	9.197394e-01	2.970319e-02	1.198703e+00
9.489054e-01	1.002223e+00	2.694662e-02	1.232726e+00
1.091241e+00	1.092607e+00	2.421710e-02	1.267103e+00
1.254927e+00	1.184996e+00	2.186190e-02	1.302582e+00
1.443166e+00	1.278876e+00	1.971329e-02	1.340167e+00
1.659641e+00	1.376078e+00	1.761929e-02	1.381133e+00
1.908588e+00	1.451776e+00	1.593941e-02	1.427116e+00
2.194876e+00	1.532325e+00	1.430778e-02	1.480103e+00
2.524107e+00	1.617409e+00	1.292930e-02	1.542475e+00
2.902723e+00	1.693162e+00	1.148092e-02	1.617057e+00
3.338132e+00	1.765198e+00	1.036524e-02	1.707128e+00
3.838852e+00	1.820142e+00	9.223339e-03	1.816484e+00
4.414679e+00	1.874028e+00	8.221825e-03	1.949444e+00
5.076881e+00	1.917075e+00	7.400982e-03	2.110904e+00
5.838413e+00	1.954469e+00	6.525954e-03	2.306431e+00
6.714175e+00	1.990592e+00	5.876233e-03	2.542384e+00
7.721302e+00	2.009864e+00	5.203120e-03	2.826146e+00
8.879497e+00	2.024614e+00	4.603086e-03	3.166451e+00
1.021142e+01	2.028341e+00	4.088729e-03	3.573853e+00
1.174313e+01	2.021381e+00	3.625896e-03	4.061325e+00
1.350460e+01	2.007855e+00	3.238557e-03	4.645041e+00
1.553030e+01	1.979842e+00	2.868873e-03	5.345349e+00
1.785984e+01	1.944005e+00	2.553108e-03	6.187991e+00
2.053882e+01	1.897712e+00	2.264056e-03	7.205649e+00
2.361964e+01	1.844686e+00	2.026941e-03	8.439885e+00
2.716258e+01	1.783976e+00	1.794058e-03	9.943641e+00
3.123697e+01	1.715551e+00	1.586881e-03	1.178456e+01
3.592252e+01	1.830830e+00	1.419371e-03	1.404777e+01
4.131089e+01	1.700565e+00	1.234451e-03	1.684445e+01
4.750753e+01	1.578748e+00	1.112276e-03	2.032554e+01
5.463366e+01	1.460848e+00	9.779417e-04	2.466143e+01
6.282871e+01	1.346978e+00	8.641764e-04	3.008042e+01
7.225301e+01	1.237065e+00	7.708299e-04	3.688110e+01
8.309096e+01	1.132845e+00	6.677499e-04	4.544729e+01
9.555461e+01	1.034823e+00	5.950080e-04	5.626519e+01
1.098878e+02	9.408861e-01	5.222136e-04	6.998099e+01
1.263710e+02	8.525416e-01	4.627173e-04	8.746931e+01
1.453266e+02	7.722600e-01	4.091333e-04	1.098120e+02
1.671256e+02	7.020292e-01	3.582866e-04	1.382714e+02
1.921945e+02	6.366781e-01	3.191212e-04	1.745231e+02
2.210236e+02	5.760156e-01	2.815197e-04	2.208073e+02
2.541772e+02	5.199941e-01	2.507728e-04	2.800164e+02
2.923037e+02	4.685500e-01	2.187444e-04	3.558831e+02
3.361493e+02	4.216729e-01	1.950665e-04	4.531861e+02
3.865717e+02	3.787637e-01	1.705882e-04	5.781015e+02
4.445574e+02	3.396606e-01	1.500840e-04	7.387021e+02
5.112411e+02	3.044413e-01	1.332691e-04	9.452674e+02
5.879272e+02	2.734946e-01	1.156762e-04	1.210603e+03
6.761163e+02	2.455760e-01	1.030476e-04	1.550971e+03
7.775337e+02	2.204574e-01	8.978329e-05	1.987536e+03
8.941638e+02	1.979844e-01	7.841496e-05	2.547205e+03
1.028288e+03	1.779108e-01	6.868891e-05	3.264224e+03
1.182532e+03	1.599986e-01	6.007924e-05	4.182002e+03
1.359911e+03	1.440512e-01	5.297089e-05	5.355385e+03
1.563898e+03	1.298906e-01	4.626196e-05	6.853509e+03
1.798483e+03	1.173221e-01	0.000000e+00	8.763141e+03
2.068255e+03	1.061757e-01	0.000000e+00	1.119262e+04
2.378493e+03	9.632248e-02	0.000000e+00	1.427661e+04
2.735268e+03	8.762626e-02	0.000000e+00	1.818145e+04
3.145558e+03	7.995396e-02	0.000000e+00	2.311134e+04
3.617391e+03	7.320531e-02	0.000000e+00	2.931514e+04
4.160000e+03	6.728818e-02	0.000000e+00	3.709378e+04
4.784000e+03	6.210416e-02	0.000000e+00	4.680799e+04
5.501600e+03	5.757497e-02	0.000000e+00	5.888633e+04
6.326840e+03	5.364187e-02	0.000000e+00	7.383297e+04
7.275866e+03	5.024145e-02	0.000000e+00	9.223513e+04
8.367246e+03	4.731392e-02	0.000000e+00	1.147696e+05
9.622333e+03	4.481469e-02	0.000000e+00	1.422085e+05
