# Energy_MeV	dEdx_Elec_MeV_um	dEdx_Nucl_MeV_um	Range_um
1.000000e-05	2.028722e-03	2.924247e-02	7.392284e-03
1.150000e-05	2.187017e-03	3.195800e-02	7.927342e-03
1.322500e-05	2.356713e-03	3.489028e-02	8.501127e-03
1.520875e-05	2.538637e-03	3.803379e-02	9.116443e-03
1.749006e-05	2.733681e-03	4.140216e-02	9.776296e-03
2.011357e-05	2.942798e-03	4.504545e-02	1.048391e-02
2.313061e-05	3.167009e-03	4.895565e-02	1.124274e-02
2.660020e-05	3.407410e-03	5.299542e-02	1.205650e-02
3.059023e-05	3.665176e-03	5.741594e-02	1.292915e-02
3.517876e-05	3.941567e-03	6.219778e-02	1.386497e-02
4.045558e-05	4.237934e-03	6.709605e-02	1.486852e-02
4.652391e-05	4.555723e-03	7.265375e-02	1.594472e-02
5.350250e-05	4.896489e-03	7.793717e-02	1.709880e-02
6.152788e-05	5.261895e-03	8.386953e-02	1.833642e-02
7.075706e-05	5.653727e-03	9.014928e-02	1.966362e-02
8.137062e-05	6.073900e-03	9.643793e-02	2.108689e-02
9.357621e-05	6.524466e-03	1.035778e-01	2.261317e-02
1.076126e-04	7.007627e-03	1.103508e-01	2.424992e-02
1.237545e-04	7.525743e-03	1.178326e-01	2.600514e-02
1.423177e-04	8.081345e-03	1.252689e-01	2.788741e-02
1.636654e-04	8.677147e-03	1.327003e-01	2.990591e-02
1.882152e-04	9.316061e-03	1.408031e-01	3.207052e-02
2.164475e-04	1.000121e-02	1.484009e-01	3.439180e-02
2.489146e-04	1.073593e-02	1.565699e-01	3.688110e-02
2.862518e-04	1.152383e-02	1.640255e-01	3.955057e-02
3.291895e-04	1.236875e-02	1.721407e-01	4.241326e-02
3.785680e-04	1.327481e-02	1.800271e-01	4.548316e-02
4.353531e-04	1.424644e-02	1.879577e-01	4.877525e-02
5.006561e-04	1.528839e-02	1.957143e-01	5.230563e-02
5.757545e-04	1.640576e-02	2.026455e-01	5.609154e-02
6.621177e-04	1.760399e-02	2.099776e-01	6.015147e-02
7.614354e-04	1.888894e-02	2.167228e-01	6.450527e-02
8.756507e-04	2.026689e-02	2.233666e-01	6.917419e-02
1.006998e-03	2.174458e-02	2.296699e-01	7.418106e-02
1.158048e-03	2.332921e-02	2.353570e-01	7.955032e-02
1.331755e-03	2.502854e-02	2.405732e-01	8.530822e-02
1.531519e-03	2.685086e-02	2.453043e-01	9.148287e-02
1.761246e-03	2.880508e-02	2.494920e-01	9.810445e-02
2.025433e-03	3.090074e-02	2.532951e-01	1.052053e-01
2.329248e-03	3.314808e-02	2.566838e-01	1.128201e-01
2.678635e-03	3.555808e-02	2.592443e-01	1.209861e-01
3.080431e-03	3.814252e-02	2.615920e-01	1.296871e-01
3.542495e-03	4.091401e-02	2.635189e-01	1.391100e-01
4.073870e-03	4.388611e-02	2.646491e-01	1.492090e-01
4.684950e-03	4.707332e-02	2.658467e-01	1.600076e-01
5.387693e-03	5.049123e-02	2.657097e-01	1.715889e-01
6.195847e-03	5.415652e-02	2.654507e-01	1.840085e-01
7.125224e-03	5.808711e-02	2.645543e-01	1.973268e-01
8.194007e-03	6.230219e-02	2.628831e-01	2.116091e-01
9.423108e-03	6.682236e-02	2.609108e-01	2.269252e-01
1.083657e-02	7.166970e-02	2.579461e-01	2.433499e-01
1.246206e-02	7.686789e-02	2.544926e-01	2.609635e-01
1.433137e-02	8.244233e-02	2.502836e-01	2.798519e-01
1.648108e-02	8.842025e-02	2.454771e-01	3.001074e-01
1.895324e-02	9.483086e-02	2.399271e-01	3.218290e-01
2.179622e-02	1.017055e-01	2.338997e-01	3.451230e-01
2.506566e-02	1.090776e-01	2.272424e-01	3.701030e-01
2.882550e-02	1.169834e-01	2.202883e-01	3.968909e-01
3.314933e-02	1.254615e-01	2.125337e-01	4.256177e-01
3.812173e-02	1.345531e-01	2.044731e-01	4.564239e-01
4.383999e-02	1.443028e-01	1.958937e-01	4.894600e-01
5.041599e-02	1.547582e-01	1.871866e-01	5.248871e-01
5.797838e-02	1.659704e-01	1.786121e-01	5.628784e-01
6.667514e-02	1.779941e-01	1.693650e-01	6.036194e-01
7.667641e-02	1.908881e-01	1.603399e-01	6.473095e-01
8.817787e-02	2.047154e-01	1.509760e-01	6.941620e-01
1.014046e-01	2.195435e-01	1.417807e-01	7.444056e-01
1.166152e-01	2.354449e-01	1.327453e-01	7.982856e-01
1.341075e-01	2.524972e-01	1.240719e-01	8.560655e-01
1.542237e-01	2.707837e-01	1.156316e-01	9.180280e-01
1.773572e-01	2.903939e-01	1.075270e-01	9.844751e-01
2.039608e-01	3.114235e-01	9.969458e-02	1.055732e+00
2.345549e-01	3.339751e-01	9.194135e-02	1.132144e+00
2.697381e-01	3.581591e-01	8.529306e-02	1.214091e+00
3.101989e-01	3.840938e-01	7.838604e-02	1.301977e+00
3.567287e-01	4.119068e-01	7.179790e-02	1.396823e+00
4.102380e-01	4.417328e-01	6.687591e-02	1.499549e+00
4.717737e-01	4.737177e-01	6.141732e-02	1.610839e+00
5.425397e-01	5.080176e-01	5.702809e-02	1.731524e+00
6.239207e-01	5.448002e-01	5.198047e-02	1.862544e+00
7.175088e-01	5.842419e-01	4.623548e-02	1.957407e+00
8.251351e-01	6.213906e-01	4.178746e-02	2.033373e+00
9.489054e-01	6.626076e-01	3.687755e-02	2.108257e+00
1.091241e+00	7.248798e-01	3.359165e-02	2.181954e+00
1.254927e+00	7.931746e-01	3.010591e-02	2.254541e+00
1.443166e+00	8.669172e-01	2.717062e-02	2.326337e+00
1.659641e+00	9.428498e-01	2.457757e-02	2.397962e+00
1.908588e+00	1.025611e+00	2.193436e-02	2.470409e+00
2.194876e+00	1.107600e+00	1.986717e-02	2.545110e+00
2.524107e+00	1.191029e+00	1.776232e-02	2.623970e+00
2.902723e+00	1.274566e+00	1.608882e-02	2.709550e+00
3.338132e+00	1.339947e+00	1.438120e-02	2.805048e+00
3.838852e+00	1.407170e+00	1.290096e-02	2.914414e+00
4.414679e+00	1.477339e+00	1.146620e-02	3.042431e+00
5.076881e+00	1.541118e+00	1.023228e-02	3.194766e+00
5.838413e+00	1.599164e+00	9.200451e-03	3.378103e+00
6.714175e+00	1.643964e+00	8.176920e-03	3.600162e+00
7.721302e+00	1.687340e+00	7.312248e-03	3.869803e+00
8.879497e+00	1.719683e+00	6.466090e-03	4.197146e+00
1.021142e+01	1.747806e+00	5.737535e-03	4.593732e+00
1.174313e+01	1.773679e+00	5.084912e-03	5.072824e+00
1.350460e+01	1.785467e+00	4.523776e-03	5.649871e+00
1.553030e+01	1.793171e+00	4.017069e-03	6.343195e+00
1.785984e+01	1.790080e+00	3.575369e-03	7.174966e+00
2.053882e+01	1.778524e+00	3.182147e-03	8.172482e+00
2.361964e+01	1.760681e+00	2.809186e-03	9.369815e+00
2.716258e+01	1.730242e+00	2.522365e-03	1.080989e+01
3.123697e+01	1.693540e+00	2.232655e-03	1.254712e+01
3.592252e+01	1.648143e+00	1.975391e-03	1.465074e+01
4.131089e+01	1.596545e+00	1.764696e-03	1.720899e+01
4.750753e+01	1.537707e+00	1.531174e-03	2.033455e+01
5.463366e+01	1.473530e+00	1.383055e-03	2.417152e+01
6.282871e+01	1.548558e+00	1.217624e-03	2.890248e+01
7.225301e+01	1.434382e+00	1.075639e-03	3.476358e+01
8.309096e+01	1.328234e+00	9.582021e-04	4.207850e+01
9.555461e+01	1.226154e+00	8.300638e-04	5.121585e+01
1.098878e+02	1.127997e+00	7.413952e-04	6.266393e+01
1.263710e+02	1.033588e+00	6.491038e-04	7.706363e+01
1.453266e+02	9.443424e-01	5.742723e-04	9.524077e+01
1.671256e+02	8.607422e-01	5.099366e-04	1.182408e+02
1.921945e+02	7.810990e-01	4.462947e-04	1.474469e+02
2.210236e+02	7.062733e-01	3.975957e-04	1.847344e+02
2.541772e+02	6.381332e-01	3.495246e-04	2.324431e+02
2.923037e+02	5.790531e-01	3.118264e-04	2.933015e+02
3.361493e+02	5.242695e-01	2.742755e-04	3.708918e+02
3.865717e+02	4.736119e-01	2.426322e-04	4.700203e+02
4.445574e+02	4.269786e-01	2.118286e-04	5.968898e+02
5.112411e+02	3.842790e-01	1.866994e-04	7.595060e+02
5.879272e+02	3.454753e-01	1.655378e-04	9.681145e+02
6.761163e+02	3.100874e-01	1.450702e-04	1.235935e+03
7.775337e+02	2.778697e-01	1.281624e-04	1.580249e+03
8.941638e+02	2.489030e-01	1.114691e-04	2.023107e+03
1.028288e+03	2.234444e-01	9.772971e-05	2.591995e+03
1.182532e+03	2.005601e-01	8.525504e-05	3.321717e+03
1.359911e+03	1.799954e-01	7.494974e-05	4.257592e+03
1.563898e+03	1.616059e-01	6.570814e-05	5.457300e+03
1.798483e+03	1.451891e-01	5.764714e-05	6.994251e+03
2.068255e+03	1.305505e-01	5.072057e-05	8.961539e+03
2.378493e+03	1.175220e-01	4.406376e-05	1.147682e+04
2.735268e+03	1.059524e-01	0.000000e+00	1.468843e+04
3.145558e+03	9.568476e-02	0.000000e+00	1.878262e+04
3.617391e+03	8.657854e-02	0.000000e+00	2.399204e+04
4.160000e+03	7.852705e-02	0.000000e+00	3.060592e+04
4.784000e+03	7.142033e-02	0.000000e+00	3.898175e+04
5.501600e+03	6.514960e-02	0.000000e+00	4.955852e+04
6.326840e+03	5.963138e-02	0.000000e+00	6.287159e+04
7.275866e+03	5.479145e-02	0.000000e+00	7.956861e+04
8.367246e+03	5.055221e-02	0.000000e+00	1.004265e+05
9.622333e+03	4.684906e-02	0.000000e+00	1.263688e+05
