# Energy_MeV	dEdx_Elec_MeV_um	dEdx_Nucl_MeV_um	Range_um
1.000000e-05	2.560795e-03	2.578878e-02	5.720950e-03
1.150000e-05	2.765708e-03	2.810863e-02	6.135036e-03
1.322500e-05	2.985320e-03	3.060547e-02	6.579093e-03
1.520875e-05	3.220706e-03	3.335421e-02	7.055291e-03
1.749006e-05	3.473018e-03	3.619668e-02	7.565957e-03
2.011357e-05	3.743490e-03	3.925252e-02	8.113585e-03
2.313061e-05	4.033446e-03	4.247173e-02	8.700851e-03
2.660020e-05	4.344303e-03	4.608031e-02	9.330623e-03
3.059023e-05	4.677581e-03	4.970711e-02	1.000598e-02
3.517876e-05	5.034908e-03	5.373947e-02	1.073022e-02
4.045558e-05	5.418032e-03	5.783478e-02	1.150687e-02
4.652391e-05	5.828824e-03	6.213644e-02	1.233975e-02
5.350250e-05	6.269292e-03	6.692508e-02	1.323291e-02
6.152788e-05	6.741588e-03	7.159259e-02	1.419071e-02
7.075706e-05	7.248021e-03	7.678207e-02	1.521784e-02
8.137062e-05	7.791064e-03	8.204595e-02	1.631932e-02
9.357621e-05	8.373370e-03	8.755215e-02	1.750052e-02
1.076126e-04	8.997786e-03	9.318190e-02	1.876722e-02
1.237545e-04	9.667361e-03	9.880158e-02	2.012560e-02
1.423177e-04	1.038537e-02	1.047800e-01	2.158230e-02
1.636654e-04	1.115531e-02	1.106448e-01	2.314444e-02
1.882152e-04	1.198095e-02	1.167244e-01	2.481964e-02
2.164475e-04	1.286633e-02	1.224320e-01	2.661610e-02
2.489146e-04	1.381577e-02	1.286326e-01	2.854259e-02
2.862518e-04	1.483391e-02	1.346756e-01	3.060852e-02
3.291895e-04	1.592571e-02	1.404014e-01	3.282398e-02
3.785680e-04	1.709653e-02	1.467088e-01	3.519979e-02
4.353531e-04	1.835206e-02	1.517383e-01	3.774757e-02
5.006561e-04	1.969846e-02	1.574849e-01	4.047976e-02
5.757545e-04	2.114230e-02	1.626896e-01	4.340971e-02
6.621177e-04	2.269062e-02	1.674738e-01	4.655173e-02
7.614354e-04	2.435100e-02	1.727250e-01	4.992117e-02
8.756507e-04	2.613155e-02	1.768304e-01	5.353449e-02
1.006998e-03	2.804096e-02	1.810468e-01	5.740934e-02
1.158048e-03	3.008856e-02	1.846007e-01	6.156466e-02
1.331755e-03	3.228436e-02	1.879061e-01	6.602074e-02
1.531519e-03	3.463909e-02	1.910614e-01	7.079936e-02
1.761246e-03	3.716424e-02	1.934983e-01	7.592385e-02
2.025433e-03	3.987215e-02	1.957442e-01	8.141430e-02
2.329248e-03	4.277606e-02	1.974272e-01	8.731556e-02
2.678635e-03	4.589014e-02	1.991271e-01	9.363364e-02
3.080431e-03	4.922962e-02	2.000443e-01	1.004116e-01
3.542495e-03	5.281081e-02	2.009028e-01	1.076792e-01
4.073870e-03	5.665120e-02	2.011562e-01	1.154729e-01
4.684950e-03	6.076955e-02	2.009412e-01	1.238308e-01
5.387693e-03	6.518598e-02	2.005067e-01	1.327935e-01
6.195847e-03	6.992208e-02	1.993411e-01	1.424050e-01
7.125224e-03	7.500097e-02	1.979076e-01	1.527122e-01
8.194007e-03	8.044746e-02	1.959202e-01	1.637654e-01
9.423108e-03	8.628818e-02	1.934017e-01	1.756187e-01
1.083657e-02	9.255165e-02	1.903992e-01	1.883299e-01
1.246206e-02	9.926846e-02	1.869016e-01	2.019611e-01
1.433137e-02	1.064714e-01	1.828562e-01	2.165790e-01
1.648108e-02	1.141958e-01	1.784210e-01	2.322550e-01
1.895324e-02	1.224792e-01	1.734950e-01	2.490656e-01
2.179622e-02	1.313622e-01	1.683628e-01	2.670929e-01
2.506566e-02	1.408881e-01	1.625551e-01	2.864250e-01
2.882550e-02	1.511035e-01	1.565237e-01	3.071565e-01
3.314933e-02	1.620583e-01	1.503053e-01	3.293886e-01
3.812173e-02	1.738061e-01	1.434655e-01	3.532297e-01
4.383999e-02	1.864041e-01	1.372624e-01	3.787965e-01
5.041599e-02	1.999140e-01	1.301288e-01	4.062137e-01
5.797838e-02	2.144017e-01	1.233193e-01	4.356156e-01
6.667514e-02	2.299381e-01	1.165517e-01	4.671456e-01
7.667641e-02	2.465990e-01	1.091689e-01	5.009577e-01
8.817787e-02	2.644658e-01	1.026285e-01	5.372170e-01
1.014046e-01	2.836258e-01	9.577768e-02	5.761008e-01
1.166152e-01	3.041726e-01	8.952661e-02	6.177994e-01
1.341075e-01	3.262066e-01	8.331003e-02	6.625149e-01
1.542237e-01	3.498355e-01	7.706620e-02	7.104727e-01
1.773572e-01	3.751746e-01	7.146116e-02	7.618804e-01
2.039608e-01	4.023498e-01	6.604285e-02	8.172200e-01
2.345549e-01	4.314922e-01	6.106410e-02	8.771417e-01
2.697381e-01	4.627438e-01	5.576751e-02	9.420368e-01
3.101989e-01	4.962575e-01	5.195730e-02	1.012392e+00
3.567287e-01	5.321970e-01	4.794258e-02	1.088739e+00
4.102380e-01	5.707349e-01	4.411765e-02	1.157117e+00
4.717737e-01	6.091721e-01	4.043639e-02	1.202803e+00
5.425397e-01	6.474658e-01	3.620294e-02	1.247881e+00
6.239207e-01	7.030846e-01	3.282215e-02	1.292257e+00
7.175088e-01	7.707381e-01	2.916596e-02	1.335939e+00
8.251351e-01	8.411220e-01	2.622225e-02	1.379066e+00
9.489054e-01	9.171180e-01	2.361491e-02	1.421946e+00
1.091241e+00	9.978873e-01	2.124976e-02	1.465092e+00
1.254927e+00	1.078945e+00	1.920268e-02	1.509270e+00
1.443166e+00	1.165649e+00	1.721363e-02	1.555525e+00
1.659641e+00	1.245388e+00	1.554536e-02	1.605253e+00
1.908588e+00	1.319064e+00	1.393924e-02	1.660237e+00
2.194876e+00	1.384719e+00	1.260584e-02	1.722688e+00
2.524107e+00	1.452853e+00	1.122237e-02	1.795298e+00
2.902723e+00	1.523510e+00	1.008192e-02	1.881284e+00
3.338132e+00	1.578921e+00	9.052095e-03	1.984440e+00
3.838852e+00	1.629180e+00	7.973680e-03	2.109178e+00
4.414679e+00	1.675732e+00	7.233370e-03	2.260571e+00
5.076881e+00	1.708412e+00	6.383816e-03	2.444421e+00
5.838413e+00	1.739968e+00	5.722609e-03	2.667343e+00
6.714175e+00	1.764666e+00	5.115534e-03	2.936911e+00
7.721302e+00	1.781647e+00	4.481744e-03	3.261906e+00
8.879497e+00	1.793687e+00	4.011493e-03	3.652673e+00
1.021142e+01	1.791156e+00	3.543767e-03	4.121650e+00
1.174313e+01	1.783895e+00	3.167414e-03	4.684066e+00
1.350460e+01	1.766960e+00	2.815501e-03	5.358857e+00
1.553030e+01	1.740838e+00	2.488192e-03	6.169814e+00
1.785984e+01	1.707280e+00	2.219504e-03	7.147044e+00
2.053882e+01	1.663943e+00	1.974141e-03	8.328806e+00
2.361964e+01	1.614425e+00	1.764127e-03	9.763849e+00
2.716258e+01	1.558027e+00	1.548952e-03	1.151442e+01
3.123697e+01	1.495863e+00	1.390435e-03	1.365984e+01
3.592252e+01	1.589762e+00	1.216689e-03	1.630212e+01
4.131089e+01	1.470643e+00	1.085038e-03	1.956841e+01
4.750753e+01	1.363000e+00	9.638758e-04	2.363669e+01
5.463366e+01	1.259694e+00	8.427888e-04	2.871906e+01
6.282871e+01	1.160368e+00	7.558570e-04	3.507799e+01
7.225301e+01	1.064424e+00	6.590337e-04	4.306573e+01
8.309096e+01	9.733673e-01	5.831685e-04	5.313875e+01
9.555461e+01	8.879673e-01	5.132634e-04	6.587441e+01
1.098878e+02	8.072430e-01	4.519001e-04	8.202291e+01
1.263710e+02	7.304936e-01	4.005749e-04	1.026033e+02
1.453266e+02	6.595178e-01	3.519550e-04	1.289349e+02
1.671256e+02	5.981749e-01	3.130557e-04	1.625648e+02
1.921945e+02	5.420146e-01	2.758661e-04	2.054229e+02
2.210236e+02	4.900053e-01	2.457938e-04	2.601412e+02
2.541772e+02	4.420249e-01	2.147993e-04	3.301323e+02
2.923037e+02	3.980273e-01	1.905478e-04	4.198060e+02
3.361493e+02	3.579484e-01	1.684691e-04	5.348161e+02
3.865717e+02	3.215533e-01	1.460531e-04	6.824220e+02
4.445574e+02	2.882043e-01	1.308864e-04	8.721007e+02
5.112411e+02	2.581832e-01	1.137098e-04	1.116075e+03
5.879272e+02	2.315945e-01	1.007514e-04	1.429660e+03
6.761163e+02	2.079019e-01	8.878727e-05	1.832036e+03
7.775337e+02	1.865801e-01	7.664381e-05	2.348091e+03
8.941638e+02	1.674860e-01	6.766053e-05	3.009760e+03
1.028288e+03	1.504374e-01	5.897741e-05	3.857620e+03
1.182532e+03	1.352293e-01	5.205718e-05	4.943219e+03
1.359911e+03	1.216820e-01	4.563813e-05	6.331771e+03
1.563898e+03	1.096447e-01	0.000000e+00	8.105562e+03
1.798483e+03	9.896199e-02	0.000000e+00	1.036808e+04
2.068255e+03	8.948256e-02	0.000000e+00	1.324880e+04
2.378493e+03	8.109195e-02	0.000000e+00	1.690896e+04
2.735268e+03	7.368427e-02	0.000000e+00	2.154825e+04
3.145558e+03	6.714627e-02	0.000000e+00	2.741246e+04
3.617391e+03	6.138615e-02	0.000000e+00	3.480199e+04
4.160000e+03	5.632942e-02	0.000000e+00	4.408129e+04
4.784000e+03	5.189878e-02	0.000000e+00	5.568881e+04
5.501600e+03	4.802335e-02	0.000000e+00	7.014739e+04
6.326840e+03	4.465028e-02	0.000000e+00	8.807452e+04
7.275866e+03	4.172971e-02	0.000000e+00	1.101923e+05
8.367246e+03	3.921047e-02	0.000000e+00	1.373365e+05
9.622333e+03	3.705161e-02	0.000000e+00	1.704649e+05
