# Energy_MeV	dEdx_Elec_MeV_um	dEdx_Nucl_MeV_um	Range_um
1.000000e-05	2.104282e-03	1.777682e-02	1.087292e-02
1.150000e-05	2.264291e-03	1.916529e-02	1.165991e-02
1.322500e-05	2.435857e-03	2.071449e-02	1.250386e-02
1.520875e-05	2.619817e-03	2.223301e-02	1.340890e-02
1.749006e-05	2.817071e-03	2.393560e-02	1.437944e-02
2.011357e-05	3.028583e-03	2.571194e-02	1.542023e-02
2.313061e-05	3.255385e-03	2.749752e-02	1.653636e-02
2.660020e-05	3.498587e-03	2.948957e-02	1.773327e-02
3.059023e-05	3.759375e-03	3.145833e-02	1.901681e-02
3.517876e-05	4.039025e-03	3.352223e-02	2.039326e-02
4.045558e-05	4.338903e-03	3.561522e-02	2.186933e-02
4.652391e-05	4.660473e-03	3.777507e-02	2.345225e-02
5.350250e-05	5.005307e-03	4.001672e-02	2.514973e-02
6.152788e-05	5.375089e-03	4.221005e-02	2.697009e-02
7.075706e-05	5.771627e-03	4.437827e-02	2.892219e-02
8.137062e-05	6.196856e-03	4.657263e-02	3.101560e-02
9.357621e-05	6.652855e-03	4.899099e-02	3.326052e-02
1.076126e-04	7.141852e-03	5.105301e-02	3.566794e-02
1.237545e-04	7.666235e-03	5.331153e-02	3.824960e-02
1.423177e-04	8.228566e-03	5.542308e-02	4.101813e-02
1.636654e-04	8.831592e-03	5.739191e-02	4.398704e-02
1.882152e-04	9.478260e-03	5.960226e-02	4.717085e-02
2.164475e-04	1.017173e-02	6.132115e-02	5.058510e-02
2.489146e-04	1.091538e-02	6.320436e-02	5.424648e-02
2.862518e-04	1.171286e-02	6.496091e-02	5.817286e-02
3.291895e-04	1.256806e-02	6.652441e-02	6.238345e-02
3.785680e-04	1.348515e-02	6.802300e-02	6.689879e-02
4.353531e-04	1.446861e-02	6.924632e-02	7.174096e-02
5.006561e-04	1.552326e-02	7.049501e-02	7.693361e-02
5.757545e-04	1.665424e-02	7.151360e-02	8.250211e-02
6.621177e-04	1.786707e-02	7.240198e-02	8.847365e-02
7.614354e-04	1.916769e-02	7.312848e-02	9.487742e-02
8.756507e-04	2.056245e-02	7.378441e-02	1.017447e-01
1.006998e-03	2.205816e-02	7.430038e-02	1.091090e-01
1.158048e-03	2.366212e-02	7.458737e-02	1.170064e-01
1.331755e-03	2.538218e-02	7.485654e-02	1.254662e-01
1.531519e-03	2.722673e-02	7.483111e-02	1.345619e-01
1.761246e-03	2.920479e-02	7.473757e-02	1.442989e-01
2.025433e-03	3.132603e-02	7.445576e-02	1.547447e-01
2.329248e-03	3.360079e-02	7.395443e-02	1.659446e-01
2.678635e-03	3.604021e-02	7.335490e-02	1.779555e-01
3.080431e-03	3.865619e-02	7.251205e-02	1.908358e-01
3.542495e-03	4.146151e-02	7.149867e-02	2.046484e-01
4.073870e-03	4.446989e-02	7.029698e-02	2.194607e-01
4.684950e-03	4.769601e-02	6.890699e-02	2.353451e-01
5.387693e-03	5.115563e-02	6.733078e-02	2.523792e-01
6.195847e-03	5.486567e-02	6.559143e-02	2.706464e-01
7.125224e-03	5.884424e-02	6.374813e-02	2.902357e-01
8.194007e-03	6.311078e-02	6.173152e-02	3.112428e-01
9.423108e-03	6.768613e-02	5.945147e-02	3.337704e-01
1.083657e-02	7.259265e-02	5.726388e-02	3.579287e-01
1.246206e-02	7.785431e-02	5.480350e-02	3.838356e-01
1.433137e-02	8.349680e-02	5.241507e-02	4.116176e-01
1.648108e-02	8.954770e-02	4.996436e-02	4.414103e-01
1.895324e-02	9.603657e-02	4.720844e-02	4.733595e-01
2.179622e-02	1.029951e-01	4.483050e-02	5.076214e-01
2.506566e-02	1.104573e-01	4.215885e-02	5.443631e-01
2.882550e-02	1.184596e-01	3.958839e-02	5.837641e-01
3.314933e-02	1.270411e-01	3.708959e-02	6.260169e-01
3.812173e-02	1.362438e-01	3.457784e-02	6.713280e-01
4.383999e-02	1.461126e-01	3.233342e-02	7.199190e-01
5.041599e-02	1.566956e-01	2.994319e-02	7.720270e-01
5.797838e-02	1.680447e-01	2.779429e-02	8.279064e-01
6.667514e-02	1.802152e-01	2.572221e-02	8.878302e-01
7.667641e-02	1.932666e-01	2.380779e-02	9.520917e-01
8.817787e-02	2.072627e-01	2.184644e-02	1.021004e+00
1.014046e-01	2.222719e-01	2.012146e-02	1.094911e+00
1.166152e-01	2.383674e-01	1.875740e-02	1.174135e+00
1.341075e-01	2.556286e-01	1.718874e-02	1.259346e+00
1.542237e-01	2.741394e-01	1.580539e-02	1.351586e+00
1.773572e-01	2.939900e-01	1.434178e-02	1.451477e+00
2.039608e-01	3.152774e-01	1.292330e-02	1.559761e+00
2.345549e-01	3.381057e-01	1.167927e-02	1.677252e+00
2.697381e-01	3.625848e-01	1.033931e-02	1.778911e+00
3.101989e-01	3.860078e-01	9.336477e-03	1.874277e+00
3.567287e-01	4.041136e-01	8.406709e-03	1.970357e+00
4.102380e-01	4.296199e-01	7.597290e-03	2.066818e+00
4.717737e-01	4.619587e-01	6.830274e-03	2.163502e+00
5.425397e-01	4.906486e-01	6.121994e-03	2.260514e+00
6.239207e-01	5.200354e-01	5.518709e-03	2.358296e+00
7.175088e-01	5.464521e-01	4.976369e-03	2.457728e+00
8.251351e-01	5.700161e-01	4.481647e-03	2.560226e+00
9.489054e-01	5.933667e-01	3.960500e-03	2.667839e+00
1.091241e+00	6.097488e-01	3.595551e-03	2.783361e+00
1.254927e+00	6.243609e-01	3.191225e-03	2.910463e+00
1.443166e+00	6.340575e-01	2.855245e-03	3.053811e+00
1.659641e+00	6.436407e-01	2.564686e-03	3.219225e+00
1.908588e+00	6.533768e-01	2.249459e-03	3.413844e+00
2.194876e+00	6.574083e-01	2.037735e-03	3.646317e+00
2.524107e+00	6.597119e-01	1.799474e-03	3.927017e+00
2.902723e+00	6.592759e-01	1.594690e-03	4.268295e+00
3.338132e+00	6.551585e-01	1.419380e-03	4.684791e+00
3.838852e+00	6.490597e-01	1.253645e-03	5.193808e+00
4.414679e+00	6.396871e-01	1.123544e-03	5.815849e+00
5.076881e+00	6.277202e-01	9.910739e-04	6.575369e+00
5.838413e+00	6.127133e-01	8.842180e-04	7.501845e+00
6.714175e+00	5.948223e-01	7.875746e-04	8.631363e+00
7.721302e+00	5.743130e-01	7.028506e-04	1.000870e+01
8.879497e+00	5.514387e-01	6.203557e-04	1.169027e+01
1.021142e+01	5.266832e-01	5.506752e-04	1.374799e+01
1.174313e+01	4.995015e-01	4.914040e-04	1.627443e+01
1.350460e+01	4.742918e-01	4.298178e-04	1.938948e+01
1.553030e+01	4.464603e-01	3.856500e-04	2.324898e+01
1.785984e+01	4.161074e-01	3.381218e-04	2.805579e+01
2.053882e+01	3.862821e-01	2.998282e-04	3.407315e+01
2.361964e+01	3.553049e-01	2.668033e-04	4.164425e+01
2.716258e+01	3.496323e-01	2.320367e-04	5.120259e+01
3.123697e+01	3.183367e-01	2.056763e-04	6.334360e+01
3.592252e+01	2.893761e-01	1.810192e-04	7.880608e+01
4.131089e+01	2.623025e-01	1.606158e-04	9.849013e+01
4.750753e+01	2.369517e-01	1.414814e-04	1.235928e+02
5.463366e+01	2.135270e-01	1.243669e-04	1.556569e+02
6.282871e+01	1.921499e-01	1.102800e-04	1.966308e+02
7.225301e+01	1.726091e-01	9.784903e-05	2.490156e+02
8.309096e+01	1.543922e-01	8.679548e-05	3.161715e+02
9.555461e+01	1.379795e-01	7.525936e-05	4.024849e+02
1.098878e+02	1.239509e-01	6.758678e-05	5.131528e+02
1.263710e+02	1.114631e-01	5.892815e-05	6.545258e+02
1.453266e+02	1.001379e-01	5.207032e-05	8.352252e+02
1.671256e+02	8.987393e-02	4.612276e-05	1.066451e+03
1.921945e+02	8.059661e-02	0.000000e+00	1.362658e+03
2.210236e+02	7.224366e-02	0.000000e+00	1.742392e+03
2.541772e+02	6.474256e-02	0.000000e+00	2.229432e+03
2.923037e+02	5.791485e-02	0.000000e+00	2.854776e+03
3.361493e+02	5.180092e-02	0.000000e+00	3.658550e+03
3.865717e+02	4.639424e-02	0.000000e+00	4.691197e+03
4.445574e+02	4.160924e-02	0.000000e+00	6.015744e+03
5.112411e+02	3.731948e-02	0.000000e+00	7.713760e+03
5.879272e+02	3.348545e-02	0.000000e+00	9.890316e+03
6.761163e+02	3.006362e-02	0.000000e+00	1.267887e+04
7.775337e+02	2.701461e-02	0.000000e+00	1.624910e+04
8.941638e+02	2.430260e-02	0.000000e+00	2.081577e+04
1.028288e+03	2.189269e-02	0.000000e+00	2.664995e+04
1.182532e+03	1.975330e-02	0.000000e+00	3.409272e+04
1.359911e+03	1.785553e-02	0.000000e+00	4.357102e+04
1.563898e+03	1.617532e-02	0.000000e+00	5.561685e+04
1.798483e+03	1.469101e-02	0.000000e+00	7.088951e+04
2.068255e+03	1.338084e-02	0.000000e+00	9.020104e+04
2.378493e+03	1.222606e-02	0.000000e+00	1.145448e+05
2.735268e+03	1.121113e-02	0.000000e+00	1.451270e+05
3.145558e+03	1.032176e-02	0.000000e+00	1.834001e+05
3.617391e+03	9.544890e-03	0.000000e+00	2.310980e+05
4.160000e+03	8.868824e-03	0.000000e+00	2.902710e+05
4.784000e+03	8.282982e-03	0.000000e+00	3.633193e+05
5.501600e+03	7.777616e-03	0.000000e+00	4.530244e+05
6.326840e+03	7.344347e-03	0.000000e+00	5.625769e+05
7.275866e+03	6.976001e-03	0.000000e+00	6.955979e+05
8.367246e+03	6.665975e-03	0.000000e+00	8.561626e+05
9.622333e+03	6.408278e-03	0.000000e+00	1.048798e+06
