# Energy_MeV	dEdx_Elec_MeV_um	dEdx_Nucl_MeV_um	Range_um
1.000000e-05	2.279795e-03	3.220818e-02	5.213665e-03
1.150000e-05	2.464310e-03	3.532316e-02	5.591033e-03
1.322500e-05	2.662033e-03	3.875978e-02	5.995715e-03
1.520875e-05	2.873932e-03	4.246418e-02	6.429688e-03
1.749006e-05	3.101046e-03	4.657022e-02	6.895072e-03
2.011357e-05	3.344484e-03	5.091503e-02	7.394141e-03
2.313061e-05	3.605440e-03	5.570105e-02	7.929333e-03
2.660020e-05	3.885188e-03	6.074721e-02	8.503263e-03
3.059023e-05	4.185097e-03	6.619050e-02	9.118733e-03
3.517876e-05	4.506634e-03	7.209404e-02	9.778752e-03
4.045558e-05	4.851369e-03	7.833768e-02	1.048654e-02
4.652391e-05	5.220989e-03	8.523052e-02	1.124556e-02
5.350250e-05	5.617298e-03	9.211401e-02	1.205952e-02
6.152788e-05	6.042235e-03	9.979130e-02	1.293240e-02
7.075706e-05	6.497875e-03	1.080936e-01	1.386845e-02
8.137062e-05	6.986445e-03	1.166192e-01	1.487226e-02
9.357621e-05	7.510332e-03	1.261728e-01	1.594872e-02
1.076126e-04	8.072095e-03	1.352818e-01	1.710310e-02
1.237545e-04	8.674480e-03	1.455065e-01	1.834103e-02
1.423177e-04	9.320429e-03	1.563504e-01	1.966856e-02
1.636654e-04	1.001310e-02	1.673371e-01	2.109218e-02
1.882152e-04	1.075587e-02	1.794954e-01	2.261885e-02
2.164475e-04	1.155238e-02	1.912676e-01	2.425601e-02
2.489146e-04	1.240651e-02	2.039678e-01	2.601167e-02
2.862518e-04	1.332244e-02	2.168514e-01	2.789441e-02
3.291895e-04	1.430464e-02	2.296250e-01	2.991343e-02
3.785680e-04	1.535791e-02	2.433974e-01	3.207858e-02
4.353531e-04	1.648740e-02	2.566374e-01	3.440044e-02
5.006561e-04	1.769863e-02	2.701971e-01	3.689036e-02
5.757545e-04	1.899750e-02	2.833673e-01	3.956051e-02
6.621177e-04	2.039037e-02	2.970660e-01	4.242392e-02
7.614354e-04	2.188404e-02	3.104755e-01	4.549458e-02
8.756507e-04	2.348581e-02	3.244946e-01	4.878750e-02
1.006998e-03	2.520351e-02	3.369254e-01	5.231877e-02
1.158048e-03	2.704552e-02	3.491851e-01	5.610563e-02
1.331755e-03	2.902085e-02	3.613473e-01	6.016658e-02
1.531519e-03	3.113914e-02	3.727279e-01	6.452147e-02
1.761246e-03	3.341074e-02	3.844848e-01	6.919157e-02
2.025433e-03	3.584675e-02	3.944530e-01	7.419969e-02
2.329248e-03	3.845908e-02	4.045069e-01	7.957031e-02
2.678635e-03	4.126048e-02	4.128986e-01	8.532965e-02
3.080431e-03	4.426464e-02	4.207142e-01	9.150585e-02
3.542495e-03	4.748623e-02	4.279856e-01	9.812910e-02
4.073870e-03	5.094100e-02	4.339915e-01	1.052214e-01
4.684950e-03	5.464582e-02	4.399844e-01	1.128525e-01
5.387693e-03	5.861880e-02	4.438023e-01	1.210185e-01
6.195847e-03	6.287933e-02	4.476143e-01	1.297787e-01
7.125224e-03	6.744824e-02	4.507427e-01	1.391718e-01
8.194007e-03	7.234784e-02	4.526533e-01	1.492449e-01
9.423108e-03	7.760208e-02	4.542871e-01	1.600472e-01
1.083657e-02	8.323661e-02	4.539136e-01	1.716313e-01
1.246206e-02	8.927898e-02	4.531788e-01	1.840538e-01
1.433137e-02	9.575868e-02	4.514333e-01	1.973755e-01
1.648108e-02	1.027074e-01	4.484881e-01	2.116615e-01
1.895324e-02	1.101591e-01	4.447372e-01	2.269815e-01
2.179622e-02	1.181501e-01	4.394920e-01	2.434103e-01
2.506566e-02	1.267195e-01	4.332987e-01	2.610281e-01
2.882550e-02	1.359091e-01	4.259052e-01	2.799213e-01
3.314933e-02	1.457639e-01	4.174194e-01	3.001820e-01
3.812173e-02	1.563320e-01	4.077362e-01	3.219092e-01
4.383999e-02	1.676651e-01	3.971373e-01	3.452089e-01
5.041599e-02	1.798184e-01	3.857226e-01	3.701950e-01
5.797838e-02	1.928513e-01	3.734592e-01	3.969897e-01
6.667514e-02	2.068277e-01	3.600856e-01	4.257240e-01
7.667641e-02	2.218156e-01	3.462068e-01	4.565379e-01
8.817787e-02	2.378883e-01	3.310653e-01	4.895820e-01
1.014046e-01	2.551244e-01	3.166423e-01	5.250179e-01
1.166152e-01	2.736081e-01	3.014975e-01	5.630189e-01
1.341075e-01	2.934296e-01	2.858646e-01	6.037704e-01
1.542237e-01	3.146858e-01	2.704677e-01	6.474714e-01
1.773572e-01	3.374806e-01	2.539220e-01	6.943353e-01
2.039608e-01	3.619252e-01	2.389175e-01	7.445915e-01
2.345549e-01	3.881391e-01	2.229897e-01	7.984856e-01
2.697381e-01	4.162505e-01	2.086264e-01	8.562788e-01
3.101989e-01	4.463965e-01	1.945169e-01	9.182627e-01
3.567287e-01	4.787245e-01	1.802885e-01	9.847066e-01
4.102380e-01	5.133946e-01	1.674640e-01	1.056257e+00
4.717737e-01	5.505741e-01	1.539181e-01	1.133738e+00
5.425397e-01	5.904448e-01	1.431149e-01	1.217652e+00
6.239207e-01	6.332012e-01	1.316026e-01	1.308630e+00
7.175088e-01	6.790525e-01	1.206817e-01	1.407362e+00
8.251351e-01	7.282226e-01	1.119904e-01	1.514651e+00
9.489054e-01	7.763073e-01	1.033976e-01	1.631432e+00
1.091241e+00	8.238970e-01	9.567098e-02	1.738248e+00
1.254927e+00	8.945468e-01	8.678541e-02	1.775550e+00
1.443166e+00	9.796236e-01	7.725257e-02	1.810702e+00
1.659641e+00	1.071803e+00	6.935739e-02	1.844044e+00
1.908588e+00	1.173396e+00	6.175142e-02	1.876157e+00
2.194876e+00	1.285312e+00	5.598410e-02	1.907866e+00
2.524107e+00	1.404923e+00	5.033991e-02	1.940235e+00
2.902723e+00	1.537432e+00	4.531146e-02	1.974630e+00
3.338132e+00	1.675587e+00	4.097140e-02	2.012752e+00
3.838852e+00	1.812709e+00	3.670398e-02	2.056677e+00
4.414679e+00	1.951221e+00	3.304785e-02	2.108890e+00
5.076881e+00	2.097847e+00	2.970853e-02	2.172320e+00
5.838413e+00	2.252044e+00	2.674500e-02	2.250343e+00
6.714175e+00	2.388687e+00	2.396288e-02	2.346840e+00
7.721302e+00	2.516520e+00	2.148868e-02	2.466193e+00
8.879497e+00	2.643207e+00	1.894633e-02	2.613291e+00
1.021142e+01	2.743045e+00	1.708363e-02	2.793561e+00
1.174313e+01	2.845947e+00	1.525495e-02	3.013003e+00
1.350460e+01	2.941028e+00	1.360930e-02	3.278308e+00
1.553030e+01	3.023134e+00	1.216606e-02	3.597036e+00
1.785984e+01	3.102182e+00	1.066643e-02	3.977918e+00
2.053882e+01	3.152724e+00	9.557058e-03	4.431297e+00
2.361964e+01	3.198399e+00	8.414586e-03	4.969704e+00
2.716258e+01	3.228268e+00	7.516047e-03	5.608571e+00
3.123697e+01	3.237717e+00	6.697371e-03	6.367129e+00
3.592252e+01	3.235998e+00	5.918940e-03	7.269483e+00
4.131089e+01	3.202977e+00	5.296181e-03	8.345955e+00
4.750753e+01	3.163209e+00	4.652470e-03	9.634745e+00
5.463366e+01	3.114912e+00	4.196599e-03	1.118409e+01
6.282871e+01	3.047625e+00	3.723741e-03	1.305473e+01
7.225301e+01	3.501933e+00	3.293947e-03	1.532395e+01
8.309096e+01	3.280766e+00	2.920454e-03	1.808685e+01
9.555461e+01	3.084516e+00	2.557500e-03	2.147815e+01
1.098878e+02	2.889370e+00	2.296997e-03	2.565235e+01
1.263710e+02	2.697074e+00	2.029565e-03	3.080056e+01
1.453266e+02	2.506529e+00	1.792503e-03	3.717953e+01
1.671256e+02	2.321996e+00	1.584310e-03	4.512052e+01
1.921945e+02	2.145487e+00	1.384914e-03	5.503906e+01
2.210236e+02	1.974712e+00	1.228020e-03	6.747567e+01
2.541772e+02	1.809889e+00	1.080540e-03	8.316807e+01
2.923037e+02	1.654226e+00	9.525533e-04	1.030628e+02
3.361493e+02	1.518659e+00	8.458897e-04	1.282533e+02
3.865717e+02	1.391874e+00	7.442074e-04	1.601154e+02
4.445574e+02	1.271709e+00	6.580317e-04	2.005389e+02
5.112411e+02	1.158419e+00	5.826747e-04	2.519772e+02
5.879272e+02	1.052418e+00	5.158824e-04	3.176071e+02
6.761163e+02	9.540128e-01	4.552422e-04	4.015091e+02
7.775337e+02	8.629721e-01	4.025708e-04	5.089372e+02
8.941638e+02	7.783066e-01	3.479567e-04	6.467724e+02
1.028288e+03	7.009099e-01	3.107556e-04	8.238922e+02
1.182532e+03	6.314653e-01	2.732352e-04	1.051422e+03
1.359911e+03	5.687452e-01	2.406048e-04	1.343331e+03
1.563898e+03	5.117923e-01	2.124741e-04	1.717775e+03
1.798483e+03	4.604863e-01	1.830946e-04	2.198031e+03
2.068255e+03	4.144486e-01	1.622604e-04	2.813677e+03
2.378493e+03	3.730905e-01	1.406180e-04	3.602269e+03
2.735268e+03	3.360225e-01	1.240659e-04	4.611291e+03
3.145558e+03	3.030398e-01	1.092330e-04	5.900625e+03
3.617391e+03	2.737287e-01	9.515325e-05	7.545540e+03
4.160000e+03	2.476352e-01	8.413538e-05	9.640145e+03
4.784000e+03	2.245099e-01	7.280761e-05	1.230160e+04
5.501600e+03	2.040985e-01	6.497728e-05	1.567495e+04
6.326840e+03	1.860645e-01	5.690180e-05	1.993864e+04
7.275866e+03	1.701662e-01	4.966983e-05	2.531073e+04
8.367246e+03	1.562248e-01	0.000000e+00	3.205565e+04
9.622333e+03	1.440077e-01	0.000000e+00	4.049145e+04
