# Energy_MeV	dEdx_Elec_MeV_um	dEdx_Nucl_MeV_um	Range_um
1.000000e-05	1.930508e-03	2.552100e-02	9.625944e-03
1.150000e-05	2.078323e-03	2.774199e-02	1.032268e-02
1.322500e-05	2.236807e-03	3.016516e-02	1.106984e-02
1.520875e-05	2.406734e-03	3.261501e-02	1.187108e-02
1.749006e-05	2.588934e-03	3.535805e-02	1.273031e-02
2.011357e-05	2.784298e-03	3.828700e-02	1.365174e-02
2.313061e-05	2.993781e-03	4.128469e-02	1.463986e-02
2.660020e-05	3.218406e-03	4.470598e-02	1.569950e-02
3.059023e-05	3.459271e-03	4.790560e-02	1.683584e-02
3.517876e-05	3.717552e-03	5.158411e-02	1.805442e-02
4.045558e-05	3.994511e-03	5.539862e-02	1.936121e-02
4.652391e-05	4.291502e-03	5.925808e-02	2.076259e-02
5.350250e-05	4.609975e-03	6.363318e-02	2.226539e-02
6.152788e-05	4.951487e-03	6.777352e-02	2.387698e-02
7.075706e-05	5.317705e-03	7.231289e-02	2.560520e-02
8.137062e-05	5.710420e-03	7.681743e-02	2.745852e-02
9.357621e-05	6.131549e-03	8.140075e-02	2.944598e-02
1.076126e-04	6.583150e-03	8.632948e-02	3.157730e-02
1.237545e-04	7.067429e-03	9.098043e-02	3.386288e-02
1.423177e-04	7.586752e-03	9.583245e-02	3.631390e-02
1.636654e-04	8.143657e-03	1.004485e-01	3.894231e-02
1.882152e-04	8.740863e-03	1.054767e-01	4.176098e-02
2.164475e-04	9.381289e-03	1.101201e-01	4.478366e-02
2.489146e-04	1.006806e-02	1.150256e-01	4.802513e-02
2.862518e-04	1.080454e-02	1.195655e-01	5.150121e-02
3.291895e-04	1.159432e-02	1.238494e-01	5.522890e-02
3.785680e-04	1.244126e-02	1.283863e-01	5.922639e-02
4.353531e-04	1.334949e-02	1.323062e-01	6.351323e-02
5.006561e-04	1.432346e-02	1.364096e-01	6.811035e-02
5.757545e-04	1.536792e-02	1.401172e-01	7.304021e-02
6.621177e-04	1.648798e-02	1.436179e-01	7.832690e-02
7.614354e-04	1.768910e-02	1.467125e-01	8.399625e-02
8.756507e-04	1.897716e-02	1.494944e-01	9.007594e-02
1.006998e-03	2.035845e-02	1.520782e-01	9.659568e-02
1.158048e-03	2.183971e-02	1.542774e-01	1.035873e-01
1.331755e-03	2.342818e-02	1.563263e-01	1.110850e-01
1.531519e-03	2.513163e-02	1.577927e-01	1.191254e-01
1.761246e-03	2.695837e-02	1.592362e-01	1.277478e-01
2.025433e-03	2.891732e-02	1.603221e-01	1.369942e-01
2.329248e-03	3.101807e-02	1.609706e-01	1.468693e-01
2.678635e-03	3.327087e-02	1.616441e-01	1.575159e-01
3.080431e-03	3.568672e-02	1.614930e-01	1.689520e-01
3.542495e-03	3.827743e-02	1.613193e-01	1.811784e-01
4.073870e-03	4.105566e-02	1.606805e-01	1.942926e-01
4.684950e-03	4.403498e-02	1.596241e-01	2.083554e-01
5.387693e-03	4.722994e-02	1.583624e-01	2.234359e-01
6.195847e-03	5.065615e-02	1.565025e-01	2.396080e-01
7.125224e-03	5.433035e-02	1.543407e-01	2.569506e-01
8.194007e-03	5.827049e-02	1.517285e-01	2.755485e-01
9.423108e-03	6.249582e-02	1.487384e-01	2.954926e-01
1.083657e-02	6.702698e-02	1.453234e-01	3.168803e-01
1.246206e-02	7.188611e-02	1.415858e-01	3.398159e-01
1.433137e-02	7.709694e-02	1.375485e-01	3.644116e-01
1.648108e-02	8.268494e-02	1.332328e-01	3.907876e-01
1.895324e-02	8.867739e-02	1.284176e-01	4.190728e-01
2.179622e-02	9.510359e-02	1.235774e-01	4.494052e-01
2.506566e-02	1.019949e-01	1.182589e-01	4.819330e-01
2.882550e-02	1.093850e-01	1.130840e-01	5.168151e-01
3.314933e-02	1.173101e-01	1.077741e-01	5.542223e-01
3.812173e-02	1.258087e-01	1.020412e-01	5.943370e-01
4.383999e-02	1.349225e-01	9.670437e-02	6.373551e-01
5.041599e-02	1.446959e-01	9.090890e-02	6.834868e-01
5.797838e-02	1.551767e-01	8.543140e-02	7.329575e-01
6.667514e-02	1.664162e-01	7.989175e-02	7.860092e-01
7.667641e-02	1.784691e-01	7.464232e-02	8.429008e-01
8.817787e-02	1.913945e-01	6.961281e-02	9.039100e-01
1.014046e-01	2.052554e-01	6.459859e-02	9.693350e-01
1.166152e-01	2.201196e-01	5.996314e-02	1.039496e+00
1.341075e-01	2.360596e-01	5.528607e-02	1.114735e+00
1.542237e-01	2.531534e-01	5.130530e-02	1.195420e+00
1.773572e-01	2.714845e-01	4.703682e-02	1.281942e+00
2.039608e-01	2.911423e-01	4.328411e-02	1.374736e+00
2.345549e-01	3.122231e-01	4.027770e-02	1.474229e+00
2.697381e-01	3.348306e-01	3.693145e-02	1.581515e+00
3.101989e-01	3.590745e-01	3.420088e-02	1.697713e+00
3.567287e-01	3.850731e-01	3.106072e-02	1.823581e+00
4.102380e-01	4.129535e-01	2.778409e-02	1.960063e+00
4.717737e-01	4.428510e-01	2.504833e-02	2.088721e+00
5.425397e-01	4.749110e-01	2.213655e-02	2.191497e+00
6.239207e-01	5.040163e-01	2.011992e-02	2.294696e+00
7.175088e-01	5.333962e-01	1.805370e-02	2.397914e+00
8.251351e-01	5.785535e-01	1.631827e-02	2.500891e+00
9.489054e-01	6.282066e-01	1.472150e-02	2.603589e+00
1.091241e+00	6.790712e-01	1.316609e-02	2.706216e+00
1.254927e+00	7.290147e-01	1.188835e-02	2.809434e+00
1.443166e+00	7.816291e-01	1.066869e-02	2.914348e+00
1.659641e+00	8.277350e-01	9.636079e-03	3.022643e+00
1.908588e+00	8.741922e-01	8.580537e-03	3.136702e+00
2.194876e+00	9.159515e-01	7.734299e-03	3.259695e+00
2.524107e+00	9.478495e-01	6.849753e-03	3.395754e+00
2.902723e+00	9.777540e-01	6.142804e-03	3.550052e+00
3.338132e+00	1.007851e+00	5.506820e-03	3.728954e+00
3.838852e+00	1.035327e+00	4.874532e-03	3.940161e+00
4.414679e+00	1.056966e+00	4.381772e-03	4.192864e+00
5.076881e+00	1.072214e+00	3.860240e-03	4.497906e+00
5.838413e+00	1.085505e+00	3.435864e-03	4.867985e+00
6.714175e+00	1.091202e+00	3.041585e-03	5.317878e+00
7.721302e+00	1.094303e+00	2.703161e-03	5.864786e+00
8.879497e+00	1.094058e+00	2.406405e-03	6.528831e+00
1.021142e+01	1.086896e+00	2.133485e-03	7.333804e+00
1.174313e+01	1.076142e+00	1.904814e-03	8.308264e+00
1.350460e+01	1.058690e+00	1.683990e-03	9.487070e+00
1.553030e+01	1.036816e+00	1.511412e-03	1.091345e+01
1.785984e+01	1.010080e+00	1.333073e-03	1.264175e+01
2.053882e+01	9.785258e-01	1.184876e-03	1.474090e+01
2.361964e+01	9.431363e-01	1.055051e-03	1.729903e+01
2.716258e+01	9.055337e-01	9.189644e-04	2.042928e+01
3.123697e+01	8.636036e-01	8.284260e-04	2.427718e+01
3.592252e+01	8.162916e-01	7.266791e-04	2.903030e+01
4.131089e+01	7.700824e-01	6.450170e-04	3.493005e+01
4.750753e+01	7.773582e-01	5.726638e-04	4.228647e+01
5.463366e+01	7.134644e-01	4.974807e-04	5.149680e+01
6.282871e+01	6.545383e-01	4.427079e-04	6.310872e+01
7.225301e+01	5.989630e-01	3.882922e-04	7.776272e+01
8.309096e+01	5.463637e-01	3.442517e-04	9.628916e+01
9.555461e+01	4.965214e-01	3.046774e-04	1.197808e+02
1.098878e+02	4.500245e-01	2.674064e-04	1.496480e+02
1.263710e+02	4.071233e-01	2.373267e-04	1.876741e+02
1.453266e+02	3.669710e-01	2.096183e-04	2.361975e+02
1.671256e+02	3.295929e-01	1.863735e-04	2.983824e+02
1.921945e+02	2.957267e-01	1.631666e-04	3.782281e+02
2.210236e+02	2.669158e-01	1.452202e-04	4.804041e+02
2.541772e+02	2.405099e-01	1.262446e-04	6.109226e+02
2.923037e+02	2.163897e-01	1.119316e-04	7.778719e+02
3.361493e+02	1.944108e-01	9.889613e-05	9.916835e+02
3.865717e+02	1.744618e-01	8.625290e-05	1.265813e+03
4.445574e+02	1.564721e-01	7.667954e-05	1.617475e+03
5.112411e+02	1.402031e-01	6.639664e-05	2.068826e+03
5.879272e+02	1.254455e-01	5.842419e-05	2.648830e+03
6.761163e+02	1.122298e-01	5.096770e-05	3.394577e+03
7.775337e+02	1.006235e-01	4.469743e-05	4.352364e+03
8.941638e+02	9.025494e-02	0.000000e+00	5.580608e+03
1.028288e+03	8.096242e-02	0.000000e+00	7.155370e+03
1.182532e+03	7.266151e-02	0.000000e+00	9.173709e+03
1.359911e+03	6.525608e-02	0.000000e+00	1.175914e+04
1.563898e+03	5.866108e-02	0.000000e+00	1.506840e+04
1.798483e+03	5.279607e-02	0.000000e+00	1.929967e+04
2.068255e+03	4.758645e-02	0.000000e+00	2.470289e+04
2.378493e+03	4.296326e-02	0.000000e+00	3.159205e+04
2.735268e+03	3.886338e-02	0.000000e+00	4.035955e+04
3.145558e+03	3.523690e-02	0.000000e+00	5.149350e+04
3.617391e+03	3.203501e-02	0.000000e+00	6.559758e+04
4.160000e+03	2.920938e-02	0.000000e+00	8.341367e+04
4.784000e+03	2.672118e-02	0.000000e+00	1.058471e+05
5.501600e+03	2.453706e-02	0.000000e+00	1.339942e+05
6.326840e+03	2.262477e-02	0.000000e+00	1.691713e+05
7.275866e+03	2.095557e-02	0.000000e+00	2.129448e+05
8.367246e+03	1.950500e-02	0.000000e+00	2.671605e+05
9.622333e+03	1.824997e-02	0.000000e+00	3.339725e+05
