# Energy_MeV	dEdx_Elec_MeV_um	dEdx_Nucl_MeV_um	Range_um
1.000000e-05	2.364625e-03	3.279487e-02	4.784111e-03
1.150000e-05	2.558293e-03	3.602876e-02	5.130388e-03
1.322500e-05	2.765788e-03	3.949420e-02	5.501728e-03
1.520875e-05	2.988130e-03	4.333729e-02	5.899946e-03
1.749006e-05	3.226407e-03	4.750157e-02	6.326987e-03
2.011357e-05	3.481786e-03	5.206960e-02	6.784938e-03
2.313061e-05	3.755518e-03	5.697013e-02	7.276035e-03
2.660020e-05	4.048943e-03	6.229437e-02	7.802678e-03
3.059023e-05	4.363494e-03	6.797063e-02	8.367440e-03
3.517876e-05	4.700712e-03	7.409987e-02	8.973080e-03
4.045558e-05	5.062244e-03	8.066732e-02	9.622556e-03
4.652391e-05	5.449857e-03	8.771019e-02	1.031904e-02
5.350250e-05	5.865447e-03	9.537837e-02	1.106594e-02
6.152788e-05	6.311044e-03	1.031736e-01	1.186690e-02
7.075706e-05	6.788826e-03	1.117742e-01	1.272583e-02
8.137062e-05	7.301128e-03	1.210676e-01	1.364693e-02
9.357621e-05	7.850452e-03	1.306306e-01	1.463471e-02
1.076126e-04	8.439483e-03	1.413441e-01	1.569397e-02
1.237545e-04	9.071100e-03	1.516428e-01	1.682991e-02
1.423177e-04	9.748387e-03	1.631204e-01	1.804807e-02
1.636654e-04	1.047465e-02	1.753402e-01	1.935440e-02
1.882152e-04	1.125345e-02	1.876129e-01	2.075528e-02
2.164475e-04	1.208858e-02	2.013197e-01	2.225756e-02
2.489146e-04	1.298412e-02	2.145443e-01	2.386857e-02
2.862518e-04	1.394445e-02	2.289453e-01	2.559619e-02
3.291895e-04	1.497426e-02	2.434782e-01	2.744886e-02
3.785680e-04	1.607858e-02	2.577911e-01	2.943562e-02
4.353531e-04	1.726281e-02	2.733918e-01	3.156618e-02
5.006561e-04	1.853273e-02	2.882185e-01	3.385096e-02
5.757545e-04	1.989454e-02	3.037859e-01	3.630111e-02
6.621177e-04	2.135491e-02	3.184427e-01	3.892861e-02
7.614354e-04	2.292095e-02	3.338822e-01	4.174628e-02
8.756507e-04	2.460033e-02	3.492070e-01	4.476790e-02
1.006998e-03	2.640125e-02	3.648102e-01	4.800822e-02
1.158048e-03	2.833251e-02	3.793030e-01	5.148308e-02
1.331755e-03	3.040353e-02	3.929493e-01	5.520945e-02
1.531519e-03	3.262445e-02	4.067332e-01	5.920554e-02
1.761246e-03	3.500610e-02	4.198212e-01	6.349087e-02
2.025433e-03	3.756013e-02	4.329088e-01	6.808638e-02
2.329248e-03	4.029901e-02	4.445611e-01	7.301450e-02
2.678635e-03	4.323612e-02	4.557510e-01	7.829933e-02
3.080431e-03	4.638581e-02	4.654984e-01	8.396668e-02
3.542495e-03	4.976347e-02	4.745598e-01	9.004423e-02
4.073870e-03	5.338560e-02	4.826532e-01	9.654786e-02
4.684950e-03	5.726989e-02	4.897146e-01	1.035542e-01
5.387693e-03	6.143532e-02	4.963942e-01	1.110477e-01
6.195847e-03	6.590224e-02	5.010192e-01	1.190864e-01
7.125224e-03	7.069248e-02	5.054074e-01	1.277054e-01
8.194007e-03	7.582943e-02	5.090877e-01	1.369486e-01
9.423108e-03	8.133818e-02	5.112551e-01	1.468609e-01
1.083657e-02	8.724566e-02	5.132866e-01	1.574906e-01
1.246206e-02	9.358073e-02	5.129836e-01	1.688897e-01
1.433137e-02	1.003743e-01	5.122762e-01	1.811137e-01
1.648108e-02	1.076596e-01	5.104727e-01	1.942226e-01
1.895324e-02	1.154723e-01	5.072002e-01	2.082804e-01
2.179622e-02	1.238504e-01	5.031556e-01	2.233557e-01
2.506566e-02	1.328349e-01	4.973400e-01	2.395221e-01
2.882550e-02	1.424697e-01	4.905005e-01	2.568586e-01
3.314933e-02	1.528019e-01	4.822660e-01	2.754500e-01
3.812173e-02	1.638819e-01	4.728355e-01	2.953871e-01
4.383999e-02	1.757639e-01	4.619867e-01	3.167672e-01
5.041599e-02	1.885059e-01	4.501965e-01	3.396947e-01
5.797838e-02	2.021702e-01	4.373015e-01	3.642817e-01
6.667514e-02	2.168235e-01	4.236578e-01	3.906485e-01
7.667641e-02	2.325375e-01	4.086878e-01	4.189237e-01
8.817787e-02	2.493888e-01	3.929800e-01	4.492455e-01
1.014046e-01	2.674598e-01	3.761320e-01	4.817618e-01
1.166152e-01	2.868389e-01	3.595665e-01	5.166317e-01
1.341075e-01	3.076205e-01	3.427127e-01	5.540257e-01
1.542237e-01	3.299064e-01	3.251043e-01	5.941263e-01
1.773572e-01	3.538053e-01	3.075487e-01	6.371292e-01
2.039608e-01	3.794341e-01	2.891348e-01	6.832446e-01
2.345549e-01	4.069178e-01	2.718347e-01	7.326980e-01
2.697381e-01	4.363909e-01	2.540801e-01	7.857304e-01
3.101989e-01	4.679972e-01	2.376403e-01	8.426064e-01
3.567287e-01	5.018912e-01	2.214603e-01	9.035754e-01
4.102380e-01	5.382404e-01	2.056269e-01	9.691363e-01
4.717737e-01	5.772212e-01	1.908257e-01	1.040097e+00
5.425397e-01	6.190233e-01	1.755811e-01	1.116943e+00
6.239207e-01	6.638512e-01	1.631290e-01	1.200244e+00
7.175088e-01	7.119237e-01	1.500789e-01	1.290624e+00
8.251351e-01	7.634758e-01	1.373575e-01	1.388810e+00
9.489054e-01	8.158999e-01	1.276766e-01	1.495645e+00
1.091241e+00	8.647461e-01	1.177525e-01	1.612123e+00
1.254927e+00	9.330074e-01	1.091587e-01	1.705363e+00
1.443166e+00	1.020456e+00	9.927585e-02	1.732152e+00
1.659641e+00	1.114631e+00	8.819515e-02	1.756922e+00
1.908588e+00	1.220013e+00	7.940207e-02	1.780240e+00
2.194876e+00	1.334806e+00	7.044774e-02	1.802805e+00
2.524107e+00	1.460228e+00	6.402845e-02	1.825681e+00
2.902723e+00	1.600621e+00	5.749502e-02	1.850107e+00
3.338132e+00	1.746480e+00	5.176821e-02	1.877614e+00
3.838852e+00	1.901637e+00	4.685442e-02	1.910043e+00
4.414679e+00	2.055550e+00	4.189890e-02	1.949579e+00
5.076881e+00	2.222510e+00	3.782931e-02	1.998774e+00
5.838413e+00	2.406936e+00	3.391127e-02	2.060565e+00
6.714175e+00	2.566892e+00	3.061194e-02	2.138293e+00
7.721302e+00	2.728343e+00	2.744097e-02	2.235667e+00
8.879497e+00	2.879787e+00	2.457346e-02	2.356877e+00
1.021142e+01	3.011630e+00	2.174275e-02	2.506488e+00
1.174313e+01	3.145050e+00	1.951387e-02	2.689522e+00
1.350460e+01	3.263804e+00	1.747772e-02	2.911518e+00
1.553030e+01	3.377927e+00	1.559423e-02	3.178668e+00
1.785984e+01	3.482224e+00	1.391926e-02	3.498068e+00
2.053882e+01	3.562409e+00	1.224949e-02	3.878041e+00
2.361964e+01	3.638395e+00	1.093278e-02	4.328601e+00
2.716258e+01	3.690110e+00	9.647560e-03	4.862041e+00
3.123697e+01	3.726724e+00	8.610424e-03	5.493613e+00
3.592252e+01	3.747075e+00	7.658295e-03	6.242395e+00
4.131089e+01	3.730380e+00	6.789162e-03	7.132312e+00
4.750753e+01	3.703908e+00	6.060833e-03	8.193430e+00
5.463366e+01	3.668069e+00	5.326291e-03	9.463589e+00
6.282871e+01	3.612723e+00	4.801454e-03	1.099029e+01
7.225301e+01	3.538439e+00	4.262039e-03	1.283403e+01
8.309096e+01	3.969471e+00	3.764977e-03	1.506813e+01
9.555461e+01	3.746224e+00	3.349095e-03	1.779581e+01
1.098878e+02	3.525666e+00	2.919839e-03	2.114096e+01
1.263710e+02	3.305333e+00	2.629769e-03	2.524746e+01
1.453266e+02	3.085860e+00	2.323726e-03	3.031222e+01
1.671256e+02	2.870886e+00	2.049382e-03	3.658920e+01
1.921945e+02	2.664124e+00	1.817558e-03	4.439710e+01
2.210236e+02	2.463177e+00	1.583088e-03	5.414495e+01
2.541772e+02	2.267392e+00	1.408439e-03	6.638938e+01
2.923037e+02	2.081310e+00	1.236732e-03	8.185894e+01
3.361493e+02	1.916012e+00	1.090697e-03	1.014018e+02
3.865717e+02	1.763470e+00	9.695528e-04	1.260469e+02
4.445574e+02	1.617956e+00	8.509107e-04	1.572174e+02
5.112411e+02	1.479676e+00	7.549817e-04	1.967733e+02
5.879272e+02	1.349364e+00	6.660799e-04	2.471227e+02
6.761163e+02	1.227395e+00	5.917132e-04	3.113643e+02
7.775337e+02	1.113973e+00	5.224102e-04	3.934816e+02
8.941638e+02	1.007691e+00	4.611430e-04	4.986823e+02
1.028288e+03	9.097967e-01	4.003288e-04	6.337298e+02
1.182532e+03	8.210194e-01	3.554397e-04	8.071416e+02
1.359911e+03	7.408038e-01	3.136596e-04	1.029566e+03
1.563898e+03	6.675974e-01	2.762173e-04	1.314791e+03
1.798483e+03	6.013846e-01	2.434751e-04	1.680602e+03
2.068255e+03	5.418283e-01	2.105171e-04	2.149585e+03
2.378493e+03	4.881589e-01	1.858997e-04	2.750451e+03
2.735268e+03	4.398386e-01	1.613261e-04	3.519530e+03
3.145558e+03	3.967351e-01	1.423778e-04	4.502653e+03
3.617391e+03	3.584129e-01	1.250801e-04	5.757475e+03
4.160000e+03	3.242354e-01	1.092085e-04	7.356140e+03
4.784000e+03	2.938726e-01	9.643022e-05	9.388528e+03
5.501600e+03	2.670602e-01	8.341596e-05	1.196603e+04
6.326840e+03	2.433621e-01	7.445344e-05	1.522585e+04
7.275866e+03	2.224381e-01	6.522903e-05	1.933586e+04
8.367246e+03	2.040773e-01	5.684929e-05	2.449995e+04
9.622333e+03	1.879930e-01	4.981967e-05	3.096374e+04
