# Energy_MeV	dEdx_Elec_MeV_um	dEdx_Nucl_MeV_um	Range_um
1.000000e-05	2.543352e-03	3.133665e-02	4.598629e-03
1.150000e-05	2.752900e-03	3.440823e-02	4.931481e-03
1.322500e-05	2.977389e-03	3.767846e-02	5.288424e-03
1.520875e-05	3.217922e-03	4.131355e-02	5.671203e-03
1.749006e-05	3.475679e-03	4.518512e-02	6.081687e-03
2.011357e-05	3.751921e-03	4.942389e-02	6.521883e-03
2.313061e-05	4.048003e-03	5.391340e-02	6.993941e-03
2.660020e-05	4.365372e-03	5.874690e-02	7.500166e-03
3.059023e-05	4.705582e-03	6.397524e-02	8.043032e-03
3.517876e-05	5.070296e-03	6.952672e-02	8.625191e-03
4.045558e-05	5.461298e-03	7.563007e-02	9.249486e-03
4.652391e-05	5.880500e-03	8.174443e-02	9.918969e-03
5.350250e-05	6.329949e-03	8.861418e-02	1.063691e-02
6.152788e-05	6.811844e-03	9.593948e-02	1.140681e-02
7.075706e-05	7.328540e-03	1.034816e-01	1.223245e-02
8.137062e-05	7.882560e-03	1.120045e-01	1.311784e-02
9.357621e-05	8.476613e-03	1.200547e-01	1.406731e-02
1.076126e-04	9.113600e-03	1.292280e-01	1.508551e-02
1.237545e-04	9.796635e-03	1.387868e-01	1.617741e-02
1.423177e-04	1.052905e-02	1.485015e-01	1.734834e-02
1.636654e-04	1.131444e-02	1.593706e-01	1.860402e-02
1.882152e-04	1.215662e-02	1.697863e-01	1.995059e-02
2.164475e-04	1.305972e-02	1.811125e-01	2.139462e-02
2.489146e-04	1.402814e-02	1.924573e-01	2.294318e-02
2.862518e-04	1.506663e-02	2.038709e-01	2.460382e-02
3.291895e-04	1.618024e-02	2.161466e-01	2.638466e-02
3.785680e-04	1.737443e-02	2.278537e-01	2.829439e-02
4.353531e-04	1.865502e-02	2.399334e-01	3.034235e-02
5.006561e-04	2.002828e-02	2.515655e-01	3.253855e-02
5.757545e-04	2.150090e-02	2.639462e-01	3.489371e-02
6.621177e-04	2.308010e-02	2.756962e-01	3.741933e-02
7.614354e-04	2.477357e-02	2.880676e-01	4.012776e-02
8.756507e-04	2.658960e-02	2.992487e-01	4.303223e-02
1.006998e-03	2.853705e-02	3.100597e-01	4.614693e-02
1.158048e-03	3.062545e-02	3.211414e-01	4.948707e-02
1.331755e-03	3.286498e-02	3.310826e-01	5.306897e-02
1.531519e-03	3.526660e-02	3.414442e-01	5.691013e-02
1.761246e-03	3.784204e-02	3.504951e-01	6.102931e-02
2.025433e-03	4.060387e-02	3.593593e-01	6.544664e-02
2.329248e-03	4.356560e-02	3.669334e-01	7.018371e-02
2.678635e-03	4.674168e-02	3.739257e-01	7.526364e-02
3.080431e-03	5.014764e-02	3.803403e-01	8.069809e-02
3.542495e-03	5.380012e-02	3.857469e-01	8.655592e-02
4.073870e-03	5.771696e-02	3.909617e-01	9.281940e-02
4.684950e-03	6.191728e-02	3.944913e-01	9.953861e-02
5.387693e-03	6.642163e-02	3.980200e-01	1.067428e-01
6.195847e-03	7.125199e-02	4.007265e-01	1.144688e-01
7.125224e-03	7.643197e-02	4.023868e-01	1.227540e-01
8.194007e-03	8.198687e-02	4.039434e-01	1.316388e-01
9.423108e-03	8.794383e-02	4.035876e-01	1.411667e-01
1.083657e-02	9.433196e-02	4.030463e-01	1.513843e-01
1.246206e-02	1.011825e-01	4.014578e-01	1.623414e-01
1.433137e-02	1.085288e-01	3.988255e-01	1.740916e-01
1.648108e-02	1.164069e-01	3.955737e-01	1.866923e-01
1.895324e-02	1.248551e-01	3.909134e-01	2.002050e-01
2.179622e-02	1.339149e-01	3.854526e-01	2.146957e-01
2.506566e-02	1.436304e-01	3.788964e-01	2.302354e-01
2.882550e-02	1.540491e-01	3.713807e-01	2.468998e-01
3.314933e-02	1.652219e-01	3.628054e-01	2.647704e-01
3.812173e-02	1.772035e-01	3.534151e-01	2.839345e-01
4.383999e-02	1.900522e-01	3.432964e-01	3.044856e-01
5.041599e-02	2.038309e-01	3.324428e-01	3.265243e-01
5.797838e-02	2.186070e-01	3.204714e-01	3.501582e-01
6.667514e-02	2.344525e-01	3.082584e-01	3.755027e-01
7.667641e-02	2.514450e-01	2.948704e-01	4.026815e-01
8.817787e-02	2.696674e-01	2.820041e-01	4.318276e-01
1.014046e-01	2.892087e-01	2.686258e-01	4.630834e-01
1.166152e-01	3.101644e-01	2.545033e-01	4.966016e-01
1.341075e-01	3.326369e-01	2.410030e-01	5.325456e-01
1.542237e-01	3.567360e-01	2.263944e-01	5.710913e-01
1.773572e-01	3.825794e-01	2.128918e-01	6.124270e-01
2.039608e-01	4.102934e-01	1.988934e-01	6.567543e-01
2.345549e-01	4.400132e-01	1.859413e-01	7.042941e-01
2.697381e-01	4.718843e-01	1.733652e-01	7.552553e-01
3.101989e-01	5.060642e-01	1.607937e-01	8.100509e-01
3.567287e-01	5.427189e-01	1.493131e-01	8.693576e-01
4.102380e-01	5.820266e-01	1.374596e-01	9.335829e-01
4.717737e-01	6.241794e-01	1.276787e-01	1.003202e+00
5.425397e-01	6.693833e-01	1.172200e-01	1.078737e+00
6.239207e-01	7.178592e-01	1.077027e-01	1.160794e+00
7.175088e-01	7.673492e-01	1.000777e-01	1.250079e+00
8.251351e-01	8.136019e-01	9.207581e-02	1.346195e+00
9.489054e-01	8.783847e-01	8.522274e-02	1.375580e+00
1.091241e+00	9.618840e-01	7.734172e-02	1.403249e+00
1.254927e+00	1.051870e+00	6.902957e-02	1.429467e+00
1.443166e+00	1.152355e+00	6.209691e-02	1.454578e+00
1.659641e+00	1.261120e+00	5.508731e-02	1.479251e+00
1.908588e+00	1.379413e+00	4.999970e-02	1.504251e+00
2.194876e+00	1.511337e+00	4.491417e-02	1.530590e+00
2.524107e+00	1.645743e+00	4.051436e-02	1.559536e+00
2.902723e+00	1.786698e+00	3.658801e-02	1.592644e+00
3.338132e+00	1.921315e+00	3.275262e-02	1.631778e+00
3.838852e+00	2.066475e+00	2.952827e-02	1.679145e+00
4.414679e+00	2.226404e+00	2.652571e-02	1.737302e+00
5.076881e+00	2.359209e+00	2.391611e-02	1.809182e+00
5.838413e+00	2.492760e+00	2.135924e-02	1.898119e+00
6.714175e+00	2.615890e+00	1.920676e-02	2.007833e+00
7.721302e+00	2.721905e+00	1.696973e-02	2.142459e+00
8.879497e+00	2.828126e+00	1.526285e-02	2.306569e+00
1.021142e+01	2.920539e+00	1.365411e-02	2.505251e+00
1.174313e+01	3.008193e+00	1.213189e-02	2.744231e+00
1.350460e+01	3.085700e+00	1.087754e-02	3.030094e+00
1.553030e+01	3.141837e+00	9.558298e-03	3.370597e+00
1.785984e+01	3.192805e+00	8.536893e-03	3.775101e+00
2.053882e+01	3.221835e+00	7.537084e-03	4.255099e+00
2.361964e+01	3.237593e+00	6.714486e-03	4.824889e+00
2.716258e+01	3.238236e+00	5.980847e-03	5.502375e+00
3.123697e+01	3.210087e+00	5.292179e-03	6.310065e+00
3.592252e+01	3.172251e+00	4.731735e-03	7.276311e+00
4.131089e+01	3.125310e+00	4.170440e-03	8.436891e+00
4.750753e+01	3.062771e+00	3.752051e-03	9.836860e+00
5.463366e+01	2.984134e+00	3.318852e-03	1.153373e+01
6.282871e+01	3.323622e+00	2.943364e-03	1.359755e+01
7.225301e+01	3.124077e+00	2.614884e-03	1.612658e+01
8.309096e+01	2.929008e+00	2.284175e-03	1.923974e+01
9.555461e+01	2.735824e+00	2.055082e-03	2.307589e+01
1.098878e+02	2.544864e+00	1.808990e-03	2.782469e+01
1.263710e+02	2.358967e+00	1.601991e-03	3.373121e+01
1.453266e+02	2.181066e+00	1.418907e-03	4.110403e+01
1.671256e+02	2.009458e+00	1.236615e-03	5.033959e+01
1.921945e+02	1.842728e+00	1.098325e-03	6.197687e+01
2.210236e+02	1.685183e+00	9.649428e-04	7.672292e+01
2.541772e+02	1.545494e+00	8.531375e-04	9.540585e+01
2.923037e+02	1.417191e+00	7.562341e-04	1.190305e+02
3.361493e+02	1.295623e+00	6.646048e-04	1.489830e+02
3.865717e+02	1.180871e+00	5.886534e-04	1.870753e+02
4.445574e+02	1.073409e+00	5.206820e-04	2.356526e+02
5.112411e+02	9.734449e-01	4.619032e-04	2.977331e+02
5.879272e+02	8.810678e-01	4.059247e-04	3.771944e+02
6.761163e+02	7.949632e-01	3.602014e-04	4.791013e+02
7.775337e+02	7.161020e-01	3.121795e-04	6.100290e+02
8.941638e+02	6.449757e-01	2.778593e-04	7.782572e+02
1.028288e+03	5.810556e-01	2.448691e-04	9.941298e+02
1.182532e+03	5.229313e-01	2.145545e-04	1.271025e+03
1.359911e+03	4.704920e-01	1.901503e-04	1.626198e+03
1.563898e+03	4.234317e-01	1.641263e-04	2.081553e+03
1.798483e+03	3.811630e-01	1.450418e-04	2.664933e+03
2.068255e+03	3.432350e-01	1.261193e-04	3.411564e+03
2.378493e+03	3.094446e-01	1.109215e-04	4.365891e+03
2.735268e+03	2.794269e-01	9.760519e-05	5.583831e+03
3.145558e+03	2.527040e-01	8.503213e-05	7.135366e+03
3.617391e+03	2.289908e-01	7.522608e-05	9.107700e+03
4.160000e+03	2.080538e-01	6.534012e-05	1.160892e+04
4.784000e+03	1.895596e-01	5.814254e-05	1.477220e+04
5.501600e+03	1.732404e-01	5.072836e-05	1.876048e+04
6.326840e+03	1.589171e-01	0.000000e+00	2.377170e+04
7.275866e+03	1.463687e-01	0.000000e+00	3.004432e+04
8.367246e+03	1.353668e-01	0.000000e+00	3.786308e+04
9.622333e+03	1.257758e-01	0.000000e+00	4.756493e+04
