# Energy_MeV	dEdx_Elec_MeV_um	dEdx_Nucl_MeV_um	Range_um
1.000000e-05	2.202165e-03	3.090327e-02	5.914622e-03
1.150000e-05	2.377720e-03	3.381679e-02	6.342726e-03
1.322500e-05	2.565876e-03	3.712301e-02	6.801816e-03
1.520875e-05	2.767555e-03	4.052408e-02	7.294135e-03
1.749006e-05	2.983742e-03	4.433797e-02	7.822088e-03
2.011357e-05	3.215496e-03	4.835188e-02	8.388255e-03
2.313061e-05	3.463951e-03	5.262286e-02	8.995401e-03
2.660020e-05	3.730319e-03	5.736891e-02	9.646493e-03
3.059023e-05	4.015905e-03	6.226118e-02	1.034471e-02
3.517876e-05	4.322103e-03	6.768277e-02	1.109347e-02
4.045558e-05	4.650410e-03	7.314598e-02	1.189642e-02
4.652391e-05	5.002431e-03	7.925244e-02	1.275749e-02
5.350250e-05	5.379886e-03	8.572068e-02	1.368088e-02
6.152788e-05	5.784618e-03	9.258782e-02	1.467111e-02
7.075706e-05	6.218606e-03	9.990424e-02	1.573301e-02
8.137062e-05	6.683970e-03	1.072350e-01	1.687178e-02
9.357621e-05	7.182983e-03	1.153354e-01	1.809296e-02
1.076126e-04	7.718085e-03	1.237362e-01	1.940254e-02
1.237545e-04	8.291888e-03	1.325835e-01	2.080691e-02
1.423177e-04	8.907197e-03	1.419089e-01	2.231292e-02
1.636654e-04	9.567018e-03	1.513916e-01	2.392795e-02
1.882152e-04	1.027457e-02	1.612060e-01	2.565986e-02
2.164475e-04	1.103332e-02	1.712529e-01	2.751714e-02
2.489146e-04	1.184697e-02	1.814046e-01	2.950884e-02
2.862518e-04	1.271949e-02	1.919195e-01	3.164471e-02
3.291895e-04	1.365514e-02	2.025813e-01	3.393517e-02
3.785680e-04	1.465851e-02	2.127486e-01	3.639141e-02
4.353531e-04	1.573448e-02	2.233480e-01	3.902544e-02
5.006561e-04	1.688832e-02	2.341199e-01	4.185013e-02
5.757545e-04	1.812566e-02	2.442447e-01	4.487926e-02
6.621177e-04	1.945255e-02	2.554837e-01	4.812765e-02
7.614354e-04	2.087547e-02	2.645103e-01	5.161115e-02
8.756507e-04	2.240137e-02	2.743691e-01	5.534679e-02
1.006998e-03	2.403770e-02	2.838297e-01	5.935282e-02
1.158048e-03	2.579247e-02	2.922843e-01	6.364881e-02
1.331755e-03	2.767423e-02	3.016182e-01	6.825575e-02
1.531519e-03	2.969220e-02	3.089127e-01	7.319613e-02
1.761246e-03	3.185621e-02	3.166724e-01	7.849411e-02
2.025433e-03	3.417686e-02	3.231306e-01	8.417555e-02
2.329248e-03	3.666547e-02	3.288552e-01	9.026822e-02
2.678635e-03	3.933419e-02	3.346017e-01	9.680189e-02
3.080431e-03	4.219608e-02	3.389519e-01	1.038085e-01
3.542495e-03	4.526510e-02	3.433364e-01	1.113136e-01
4.073870e-03	4.855626e-02	3.462442e-01	1.193837e-01
4.684950e-03	5.208563e-02	3.491126e-01	1.280225e-01
5.387693e-03	5.587046e-02	3.512392e-01	1.372900e-01
6.195847e-03	5.992922e-02	3.527642e-01	1.472266e-01
7.125224e-03	6.428176e-02	3.535867e-01	1.578827e-01
8.194007e-03	6.894934e-02	3.532740e-01	1.693102e-01
9.423108e-03	7.395475e-02	3.525294e-01	1.815647e-01
1.083657e-02	7.932246e-02	3.508909e-01	1.947062e-01
1.246206e-02	8.507868e-02	3.485061e-01	2.087989e-01
1.433137e-02	9.125154e-02	3.452655e-01	2.239116e-01
1.648108e-02	9.787119e-02	3.410312e-01	2.401183e-01
1.895324e-02	1.049700e-01	3.359647e-01	2.574980e-01
2.179622e-02	1.125826e-01	3.300198e-01	2.761356e-01
2.506566e-02	1.207461e-01	3.231655e-01	2.961222e-01
2.882550e-02	1.295006e-01	3.154852e-01	3.175555e-01
3.314933e-02	1.388888e-01	3.069416e-01	3.405401e-01
3.812173e-02	1.489564e-01	2.980561e-01	3.651884e-01
4.383999e-02	1.597527e-01	2.881760e-01	3.916206e-01
5.041599e-02	1.713305e-01	2.775192e-01	4.199661e-01
5.797838e-02	1.837463e-01	2.667823e-01	4.503633e-01
6.667514e-02	1.970608e-01	2.546750e-01	4.829607e-01
7.667641e-02	2.113389e-01	2.437825e-01	5.179174e-01
8.817787e-02	2.266506e-01	2.316131e-01	5.554042e-01
1.014046e-01	2.430704e-01	2.192837e-01	5.956044e-01
1.166152e-01	2.606788e-01	2.075912e-01	6.387145e-01
1.341075e-01	2.795617e-01	1.944909e-01	6.849448e-01
1.542237e-01	2.998113e-01	1.831163e-01	7.345212e-01
1.773572e-01	3.215266e-01	1.708333e-01	7.876858e-01
2.039608e-01	3.448136e-01	1.594749e-01	8.446988e-01
2.345549e-01	3.697862e-01	1.488634e-01	9.058376e-01
2.697381e-01	3.965663e-01	1.376204e-01	9.714081e-01
3.101989e-01	4.252848e-01	1.279074e-01	1.041696e+00
3.567287e-01	4.560834e-01	1.177900e-01	1.117295e+00
4.102380e-01	4.891115e-01	1.092469e-01	1.199130e+00
4.717737e-01	5.245303e-01	1.003021e-01	1.287752e+00
5.425397e-01	5.625127e-01	9.245516e-02	1.383820e+00
6.239207e-01	6.032443e-01	8.548439e-02	1.488057e+00
7.175088e-01	6.469241e-01	7.905998e-02	1.601301e+00
8.251351e-01	6.913826e-01	7.282814e-02	1.712784e+00
9.489054e-01	7.343017e-01	6.566153e-02	1.764959e+00
1.091241e+00	7.952181e-01	5.877258e-02	1.815323e+00
1.254927e+00	8.727506e-01	5.243749e-02	1.863989e+00
1.443166e+00	9.549270e-01	4.704042e-02	1.911232e+00
1.659641e+00	1.046099e+00	4.240177e-02	1.957523e+00
1.908588e+00	1.144058e+00	3.824303e-02	2.003587e+00
2.194876e+00	1.248318e+00	3.441546e-02	2.050452e+00
2.524107e+00	1.363326e+00	3.103712e-02	2.099497e+00
2.902723e+00	1.474745e+00	2.792042e-02	2.152502e+00
3.338132e+00	1.586914e+00	2.498022e-02	2.211698e+00
3.838852e+00	1.688839e+00	2.260565e-02	2.279793e+00
4.414679e+00	1.797226e+00	2.023639e-02	2.360064e+00
5.076881e+00	1.914575e+00	1.808408e-02	2.456375e+00
5.838413e+00	2.007959e+00	1.628345e-02	2.573208e+00
6.714175e+00	2.099217e+00	1.430344e-02	2.715705e+00
7.721302e+00	2.182660e+00	1.297961e-02	2.889694e+00
8.879497e+00	2.250690e+00	1.153472e-02	3.101749e+00
1.021142e+01	2.317896e+00	1.025636e-02	3.359240e+00
1.174313e+01	2.374242e+00	9.209014e-03	3.670467e+00
1.350460e+01	2.424051e+00	8.054689e-03	4.044893e+00
1.553030e+01	2.465518e+00	7.234818e-03	4.493521e+00
1.785984e+01	2.488570e+00	6.377875e-03	5.029416e+00
2.053882e+01	2.506066e+00	5.675948e-03	5.668433e+00
2.361964e+01	2.507555e+00	5.074694e-03	6.430141e+00
2.716258e+01	2.497631e+00	4.469170e-03	7.338967e+00
3.123697e+01	2.476494e+00	4.005818e-03	8.425631e+00
3.592252e+01	2.436534e+00	3.538258e-03	9.728920e+00
4.131089e+01	2.388692e+00	3.176379e-03	1.129792e+01
4.750753e+01	2.332729e+00	2.813642e-03	1.319492e+01
5.463366e+01	2.265964e+00	2.498840e-03	1.549872e+01
6.282871e+01	2.187602e+00	2.198905e-03	1.831034e+01
7.225301e+01	2.364952e+00	1.945339e-03	2.175397e+01
8.309096e+01	2.208572e+00	1.736148e-03	2.600355e+01
9.555461e+01	2.057254e+00	1.532315e-03	3.126939e+01
1.098878e+02	1.909484e+00	1.358991e-03	3.780237e+01
1.263710e+02	1.765060e+00	1.191809e-03	4.594315e+01
1.453266e+02	1.626018e+00	1.050202e-03	5.613286e+01
1.671256e+02	1.494141e+00	9.240659e-04	6.892869e+01
1.921945e+02	1.368136e+00	8.168838e-04	8.504971e+01
2.210236e+02	1.246831e+00	7.204847e-04	1.054731e+02
2.541772e+02	1.133265e+00	6.374337e-04	1.314775e+02
2.923037e+02	1.033474e+00	5.640247e-04	1.645656e+02
3.361493e+02	9.421313e-01	4.947456e-04	2.065776e+02
3.865717e+02	8.565095e-01	4.418923e-04	2.600402e+02
4.445574e+02	7.765711e-01	3.891967e-04	3.282474e+02
5.112411e+02	7.024657e-01	3.420170e-04	4.154606e+02
5.879272e+02	6.342273e-01	3.038837e-04	5.271564e+02
6.761163e+02	5.717699e-01	2.620721e-04	6.703671e+02
7.775337e+02	5.139952e-01	2.353848e-04	8.542711e+02
8.941638e+02	4.615689e-01	2.061895e-04	1.090757e+03
1.028288e+03	4.147105e-01	1.809219e-04	1.394768e+03
1.182532e+03	3.728515e-01	1.602562e-04	1.784974e+03
1.359911e+03	3.349911e-01	1.378615e-04	2.285534e+03
1.563898e+03	3.009642e-01	1.224026e-04	2.927552e+03
1.798483e+03	2.705185e-01	1.064114e-04	3.750515e+03
2.068255e+03	2.432825e-01	9.346121e-05	4.804603e+03
2.378493e+03	2.189484e-01	8.249997e-05	6.153307e+03
2.735268e+03	1.973047e-01	7.164761e-05	7.876739e+03
3.145558e+03	1.780914e-01	6.341229e-05	1.007569e+04
3.617391e+03	1.610220e-01	5.530275e-05	1.287632e+04
4.160000e+03	1.458981e-01	4.901314e-05	1.643582e+04
4.784000e+03	1.325462e-01	0.000000e+00	2.094899e+04
5.501600e+03	1.207588e-01	0.000000e+00	2.665580e+04
6.326840e+03	1.103672e-01	0.000000e+00	3.384981e+04
7.275866e+03	1.012452e-01	0.000000e+00	4.288744e+04
8.367246e+03	9.325221e-02	0.000000e+00	5.419797e+04
9.622333e+03	8.625103e-02	0.000000e+00	6.829385e+04
