# Energy_MeV	dEdx_Elec_MeV_um	dEdx_Nucl_MeV_um	Range_um
1.000000e-05	2.055356e-03	3.165020e-02	6.184096e-03
1.150000e-05	2.218426e-03	3.473061e-02	6.631704e-03
1.322500e-05	2.393210e-03	3.809891e-02	7.111711e-03
1.520875e-05	2.580565e-03	4.172834e-02	7.626460e-03
1.749006e-05	2.781405e-03	4.571407e-02	8.178467e-03
2.011357e-05	2.996714e-03	4.994390e-02	8.770429e-03
2.313061e-05	3.227545e-03	5.453975e-02	9.405237e-03
2.660020e-05	3.475025e-03	5.949420e-02	1.008599e-02
3.059023e-05	3.740365e-03	6.472861e-02	1.081602e-02
3.517876e-05	4.024862e-03	7.045774e-02	1.159889e-02
4.045558e-05	4.329904e-03	7.655007e-02	1.243843e-02
4.652391e-05	4.656984e-03	8.293322e-02	1.333873e-02
5.350250e-05	5.007700e-03	8.982554e-02	1.430419e-02
6.152788e-05	5.383765e-03	9.722823e-02	1.533954e-02
7.075706e-05	5.787016e-03	1.050169e-01	1.644982e-02
8.137062e-05	6.219424e-03	1.136454e-01	1.764047e-02
9.357621e-05	6.683102e-03	1.220566e-01	1.891729e-02
1.076126e-04	7.180315e-03	1.313134e-01	2.028654e-02
1.237545e-04	7.713492e-03	1.410205e-01	2.175489e-02
1.423177e-04	8.285237e-03	1.510610e-01	2.332952e-02
1.636654e-04	8.898345e-03	1.621278e-01	2.501812e-02
1.882152e-04	9.555811e-03	1.728840e-01	2.682894e-02
2.164475e-04	1.026085e-02	1.847010e-01	2.877084e-02
2.489146e-04	1.101689e-02	1.962648e-01	3.085328e-02
2.862518e-04	1.182765e-02	2.080365e-01	3.308646e-02
3.291895e-04	1.269708e-02	2.206004e-01	3.548128e-02
3.785680e-04	1.362942e-02	2.327308e-01	3.804943e-02
4.353531e-04	1.462923e-02	2.457654e-01	4.080347e-02
5.006561e-04	1.570140e-02	2.574177e-01	4.375685e-02
5.757545e-04	1.685116e-02	2.699575e-01	4.692399e-02
6.621177e-04	1.808413e-02	2.826972e-01	5.032037e-02
7.614354e-04	1.940633e-02	2.951045e-01	5.396259e-02
8.756507e-04	2.082423e-02	3.075345e-01	5.786843e-02
1.006998e-03	2.234474e-02	3.183878e-01	6.205698e-02
1.158048e-03	2.397531e-02	3.296858e-01	6.654869e-02
1.331755e-03	2.572389e-02	3.406766e-01	7.136552e-02
1.531519e-03	2.759902e-02	3.510871e-01	7.653100e-02
1.761246e-03	2.960988e-02	3.611201e-01	8.207035e-02
2.025433e-03	3.176627e-02	3.700183e-01	8.801065e-02
2.329248e-03	3.407874e-02	3.783302e-01	9.438090e-02
2.678635e-03	3.655858e-02	3.859950e-01	1.012122e-01
3.080431e-03	3.921791e-02	3.924721e-01	1.085380e-01
3.542495e-03	4.206972e-02	3.986066e-01	1.163941e-01
4.073870e-03	4.512794e-02	4.039207e-01	1.247727e-01
4.684950e-03	4.840752e-02	4.081273e-01	1.338295e-01
5.387693e-03	5.192446e-02	4.118159e-01	1.435460e-01
6.195847e-03	5.569596e-02	4.147386e-01	1.539343e-01
7.125224e-03	5.974045e-02	4.167977e-01	1.650763e-01
8.194007e-03	6.407767e-02	4.186193e-01	1.770245e-01
9.423108e-03	6.872882e-02	4.186218e-01	1.898373e-01
1.083657e-02	7.371661e-02	4.182104e-01	2.035776e-01
1.246206e-02	7.906543e-02	4.167980e-01	2.183123e-01
1.433137e-02	8.480140e-02	4.143758e-01	2.341136e-01
1.648108e-02	9.095253e-02	4.112845e-01	2.510587e-01
1.895324e-02	9.754888e-02	4.067459e-01	2.692302e-01
2.179622e-02	1.046227e-01	4.013815e-01	2.887169e-01
2.506566e-02	1.122085e-01	3.948378e-01	3.096141e-01
2.882550e-02	1.203434e-01	3.873479e-01	3.320239e-01
3.314933e-02	1.290670e-01	3.787204e-01	3.560558e-01
3.812173e-02	1.384221e-01	3.692573e-01	3.818270e-01
4.383999e-02	1.484543e-01	3.587412e-01	4.094635e-01
5.041599e-02	1.592127e-01	3.479000e-01	4.391004e-01
5.797838e-02	1.707498e-01	3.358809e-01	4.708825e-01
6.667514e-02	1.831219e-01	3.230300e-01	5.049651e-01
7.667641e-02	1.963895e-01	3.096395e-01	5.415144e-01
8.817787e-02	2.106174e-01	2.957604e-01	5.807091e-01
1.014046e-01	2.258751e-01	2.823619e-01	6.227409e-01
1.166152e-01	2.422372e-01	2.680757e-01	6.678151e-01
1.341075e-01	2.597837e-01	2.535362e-01	7.161517e-01
1.542237e-01	2.786001e-01	2.388957e-01	7.679868e-01
1.773572e-01	2.987784e-01	2.243134e-01	8.235736e-01
2.039608e-01	3.204173e-01	2.101999e-01	8.831842e-01
2.345549e-01	3.436225e-01	1.964616e-01	9.471094e-01
2.697381e-01	3.685072e-01	1.829391e-01	1.015662e+00
3.101989e-01	3.951931e-01	1.703526e-01	1.089173e+00
3.567287e-01	4.238105e-01	1.578562e-01	1.168012e+00
4.102380e-01	4.544995e-01	1.457360e-01	1.252553e+00
4.717737e-01	4.874113e-01	1.350101e-01	1.343754e+00
5.425397e-01	5.227051e-01	1.243093e-01	1.442533e+00
6.239207e-01	5.605535e-01	1.140884e-01	1.549539e+00
7.175088e-01	6.011415e-01	1.057000e-01	1.665575e+00
8.251351e-01	6.446672e-01	9.731574e-02	1.791538e+00
9.489054e-01	6.913434e-01	9.049096e-02	1.928466e+00
1.091241e+00	7.353372e-01	8.264248e-02	2.059818e+00
1.254927e+00	7.824733e-01	7.361671e-02	2.116215e+00
1.443166e+00	8.560220e-01	6.617899e-02	2.170275e+00
1.659641e+00	9.381229e-01	5.863408e-02	2.222116e+00
1.908588e+00	1.028097e+00	5.328173e-02	2.272291e+00
2.194876e+00	1.124578e+00	4.774024e-02	2.321476e+00
2.524107e+00	1.231839e+00	4.309030e-02	2.370681e+00
2.902723e+00	1.344291e+00	3.898467e-02	2.421279e+00
3.338132e+00	1.465199e+00	3.489083e-02	2.475057e+00
3.838852e+00	1.592414e+00	3.152396e-02	2.534276e+00
4.414679e+00	1.705354e+00	2.813074e-02	2.601721e+00
5.076881e+00	1.823782e+00	2.550573e-02	2.680747e+00
5.838413e+00	1.948674e+00	2.288268e-02	2.775311e+00
6.714175e+00	2.069156e+00	2.044492e-02	2.890078e+00
7.721302e+00	2.181978e+00	1.819233e-02	3.030379e+00
8.879497e+00	2.276873e+00	1.620561e-02	3.202282e+00
1.021142e+01	2.371724e+00	1.458521e-02	3.412614e+00
1.174313e+01	2.448494e+00	1.301674e-02	3.669000e+00
1.350460e+01	2.522246e+00	1.158972e-02	3.979975e+00
1.553030e+01	2.594267e+00	1.026089e-02	4.355139e+00
1.785984e+01	2.646139e+00	9.101127e-03	4.805467e+00
2.053882e+01	2.694177e+00	8.078886e-03	5.343793e+00
2.361964e+01	2.724261e+00	7.184589e-03	5.985457e+00
2.716258e+01	2.742793e+00	6.371014e-03	6.749179e+00
3.123697e+01	2.752957e+00	5.679793e-03	7.658146e+00
3.592252e+01	2.740032e+00	5.048466e-03	8.741364e+00
4.131089e+01	2.717465e+00	4.464211e-03	1.003532e+01
4.750753e+01	2.675934e+00	3.997999e-03	1.158608e+01
5.463366e+01	2.626763e+00	3.551126e-03	1.345185e+01
6.282871e+01	2.569338e+00	3.146204e-03	1.570637e+01
7.225301e+01	2.496134e+00	2.799007e-03	1.844311e+01
8.309096e+01	2.789497e+00	2.439502e-03	2.177985e+01
9.555461e+01	2.607475e+00	2.191992e-03	2.586685e+01
1.098878e+02	2.438853e+00	1.937162e-03	3.091251e+01
1.263710e+02	2.273207e+00	1.710713e-03	3.714916e+01
1.453266e+02	2.111344e+00	1.519979e-03	4.488239e+01
1.671256e+02	1.952885e+00	1.322022e-03	5.451459e+01
1.921945e+02	1.800798e+00	1.177361e-03	6.656348e+01
2.210236e+02	1.656198e+00	1.030411e-03	8.168107e+01
2.541772e+02	1.516637e+00	9.104396e-04	1.007285e+02
2.923037e+02	1.383553e+00	8.096604e-04	1.248777e+02
3.361493e+02	1.260132e+00	7.100868e-04	1.555934e+02
3.865717e+02	1.152746e+00	6.314788e-04	1.945701e+02
4.445574e+02	1.051727e+00	5.538520e-04	2.440259e+02
5.112411e+02	9.568181e-01	4.946751e-04	3.069608e+02
5.879272e+02	8.681356e-01	4.370977e-04	3.872539e+02
6.761163e+02	7.857879e-01	3.847152e-04	4.899223e+02
7.775337e+02	7.099744e-01	3.363125e-04	6.213978e+02
8.941638e+02	6.400928e-01	2.958215e-04	7.899864e+02
1.028288e+03	5.757489e-01	2.625680e-04	1.006566e+03
1.182532e+03	5.173255e-01	2.312608e-04	1.285053e+03
1.359911e+03	4.654846e-01	2.032391e-04	1.642812e+03
1.563898e+03	4.186049e-01	1.770072e-04	2.101805e+03
1.798483e+03	3.762373e-01	1.551330e-04	2.690634e+03
2.068255e+03	3.382134e-01	1.355861e-04	3.445736e+03
2.378493e+03	3.041634e-01	1.191321e-04	4.413464e+03
2.735268e+03	2.736683e-01	1.042897e-04	5.652596e+03
3.145558e+03	2.464432e-01	9.166635e-05	7.237399e+03
3.617391e+03	2.222557e-01	8.052089e-05	9.261498e+03
4.160000e+03	2.007689e-01	7.008772e-05	1.184245e+04
4.784000e+03	1.816780e-01	6.214348e-05	1.512710e+04
5.501600e+03	1.647900e-01	5.448527e-05	1.929806e+04
6.326840e+03	1.498852e-01	4.753947e-05	2.458109e+04
7.275866e+03	1.367243e-01	0.000000e+00	3.125356e+04
8.367246e+03	1.251395e-01	0.000000e+00	3.965379e+04
9.622333e+03	1.149846e-01	0.000000e+00	5.019132e+04
