# Energy_MeV	dEdx_Elec_MeV_um	dEdx_Nucl_MeV_um	Range_um
1.000000e-05	2.263069e-03	2.491748e-02	7.474472e-03
1.150000e-05	2.439488e-03	2.716742e-02	8.015479e-03
1.322500e-05	2.628614e-03	2.947546e-02	8.595643e-03
1.520875e-05	2.831371e-03	3.198787e-02	9.217800e-03
1.749006e-05	3.048751e-03	3.460492e-02	9.884990e-03
2.011357e-05	3.281816e-03	3.754442e-02	1.060047e-02
2.313061e-05	3.531705e-03	4.053701e-02	1.136774e-02
2.660020e-05	3.799640e-03	4.379055e-02	1.219054e-02
3.059023e-05	4.086929e-03	4.721574e-02	1.307290e-02
3.517876e-05	4.394977e-03	5.068672e-02	1.401912e-02
4.045558e-05	4.725289e-03	5.459866e-02	1.503383e-02
4.652391e-05	5.079479e-03	5.846528e-02	1.612199e-02
5.350250e-05	5.459277e-03	6.265275e-02	1.728891e-02
6.152788e-05	5.866539e-03	6.704893e-02	1.854029e-02
7.075706e-05	6.303255e-03	7.154312e-02	1.988224e-02
8.137062e-05	6.771558e-03	7.616559e-02	2.132133e-02
9.357621e-05	7.273737e-03	8.079804e-02	2.286458e-02
1.076126e-04	7.812244e-03	8.566947e-02	2.451953e-02
1.237545e-04	8.389711e-03	9.058326e-02	2.629427e-02
1.423177e-04	9.008958e-03	9.562948e-02	2.819746e-02
1.636654e-04	9.673012e-03	1.003287e-01	3.023841e-02
1.882152e-04	1.038512e-02	1.053329e-01	3.242708e-02
2.164475e-04	1.114875e-02	1.105018e-01	3.477417e-02
2.489146e-04	1.196764e-02	1.151235e-01	3.729114e-02
2.862518e-04	1.284579e-02	1.204144e-01	3.999030e-02
3.291895e-04	1.378750e-02	1.245951e-01	4.288481e-02
3.785680e-04	1.479735e-02	1.292341e-01	4.598884e-02
4.353531e-04	1.588029e-02	1.337617e-01	4.931754e-02
5.006561e-04	1.704161e-02	1.376241e-01	5.288717e-02
5.757545e-04	1.828697e-02	1.420151e-01	5.671517e-02
6.621177e-04	1.962246e-02	1.454486e-01	6.082024e-02
7.614354e-04	2.105462e-02	1.489623e-01	6.522244e-02
8.756507e-04	2.259042e-02	1.520276e-01	6.994328e-02
1.006998e-03	2.423738e-02	1.547634e-01	7.500581e-02
1.158048e-03	2.600355e-02	1.574492e-01	8.043477e-02
1.331755e-03	2.789754e-02	1.594614e-01	8.625668e-02
1.531519e-03	2.992862e-02	1.613891e-01	9.249998e-02
1.761246e-03	3.210671e-02	1.628200e-01	9.919518e-02
2.025433e-03	3.444244e-02	1.642611e-01	1.063242e-01
2.329248e-03	3.694723e-02	1.651181e-01	1.140676e-01
2.678635e-03	3.963331e-02	1.658127e-01	1.223339e-01
3.080431e-03	4.251381e-02	1.661732e-01	1.311889e-01
3.542495e-03	4.560280e-02	1.660015e-01	1.406838e-01
4.073870e-03	4.891537e-02	1.657028e-01	1.508665e-01
4.684950e-03	5.246770e-02	1.648308e-01	1.617860e-01
5.387693e-03	5.627715e-02	1.636760e-01	1.734959e-01
6.195847e-03	6.036232e-02	1.621424e-01	1.860535e-01
7.125224e-03	6.474318e-02	1.601175e-01	1.995200e-01
8.194007e-03	6.944113e-02	1.577134e-01	2.139611e-01
9.423108e-03	7.447912e-02	1.548869e-01	2.294474e-01
1.083657e-02	7.988175e-02	1.516278e-01	2.460547e-01
1.246206e-02	8.567543e-02	1.480119e-01	2.638642e-01
1.433137e-02	9.188846e-02	1.439639e-01	2.829626e-01
1.648108e-02	9.855119e-02	1.398016e-01	3.034433e-01
1.895324e-02	1.056962e-01	1.351161e-01	3.254064e-01
2.179622e-02	1.133583e-01	1.300750e-01	3.489593e-01
2.506566e-02	1.215750e-01	1.250572e-01	3.742171e-01
2.882550e-02	1.303865e-01	1.193565e-01	4.013028e-01
3.314933e-02	1.398357e-01	1.142799e-01	4.303490e-01
3.812173e-02	1.499689e-01	1.085228e-01	4.614977e-01
4.383999e-02	1.608355e-01	1.027176e-01	4.949011e-01
5.041599e-02	1.724886e-01	9.725547e-02	5.307221e-01
5.797838e-02	1.849852e-01	9.108053e-02	5.691357e-01
6.667514e-02	1.983864e-01	8.572504e-02	6.103297e-01
7.667641e-02	2.127574e-01	8.006084e-02	6.545056e-01
8.817787e-02	2.281687e-01	7.476473e-02	7.018790e-01
1.014046e-01	2.446955e-01	6.966487e-02	7.526812e-01
1.166152e-01	2.624185e-01	6.439843e-02	8.071601e-01
1.341075e-01	2.814242e-01	5.984386e-02	8.655826e-01
1.542237e-01	3.018056e-01	5.525428e-02	9.282352e-01
1.773572e-01	3.236623e-01	5.116065e-02	9.954103e-01
2.039608e-01	3.471016e-01	4.677272e-02	1.067536e+00
2.345549e-01	3.722383e-01	4.341576e-02	1.145513e+00
2.697381e-01	3.991943e-01	4.017224e-02	1.229960e+00
3.101989e-01	4.281014e-01	3.691395e-02	1.321479e+00
3.567287e-01	4.591009e-01	3.394488e-02	1.420749e+00
4.102380e-01	4.923417e-01	3.053044e-02	1.504328e+00
4.717737e-01	5.279866e-01	2.756771e-02	1.572901e+00
5.425397e-01	5.586098e-01	2.461428e-02	1.641348e+00
6.239207e-01	5.981926e-01	2.200217e-02	1.709446e+00
7.175088e-01	6.526557e-01	1.983253e-02	1.777091e+00
8.251351e-01	7.093967e-01	1.786627e-02	1.844346e+00
9.489054e-01	7.713105e-01	1.614944e-02	1.911496e+00
1.091241e+00	8.303455e-01	1.450442e-02	1.979082e+00
1.254927e+00	8.922052e-01	1.305736e-02	2.048014e+00
1.443166e+00	9.538480e-01	1.170098e-02	2.119606e+00
1.659641e+00	1.009194e+00	1.058643e-02	2.195650e+00
1.908588e+00	1.064613e+00	9.469376e-03	2.278498e+00
2.194876e+00	1.103281e+00	8.457316e-03	2.371134e+00
2.524107e+00	1.145082e+00	7.625700e-03	2.477270e+00
2.902723e+00	1.189845e+00	6.698003e-03	2.601414e+00
3.338132e+00	1.223583e+00	6.081538e-03	2.748961e+00
3.838852e+00	1.255484e+00	5.394022e-03	2.926283e+00
4.414679e+00	1.278358e+00	4.803256e-03	3.140830e+00
5.076881e+00	1.297170e+00	4.313009e-03	3.401231e+00
5.838413e+00	1.311448e+00	3.767067e-03	3.717465e+00
6.714175e+00	1.319299e+00	3.381816e-03	4.101070e+00
7.721302e+00	1.324501e+00	2.987508e-03	4.565506e+00
8.879497e+00	1.321332e+00	2.663820e-03	5.126682e+00
1.021142e+01	1.312266e+00	2.371905e-03	5.803732e+00
1.174313e+01	1.297633e+00	2.089248e-03	6.620074e+00
1.350460e+01	1.275057e+00	1.872337e-03	7.604818e+00
1.553030e+01	1.247669e+00	1.659742e-03	8.794590e+00
1.785984e+01	1.213532e+00	1.487477e-03	1.023587e+01
2.053882e+01	1.175225e+00	1.307560e-03	1.198796e+01
2.361964e+01	1.131748e+00	1.170315e-03	1.412680e+01
2.716258e+01	1.083627e+00	1.029999e-03	1.674981e+01
3.123697e+01	1.030739e+00	9.114472e-04	1.998195e+01
3.592252e+01	9.749152e-01	8.135969e-04	2.398454e+01
4.131089e+01	9.872312e-01	7.118744e-04	2.896006e+01
4.750753e+01	9.091181e-01	6.364906e-04	3.518117e+01
5.463366e+01	8.364781e-01	5.582959e-04	4.300420e+01
6.282871e+01	7.670228e-01	4.909812e-04	5.284261e+01
7.225301e+01	7.008699e-01	4.326537e-04	6.525564e+01
8.309096e+01	6.381525e-01	3.813454e-04	8.096998e+01
9.555461e+01	5.796301e-01	3.381423e-04	1.009145e+02
1.098878e+02	5.253766e-01	2.977464e-04	1.262738e+02
1.263710e+02	4.737092e-01	2.636807e-04	1.586340e+02
1.453266e+02	4.261340e-01	2.322009e-04	2.001141e+02
1.671256e+02	3.840764e-01	2.069349e-04	2.532858e+02
1.921945e+02	3.469937e-01	1.818004e-04	3.211950e+02
2.210236e+02	3.129222e-01	1.601679e-04	4.079483e+02
2.541772e+02	2.816991e-01	1.423367e-04	5.189512e+02
2.923037e+02	2.532113e-01	1.227119e-04	6.611733e+02
3.361493e+02	2.273437e-01	1.102967e-04	8.435798e+02
3.865717e+02	2.039908e-01	9.621044e-05	1.077639e+03
4.445574e+02	1.827195e-01	8.472431e-05	1.378220e+03
5.112411e+02	1.635295e-01	7.506184e-05	1.764692e+03
5.879272e+02	1.464192e-01	6.444438e-05	2.261566e+03
6.761163e+02	1.313646e-01	5.719196e-05	2.899365e+03
7.775337e+02	1.178422e-01	4.977035e-05	3.717182e+03
8.941638e+02	1.057326e-01	4.387943e-05	4.765752e+03
1.028288e+03	9.492152e-02	0.000000e+00	6.109485e+03
1.182532e+03	8.528039e-02	0.000000e+00	7.830365e+03
1.359911e+03	7.669582e-02	0.000000e+00	1.003226e+04
1.563898e+03	6.906470e-02	0.000000e+00	1.284636e+04
1.798483e+03	6.229015e-02	0.000000e+00	1.643793e+04
2.068255e+03	5.627854e-02	0.000000e+00	2.101415e+04
2.378493e+03	5.095148e-02	0.000000e+00	2.683351e+04
2.735268e+03	4.624440e-02	0.000000e+00	3.421686e+04
3.145558e+03	4.208932e-02	0.000000e+00	4.356010e+04
3.617391e+03	3.842452e-02	0.000000e+00	5.534851e+04
4.160000e+03	3.520175e-02	0.000000e+00	7.017257e+04
4.784000e+03	3.237603e-02	0.000000e+00	8.874503e+04
5.501600e+03	2.990379e-02	0.000000e+00	1.119188e+05
6.326840e+03	2.774862e-02	0.000000e+00	1.407053e+05
7.275866e+03	2.587917e-02	0.000000e+00	1.762918e+05
8.367246e+03	2.426422e-02	0.000000e+00	2.200582e+05
9.622333e+03	2.287639e-02	0.000000e+00	2.735916e+05
