# Energy_MeV	dEdx_Elec_MeV_um	dEdx_Nucl_MeV_um	Range_um
1.000000e-05	9.741137e-04	0.000000e+00	2.053148e-02
1.150000e-05	1.044621e-03	0.000000e+00	2.201756e-02
1.322500e-05	1.120231e-03	0.000000e+00	2.361121e-02
1.520875e-05	1.201314e-03	0.000000e+00	2.532020e-02
1.749006e-05	1.288265e-03	0.000000e+00	2.715289e-02
2.011357e-05	1.381511e-03	0.000000e+00	2.911823e-02
2.313061e-05	1.481505e-03	0.000000e+00	3.122582e-02
2.660020e-05	1.588737e-03	0.000000e+00	3.348596e-02
3.059023e-05	1.703731e-03	0.000000e+00	3.590969e-02
3.517876e-05	1.827048e-03	0.000000e+00	3.850886e-02
4.045558e-05	1.959291e-03	0.000000e+00	4.129615e-02
4.652391e-05	2.101105e-03	0.000000e+00	4.428519e-02
5.350250e-05	2.253184e-03	0.000000e+00	4.749057e-02
6.152788e-05	2.416271e-03	0.000000e+00	5.092796e-02
7.075706e-05	2.591162e-03	0.000000e+00	5.461416e-02
8.137062e-05	2.778711e-03	0.000000e+00	5.856716e-02
9.357621e-05	2.979836e-03	0.000000e+00	6.280628e-02
1.076126e-04	3.195518e-03	0.000000e+00	6.735223e-02
1.237545e-04	3.426811e-03	0.000000e+00	7.222722e-02
1.423177e-04	3.674846e-03	0.000000e+00	7.745507e-02
1.636654e-04	3.940833e-03	0.000000e+00	8.306131e-02
1.882152e-04	4.226073e-03	0.000000e+00	8.907333e-02
2.164475e-04	4.531958e-03	0.000000e+00	9.552050e-02
2.489146e-04	4.859984e-03	0.000000e+00	1.024343e-01
2.862518e-04	5.211752e-03	0.000000e+00	1.098486e-01
3.291895e-04	5.588981e-03	0.000000e+00	1.177676e-01
3.785680e-04	5.993515e-03	0.000000e+00	1.263294e-01
4.353531e-04	6.427328e-03	0.000000e+00	1.354716e-01
5.006561e-04	6.892542e-03	0.000000e+00	1.452783e-01
5.757545e-04	7.391428e-03	0.000000e+00	1.557930e-01
6.621177e-04	7.926423e-03	0.000000e+00	1.670692e-01
7.614354e-04	8.500142e-03	0.000000e+00	1.791615e-01
8.756507e-04	9.115387e-03	0.000000e+00	1.921291e-01
1.006998e-03	9.775163e-03	0.000000e+00	2.060353e-01
1.158048e-03	1.048269e-02	0.000000e+00	2.209480e-01
1.331755e-03	1.124144e-02	0.000000e+00	2.369400e-01
1.531519e-03	1.205510e-02	0.000000e+00	2.540897e-01
1.761246e-03	1.292765e-02	0.000000e+00	2.724806e-01
2.025433e-03	1.386336e-02	0.000000e+00	2.922027e-01
2.329248e-03	1.486680e-02	0.000000e+00	3.133522e-01
2.678635e-03	1.594287e-02	0.000000e+00	3.360325e-01
3.080431e-03	1.709682e-02	0.000000e+00	3.603545e-01
3.542495e-03	1.833430e-02	0.000000e+00	3.864370e-01
4.073870e-03	1.966134e-02	0.000000e+00	4.144073e-01
4.684950e-03	2.108444e-02	0.000000e+00	4.444019e-01
5.387693e-03	2.261055e-02	0.000000e+00	4.765677e-01
6.195847e-03	2.424711e-02	0.000000e+00	5.110618e-01
7.125224e-03	2.600213e-02	0.000000e+00	5.480526e-01
8.194007e-03	2.788418e-02	0.000000e+00	5.877206e-01
9.423108e-03	2.990245e-02	0.000000e+00	6.302597e-01
1.083657e-02	3.206680e-02	0.000000e+00	6.758781e-01
1.246206e-02	3.438781e-02	0.000000e+00	7.247985e-01
1.433137e-02	3.687682e-02	0.000000e+00	7.772596e-01
1.648108e-02	3.954599e-02	0.000000e+00	8.335176e-01
1.895324e-02	4.240835e-02	0.000000e+00	8.938476e-01
2.179622e-02	4.547788e-02	0.000000e+00	9.585443e-01
2.506566e-02	4.876960e-02	0.000000e+00	1.027929e+00
2.882550e-02	5.229957e-02	0.000000e+00	1.102309e+00
3.314933e-02	5.574087e-02	0.000000e+00	1.182255e+00
3.812173e-02	5.920737e-02	0.000000e+00	1.268761e+00
4.383999e-02	6.284663e-02	0.000000e+00	1.362443e+00
5.041599e-02	6.665202e-02	0.000000e+00	1.463986e+00
5.797838e-02	7.061063e-02	0.000000e+00	1.574150e+00
6.667514e-02	7.470106e-02	0.000000e+00	1.693817e+00
7.667641e-02	7.889084e-02	0.000000e+00	1.824010e+00
8.817787e-02	8.313327e-02	0.000000e+00	1.965932e+00
1.014046e-01	8.736400e-02	0.000000e+00	2.121021e+00
1.166152e-01	9.149757e-02	0.000000e+00	2.291019e+00
1.341075e-01	9.542477e-02	0.000000e+00	2.478071e+00
1.542237e-01	9.901172e-02	0.000000e+00	2.684849e+00
1.773572e-01	1.021023e-01	0.000000e+00	2.914729e+00
2.039608e-01	1.045254e-01	0.000000e+00	3.172016e+00
2.345549e-01	1.061091e-01	0.000000e+00	3.462253e+00
2.697381e-01	1.066999e-01	0.000000e+00	3.792614e+00
3.101989e-01	1.061873e-01	0.000000e+00	4.172412e+00
3.567287e-01	1.045261e-01	0.000000e+00	4.613744e+00
4.102380e-01	1.017515e-01	0.000000e+00	5.132297e+00
4.717737e-01	9.798142e-02	0.000000e+00	5.748350e+00
5.425397e-01	9.340284e-02	0.000000e+00	6.487972e+00
6.239207e-01	8.824661e-02	0.000000e+00	7.384454e+00
7.175088e-01	8.275575e-02	0.000000e+00	8.480001e+00
8.251351e-01	7.715544e-02	0.000000e+00	9.827714e+00
9.489054e-01	7.163044e-02	0.000000e+00	1.149394e+01
1.091241e+00	6.631343e-02	0.000000e+00	1.356114e+01
1.254927e+00	6.128448e-02	0.000000e+00	1.613153e+01
1.443166e+00	5.657885e-02	0.000000e+00	1.933189e+01
1.659641e+00	5.219944e-02	0.000000e+00	2.331986e+01
1.908588e+00	4.812961e-02	0.000000e+00	2.829234e+01
2.194876e+00	4.434405e-02	0.000000e+00	3.449653e+01
2.524107e+00	4.081613e-02	0.000000e+00	4.224420e+01
2.902723e+00	3.752208e-02	0.000000e+00	5.193020e+01
3.338132e+00	3.444261e-02	0.000000e+00	6.405611e+01
3.838852e+00	3.156290e-02	0.000000e+00	7.926072e+01
4.414679e+00	2.887176e-02	0.000000e+00	9.835887e+01
5.076881e+00	2.636056e-02	0.000000e+00	1.223935e+02
5.838413e+00	2.402217e-02	0.000000e+00	1.526905e+02
6.714175e+00	2.185020e-02	0.000000e+00	1.910161e+02
7.721302e+00	1.983837e-02	0.000000e+00	2.396975e+02
8.879497e+00	1.798022e-02	0.000000e+00	3.014520e+02
1.021142e+01	1.626895e-02	0.000000e+00	3.797747e+02
1.174313e+01	1.469734e-02	0.000000e+00	4.792656e+02
1.350460e+01	1.325787e-02	0.000000e+00	6.059097e+02
1.553030e+01	1.194278e-02	0.000000e+00	7.673061e+02
1.785984e+01	1.074417e-02	0.000000e+00	9.731943e+02
2.053882e+01	9.633056e-03	0.000000e+00	1.236644e+03
2.361964e+01	8.627792e-03	0.000000e+00	1.574867e+03
2.716258e+01	7.760022e-03	0.000000e+00	2.008431e+03
3.123697e+01	6.989799e-03	0.000000e+00	2.562116e+03
3.592252e+01	6.288389e-03	0.000000e+00	3.269502e+03
4.131089e+01	5.650623e-03	0.000000e+00	4.174363e+03
4.750753e+01	5.072237e-03	0.000000e+00	5.333170e+03
5.463366e+01	4.549977e-03	0.000000e+00	6.818438e+03
6.282871e+01	4.080067e-03	0.000000e+00	8.723058e+03
7.225301e+01	3.652083e-03	0.000000e+00	1.116791e+04
8.309096e+01	3.267896e-03	0.000000e+00	1.430993e+04
9.555461e+01	2.926952e-03	0.000000e+00	1.834687e+04
1.098878e+02	2.625739e-03	0.000000e+00	2.352539e+04
1.263710e+02	2.355474e-03	0.000000e+00	3.016366e+04
1.453266e+02	2.113739e-03	0.000000e+00	3.867272e+04
1.671256e+02	1.897848e-03	0.000000e+00	4.957446e+04
1.921945e+02	1.705304e-03	0.000000e+00	6.353271e+04
2.210236e+02	1.533917e-03	0.000000e+00	8.138794e+04
2.541772e+02	1.381525e-03	0.000000e+00	1.042011e+05
2.923037e+02	1.246201e-03	0.000000e+00	1.333080e+05
3.361493e+02	1.126223e-03	0.000000e+00	1.703811e+05
3.865717e+02	1.020001e-03	0.000000e+00	2.175057e+05
4.445574e+02	9.261031e-04	0.000000e+00	2.772673e+05
5.112411e+02	8.432393e-04	0.000000e+00	3.528526e+05
5.879272e+02	7.702509e-04	0.000000e+00	4.481624e+05
6.761163e+02	7.060991e-04	0.000000e+00	5.679369e+05
7.775337e+02	6.498550e-04	0.000000e+00	7.178892e+05
8.941638e+02	6.006882e-04	0.000000e+00	9.048454e+05
1.028288e+03	5.578580e-04	0.000000e+00	1.136885e+06
1.182532e+03	5.207043e-04	0.000000e+00	1.423477e+06
1.359911e+03	4.886389e-04	0.000000e+00	1.775606e+06
1.563898e+03	4.611379e-04	0.000000e+00	2.205882e+06
1.798483e+03	4.377347e-04	0.000000e+00	2.728638e+06
2.068255e+03	4.180126e-04	0.000000e+00	3.360016e+06
2.378493e+03	4.015991e-04	0.000000e+00	4.117954e+06
2.735268e+03	3.875589e-04	0.000000e+00	5.023030e+06
3.145558e+03	3.759827e-04	0.000000e+00	5.696934e+06
3.617391e+03	3.667623e-04	0.000000e+00	5.696934e+06
4.160000e+03	3.596411e-04	0.000000e+00	5.696934e+06
4.784000e+03	3.543845e-04	0.000000e+00	5.696934e+06
5.501600e+03	3.507768e-04	0.000000e+00	5.696934e+06
6.326840e+03	3.486197e-04	0.000000e+00	5.696934e+06
7.275866e+03	3.477308e-04	0.000000e+00	5.696934e+06
8.367246e+03	3.479429e-04	0.000000e+00	5.696934e+06
9.622333e+03	3.491032e-04	0.000000e+00	5.696934e+06
