# Energy_MeV	dEdx_Elec_MeV_um	dEdx_Nucl_MeV_um	Range_um
1.000000e-05	2.499663e-03	2.626034e-02	5.877360e-03
1.150000e-05	2.699073e-03	2.864659e-02	6.302767e-03
1.322500e-05	2.912796e-03	3.118151e-02	6.758964e-03
1.520875e-05	3.141877e-03	3.399716e-02	7.248182e-03
1.749006e-05	3.387437e-03	3.688503e-02	7.772809e-03
2.011357e-05	3.650677e-03	4.002886e-02	8.335409e-03
2.313061e-05	3.932885e-03	4.330310e-02	8.938730e-03
2.660020e-05	4.235440e-03	4.697978e-02	9.585720e-03
3.059023e-05	4.559822e-03	5.072376e-02	1.027954e-02
3.517876e-05	4.907615e-03	5.479760e-02	1.102358e-02
4.045558e-05	5.280520e-03	5.907758e-02	1.182147e-02
4.652391e-05	5.680359e-03	6.342375e-02	1.267711e-02
5.350250e-05	6.109086e-03	6.831538e-02	1.359469e-02
6.152788e-05	6.568796e-03	7.315228e-02	1.457868e-02
7.075706e-05	7.061734e-03	7.839564e-02	1.563389e-02
8.137062e-05	7.590310e-03	8.388838e-02	1.676548e-02
9.357621e-05	8.157106e-03	8.951564e-02	1.797898e-02
1.076126e-04	8.764891e-03	9.529337e-02	1.928031e-02
1.237545e-04	9.416635e-03	1.010899e-01	2.067583e-02
1.423177e-04	1.011552e-02	1.071834e-01	2.217235e-02
1.636654e-04	1.086497e-02	1.133230e-01	2.377720e-02
1.882152e-04	1.166863e-02	1.196417e-01	2.549821e-02
2.164475e-04	1.253043e-02	1.255099e-01	2.734378e-02
2.489146e-04	1.345460e-02	1.317764e-01	2.932294e-02
2.862518e-04	1.444563e-02	1.382266e-01	3.144535e-02
3.291895e-04	1.550837e-02	1.440142e-01	3.372138e-02
3.785680e-04	1.664802e-02	1.506312e-01	3.616215e-02
4.353531e-04	1.787014e-02	1.558510e-01	3.877958e-02
5.006561e-04	1.918070e-02	1.616604e-01	4.158647e-02
5.757545e-04	2.058611e-02	1.673041e-01	4.459652e-02
6.621177e-04	2.209322e-02	1.721412e-01	4.782444e-02
7.614354e-04	2.370941e-02	1.776341e-01	5.128600e-02
8.756507e-04	2.544257e-02	1.819170e-01	5.499811e-02
1.006998e-03	2.730116e-02	1.863128e-01	5.897890e-02
1.158048e-03	2.929427e-02	1.901352e-01	6.324782e-02
1.331755e-03	3.143163e-02	1.935529e-01	6.782574e-02
1.531519e-03	3.372369e-02	1.969114e-01	7.273500e-02
1.761246e-03	3.618164e-02	1.994227e-01	7.799960e-02
2.025433e-03	3.881749e-02	2.018325e-01	8.360577e-02
2.329248e-03	4.164411e-02	2.036153e-01	8.969451e-02
2.678635e-03	4.467532e-02	2.054111e-01	9.619412e-02
3.080431e-03	4.792593e-02	2.064794e-01	1.031570e-01
3.542495e-03	5.141181e-02	2.073501e-01	1.106231e-01
4.073870e-03	5.514999e-02	2.077892e-01	1.186300e-01
4.684950e-03	5.915874e-02	2.075748e-01	1.272163e-01
5.387693e-03	6.345764e-02	2.071946e-01	1.364241e-01
6.195847e-03	6.806770e-02	2.061002e-01	1.462984e-01
7.125224e-03	7.301143e-02	2.046549e-01	1.568874e-01
8.194007e-03	7.831298e-02	2.027287e-01	1.682428e-01
9.423108e-03	8.399826e-02	2.001938e-01	1.804201e-01
1.083657e-02	9.009504e-02	1.971816e-01	1.934789e-01
1.246206e-02	9.663310e-02	1.936432e-01	2.074828e-01
1.433137e-02	1.036444e-01	1.895624e-01	2.225004e-01
1.648108e-02	1.111632e-01	1.850371e-01	2.386049e-01
1.895324e-02	1.192261e-01	1.799721e-01	2.558750e-01
2.179622e-02	1.278727e-01	1.747633e-01	2.743953e-01
2.506566e-02	1.371451e-01	1.688964e-01	2.942560e-01
2.882550e-02	1.470887e-01	1.625966e-01	3.155542e-01
3.314933e-02	1.577520e-01	1.563136e-01	3.383939e-01
3.812173e-02	1.691871e-01	1.491828e-01	3.628869e-01
4.383999e-02	1.814499e-01	1.428363e-01	3.891528e-01
5.041599e-02	1.946002e-01	1.356272e-01	4.173197e-01
5.797838e-02	2.087024e-01	1.283818e-01	4.475253e-01
6.667514e-02	2.238253e-01	1.215419e-01	4.799172e-01
7.667641e-02	2.400428e-01	1.138165e-01	5.146537e-01
8.817787e-02	2.574341e-01	1.071272e-01	5.519046e-01
1.014046e-01	2.760843e-01	1.000398e-01	5.918516e-01
1.166152e-01	2.960843e-01	9.342795e-02	6.346897e-01
1.341075e-01	3.175319e-01	8.705206e-02	6.806288e-01
1.542237e-01	3.405320e-01	8.046451e-02	7.298941e-01
1.773572e-01	3.651968e-01	7.477326e-02	7.827152e-01
2.039608e-01	3.916479e-01	6.903331e-02	8.394311e-01
2.345549e-01	4.200146e-01	6.392025e-02	9.007509e-01
2.697381e-01	4.504345e-01	5.844083e-02	9.671592e-01
3.101989e-01	4.830561e-01	5.424900e-02	1.039129e+00
3.567287e-01	5.180390e-01	5.018604e-02	1.117194e+00
4.102380e-01	5.555540e-01	4.612818e-02	1.201974e+00
4.717737e-01	5.957755e-01	4.241098e-02	1.250927e+00
5.425397e-01	6.320587e-01	3.813621e-02	1.298768e+00
6.239207e-01	6.791708e-01	3.443602e-02	1.345896e+00
7.175088e-01	7.439338e-01	3.073658e-02	1.392273e+00
8.251351e-01	8.128009e-01	2.748784e-02	1.437988e+00
9.489054e-01	8.888572e-01	2.477361e-02	1.483293e+00
1.091241e+00	9.653852e-01	2.231854e-02	1.528642e+00
1.254927e+00	1.047452e+00	2.017104e-02	1.574735e+00
1.443166e+00	1.132726e+00	1.811618e-02	1.622564e+00
1.659641e+00	1.213297e+00	1.631181e-02	1.673424e+00
1.908588e+00	1.296087e+00	1.461576e-02	1.729064e+00
2.194876e+00	1.358294e+00	1.322467e-02	1.791628e+00
2.524107e+00	1.425894e+00	1.182565e-02	1.863752e+00
2.902723e+00	1.498878e+00	1.056573e-02	1.948616e+00
3.338132e+00	1.556617e+00	9.524165e-03	2.049978e+00
3.838852e+00	1.612886e+00	8.364027e-03	2.172243e+00
4.414679e+00	1.656993e+00	7.596444e-03	2.320490e+00
5.076881e+00	1.695984e+00	6.735350e-03	2.500529e+00
5.838413e+00	1.729625e+00	6.000479e-03	2.719001e+00
6.714175e+00	1.754723e+00	5.386459e-03	2.983487e+00
7.721302e+00	1.777432e+00	4.703494e-03	3.302723e+00
8.879497e+00	1.788840e+00	4.223761e-03	3.686934e+00
1.021142e+01	1.792344e+00	3.730445e-03	4.148320e+00
1.174313e+01	1.789129e+00	3.327159e-03	4.701715e+00
1.350460e+01	1.773778e+00	2.962561e-03	5.365465e+00
1.553030e+01	1.752537e+00	2.610032e-03	6.162537e+00
1.785984e+01	1.720875e+00	2.338384e-03	7.121929e+00
2.053882e+01	1.681391e+00	2.072535e-03	8.280442e+00
2.361964e+01	1.634171e+00	1.857688e-03	9.684929e+00
2.716258e+01	1.580733e+00	1.633219e-03	1.139513e+01
3.123697e+01	1.520529e+00	1.461751e-03	1.348731e+01
3.592252e+01	1.453775e+00	1.286008e-03	1.605943e+01
4.131089e+01	1.514918e+00	1.138555e-03	1.923367e+01
4.750753e+01	1.403467e+00	1.015998e-03	2.317501e+01
5.463366e+01	1.299062e+00	8.891459e-04	2.809833e+01
6.282871e+01	1.198032e+00	7.949678e-04	3.425044e+01
7.225301e+01	1.100902e+00	6.970295e-04	4.196696e+01
8.309096e+01	1.007871e+00	6.132669e-04	5.168411e+01
9.555461e+01	9.202702e-01	5.403014e-04	6.395908e+01
1.098878e+02	8.382433e-01	4.762727e-04	7.950277e+01
1.263710e+02	7.594305e-01	4.222348e-04	9.926969e+01
1.453266e+02	6.862363e-01	3.717976e-04	1.245363e+02
1.671256e+02	6.210731e-01	3.293452e-04	1.568480e+02
1.921945e+02	5.632024e-01	2.899829e-04	1.980353e+02
2.210236e+02	5.095862e-01	2.584632e-04	2.505763e+02
2.541772e+02	4.600542e-01	2.269836e-04	3.177374e+02
2.923037e+02	4.145452e-01	2.000714e-04	4.037341e+02
3.361493e+02	3.729612e-01	1.777378e-04	5.139935e+02
3.865717e+02	3.352181e-01	1.531955e-04	6.554622e+02
4.445574e+02	3.006704e-01	1.377507e-04	8.371520e+02
5.112411e+02	2.693909e-01	1.201076e-04	1.070803e+03
5.879272e+02	2.414244e-01	1.058293e-04	1.371268e+03
6.761163e+02	2.167549e-01	9.372700e-05	1.757042e+03
7.775337e+02	1.945377e-01	8.050174e-05	2.251817e+03
8.941638e+02	1.746019e-01	7.141912e-05	2.886323e+03
1.028288e+03	1.567901e-01	6.213423e-05	3.699570e+03
1.182532e+03	1.408939e-01	5.479759e-05	4.741195e+03
1.359911e+03	1.267237e-01	4.813256e-05	6.074081e+03
1.563898e+03	1.141215e-01	0.000000e+00	7.777634e+03
1.798483e+03	1.029349e-01	0.000000e+00	9.951895e+03
2.068255e+03	9.300680e-02	0.000000e+00	1.272226e+04
2.378493e+03	8.420804e-02	0.000000e+00	1.624518e+04
2.735268e+03	7.643449e-02	0.000000e+00	2.071486e+04
3.145558e+03	6.957332e-02	0.000000e+00	2.637089e+04
3.617391e+03	6.352210e-02	0.000000e+00	3.350697e+04
4.160000e+03	5.820270e-02	0.000000e+00	4.248044e+04
4.784000e+03	5.353964e-02	0.000000e+00	5.372261e+04
5.501600e+03	4.945702e-02	0.000000e+00	6.774959e+04
6.326840e+03	4.589570e-02	0.000000e+00	8.517329e+04
7.275866e+03	4.280678e-02	0.000000e+00	1.067121e+05
8.367246e+03	4.013821e-02	0.000000e+00	1.332007e+05
9.622333e+03	3.784436e-02	0.000000e+00	1.655992e+05
