# Energy_MeV	dEdx_Elec_MeV_um	dEdx_Nucl_MeV_um	Range_um
1.000000e-05	2.680262e-03	2.725810e-02	4.913450e-03
1.150000e-05	2.898941e-03	2.978083e-02	5.269088e-03
1.322500e-05	3.133247e-03	3.252507e-02	5.650468e-03
1.520875e-05	3.384328e-03	3.542849e-02	6.059452e-03
1.749006e-05	3.653415e-03	3.858685e-02	6.498038e-03
2.011357e-05	3.941826e-03	4.199313e-02	6.968370e-03
2.313061e-05	4.250973e-03	4.562433e-02	7.472744e-03
2.660020e-05	4.582367e-03	4.939481e-02	8.013625e-03
3.059023e-05	4.937629e-03	5.349575e-02	8.593655e-03
3.517876e-05	5.318497e-03	5.802436e-02	9.215669e-03
4.045558e-05	5.726833e-03	6.252799e-02	9.882704e-03
4.652391e-05	6.164633e-03	6.768078e-02	1.059802e-02
5.350250e-05	6.634036e-03	7.264276e-02	1.136511e-02
6.152788e-05	7.137336e-03	7.814007e-02	1.218772e-02
7.075706e-05	7.676993e-03	8.411856e-02	1.306988e-02
8.137062e-05	8.255645e-03	8.988585e-02	1.401588e-02
9.357621e-05	8.876118e-03	9.651804e-02	1.503036e-02
1.076126e-04	9.541444e-03	1.028998e-01	1.611826e-02
1.237545e-04	1.025487e-02	1.097843e-01	1.728491e-02
1.423177e-04	1.101989e-02	1.167946e-01	1.853600e-02
1.636654e-04	1.184024e-02	1.237723e-01	1.987765e-02
1.882152e-04	1.271992e-02	1.313271e-01	2.131640e-02
2.164475e-04	1.366323e-02	1.384157e-01	2.285929e-02
2.489146e-04	1.467479e-02	1.458794e-01	2.451386e-02
2.862518e-04	1.575953e-02	1.529661e-01	2.628819e-02
3.291895e-04	1.692275e-02	1.607508e-01	2.819094e-02
3.785680e-04	1.817014e-02	1.679522e-01	3.023142e-02
4.353531e-04	1.950778e-02	1.752734e-01	3.241958e-02
5.006561e-04	2.094223e-02	1.826481e-01	3.476613e-02
5.757545e-04	2.248047e-02	1.890386e-01	3.728252e-02
6.621177e-04	2.413003e-02	1.961568e-01	3.998105e-02
7.614354e-04	2.589897e-02	2.022860e-01	4.287490e-02
8.756507e-04	2.779592e-02	2.084052e-01	4.597821e-02
1.006998e-03	2.983016e-02	2.144801e-01	4.930613e-02
1.158048e-03	3.201163e-02	2.197295e-01	5.287494e-02
1.331755e-03	3.435097e-02	2.247072e-01	5.670205e-02
1.531519e-03	3.685963e-02	2.289944e-01	6.080618e-02
1.761246e-03	3.954984e-02	2.330344e-01	6.520736e-02
2.025433e-03	4.243477e-02	2.366533e-01	6.989383e-02
2.329248e-03	4.552849e-02	2.397708e-01	7.498403e-02
2.678635e-03	4.884613e-02	2.422320e-01	8.041794e-02
3.080431e-03	5.240390e-02	2.443792e-01	8.623887e-02
3.542495e-03	5.621917e-02	2.463482e-01	9.248050e-02
4.073870e-03	6.031058e-02	2.473065e-01	9.917422e-02
4.684950e-03	6.469812e-02	2.484087e-01	1.063523e-01
5.387693e-03	6.940322e-02	2.483732e-01	1.140500e-01
6.195847e-03	7.444888e-02	2.481028e-01	1.223049e-01
7.125224e-03	7.985974e-02	2.473765e-01	1.311573e-01
8.194007e-03	8.566223e-02	2.457876e-01	1.406503e-01
9.423108e-03	9.188470e-02	2.439604e-01	1.508305e-01
1.083657e-02	9.855756e-02	2.412543e-01	1.617476e-01
1.246206e-02	1.057134e-01	2.380272e-01	1.734549e-01
1.433137e-02	1.133872e-01	2.341505e-01	1.860095e-01
1.648108e-02	1.216164e-01	2.296847e-01	1.994727e-01
1.895324e-02	1.304412e-01	2.245228e-01	2.139105e-01
2.179622e-02	1.399048e-01	2.189259e-01	2.293934e-01
2.506566e-02	1.500533e-01	2.127772e-01	2.459969e-01
2.882550e-02	1.609364e-01	2.062797e-01	2.638021e-01
3.314933e-02	1.726073e-01	1.989495e-01	2.828960e-01
3.812173e-02	1.851228e-01	1.915391e-01	3.033721e-01
4.383999e-02	1.985443e-01	1.835919e-01	3.253302e-01
5.041599e-02	2.129371e-01	1.754119e-01	3.488777e-01
5.797838e-02	2.283718e-01	1.674823e-01	3.741294e-01
6.667514e-02	2.449236e-01	1.586174e-01	4.012089e-01
7.667641e-02	2.626735e-01	1.503680e-01	4.302485e-01
8.817787e-02	2.817081e-01	1.417158e-01	4.613901e-01
1.014046e-01	3.021204e-01	1.329625e-01	4.947857e-01
1.166152e-01	3.240102e-01	1.246023e-01	5.305981e-01
1.341075e-01	3.474843e-01	1.163922e-01	5.690030e-01
1.542237e-01	3.726576e-01	1.086925e-01	6.101886e-01
1.773572e-01	3.996529e-01	1.009759e-01	6.543470e-01
2.039608e-01	4.286035e-01	9.357891e-02	7.017601e-01
2.345549e-01	4.596509e-01	8.641325e-02	7.530204e-01
2.697381e-01	4.929456e-01	8.013507e-02	8.085345e-01
3.101989e-01	5.286501e-01	7.376778e-02	8.686971e-01
3.567287e-01	5.669389e-01	6.746513e-02	9.339551e-01
4.102380e-01	6.079992e-01	6.299472e-02	1.004826e+00
4.717737e-01	6.520287e-01	5.785375e-02	1.070852e+00
5.425397e-01	6.920812e-01	5.345100e-02	1.106583e+00
6.239207e-01	7.440910e-01	4.874986e-02	1.141307e+00
7.175088e-01	8.160395e-01	4.354140e-02	1.175099e+00
8.251351e-01	8.936291e-01	3.947115e-02	1.208056e+00
9.489054e-01	9.799704e-01	3.482291e-02	1.240419e+00
1.091241e+00	1.069243e+00	3.160974e-02	1.272590e+00
1.254927e+00	1.166703e+00	2.840115e-02	1.305163e+00
1.443166e+00	1.270598e+00	2.561361e-02	1.338952e+00
1.659641e+00	1.373325e+00	2.312398e-02	1.375033e+00
1.908588e+00	1.481343e+00	2.065341e-02	1.414776e+00
2.194876e+00	1.567885e+00	1.870727e-02	1.459847e+00
2.524107e+00	1.662417e+00	1.676868e-02	1.512328e+00
2.902723e+00	1.764956e+00	1.516898e-02	1.574655e+00
3.338132e+00	1.849221e+00	1.349081e-02	1.649694e+00
3.838852e+00	1.932697e+00	1.215428e-02	1.740763e+00
4.414679e+00	2.000626e+00	1.083654e-02	1.851650e+00
5.076881e+00	2.062886e+00	9.633952e-03	1.986655e+00
5.838413e+00	2.118993e+00	8.686626e-03	2.150625e+00
6.714175e+00	2.164810e+00	7.671776e-03	2.349032e+00
7.721302e+00	2.208839e+00	6.892250e-03	2.588128e+00
8.879497e+00	2.238423e+00	6.115413e-03	2.875157e+00
1.021142e+01	2.258450e+00	5.400246e-03	3.218704e+00
1.174313e+01	2.270691e+00	4.798817e-03	3.629151e+00
1.350460e+01	2.266733e+00	4.258431e-03	4.119278e+00
1.553030e+01	2.256103e+00	3.800317e-03	4.705026e+00
1.785984e+01	2.231299e+00	3.372073e-03	5.406440e+00
2.053882e+01	2.194751e+00	2.995918e-03	6.248852e+00
2.361964e+01	2.147873e+00	2.653149e-03	7.264367e+00
2.716258e+01	2.093461e+00	2.377471e-03	8.493749e+00
3.123697e+01	2.030473e+00	2.108764e-03	9.988775e+00
3.592252e+01	1.957203e+00	1.860250e-03	1.181573e+01
4.131089e+01	2.101845e+00	1.666905e-03	1.405680e+01
4.750753e+01	1.957386e+00	1.447383e-03	1.682300e+01
5.463366e+01	1.821141e+00	1.304955e-03	2.025882e+01
6.282871e+01	1.687912e+00	1.149898e-03	2.452823e+01
7.225301e+01	1.558798e+00	1.013197e-03	2.985497e+01
8.309096e+01	1.434026e+00	9.054488e-04	3.652972e+01
9.555461e+01	1.315643e+00	7.837803e-04	4.492322e+01
1.098878e+02	1.203860e+00	6.991265e-04	5.550780e+01
1.263710e+02	1.095712e+00	6.133626e-04	6.891851e+01
1.453266e+02	9.944966e-01	5.427181e-04	8.600554e+01
1.671256e+02	9.037790e-01	4.805669e-04	1.077959e+02
1.921945e+02	8.228047e-01	4.204573e-04	1.355031e+02
2.210236e+02	7.471943e-01	3.750397e-04	1.707755e+02
2.541772e+02	6.767870e-01	3.302711e-04	2.157895e+02
2.923037e+02	6.116330e-01	2.945521e-04	2.733573e+02
3.361493e+02	5.516954e-01	2.574211e-04	3.471024e+02
3.865717e+02	4.969609e-01	2.289460e-04	4.416669e+02
4.445574e+02	4.465936e-01	2.006898e-04	5.630776e+02
5.112411e+02	4.007683e-01	1.759927e-04	7.191912e+02
5.879272e+02	3.596208e-01	1.565824e-04	9.199531e+02
6.761163e+02	3.232002e-01	1.361686e-04	1.177748e+03
7.775337e+02	2.902918e-01	1.209694e-04	1.508439e+03
8.941638e+02	2.606909e-01	1.056577e-04	1.932606e+03
1.028288e+03	2.342087e-01	9.207909e-05	2.476366e+03
1.182532e+03	2.105404e-01	8.063071e-05	3.172947e+03
1.359911e+03	1.894033e-01	7.063421e-05	4.064435e+03
1.563898e+03	1.705900e-01	6.221893e-05	5.203968e+03
1.798483e+03	1.538891e-01	5.444392e-05	6.658483e+03
2.068255e+03	1.390600e-01	4.780583e-05	8.511887e+03
2.378493e+03	1.259114e-01	0.000000e+00	1.086886e+04
2.735268e+03	1.142956e-01	0.000000e+00	1.385933e+04
3.145558e+03	1.040433e-01	0.000000e+00	1.764364e+04
3.617391e+03	9.499961e-02	0.000000e+00	2.241831e+04
4.160000e+03	8.705148e-02	0.000000e+00	2.842249e+04
4.784000e+03	8.008556e-02	0.000000e+00	3.594483e+04
5.501600e+03	7.398278e-02	0.000000e+00	4.533076e+04
6.326840e+03	6.865610e-02	0.000000e+00	5.698983e+04
7.275866e+03	6.403670e-02	0.000000e+00	7.140291e+04
8.367246e+03	6.004564e-02	0.000000e+00	8.912879e+04
9.622333e+03	5.661352e-02	0.000000e+00	1.108101e+05
