# Energy_MeV	dEdx_Elec_MeV_um	dEdx_Nucl_MeV_um	Range_um
1.000000e-05	1.720284e-03	1.630328e-02	1.539829e-02
1.150000e-05	1.849117e-03	1.749525e-02	1.651282e-02
1.322500e-05	1.987267e-03	1.885836e-02	1.770803e-02
1.520875e-05	2.135406e-03	2.019849e-02	1.898975e-02
1.749006e-05	2.294260e-03	2.162804e-02	2.036423e-02
2.011357e-05	2.464604e-03	2.317648e-02	2.183821e-02
2.313061e-05	2.647270e-03	2.471676e-02	2.341887e-02
2.660020e-05	2.843151e-03	2.632768e-02	2.511394e-02
3.059023e-05	3.053204e-03	2.792058e-02	2.693170e-02
3.517876e-05	3.278455e-03	2.962194e-02	2.888103e-02
4.045558e-05	3.520004e-03	3.135034e-02	3.097145e-02
4.652391e-05	3.779032e-03	3.307304e-02	3.321318e-02
5.350250e-05	4.056803e-03	3.472490e-02	3.561717e-02
6.152788e-05	4.354676e-03	3.643809e-02	3.819516e-02
7.075706e-05	4.674105e-03	3.829142e-02	4.095975e-02
8.137062e-05	5.016650e-03	3.986360e-02	4.392444e-02
9.357621e-05	5.383986e-03	4.166834e-02	4.710371e-02
1.076126e-04	5.777907e-03	4.318524e-02	5.051310e-02
1.237545e-04	6.200336e-03	4.476128e-02	5.416927e-02
1.423177e-04	6.653339e-03	4.641471e-02	5.809007e-02
1.636654e-04	7.139127e-03	4.772555e-02	6.229466e-02
1.882152e-04	7.660075e-03	4.921879e-02	6.680358e-02
2.164475e-04	8.218727e-03	5.048827e-02	7.163886e-02
2.489146e-04	8.817813e-03	5.168188e-02	7.682411e-02
2.862518e-04	9.460259e-03	5.279731e-02	8.238468e-02
3.291895e-04	1.014920e-02	5.375136e-02	8.834773e-02
3.785680e-04	1.088801e-02	5.469088e-02	9.474239e-02
4.353531e-04	1.168029e-02	5.542647e-02	1.015999e-01
5.006561e-04	1.252992e-02	5.607756e-02	1.089537e-01
5.757545e-04	1.344104e-02	5.661714e-02	1.168399e-01
6.621177e-04	1.441811e-02	5.714209e-02	1.252968e-01
7.614354e-04	1.546590e-02	5.745335e-02	1.343659e-01
8.756507e-04	1.658953e-02	5.768290e-02	1.440913e-01
1.006998e-03	1.779448e-02	5.785373e-02	1.545207e-01
1.158048e-03	1.908665e-02	5.779188e-02	1.657050e-01
1.331755e-03	2.047234e-02	5.771677e-02	1.776799e-01
1.531519e-03	2.195834e-02	5.742553e-02	1.905670e-01
1.761246e-03	2.355188e-02	5.702396e-02	2.043568e-01
2.025433e-03	2.526077e-02	5.652732e-02	2.191502e-01
2.329248e-03	2.709335e-02	5.583020e-02	2.350115e-01
2.678635e-03	2.905857e-02	5.501537e-02	2.520215e-01
3.080431e-03	3.116604e-02	5.404634e-02	2.702626e-01
3.542495e-03	3.342604e-02	5.293111e-02	2.898241e-01
4.073870e-03	3.584962e-02	5.168805e-02	3.108013e-01
4.684950e-03	3.844862e-02	5.029952e-02	3.332968e-01
5.387693e-03	4.123574e-02	4.886058e-02	3.574206e-01
6.195847e-03	4.422460e-02	4.725836e-02	3.832907e-01
7.125224e-03	4.742978e-02	4.549015e-02	4.110332e-01
8.194007e-03	5.086696e-02	4.377728e-02	4.407836e-01
9.423108e-03	5.455292e-02	4.182769e-02	4.726872e-01
1.083657e-02	5.850568e-02	4.003347e-02	5.069003e-01
1.246206e-02	6.274454e-02	3.807151e-02	5.435898e-01
1.433137e-02	6.729020e-02	3.599266e-02	5.829348e-01
1.648108e-02	7.216489e-02	3.413285e-02	6.251274e-01
1.895324e-02	7.739241e-02	3.202748e-02	6.703740e-01
2.179622e-02	8.299829e-02	3.009904e-02	7.188958e-01
2.506566e-02	8.900994e-02	2.816983e-02	7.709296e-01
2.882550e-02	9.545671e-02	2.627895e-02	8.267296e-01
3.314933e-02	1.023701e-01	2.450152e-02	8.865681e-01
3.812173e-02	1.097839e-01	2.268300e-02	9.507379e-01
4.383999e-02	1.177343e-01	2.105753e-02	1.019553e+00
5.041599e-02	1.262601e-01	1.949826e-02	1.093348e+00
5.797838e-02	1.354031e-01	1.802544e-02	1.172485e+00
6.667514e-02	1.452078e-01	1.645539e-02	1.257349e+00
7.667641e-02	1.557222e-01	1.529005e-02	1.348357e+00
8.817787e-02	1.669977e-01	1.419843e-02	1.445950e+00
1.014046e-01	1.790892e-01	1.295436e-02	1.550617e+00
1.166152e-01	1.920560e-01	1.193527e-02	1.662816e+00
1.341075e-01	2.059617e-01	1.076331e-02	1.783479e+00
1.542237e-01	2.208740e-01	9.751461e-03	1.914090e+00
1.773572e-01	2.368657e-01	8.755837e-03	2.055533e+00
2.039608e-01	2.540148e-01	7.755695e-03	2.208859e+00
2.345549e-01	2.724053e-01	7.016636e-03	2.375218e+00
2.697381e-01	2.921268e-01	6.304799e-03	2.555950e+00
3.101989e-01	3.105211e-01	5.722376e-03	2.713994e+00
3.567287e-01	3.225815e-01	5.131534e-03	2.859918e+00
4.102380e-01	3.395155e-01	4.607188e-03	3.006530e+00
4.717737e-01	3.610813e-01	4.145159e-03	3.153626e+00
5.425397e-01	3.787705e-01	3.739142e-03	3.301443e+00
6.239207e-01	3.963930e-01	3.360619e-03	3.450779e+00
7.175088e-01	4.110202e-01	2.983548e-03	3.603117e+00
8.251351e-01	4.233827e-01	2.702135e-03	3.760828e+00
9.489054e-01	4.351047e-01	2.387596e-03	3.927271e+00
1.091241e+00	4.422590e-01	2.151489e-03	4.107003e+00
1.254927e+00	4.482510e-01	1.918926e-03	4.305953e+00
1.443166e+00	4.511378e-01	1.695536e-03	4.531654e+00
1.659641e+00	4.536357e-01	1.529707e-03	4.793497e+00
1.908588e+00	4.558629e-01	1.344830e-03	5.103045e+00
2.194876e+00	4.545338e-01	1.197300e-03	5.474382e+00
2.524107e+00	4.518549e-01	1.063716e-03	5.924528e+00
2.902723e+00	4.471560e-01	9.440012e-04	6.473930e+00
3.338132e+00	4.401925e-01	8.401706e-04	7.147026e+00
3.838852e+00	4.316077e-01	7.429375e-04	7.972937e+00
4.414679e+00	4.209323e-01	6.632938e-04	8.986388e+00
5.076881e+00	4.085794e-01	5.914086e-04	1.022895e+01
5.838413e+00	3.942885e-01	5.275633e-04	1.175087e+01
6.714175e+00	3.788095e-01	4.615328e-04	1.361360e+01
7.721302e+00	3.615847e-01	4.143391e-04	1.589349e+01
8.879497e+00	3.434773e-01	3.668993e-04	1.868694e+01
1.021142e+01	3.244955e-01	3.221326e-04	2.211742e+01
1.174313e+01	3.042945e-01	2.890537e-04	2.634504e+01
1.350460e+01	2.866006e-01	2.511991e-04	3.157916e+01
1.553030e+01	2.673393e-01	2.254566e-04	3.809481e+01
1.785984e+01	2.465559e-01	1.990241e-04	4.625355e+01
2.053882e+01	2.266371e-01	1.736113e-04	5.652870e+01
2.361964e+01	2.065105e-01	1.537771e-04	6.954118e+01
2.716258e+01	2.044070e-01	1.349993e-04	8.607962e+01
3.123697e+01	1.852434e-01	1.203746e-04	1.072225e+02
3.592252e+01	1.676104e-01	1.057313e-04	1.343138e+02
4.131089e+01	1.512316e-01	9.327705e-05	1.689858e+02
4.750753e+01	1.360148e-01	8.257134e-05	2.133939e+02
5.463366e+01	1.220694e-01	7.327728e-05	2.702998e+02
6.282871e+01	1.094526e-01	6.476988e-05	3.431762e+02
7.225301e+01	9.803417e-02	5.662221e-05	4.364591e+02
8.309096e+01	8.746465e-02	5.059598e-05	5.560886e+02
9.555461e+01	7.801475e-02	4.395488e-05	7.098227e+02
1.098878e+02	6.997670e-02	0.000000e+00	9.068658e+02
1.263710e+02	6.286419e-02	0.000000e+00	1.158443e+03
1.453266e+02	5.644077e-02	0.000000e+00	1.479804e+03
1.671256e+02	5.063686e-02	0.000000e+00	1.890786e+03
1.921945e+02	4.540074e-02	0.000000e+00	2.417016e+03
2.210236e+02	4.069181e-02	0.000000e+00	3.091395e+03
2.541772e+02	3.646594e-02	0.000000e+00	3.956118e+03
2.923037e+02	3.262123e-02	0.000000e+00	5.066183e+03
3.361493e+02	2.917802e-02	0.000000e+00	6.492827e+03
3.865717e+02	2.613184e-02	0.000000e+00	8.325631e+03
4.445574e+02	2.343687e-02	0.000000e+00	1.067649e+04
5.112411e+02	2.102089e-02	0.000000e+00	1.369013e+04
5.879272e+02	1.886147e-02	0.000000e+00	1.755308e+04
6.761163e+02	1.693389e-02	0.000000e+00	2.250223e+04
7.775337e+02	1.521616e-02	0.000000e+00	2.883878e+04
8.941638e+02	1.368832e-02	0.000000e+00	3.694397e+04
1.028288e+03	1.233056e-02	0.000000e+00	4.729900e+04
1.182532e+03	1.112510e-02	0.000000e+00	6.050945e+04
1.359911e+03	1.005586e-02	0.000000e+00	7.733333e+04
1.563898e+03	9.109192e-03	0.000000e+00	9.871528e+04
1.798483e+03	8.272795e-03	0.000000e+00	1.258261e+05
2.068255e+03	7.534531e-03	0.000000e+00	1.601079e+05
2.378493e+03	6.883863e-03	0.000000e+00	2.033251e+05
2.735268e+03	6.311932e-03	0.000000e+00	2.576203e+05
3.145558e+03	5.810724e-03	0.000000e+00	3.255741e+05
3.617391e+03	5.372942e-03	0.000000e+00	4.102674e+05
4.160000e+03	4.991949e-03	0.000000e+00	5.153438e+05
4.784000e+03	4.661748e-03	0.000000e+00	6.450696e+05
5.501600e+03	4.376899e-03	0.000000e+00	8.043894e+05
6.326840e+03	4.132682e-03	0.000000e+00	9.989760e+05
7.275866e+03	3.925015e-03	0.000000e+00	1.235269e+06
8.367246e+03	3.750191e-03	0.000000e+00	1.520516e+06
9.622333e+03	3.604861e-03	0.000000e+00	1.862768e+06
