# Energy_MeV	dEdx_Elec_MeV_um	dEdx_Nucl_MeV_um	Range_um
1.000000e-05	2.359837e-03	2.197628e-02	7.764480e-03
1.150000e-05	2.543237e-03	2.384655e-02	8.326477e-03
1.322500e-05	2.739852e-03	2.580554e-02	8.929152e-03
1.520875e-05	2.950643e-03	2.800878e-02	9.575449e-03
1.749006e-05	3.176640e-03	3.024802e-02	1.026852e-02
2.011357e-05	3.418948e-03	3.265447e-02	1.101177e-02
2.313061e-05	3.678751e-03	3.525528e-02	1.180880e-02
2.660020e-05	3.957319e-03	3.782187e-02	1.266353e-02
3.059023e-05	4.256013e-03	4.077345e-02	1.358012e-02
3.517876e-05	4.576293e-03	4.366221e-02	1.456306e-02
4.045558e-05	4.919723e-03	4.675812e-02	1.561714e-02
4.652391e-05	5.287982e-03	5.010285e-02	1.674752e-02
5.350250e-05	5.682868e-03	5.342736e-02	1.795971e-02
6.152788e-05	6.106312e-03	5.692580e-02	1.925965e-02
7.075706e-05	6.560381e-03	6.037393e-02	2.065367e-02
8.137062e-05	7.047295e-03	6.403084e-02	2.214860e-02
9.357621e-05	7.569432e-03	6.776452e-02	2.375172e-02
1.076126e-04	8.129343e-03	7.149531e-02	2.547088e-02
1.237545e-04	8.729764e-03	7.508839e-02	2.731448e-02
1.423177e-04	9.373627e-03	7.878434e-02	2.929152e-02
1.636654e-04	1.006408e-02	8.277608e-02	3.141165e-02
1.882152e-04	1.080449e-02	8.618688e-02	3.368524e-02
2.164475e-04	1.159848e-02	9.010929e-02	3.612340e-02
2.489146e-04	1.244993e-02	9.336642e-02	3.873803e-02
2.862518e-04	1.336300e-02	9.678777e-02	4.154191e-02
3.291895e-04	1.434214e-02	1.003356e-01	4.454874e-02
3.785680e-04	1.539215e-02	1.031827e-01	4.777320e-02
4.353531e-04	1.651815e-02	1.064563e-01	5.123105e-02
5.006561e-04	1.772564e-02	1.091370e-01	5.493918e-02
5.757545e-04	1.902052e-02	1.117537e-01	5.891570e-02
6.621177e-04	2.040911e-02	1.141455e-01	6.318005e-02
7.614354e-04	2.189821e-02	1.162245e-01	6.775306e-02
8.756507e-04	2.349508e-02	1.182465e-01	7.265706e-02
1.006998e-03	2.520753e-02	1.198061e-01	7.791602e-02
1.158048e-03	2.704393e-02	1.212499e-01	8.355562e-02
1.331755e-03	2.901323e-02	1.223838e-01	8.960342e-02
1.531519e-03	3.112508e-02	1.235255e-01	9.605114e-02
1.761246e-03	3.338977e-02	1.241858e-01	1.030258e-01
2.025433e-03	3.581838e-02	1.246911e-01	1.105057e-01
2.329248e-03	3.842277e-02	1.250530e-01	1.185030e-01
2.678635e-03	4.121566e-02	1.249187e-01	1.270803e-01
3.080431e-03	4.421070e-02	1.247518e-01	1.362784e-01
3.542495e-03	4.742252e-02	1.241197e-01	1.461421e-01
4.073870e-03	5.086681e-02	1.232579e-01	1.567197e-01
4.684950e-03	5.456040e-02	1.221715e-01	1.680629e-01
5.387693e-03	5.852133e-02	1.206680e-01	1.802272e-01
6.195847e-03	6.276895e-02	1.189049e-01	1.932720e-01
7.125224e-03	6.732401e-02	1.168077e-01	2.072609e-01
8.194007e-03	7.220877e-02	1.143964e-01	2.222623e-01
9.423108e-03	7.744709e-02	1.117046e-01	2.383496e-01
1.083657e-02	8.306456e-02	1.086970e-01	2.556013e-01
1.246206e-02	8.908862e-02	1.055844e-01	2.741017e-01
1.433137e-02	9.554871e-02	1.021174e-01	2.939411e-01
1.648108e-02	1.024764e-01	9.829551e-02	3.152164e-01
1.895324e-02	1.099055e-01	9.458591e-02	3.380318e-01
2.179622e-02	1.178723e-01	9.032751e-02	3.624986e-01
2.506566e-02	1.264158e-01	8.648480e-02	3.887363e-01
2.882550e-02	1.355776e-01	8.223219e-02	4.168729e-01
3.314933e-02	1.454026e-01	7.775629e-02	4.470461e-01
3.812173e-02	1.559387e-01	7.372335e-02	4.794034e-01
4.383999e-02	1.672374e-01	6.912219e-02	5.141028e-01
5.041599e-02	1.793539e-01	6.501742e-02	5.513136e-01
5.797838e-02	1.923475e-01	6.080350e-02	5.912177e-01
6.667514e-02	2.062815e-01	5.673381e-02	6.340100e-01
7.667641e-02	2.212240e-01	5.287779e-02	6.798999e-01
8.817787e-02	2.372481e-01	4.894546e-02	7.291113e-01
1.014046e-01	2.544321e-01	4.547514e-02	7.818850e-01
1.166152e-01	2.728598e-01	4.204675e-02	8.384762e-01
1.341075e-01	2.926213e-01	3.890905e-02	8.991682e-01
1.542237e-01	3.138135e-01	3.553375e-02	9.642525e-01
1.773572e-01	3.365407e-01	3.298573e-02	1.034474e+00
2.039608e-01	3.609129e-01	3.060483e-02	1.110530e+00
2.345549e-01	3.870493e-01	2.800345e-02	1.192923e+00
2.697381e-01	4.150773e-01	2.580234e-02	1.282269e+00
3.101989e-01	4.451324e-01	2.327107e-02	1.364013e+00
3.567287e-01	4.773608e-01	2.102609e-02	1.430914e+00
4.102380e-01	5.060445e-01	1.885635e-02	1.498069e+00
4.717737e-01	5.361646e-01	1.674483e-02	1.565218e+00
5.425397e-01	5.821768e-01	1.513330e-02	1.632204e+00
6.239207e-01	6.317297e-01	1.361336e-02	1.699014e+00
7.175088e-01	6.831269e-01	1.233332e-02	1.765796e+00
8.251351e-01	7.326890e-01	1.107394e-02	1.833007e+00
9.489054e-01	7.848323e-01	9.945646e-03	1.901390e+00
1.091241e+00	8.314224e-01	8.930106e-03	1.972073e+00
1.254927e+00	8.770993e-01	8.067554e-03	2.046643e+00
1.443166e+00	9.192981e-01	7.244771e-03	2.127204e+00
1.659641e+00	9.499605e-01	6.438786e-03	2.216496e+00
1.908588e+00	9.798557e-01	5.826671e-03	2.317939e+00
2.194876e+00	1.010271e+00	5.133540e-03	2.435734e+00
2.524107e+00	1.036841e+00	4.640106e-03	2.574964e+00
2.902723e+00	1.058709e+00	4.134152e-03	2.741685e+00
3.338132e+00	1.073248e+00	3.658698e-03	2.943038e+00
3.838852e+00	1.085905e+00	3.297922e-03	3.187381e+00
4.414679e+00	1.091662e+00	2.891457e-03	3.484437e+00
5.076881e+00	1.094286e+00	2.583331e-03	3.845529e+00
5.838413e+00	1.094038e+00	2.289986e-03	4.283910e+00
6.714175e+00	1.086222e+00	2.034495e-03	4.815263e+00
7.721302e+00	1.074914e+00	1.810739e-03	5.458440e+00
8.879497e+00	1.057278e+00	1.599555e-03	6.236481e+00
1.021142e+01	1.034934e+00	1.431004e-03	7.177989e+00
1.174313e+01	1.007915e+00	1.272193e-03	8.318942e+00
1.350460e+01	9.759641e-01	1.137408e-03	9.705028e+00
1.553030e+01	9.404879e-01	9.972536e-04	1.139467e+01
1.785984e+01	9.024876e-01	8.935810e-04	1.346287e+01
2.053882e+01	8.602705e-01	7.903469e-04	1.600614e+01
2.361964e+01	8.127441e-01	6.948767e-04	1.914886e+01
2.716258e+01	7.663632e-01	6.228895e-04	2.305124e+01
3.123697e+01	7.722793e-01	5.431299e-04	2.791828e+01
3.592252e+01	7.088771e-01	4.861815e-04	3.401491e+01
4.131089e+01	6.502397e-01	4.286565e-04	4.170395e+01
4.750753e+01	5.948958e-01	3.746620e-04	5.140695e+01
5.463366e+01	5.424952e-01	3.311864e-04	6.367701e+01
6.282871e+01	4.928894e-01	2.913749e-04	7.923910e+01
7.225301e+01	4.466713e-01	2.591649e-04	9.902737e+01
8.309096e+01	4.040324e-01	2.280414e-04	1.242240e+02
9.555461e+01	3.640375e-01	2.012823e-04	1.563850e+02
1.098878e+02	3.269171e-01	1.777168e-04	1.976133e+02
1.263710e+02	2.934787e-01	1.580302e-04	2.505456e+02
1.453266e+02	2.648470e-01	1.395276e-04	3.182605e+02
1.671256e+02	2.386161e-01	1.221502e-04	4.047642e+02
1.921945e+02	2.146593e-01	1.090339e-04	5.154244e+02
2.210236e+02	1.928381e-01	9.438006e-05	6.571598e+02
2.541772e+02	1.730414e-01	8.432090e-05	8.388912e+02
2.923037e+02	1.551933e-01	7.395964e-05	1.072028e+03
3.361493e+02	1.390357e-01	6.463676e-05	1.371275e+03
3.865717e+02	1.243988e-01	5.752946e-05	1.755853e+03
4.445574e+02	1.112937e-01	4.960800e-05	2.250317e+03
5.112411e+02	9.980351e-02	4.377822e-05	2.885289e+03
5.879272e+02	8.951903e-02	0.000000e+00	3.699512e+03
6.761163e+02	8.030426e-02	0.000000e+00	4.743447e+03
7.775337e+02	7.207434e-02	0.000000e+00	6.081383e+03
8.941638e+02	6.473262e-02	0.000000e+00	7.795152e+03
1.028288e+03	5.819517e-02	0.000000e+00	9.988564e+03
1.182532e+03	5.238195e-02	0.000000e+00	1.279284e+04
1.359911e+03	4.721894e-02	0.000000e+00	1.637345e+04
1.563898e+03	4.263715e-02	0.000000e+00	2.093818e+04
1.798483e+03	3.857455e-02	0.000000e+00	2.674661e+04
2.068255e+03	3.498178e-02	0.000000e+00	3.412151e+04
2.378493e+03	3.180980e-02	0.000000e+00	4.346189e+04
2.735268e+03	2.901079e-02	0.000000e+00	5.525785e+04
3.145558e+03	2.654662e-02	0.000000e+00	7.010715e+04
3.617391e+03	2.438406e-02	0.000000e+00	8.873321e+04
4.160000e+03	2.249101e-02	0.000000e+00	1.120040e+05
4.784000e+03	2.083907e-02	0.000000e+00	1.409518e+05
5.501600e+03	1.940402e-02	0.000000e+00	1.767919e+05
6.326840e+03	1.816280e-02	0.000000e+00	2.209417e+05
7.275866e+03	1.709424e-02	0.000000e+00	2.750364e+05
8.367246e+03	1.618107e-02	0.000000e+00	3.409434e+05
9.622333e+03	1.540801e-02	0.000000e+00	4.207740e+05
