# Energy_MeV	dEdx_Elec_MeV_um	dEdx_Nucl_MeV_um	Range_um
1.000000e-05	2.660078e-03	2.629739e-02	5.200584e-03
1.150000e-05	2.875443e-03	2.873145e-02	5.577005e-03
1.322500e-05	3.106222e-03	3.129674e-02	5.980671e-03
1.520875e-05	3.353546e-03	3.408510e-02	6.413556e-03
1.749006e-05	3.618627e-03	3.711140e-02	6.877772e-03
2.011357e-05	3.902762e-03	4.030468e-02	7.375589e-03
2.313061e-05	4.207341e-03	4.366208e-02	7.909438e-03
2.660020e-05	4.533854e-03	4.726798e-02	8.481927e-03
3.059023e-05	4.883898e-03	5.127933e-02	9.095854e-03
3.517876e-05	5.259184e-03	5.527238e-02	9.754216e-03
4.045558e-05	5.661547e-03	5.980281e-02	1.046023e-02
4.652391e-05	6.092952e-03	6.424489e-02	1.121735e-02
5.350250e-05	6.555509e-03	6.907791e-02	1.202927e-02
6.152788e-05	7.051478e-03	7.438447e-02	1.289995e-02
7.075706e-05	7.583283e-03	7.950497e-02	1.383366e-02
8.137062e-05	8.153521e-03	8.533551e-02	1.483494e-02
9.357621e-05	8.764980e-03	9.105026e-02	1.590870e-02
1.076126e-04	9.420646e-03	9.714129e-02	1.706019e-02
1.237545e-04	1.012372e-02	1.033865e-01	1.829501e-02
1.423177e-04	1.087765e-02	1.095816e-01	1.961921e-02
1.636654e-04	1.168610e-02	1.162270e-01	2.103926e-02
1.882152e-04	1.255303e-02	1.225777e-01	2.256210e-02
2.164475e-04	1.348268e-02	1.292155e-01	2.419515e-02
2.489146e-04	1.447959e-02	1.355165e-01	2.594641e-02
2.862518e-04	1.554862e-02	1.424544e-01	2.782442e-02
3.291895e-04	1.669500e-02	1.488853e-01	2.983837e-02
3.785680e-04	1.792433e-02	1.553187e-01	3.199809e-02
4.353531e-04	1.924262e-02	1.620164e-01	3.431413e-02
5.006561e-04	2.065631e-02	1.676310e-01	3.679780e-02
5.757545e-04	2.217229e-02	1.740067e-01	3.946125e-02
6.621177e-04	2.379799e-02	1.794985e-01	4.231747e-02
7.614354e-04	2.554134e-02	1.848741e-01	4.538043e-02
8.756507e-04	2.741085e-02	1.904072e-01	4.866509e-02
1.006998e-03	2.941567e-02	1.950200e-01	5.218750e-02
1.158048e-03	3.156558e-02	1.995327e-01	5.596486e-02
1.331755e-03	3.387109e-02	2.033521e-01	6.001562e-02
1.531519e-03	3.634346e-02	2.069662e-01	6.435958e-02
1.761246e-03	3.899478e-02	2.102687e-01	6.901796e-02
2.025433e-03	4.183798e-02	2.130069e-01	7.400913e-02
2.329248e-03	4.488697e-02	2.152919e-01	7.937351e-02
2.678635e-03	4.815664e-02	2.171765e-01	8.511690e-02
3.080431e-03	5.166295e-02	2.189830e-01	9.127839e-02
3.542495e-03	5.542305e-02	2.198720e-01	9.788487e-02
4.073870e-03	5.945530e-02	2.208369e-01	1.049697e-01
4.684950e-03	6.377940e-02	2.209135e-01	1.125673e-01
5.387693e-03	6.841647e-02	2.206723e-01	1.207149e-01
6.195847e-03	7.338917e-02	2.201077e-01	1.294521e-01
7.125224e-03	7.872180e-02	2.187160e-01	1.388218e-01
8.194007e-03	8.444039e-02	2.171059e-01	1.488696e-01
9.423108e-03	9.057290e-02	2.147780e-01	1.596448e-01
1.083657e-02	9.714927e-02	2.119410e-01	1.711998e-01
1.246206e-02	1.042016e-01	2.085438e-01	1.835911e-01
1.433137e-02	1.117645e-01	2.046189e-01	1.968794e-01
1.648108e-02	1.198747e-01	2.000698e-01	2.111296e-01
1.895324e-02	1.285719e-01	1.951347e-01	2.264111e-01
2.179622e-02	1.378987e-01	1.896911e-01	2.427987e-01
2.506566e-02	1.479005e-01	1.839570e-01	2.603724e-01
2.882550e-02	1.586262e-01	1.774662e-01	2.792181e-01
3.314933e-02	1.701283e-01	1.708841e-01	2.994280e-01
3.812173e-02	1.824629e-01	1.638976e-01	3.211006e-01
4.383999e-02	1.956903e-01	1.565433e-01	3.443419e-01
5.041599e-02	2.098751e-01	1.495737e-01	3.692653e-01
5.797838e-02	2.250866e-01	1.416767e-01	3.959928e-01
6.667514e-02	2.413991e-01	1.343200e-01	4.246550e-01
7.667641e-02	2.588923e-01	1.267162e-01	4.553915e-01
8.817787e-02	2.776517e-01	1.188158e-01	4.883527e-01
1.014046e-01	2.977689e-01	1.114673e-01	5.236998e-01
1.166152e-01	3.193422e-01	1.040863e-01	5.616056e-01
1.341075e-01	3.424770e-01	9.724642e-02	6.022539e-01
1.542237e-01	3.672862e-01	9.038447e-02	6.458495e-01
1.773572e-01	3.938912e-01	8.371068e-02	6.925812e-01
2.039608e-01	4.224242e-01	7.741305e-02	7.428865e-01
2.345549e-01	4.530227e-01	7.170686e-02	7.973570e-01
2.697381e-01	4.858358e-01	6.611272e-02	8.563483e-01
3.101989e-01	5.210240e-01	6.033354e-02	9.203028e-01
3.567287e-01	5.587592e-01	5.639520e-02	9.897042e-01
4.102380e-01	5.992257e-01	5.188371e-02	1.064557e+00
4.717737e-01	6.396833e-01	4.784346e-02	1.103936e+00
5.425397e-01	6.801283e-01	4.370775e-02	1.142558e+00
6.239207e-01	7.390255e-01	3.901037e-02	1.180364e+00
7.175088e-01	8.108426e-01	3.543776e-02	1.217380e+00
8.251351e-01	8.862072e-01	3.132927e-02	1.253750e+00
9.489054e-01	9.681931e-01	2.834904e-02	1.289769e+00
1.091241e+00	1.056148e+00	2.549869e-02	1.325909e+00
1.254927e+00	1.146141e+00	2.296209e-02	1.362865e+00
1.443166e+00	1.243329e+00	2.073714e-02	1.401586e+00
1.659641e+00	1.335196e+00	1.853576e-02	1.443301e+00
1.908588e+00	1.421421e+00	1.678774e-02	1.489581e+00
2.194876e+00	1.499862e+00	1.505600e-02	1.542372e+00
2.524107e+00	1.581618e+00	1.361416e-02	1.604022e+00
2.902723e+00	1.666812e+00	1.210371e-02	1.677327e+00
3.338132e+00	1.734894e+00	1.090124e-02	1.765558e+00
3.838852e+00	1.797436e+00	9.744069e-03	1.872507e+00
4.414679e+00	1.856099e+00	8.634100e-03	2.002512e+00
5.076881e+00	1.898964e+00	7.802242e-03	2.160502e+00
5.838413e+00	1.941078e+00	6.885677e-03	2.352067e+00
6.714175e+00	1.975671e+00	6.183873e-03	2.583574e+00
7.721302e+00	2.001755e+00	5.501726e-03	2.862360e+00
8.879497e+00	2.022702e+00	4.843939e-03	3.197041e+00
1.021142e+01	2.026773e+00	4.315562e-03	3.597936e+00
1.174313e+01	2.025958e+00	3.823185e-03	4.077648e+00
1.350460e+01	2.014137e+00	3.414963e-03	4.651815e+00
1.553030e+01	1.991629e+00	3.031171e-03	5.340042e+00
1.785984e+01	1.960943e+00	2.687999e-03	6.167084e+00
2.053882e+01	1.917191e+00	2.386098e-03	7.164334e+00
2.361964e+01	1.866976e+00	2.133166e-03	8.371686e+00
2.716258e+01	1.809401e+00	1.897184e-03	9.839972e+00
3.123697e+01	1.744344e+00	1.667864e-03	1.163381e+01
3.592252e+01	1.888474e+00	1.498096e-03	1.383613e+01
4.131089e+01	1.751146e+00	1.302863e-03	1.655004e+01
4.750753e+01	1.627457e+00	1.171472e-03	1.992010e+01
5.463366e+01	1.508073e+00	1.035325e-03	2.411790e+01
6.282871e+01	1.392749e+00	9.085903e-04	2.935520e+01
7.225301e+01	1.280839e+00	8.139836e-04	3.591661e+01
8.309096e+01	1.174183e+00	7.057278e-04	4.417082e+01
9.555461e+01	1.073756e+00	6.282403e-04	5.458373e+01
1.098878e+02	9.784060e-01	5.519981e-04	6.776072e+01
1.263710e+02	8.874391e-01	4.873387e-04	8.452499e+01
1.453266e+02	8.029649e-01	4.316450e-04	1.059421e+02
1.671256e+02	7.297519e-01	3.780460e-04	1.332598e+02
1.921945e+02	6.625087e-01	3.370992e-04	1.680350e+02
2.210236e+02	5.999746e-01	2.970829e-04	2.123943e+02
2.541772e+02	5.420612e-01	2.647568e-04	2.690971e+02
2.923037e+02	4.887694e-01	2.312599e-04	3.417106e+02
3.361493e+02	4.400677e-01	2.055932e-04	4.348108e+02
3.865717e+02	3.957178e-01	1.807839e-04	5.542753e+02
4.445574e+02	3.549728e-01	1.578799e-04	7.077800e+02
5.112411e+02	3.182183e-01	1.408375e-04	9.052270e+02
5.879272e+02	2.856110e-01	1.223616e-04	1.159026e+03
6.761163e+02	2.565093e-01	1.086578e-04	1.484717e+03
7.775337e+02	2.302748e-01	9.521404e-05	1.902465e+03
8.941638e+02	2.067556e-01	8.267990e-05	2.438143e+03
1.028288e+03	1.857445e-01	7.258615e-05	3.124623e+03
1.182532e+03	1.669876e-01	6.349006e-05	4.003658e+03
1.359911e+03	1.502672e-01	5.598995e-05	5.128068e+03
1.563898e+03	1.354075e-01	4.900872e-05	6.564496e+03
1.798483e+03	1.222194e-01	0.000000e+00	8.396756e+03
2.068255e+03	1.105151e-01	0.000000e+00	1.072970e+04
2.378493e+03	1.001547e-01	0.000000e+00	1.369391e+04
2.735268e+03	9.100865e-02	0.000000e+00	1.745112e+04
3.145558e+03	8.293664e-02	0.000000e+00	2.220037e+04
3.617391e+03	7.582569e-02	0.000000e+00	2.818499e+04
4.160000e+03	6.958453e-02	0.000000e+00	3.570013e+04
4.784000e+03	6.411561e-02	0.000000e+00	4.510093e+04
5.501600e+03	5.932939e-02	0.000000e+00	5.681085e+04
6.326840e+03	5.516260e-02	0.000000e+00	7.133005e+04
7.275866e+03	5.155493e-02	0.000000e+00	8.924340e+04
8.367246e+03	4.844256e-02	0.000000e+00	1.112279e+05
9.622333e+03	4.577512e-02	0.000000e+00	1.380594e+05
