# Energy_MeV	dEdx_Elec_MeV_um	dEdx_Nucl_MeV_um	Range_um
1.000000e-05	2.337297e-03	3.281228e-02	4.848540e-03
1.150000e-05	2.528355e-03	3.608187e-02	5.199480e-03
1.322500e-05	2.733061e-03	3.953336e-02	5.575821e-03
1.520875e-05	2.952418e-03	4.338180e-02	5.979402e-03
1.749006e-05	3.187501e-03	4.757178e-02	6.412194e-03
2.011357e-05	3.439463e-03	5.212143e-02	6.876312e-03
2.313061e-05	3.709535e-03	5.706972e-02	7.374023e-03
2.660020e-05	3.999039e-03	6.237232e-02	7.907759e-03
3.059023e-05	4.309392e-03	6.808858e-02	8.480126e-03
3.517876e-05	4.642111e-03	7.426123e-02	9.093922e-03
4.045558e-05	4.998823e-03	8.080760e-02	9.752145e-03
4.652391e-05	5.381271e-03	8.791921e-02	1.045801e-02
5.350250e-05	5.791324e-03	9.555641e-02	1.121497e-02
6.152788e-05	6.230987e-03	1.034576e-01	1.202671e-02
7.075706e-05	6.702409e-03	1.120855e-01	1.289721e-02
8.137062e-05	7.207892e-03	1.213398e-01	1.383072e-02
9.357621e-05	7.749907e-03	1.309992e-01	1.483179e-02
1.076126e-04	8.331102e-03	1.417582e-01	1.590533e-02
1.237545e-04	8.954317e-03	1.521773e-01	1.705656e-02
1.423177e-04	9.622596e-03	1.637154e-01	1.829113e-02
1.636654e-04	1.033920e-02	1.758837e-01	1.961505e-02
1.882152e-04	1.110764e-02	1.883117e-01	2.103479e-02
2.164475e-04	1.193167e-02	2.020976e-01	2.255730e-02
2.489146e-04	1.281531e-02	2.154452e-01	2.419001e-02
2.862518e-04	1.376287e-02	2.300619e-01	2.594090e-02
3.291895e-04	1.477899e-02	2.445572e-01	2.781852e-02
3.785680e-04	1.586863e-02	2.590933e-01	2.983204e-02
4.353531e-04	1.703712e-02	2.747600e-01	3.199129e-02
5.006561e-04	1.829016e-02	2.897746e-01	3.430684e-02
5.757545e-04	1.963387e-02	3.057617e-01	3.678999e-02
6.621177e-04	2.107483e-02	3.203632e-01	3.945287e-02
7.614354e-04	2.262006e-02	3.359489e-01	4.230849e-02
8.756507e-04	2.427712e-02	3.516115e-01	4.537080e-02
1.006998e-03	2.605411e-02	3.671571e-01	4.865476e-02
1.158048e-03	2.795970e-02	3.822580e-01	5.217642e-02
1.331755e-03	3.000320e-02	3.958550e-01	5.595297e-02
1.531519e-03	3.219460e-02	4.098478e-01	6.000288e-02
1.761246e-03	3.454460e-02	4.233022e-01	6.434592e-02
2.025433e-03	3.706469e-02	4.363434e-01	6.900331e-02
2.329248e-03	3.976717e-02	4.485168e-01	7.399781e-02
2.678635e-03	4.266525e-02	4.596656e-01	7.935381e-02
3.080431e-03	4.577309e-02	4.697883e-01	8.509748e-02
3.542495e-03	4.910586e-02	4.791805e-01	9.125688e-02
4.073870e-03	5.267986e-02	4.872444e-01	9.781979e-02
4.684950e-03	5.651253e-02	4.946585e-01	1.049424e-01
5.387693e-03	6.062261e-02	5.013148e-01	1.125436e-01
6.195847e-03	6.503018e-02	5.063077e-01	1.206902e-01
7.125224e-03	6.975675e-02	5.108309e-01	1.294253e-01
8.194007e-03	7.482544e-02	5.144957e-01	1.387930e-01
9.423108e-03	8.026100e-02	5.168917e-01	1.488387e-01
1.083657e-02	8.608998e-02	5.190719e-01	1.596116e-01
1.246206e-02	9.234085e-02	5.189413e-01	1.711642e-01
1.433137e-02	9.904417e-02	5.183503e-01	1.835529e-01
1.648108e-02	1.062327e-01	5.165793e-01	1.968383e-01
1.895324e-02	1.139415e-01	5.134340e-01	2.110854e-01
2.179622e-02	1.222083e-01	5.094976e-01	2.263637e-01
2.506566e-02	1.310734e-01	5.037627e-01	2.427479e-01
2.882550e-02	1.405802e-01	4.970019e-01	2.603179e-01
3.314933e-02	1.507750e-01	4.887965e-01	2.791596e-01
3.812173e-02	1.617078e-01	4.794085e-01	2.993651e-01
4.383999e-02	1.734319e-01	4.685955e-01	3.210331e-01
5.041599e-02	1.860047e-01	4.567857e-01	3.442695e-01
5.797838e-02	1.994874e-01	4.437474e-01	3.691877e-01
6.667514e-02	2.139460e-01	4.301581e-01	3.959094e-01
7.667641e-02	2.294511e-01	4.151520e-01	4.245654e-01
8.817787e-02	2.460785e-01	3.992445e-01	4.552956e-01
1.014046e-01	2.639094e-01	3.824621e-01	4.882499e-01
1.166152e-01	2.830309e-01	3.654428e-01	5.235894e-01
1.341075e-01	3.035364e-01	3.486528e-01	5.614868e-01
1.542237e-01	3.255262e-01	3.308888e-01	6.021274e-01
1.773572e-01	3.491075e-01	3.129852e-01	6.457096e-01
2.039608e-01	3.743957e-01	2.946401e-01	6.924462e-01
2.345549e-01	4.015143e-01	2.767973e-01	7.425654e-01
2.697381e-01	4.305957e-01	2.591105e-01	7.963124e-01
3.101989e-01	4.617820e-01	2.422428e-01	8.539519e-01
3.567287e-01	4.952256e-01	2.256444e-01	9.157487e-01
4.102380e-01	5.310913e-01	2.098713e-01	9.821189e-01
4.717737e-01	5.695540e-01	1.945941e-01	1.053895e+00
5.425397e-01	6.108006e-01	1.794067e-01	1.131626e+00
6.239207e-01	6.550327e-01	1.664011e-01	1.215870e+00
7.175088e-01	7.024663e-01	1.531518e-01	1.307254e+00
8.251351e-01	7.533333e-01	1.403359e-01	1.406504e+00
9.489054e-01	8.073085e-01	1.302681e-01	1.514462e+00
1.091241e+00	8.548651e-01	1.200060e-01	1.632114e+00
1.254927e+00	9.176247e-01	1.114484e-01	1.746065e+00
1.443166e+00	1.002765e+00	1.016072e-01	1.774029e+00
1.659641e+00	1.095651e+00	9.028988e-02	1.799828e+00
1.908588e+00	1.199819e+00	8.133851e-02	1.824009e+00
2.194876e+00	1.311583e+00	7.208575e-02	1.847261e+00
2.524107e+00	1.435525e+00	6.552370e-02	1.870608e+00
2.902723e+00	1.572243e+00	5.876032e-02	1.895280e+00
3.338132e+00	1.716969e+00	5.293364e-02	1.922790e+00
3.838852e+00	1.874558e+00	4.794443e-02	1.954968e+00
4.414679e+00	2.024408e+00	4.286772e-02	1.993988e+00
5.076881e+00	2.189510e+00	3.874500e-02	2.042397e+00
5.838413e+00	2.372124e+00	3.463906e-02	2.103134e+00
6.714175e+00	2.534525e+00	3.135114e-02	2.179550e+00
7.721302e+00	2.701695e+00	2.811386e-02	2.275384e+00
8.879497e+00	2.849141e+00	2.514512e-02	2.394846e+00
1.021142e+01	2.987384e+00	2.232398e-02	2.542546e+00
1.174313e+01	3.121536e+00	1.994611e-02	2.723549e+00
1.350460e+01	3.239772e+00	1.791680e-02	2.943436e+00
1.553030e+01	3.359573e+00	1.598596e-02	3.208419e+00
1.785984e+01	3.461117e+00	1.424970e-02	3.525589e+00
2.053882e+01	3.547777e+00	1.258554e-02	3.903220e+00
2.361964e+01	3.628726e+00	1.119055e-02	4.351223e+00
2.716258e+01	3.679644e+00	9.909932e-03	4.881723e+00
3.123697e+01	3.723143e+00	8.825502e-03	5.509744e+00
3.592252e+01	3.742956e+00	7.835747e-03	6.254051e+00
4.131089e+01	3.734767e+00	6.969763e-03	7.138173e+00
4.750753e+01	3.710215e+00	6.205969e-03	8.191669e+00
5.463366e+01	3.675322e+00	5.474050e-03	9.451719e+00
6.282871e+01	3.625797e+00	4.915527e-03	1.096505e+01
7.225301e+01	3.553473e+00	4.364428e-03	1.279104e+01
8.309096e+01	4.015117e+00	3.856698e-03	1.500197e+01
9.555461e+01	3.787578e+00	3.436272e-03	1.769678e+01
1.098878e+02	3.567917e+00	2.993756e-03	2.100139e+01
1.263710e+02	3.346695e+00	2.693951e-03	2.505533e+01
1.453266e+02	3.127664e+00	2.380299e-03	3.005090e+01
1.671256e+02	2.911500e+00	2.096627e-03	3.623655e+01
1.921945e+02	2.702941e+00	1.865572e-03	4.392618e+01
2.210236e+02	2.501947e+00	1.621975e-03	5.351824e+01
2.541772e+02	2.304138e+00	1.445227e-03	6.555090e+01
2.923037e+02	2.116165e+00	1.266509e-03	8.074141e+01
3.361493e+02	1.946229e+00	1.117494e-03	9.994081e+01
3.865717e+02	1.792124e+00	9.942724e-04	1.241512e+02
4.445574e+02	1.645248e+00	8.709620e-04	1.547507e+02
5.112411e+02	1.505531e+00	7.749694e-04	1.935586e+02
5.879272e+02	1.373696e+00	6.813386e-04	2.429285e+02
6.761163e+02	1.250072e+00	6.072243e-04	3.058956e+02
7.775337e+02	1.135029e+00	5.362810e-04	3.863558e+02
8.941638e+02	1.027394e+00	4.726418e-04	4.893845e+02
1.028288e+03	9.278889e-01	4.120287e-04	6.216069e+02
1.182532e+03	8.371930e-01	3.637841e-04	7.914088e+02
1.359911e+03	7.556082e-01	3.221420e-04	1.009249e+03
1.563898e+03	6.810662e-01	2.836607e-04	1.288577e+03
1.798483e+03	6.135266e-01	2.496318e-04	1.646838e+03
2.068255e+03	5.527522e-01	2.167827e-04	2.106181e+03
2.378493e+03	4.980124e-01	1.905596e-04	2.694786e+03
2.735268e+03	4.486790e-01	1.660732e-04	3.448333e+03
3.145558e+03	4.045951e-01	1.461764e-04	4.411855e+03
3.617391e+03	3.654102e-01	1.281495e-04	5.642044e+03
4.160000e+03	3.304767e-01	1.123350e-04	7.209918e+03
4.784000e+03	2.993996e-01	9.888429e-05	9.204021e+03
5.501600e+03	2.719382e-01	8.581505e-05	1.173421e+04
6.326840e+03	2.476769e-01	7.633152e-05	1.493595e+04
7.275866e+03	2.262386e-01	6.689478e-05	1.897525e+04
8.367246e+03	2.074053e-01	5.822032e-05	2.405400e+04
9.622333e+03	1.909115e-01	5.121379e-05	3.041580e+04
