# Energy_MeV	dEdx_Elec_MeV_um	dEdx_Nucl_MeV_um	Range_um
1.000000e-05	2.142601e-03	3.106091e-02	6.097576e-03
1.150000e-05	2.312845e-03	3.402309e-02	6.538922e-03
1.322500e-05	2.495316e-03	3.731349e-02	7.012212e-03
1.520875e-05	2.690907e-03	4.079449e-02	7.519760e-03
1.749006e-05	2.900575e-03	4.463021e-02	8.064044e-03
2.011357e-05	3.125345e-03	4.867300e-02	8.647724e-03
2.313061e-05	3.366316e-03	5.303119e-02	9.273651e-03
2.660020e-05	3.624666e-03	5.776250e-02	9.944883e-03
3.059023e-05	3.901659e-03	6.276196e-02	1.066470e-02
3.517876e-05	4.198648e-03	6.828585e-02	1.143661e-02
4.045558e-05	4.517084e-03	7.379329e-02	1.226440e-02
4.652391e-05	4.858524e-03	7.995660e-02	1.315211e-02
5.350250e-05	5.224636e-03	8.659083e-02	1.410406e-02
6.152788e-05	5.617208e-03	9.342153e-02	1.512492e-02
7.075706e-05	6.038160e-03	1.010719e-01	1.621967e-02
8.137062e-05	6.489547e-03	1.083643e-01	1.739366e-02
9.357621e-05	6.973575e-03	1.165759e-01	1.865262e-02
1.076126e-04	7.492610e-03	1.252363e-01	2.000271e-02
1.237545e-04	8.049185e-03	1.340377e-01	2.145052e-02
1.423177e-04	8.646022e-03	1.437751e-01	2.300312e-02
1.636654e-04	9.286036e-03	1.532073e-01	2.466810e-02
1.882152e-04	9.972353e-03	1.633772e-01	2.645359e-02
2.164475e-04	1.070833e-02	1.736680e-01	2.836831e-02
2.489146e-04	1.149755e-02	1.839186e-01	3.042162e-02
2.862518e-04	1.234389e-02	1.949379e-01	3.262356e-02
3.291895e-04	1.325146e-02	2.055443e-01	3.498487e-02
3.785680e-04	1.422471e-02	2.163808e-01	3.751709e-02
4.353531e-04	1.526840e-02	2.269281e-01	4.023260e-02
5.006561e-04	1.638761e-02	2.379446e-01	4.314465e-02
5.757545e-04	1.758782e-02	2.486226e-01	4.626749e-02
6.621177e-04	1.887489e-02	2.598471e-01	4.961635e-02
7.614354e-04	2.025511e-02	2.697846e-01	5.320761e-02
8.756507e-04	2.173522e-02	2.795986e-01	5.705880e-02
1.006998e-03	2.332246e-02	2.893927e-01	6.118875e-02
1.158048e-03	2.502457e-02	2.984400e-01	6.561762e-02
1.331755e-03	2.684987e-02	3.078500e-01	7.036706e-02
1.531519e-03	2.880729e-02	3.158354e-01	7.546027e-02
1.761246e-03	3.090637e-02	3.238849e-01	8.092212e-02
2.025433e-03	3.315738e-02	3.306014e-01	8.677931e-02
2.329248e-03	3.557132e-02	3.368456e-01	9.306044e-02
2.678635e-03	3.815997e-02	3.426670e-01	9.979620e-02
3.080431e-03	4.093599e-02	3.474635e-01	1.070195e-01
3.542495e-03	4.391293e-02	3.522221e-01	1.147071e-01
4.073870e-03	4.710533e-02	3.553011e-01	1.230552e-01
4.684950e-03	5.052881e-02	3.583771e-01	1.319839e-01
5.387693e-03	5.420007e-02	3.608464e-01	1.415366e-01
6.195847e-03	5.813705e-02	3.623699e-01	1.517807e-01
7.125224e-03	6.235900e-02	3.636731e-01	1.627666e-01
8.194007e-03	6.688652e-02	3.633677e-01	1.745474e-01
9.423108e-03	7.174175e-02	3.627934e-01	1.871810e-01
1.083657e-02	7.694840e-02	3.613712e-01	2.007290e-01
1.246206e-02	8.253191e-02	3.590049e-01	2.152577e-01
1.433137e-02	8.851955e-02	3.560009e-01	2.308380e-01
1.648108e-02	9.494058e-02	3.517935e-01	2.475459e-01
1.895324e-02	1.018264e-01	3.468307e-01	2.654631e-01
2.179622e-02	1.092105e-01	3.409043e-01	2.846772e-01
2.506566e-02	1.171292e-01	3.341024e-01	3.052822e-01
2.882550e-02	1.256210e-01	3.263496e-01	3.273784e-01
3.314933e-02	1.347274e-01	3.178544e-01	3.510739e-01
3.812173e-02	1.444930e-01	3.087232e-01	3.764845e-01
4.383999e-02	1.549654e-01	2.988966e-01	4.037345e-01
5.041599e-02	1.661958e-01	2.881582e-01	4.329569e-01
5.797838e-02	1.782391e-01	2.770796e-01	4.642943e-01
6.667514e-02	1.911541e-01	2.649500e-01	4.978998e-01
7.667641e-02	2.050038e-01	2.534202e-01	5.339378e-01
8.817787e-02	2.198560e-01	2.412910e-01	5.725844e-01
1.014046e-01	2.357832e-01	2.287194e-01	6.140282e-01
1.166152e-01	2.528633e-01	2.164528e-01	6.584715e-01
1.341075e-01	2.711796e-01	2.032035e-01	7.061316e-01
1.542237e-01	2.908216e-01	1.911881e-01	7.572417e-01
1.773572e-01	3.118853e-01	1.784751e-01	8.120512e-01
2.039608e-01	3.344737e-01	1.669316e-01	8.708276e-01
2.345549e-01	3.586970e-01	1.556523e-01	9.338586e-01
2.697381e-01	3.846736e-01	1.442564e-01	1.001451e+00
3.101989e-01	4.125304e-01	1.340022e-01	1.073933e+00
3.567287e-01	4.424040e-01	1.232169e-01	1.151699e+00
4.102380e-01	4.744411e-01	1.145310e-01	1.235691e+00
4.717737e-01	5.087970e-01	1.052675e-01	1.326659e+00
5.425397e-01	5.456397e-01	9.660676e-02	1.425224e+00
6.239207e-01	5.851490e-01	8.965897e-02	1.532122e+00
7.175088e-01	6.275181e-01	8.271732e-02	1.648190e+00
8.251351e-01	6.729539e-01	7.652247e-02	1.774394e+00
9.489054e-01	7.148620e-01	6.939838e-02	1.851893e+00
1.091241e+00	7.646811e-01	6.183502e-02	1.906286e+00
1.254927e+00	8.376317e-01	5.552217e-02	1.958747e+00
1.443166e+00	9.177750e-01	4.941130e-02	2.009570e+00
1.659641e+00	1.006525e+00	4.479411e-02	2.059132e+00
1.908588e+00	1.099684e+00	4.027538e-02	2.108080e+00
2.194876e+00	1.202742e+00	3.627070e-02	2.157362e+00
2.524107e+00	1.311609e+00	3.278164e-02	2.208273e+00
2.902723e+00	1.424270e+00	2.936894e-02	2.262510e+00
3.338132e+00	1.544832e+00	2.644213e-02	2.322231e+00
3.838852e+00	1.642663e+00	2.377524e-02	2.390101e+00
4.414679e+00	1.749430e+00	2.140385e-02	2.469296e+00
5.076881e+00	1.863584e+00	1.916009e-02	2.563681e+00
5.838413e+00	1.965650e+00	1.719735e-02	2.677715e+00
6.714175e+00	2.066343e+00	1.516340e-02	2.816553e+00
7.721302e+00	2.144853e+00	1.367263e-02	2.986072e+00
8.879497e+00	2.222839e+00	1.220971e-02	3.192901e+00
1.021142e+01	2.289349e+00	1.088100e-02	3.444495e+00
1.174313e+01	2.348711e+00	9.736614e-03	3.749221e+00
1.350460e+01	2.407713e+00	8.536936e-03	4.116555e+00
1.553030e+01	2.446728e+00	7.646907e-03	4.557425e+00
1.785984e+01	2.479864e+00	6.736663e-03	5.084674e+00
2.053882e+01	2.500653e+00	6.012784e-03	5.713757e+00
2.361964e+01	2.506880e+00	5.358713e-03	6.463616e+00
2.716258e+01	2.505960e+00	4.733625e-03	7.357792e+00
3.123697e+01	2.486072e+00	4.237628e-03	8.425809e+00
3.592252e+01	2.455260e+00	3.725864e-03	9.704894e+00
4.131089e+01	2.410548e+00	3.358547e-03	1.124213e+01
4.750753e+01	2.358089e+00	2.977551e-03	1.309714e+01
5.463366e+01	2.296843e+00	2.636138e-03	1.534557e+01
6.282871e+01	2.223112e+00	2.337371e-03	1.808379e+01
7.225301e+01	2.438091e+00	2.046830e-03	2.143209e+01
8.309096e+01	2.275721e+00	1.838450e-03	2.554865e+01
9.555461e+01	2.122827e+00	1.622815e-03	3.064658e+01
1.098878e+02	1.973177e+00	1.434544e-03	3.696347e+01
1.263710e+02	1.827524e+00	1.268010e-03	4.482022e+01
1.453266e+02	1.685850e+00	1.108122e-03	5.463551e+01
1.671256e+02	1.550659e+00	9.825437e-04	6.694581e+01
1.921945e+02	1.422547e+00	8.644522e-04	8.243013e+01
2.210236e+02	1.298782e+00	7.625917e-04	1.019940e+02
2.541772e+02	1.181817e+00	6.767856e-04	1.268619e+02
2.923037e+02	1.075260e+00	5.954683e-04	1.585365e+02
3.361493e+02	9.812366e-01	5.264945e-04	1.987695e+02
3.865717e+02	8.931242e-01	4.663098e-04	2.499055e+02
4.445574e+02	8.107072e-01	4.128720e-04	3.150766e+02
5.112411e+02	7.340744e-01	3.639272e-04	3.983290e+02
5.879272e+02	6.632491e-01	3.221886e-04	5.048877e+02
6.761163e+02	5.983117e-01	2.785039e-04	6.414469e+02
7.775337e+02	5.385109e-01	2.487139e-04	8.166739e+02
8.941638e+02	4.837800e-01	2.187024e-04	1.041902e+03
1.028288e+03	4.342988e-01	1.923354e-04	1.331547e+03
1.182532e+03	3.905869e-01	1.700493e-04	1.703571e+03
1.359911e+03	3.510143e-01	1.463844e-04	2.180831e+03
1.563898e+03	3.153387e-01	1.298258e-04	2.793066e+03
1.798483e+03	2.833779e-01	1.125892e-04	3.578058e+03
2.068255e+03	2.547838e-01	9.924784e-05	4.583889e+03
2.378493e+03	2.292129e-01	8.739629e-05	5.871483e+03
2.735268e+03	2.064236e-01	7.607163e-05	7.517792e+03
3.145558e+03	1.861878e-01	6.731811e-05	9.619792e+03
3.617391e+03	1.682145e-01	5.829870e-05	1.229914e+04
4.160000e+03	1.522625e-01	5.200181e-05	1.570772e+04
4.784000e+03	1.381623e-01	4.549266e-05	2.003423e+04
5.501600e+03	1.257176e-01	0.000000e+00	2.551172e+04
6.326840e+03	1.147339e-01	0.000000e+00	3.242620e+04
7.275866e+03	1.050740e-01	0.000000e+00	4.112611e+04
8.367246e+03	9.660748e-02	0.000000e+00	5.203261e+04
9.622333e+03	8.918779e-02	0.000000e+00	6.565043e+04
