# Energy_MeV	dEdx_Elec_MeV_um	dEdx_Nucl_MeV_um	Range_um
1.000000e-05	2.089727e-03	2.157458e-02	9.751412e-03
1.150000e-05	2.249608e-03	2.334947e-02	1.045722e-02
1.322500e-05	2.421029e-03	2.534265e-02	1.121412e-02
1.520875e-05	2.604828e-03	2.733021e-02	1.202581e-02
1.749006e-05	2.801904e-03	2.954264e-02	1.289624e-02
2.011357e-05	3.013219e-03	3.180213e-02	1.382968e-02
2.313061e-05	3.239806e-03	3.416193e-02	1.483068e-02
2.660020e-05	3.482772e-03	3.681113e-02	1.590413e-02
3.059023e-05	3.743304e-03	3.936770e-02	1.705528e-02
3.517876e-05	4.022676e-03	4.221427e-02	1.828975e-02
4.045558e-05	4.322251e-03	4.512319e-02	1.961357e-02
4.652391e-05	4.643494e-03	4.814045e-02	2.103321e-02
5.350250e-05	4.987974e-03	5.125028e-02	2.255561e-02
6.152788e-05	5.357374e-03	5.432630e-02	2.418820e-02
7.075706e-05	5.753499e-03	5.762595e-02	2.593895e-02
8.137062e-05	6.178284e-03	6.086149e-02	2.781643e-02
9.357621e-05	6.633804e-03	6.418777e-02	2.982979e-02
1.076126e-04	7.122285e-03	6.734517e-02	3.198889e-02
1.237545e-04	7.646113e-03	7.074425e-02	3.430426e-02
1.423177e-04	8.207847e-03	7.409284e-02	3.678722e-02
1.636654e-04	8.810232e-03	7.723019e-02	3.944990e-02
1.882152e-04	9.456210e-03	8.067490e-02	4.230531e-02
2.164475e-04	1.014894e-02	8.348059e-02	4.536739e-02
2.489146e-04	1.089180e-02	8.662810e-02	4.865110e-02
2.862518e-04	1.168842e-02	8.952616e-02	5.217249e-02
3.291895e-04	1.254270e-02	9.214571e-02	5.594877e-02
3.785680e-04	1.345880e-02	9.501679e-02	5.999837e-02
4.353531e-04	1.444121e-02	9.731546e-02	6.434108e-02
5.006561e-04	1.549472e-02	9.961692e-02	6.899812e-02
5.757545e-04	1.662449e-02	1.015950e-01	7.399224e-02
6.621177e-04	1.783602e-02	1.034309e-01	7.934784e-02
7.614354e-04	1.913523e-02	1.051667e-01	8.509108e-02
8.756507e-04	2.052848e-02	1.065144e-01	9.125002e-02
1.006998e-03	2.202258e-02	1.077341e-01	9.785474e-02
1.158048e-03	2.362481e-02	1.086838e-01	1.049375e-01
1.331755e-03	2.534301e-02	1.096434e-01	1.125330e-01
1.531519e-03	2.718557e-02	1.101382e-01	1.206781e-01
1.761246e-03	2.916150e-02	1.106045e-01	1.293877e-01
2.025433e-03	3.128044e-02	1.107642e-01	1.387841e-01
2.329248e-03	3.355275e-02	1.106422e-01	1.488272e-01
2.678635e-03	3.598953e-02	1.104226e-01	1.596008e-01
3.080431e-03	3.860268e-02	1.097767e-01	1.711521e-01
3.542495e-03	4.140498e-02	1.089859e-01	1.835399e-01
4.073870e-03	4.441010e-02	1.079076e-01	1.968244e-01
4.684950e-03	4.763273e-02	1.065222e-01	2.110704e-01
5.387693e-03	5.108862e-02	1.048786e-01	2.263476e-01
6.195847e-03	5.479465e-02	1.029571e-01	2.427304e-01
7.125224e-03	5.876892e-02	1.007362e-01	2.602991e-01
8.194007e-03	6.303084e-02	9.830080e-02	2.791394e-01
9.423108e-03	6.760125e-02	9.559996e-02	2.993435e-01
1.083657e-02	7.250246e-02	9.277520e-02	3.210099e-01
1.246206e-02	7.775843e-02	8.958796e-02	3.442444e-01
1.433137e-02	8.339482e-02	8.626295e-02	3.691607e-01
1.648108e-02	8.943918e-02	8.285208e-02	3.958806e-01
1.895324e-02	9.592104e-02	7.910418e-02	4.245344e-01
2.179622e-02	1.028720e-01	7.567565e-02	4.552621e-01
2.506566e-02	1.103262e-01	7.176475e-02	4.882139e-01
2.882550e-02	1.183198e-01	6.799188e-02	5.235508e-01
3.314933e-02	1.268921e-01	6.428265e-02	5.614456e-01
3.812173e-02	1.360848e-01	6.021341e-02	6.020831e-01
4.383999e-02	1.459429e-01	5.660596e-02	6.456618e-01
5.041599e-02	1.565145e-01	5.286034e-02	6.923947e-01
5.797838e-02	1.678513e-01	4.939813e-02	7.425105e-01
6.667514e-02	1.800086e-01	4.595863e-02	7.962538e-01
7.667641e-02	1.930460e-01	4.250622e-02	8.538867e-01
8.817787e-02	2.070269e-01	3.943393e-02	9.156910e-01
1.014046e-01	2.220198e-01	3.646137e-02	9.819689e-01
1.166152e-01	2.380979e-01	3.370939e-02	1.053044e+00
1.341075e-01	2.553398e-01	3.075628e-02	1.129269e+00
1.542237e-01	2.738296e-01	2.868560e-02	1.210981e+00
1.773572e-01	2.936584e-01	2.649296e-02	1.298831e+00
2.039608e-01	3.149228e-01	2.432562e-02	1.393908e+00
2.345549e-01	3.377263e-01	2.230300e-02	1.496870e+00
2.697381e-01	3.621803e-01	1.997698e-02	1.608477e+00
3.101989e-01	3.884043e-01	1.813879e-02	1.729290e+00
3.567287e-01	4.165241e-01	1.614098e-02	1.820962e+00
4.102380e-01	4.446179e-01	1.447595e-02	1.913536e+00
4.717737e-01	4.678124e-01	1.305134e-02	2.006596e+00
5.425397e-01	4.999431e-01	1.173291e-02	2.099818e+00
6.239207e-01	5.413912e-01	1.061678e-02	2.193040e+00
7.175088e-01	5.807674e-01	9.510447e-03	2.286369e+00
8.251351e-01	6.220580e-01	8.583728e-03	2.380197e+00
9.489054e-01	6.603031e-01	7.707580e-03	2.475322e+00
1.091241e+00	6.964807e-01	6.963033e-03	2.573037e+00
1.254927e+00	7.330382e-01	6.205885e-03	2.675218e+00
1.443166e+00	7.606446e-01	5.567375e-03	2.784459e+00
1.659641e+00	7.867046e-01	5.004002e-03	2.904151e+00
1.908588e+00	8.050589e-01	4.406397e-03	3.038606e+00
2.194876e+00	8.239415e-01	3.997193e-03	3.193212e+00
2.524107e+00	8.441468e-01	3.531509e-03	3.374544e+00
2.902723e+00	8.555498e-01	3.160585e-03	3.590536e+00
3.338132e+00	8.654471e-01	2.828523e-03	3.850645e+00
3.838852e+00	8.713778e-01	2.474296e-03	4.166051e+00
4.414679e+00	8.726746e-01	2.216769e-03	4.549892e+00
5.076881e+00	8.716619e-01	1.959117e-03	5.017575e+00
5.838413e+00	8.660310e-01	1.751286e-03	5.587206e+00
6.714175e+00	8.573364e-01	1.555547e-03	6.280231e+00
7.721302e+00	8.443765e-01	1.373822e-03	7.122370e+00
8.879497e+00	8.268866e-01	1.226686e-03	8.144942e+00
1.021142e+01	8.059268e-01	1.090488e-03	9.386673e+00
1.174313e+01	7.809425e-01	9.754179e-04	1.089617e+01
1.350460e+01	7.528260e-01	8.548042e-04	1.273509e+01
1.553030e+01	7.211431e-01	7.684831e-04	1.498239e+01
1.785984e+01	6.896461e-01	6.734602e-04	1.773967e+01
2.053882e+01	6.547773e-01	5.994588e-04	2.113817e+01
2.361964e+01	6.165593e-01	5.331965e-04	2.534772e+01
2.716258e+01	5.774695e-01	4.651288e-04	3.058754e+01
3.123697e+01	5.365956e-01	4.178083e-04	3.714255e+01
3.592252e+01	5.307805e-01	3.648578e-04	4.537107e+01
4.131089e+01	4.853023e-01	3.221701e-04	5.576508e+01
4.750753e+01	4.430434e-01	2.840065e-04	6.894095e+01
5.463366e+01	4.032483e-01	2.496914e-04	8.564154e+01
6.282871e+01	3.657195e-01	2.217373e-04	1.068624e+02
7.225301e+01	3.307476e-01	1.946224e-04	1.338913e+02
8.309096e+01	2.985811e-01	1.729643e-04	1.683604e+02
9.555461e+01	2.690129e-01	1.526925e-04	2.123651e+02
1.098878e+02	2.411992e-01	1.358524e-04	2.687225e+02
1.263710e+02	2.159812e-01	1.188236e-04	3.411312e+02
1.453266e+02	1.942292e-01	1.052768e-04	4.339938e+02
1.671256e+02	1.748750e-01	9.320319e-05	5.526484e+02
1.921945e+02	1.572496e-01	8.066545e-05	7.043409e+02
2.210236e+02	1.412244e-01	7.237186e-05	8.985017e+02
2.541772e+02	1.267048e-01	6.283424e-05	1.147296e+03
2.923037e+02	1.136052e-01	5.567026e-05	1.466334e+03
3.361493e+02	1.018287e-01	4.912793e-05	1.875616e+03
3.865717e+02	9.110869e-02	4.232900e-05	2.401178e+03
4.445574e+02	8.149553e-02	0.000000e+00	3.076778e+03
5.112411e+02	7.298133e-02	0.000000e+00	3.944910e+03
5.879272e+02	6.545696e-02	0.000000e+00	5.058602e+03
6.761163e+02	5.870839e-02	0.000000e+00	6.486361e+03
7.775337e+02	5.267540e-02	0.000000e+00	8.316586e+03
8.941638e+02	4.729137e-02	0.000000e+00	1.066153e+04
1.028288e+03	4.249324e-02	0.000000e+00	1.366396e+04
1.182532e+03	3.822458e-02	0.000000e+00	1.750463e+04
1.359911e+03	3.443142e-02	0.000000e+00	2.241168e+04
1.563898e+03	3.106411e-02	0.000000e+00	2.867230e+04
1.798483e+03	2.807671e-02	0.000000e+00	3.664605e+04
2.068255e+03	2.543131e-02	0.000000e+00	4.678111e+04
2.378493e+03	2.309436e-02	0.000000e+00	5.963309e+04
2.735268e+03	2.103147e-02	0.000000e+00	7.588661e+04
3.145558e+03	1.921292e-02	0.000000e+00	9.637950e+04
3.617391e+03	1.761445e-02	0.000000e+00	1.221295e+05
4.160000e+03	1.621352e-02	0.000000e+00	1.543630e+05
4.784000e+03	1.498931e-02	0.000000e+00	1.945446e+05
5.501600e+03	1.392359e-02	0.000000e+00	2.444073e+05
6.326840e+03	1.299993e-02	0.000000e+00	3.059810e+05
7.275866e+03	1.220287e-02	0.000000e+00	3.816196e+05
8.367246e+03	1.151915e-02	0.000000e+00	4.740246e+05
9.622333e+03	1.093760e-02	0.000000e+00	5.862644e+05
