# Energy_MeV	dEdx_Elec_MeV_um	dEdx_Nucl_MeV_um	Range_um
1.000000e-05	2.308477e-03	3.166736e-02	5.279379e-03
1.150000e-05	2.495012e-03	3.475933e-02	5.661503e-03
1.322500e-05	2.694903e-03	3.808679e-02	6.071286e-03
1.520875e-05	2.909129e-03	4.175017e-02	6.510729e-03
1.749006e-05	3.138741e-03	4.567974e-02	6.981979e-03
2.011357e-05	3.384860e-03	4.995041e-02	7.487338e-03
2.313061e-05	3.648692e-03	5.450152e-02	8.029276e-03
2.660020e-05	3.931527e-03	5.941034e-02	8.610439e-03
3.059023e-05	4.234747e-03	6.467813e-02	9.233667e-03
3.517876e-05	4.559836e-03	7.031982e-02	9.902005e-03
4.045558e-05	4.908382e-03	7.646996e-02	1.061872e-02
4.652391e-05	5.282088e-03	8.270599e-02	1.138731e-02
5.350250e-05	5.682782e-03	8.962641e-02	1.221152e-02
6.152788e-05	6.112421e-03	9.708627e-02	1.309540e-02
7.075706e-05	6.573105e-03	1.047099e-01	1.404325e-02
8.137062e-05	7.067084e-03	1.133347e-01	1.505971e-02
9.357621e-05	7.596772e-03	1.215392e-01	1.614974e-02
1.076126e-04	8.164758e-03	1.307816e-01	1.731867e-02
1.237545e-04	8.773816e-03	1.405636e-01	1.857220e-02
1.423177e-04	9.426922e-03	1.503616e-01	1.991647e-02
1.636654e-04	1.012727e-02	1.614025e-01	2.135803e-02
1.882152e-04	1.087827e-02	1.719495e-01	2.290394e-02
2.164475e-04	1.168361e-02	1.834876e-01	2.456174e-02
2.489146e-04	1.254720e-02	1.950777e-01	2.633953e-02
2.862518e-04	1.347329e-02	2.065863e-01	2.824600e-02
3.291895e-04	1.446638e-02	2.191441e-01	3.029046e-02
3.785680e-04	1.553132e-02	2.309515e-01	3.248290e-02
4.353531e-04	1.667333e-02	2.433834e-01	3.483403e-02
5.006561e-04	1.789798e-02	2.551237e-01	3.735533e-02
5.757545e-04	1.921126e-02	2.675871e-01	4.005913e-02
6.621177e-04	2.061957e-02	2.797467e-01	4.295863e-02
7.614354e-04	2.212980e-02	2.922399e-01	4.606800e-02
8.756507e-04	2.374933e-02	3.038239e-01	4.940243e-02
1.006998e-03	2.548607e-02	3.147465e-01	5.297820e-02
1.158048e-03	2.734851e-02	3.259008e-01	5.681279e-02
1.331755e-03	2.934574e-02	3.362569e-01	6.092493e-02
1.531519e-03	3.148751e-02	3.467294e-01	6.533471e-02
1.761246e-03	3.378431e-02	3.560768e-01	7.006367e-02
2.025433e-03	3.624733e-02	3.650362e-01	7.513492e-02
2.329248e-03	3.888862e-02	3.728423e-01	8.057322e-02
2.678635e-03	4.172108e-02	3.800765e-01	8.640515e-02
3.080431e-03	4.475855e-02	3.865557e-01	9.265920e-02
3.542495e-03	4.801587e-02	3.921913e-01	9.932378e-02
4.073870e-03	5.150895e-02	3.975344e-01	1.065555e-01
4.684950e-03	5.525485e-02	4.012135e-01	1.142730e-01
5.387693e-03	5.927188e-02	4.047773e-01	1.225448e-01
6.195847e-03	6.357965e-02	4.076859e-01	1.314141e-01
7.125224e-03	6.819922e-02	4.093792e-01	1.409259e-01
8.194007e-03	7.315316e-02	4.110542e-01	1.511259e-01
9.423108e-03	7.846565e-02	4.107455e-01	1.620643e-01
1.083657e-02	8.416267e-02	4.102088e-01	1.737944e-01
1.246206e-02	9.027203e-02	4.087172e-01	1.863736e-01
1.433137e-02	9.682359e-02	4.060805e-01	1.998631e-01
1.648108e-02	1.038494e-01	4.028560e-01	2.143291e-01
1.895324e-02	1.113836e-01	3.981702e-01	2.298422e-01
2.179622e-02	1.194633e-01	3.926862e-01	2.464781e-01
2.506566e-02	1.281277e-01	3.860790e-01	2.643181e-01
2.882550e-02	1.374192e-01	3.785128e-01	2.834493e-01
3.314933e-02	1.473833e-01	3.698250e-01	3.039653e-01
3.812173e-02	1.580686e-01	3.603662e-01	3.259664e-01
4.383999e-02	1.695273e-01	3.500544e-01	3.495599e-01
5.041599e-02	1.818154e-01	3.391142e-01	3.748609e-01
5.797838e-02	1.949929e-01	3.270642e-01	4.019933e-01
6.667514e-02	2.091242e-01	3.145501e-01	4.310896e-01
7.667641e-02	2.242783e-01	3.010471e-01	4.622920e-01
8.817787e-02	2.405293e-01	2.878113e-01	4.957528e-01
1.014046e-01	2.579565e-01	2.743099e-01	5.316353e-01
1.166152e-01	2.766451e-01	2.600966e-01	5.701150e-01
1.341075e-01	2.966864e-01	2.461558e-01	6.113802e-01
1.542237e-01	3.181783e-01	2.314082e-01	6.556321e-01
1.773572e-01	3.412258e-01	2.175427e-01	7.030869e-01
2.039608e-01	3.659415e-01	2.033176e-01	7.539762e-01
2.345549e-01	3.924462e-01	1.901482e-01	8.085492e-01
2.697381e-01	4.208692e-01	1.772208e-01	8.670745e-01
3.101989e-01	4.513495e-01	1.645354e-01	9.298206e-01
3.567287e-01	4.840373e-01	1.527034e-01	9.972134e-01
4.102380e-01	5.190919e-01	1.404932e-01	1.070098e+00
4.717737e-01	5.566838e-01	1.305661e-01	1.149030e+00
5.425397e-01	5.969966e-01	1.200206e-01	1.234576e+00
6.239207e-01	6.402273e-01	1.099925e-01	1.327374e+00
7.175088e-01	6.865872e-01	1.022634e-01	1.428160e+00
8.251351e-01	7.357234e-01	9.418763e-02	1.537790e+00
9.489054e-01	7.797437e-01	8.728941e-02	1.640450e+00
1.091241e+00	8.382873e-01	7.935646e-02	1.680446e+00
1.254927e+00	9.179494e-01	7.061563e-02	1.718467e+00
1.443166e+00	1.004579e+00	6.359234e-02	1.754725e+00
1.659641e+00	1.101501e+00	5.637262e-02	1.789710e+00
1.908588e+00	1.204383e+00	5.123369e-02	1.824087e+00
2.194876e+00	1.317652e+00	4.599914e-02	1.858761e+00
2.524107e+00	1.441718e+00	4.145471e-02	1.894927e+00
2.902723e+00	1.569207e+00	3.749054e-02	1.934104e+00
3.338132e+00	1.705345e+00	3.352751e-02	1.978178e+00
3.838852e+00	1.826329e+00	3.027006e-02	2.029437e+00
4.414679e+00	1.958537e+00	2.714337e-02	2.090608e+00
5.076881e+00	2.103848e+00	2.450444e-02	2.164856e+00
5.838413e+00	2.226090e+00	2.193159e-02	2.255886e+00
6.714175e+00	2.349971e+00	1.967048e-02	2.367894e+00
7.721302e+00	2.456633e+00	1.740721e-02	2.505605e+00
8.879497e+00	2.554515e+00	1.562132e-02	2.674301e+00
1.021142e+01	2.648082e+00	1.399349e-02	2.879839e+00
1.174313e+01	2.727530e+00	1.246222e-02	3.128775e+00
1.350460e+01	2.806333e+00	1.114242e-02	3.428481e+00
1.553030e+01	2.869203e+00	9.807511e-03	3.787422e+00
1.785984e+01	2.918300e+00	8.748301e-03	4.215564e+00
2.053882e+01	2.960843e+00	7.719739e-03	4.724897e+00
2.361964e+01	2.978884e+00	6.888077e-03	5.330125e+00
2.716258e+01	2.989433e+00	6.127911e-03	6.049523e+00
3.123697e+01	2.981344e+00	5.432202e-03	6.905983e+00
3.592252e+01	2.953299e+00	4.849822e-03	7.928303e+00
4.131089e+01	2.912245e+00	4.266176e-03	9.152803e+00
4.750753e+01	2.862042e+00	3.843529e-03	1.062535e+01
5.463366e+01	2.800115e+00	3.406596e-03	1.240387e+01
6.282871e+01	2.722269e+00	3.013733e-03	1.456227e+01
7.225301e+01	3.036225e+00	2.681297e-03	1.719111e+01
8.309096e+01	2.846967e+00	2.337318e-03	2.041426e+01
9.555461e+01	2.665925e+00	2.105457e-03	2.438975e+01
1.098878e+02	2.486415e+00	1.857236e-03	2.929565e+01
1.263710e+02	2.310405e+00	1.640484e-03	3.537632e+01
1.453266e+02	2.138630e+00	1.455184e-03	4.294825e+01
1.671256e+02	1.974266e+00	1.266766e-03	5.241281e+01
1.921945e+02	1.817368e+00	1.127008e-03	6.428132e+01
2.210236e+02	1.664014e+00	9.893844e-04	7.924408e+01
2.541772e+02	1.519482e+00	8.736327e-04	9.822123e+01
2.923037e+02	1.389630e+00	7.757818e-04	1.223111e+02
3.361493e+02	1.272376e+00	6.808905e-04	1.528146e+02
3.865717e+02	1.161702e+00	6.041289e-04	1.915144e+02
4.445574e+02	1.057513e+00	5.331702e-04	2.407604e+02
5.112411e+02	9.601493e-01	4.737069e-04	3.035919e+02
5.879272e+02	8.697274e-01	4.173967e-04	3.839267e+02
6.761163e+02	7.863854e-01	3.691696e-04	4.867910e+02
7.775337e+02	7.090161e-01	3.205627e-04	6.187263e+02
8.941638e+02	6.381240e-01	2.845558e-04	7.882603e+02
1.028288e+03	5.740728e-01	2.511629e-04	1.006178e+03
1.182532e+03	5.168969e-01	2.206796e-04	1.285920e+03
1.359911e+03	4.649657e-01	1.949171e-04	1.644760e+03
1.563898e+03	4.181068e-01	1.685753e-04	2.105079e+03
1.798483e+03	3.760815e-01	1.487515e-04	2.695279e+03
2.068255e+03	3.383961e-01	1.292231e-04	3.451489e+03
2.378493e+03	3.046111e-01	1.138937e-04	4.419446e+03
2.735268e+03	2.744974e-01	1.000806e-04	5.656878e+03
3.145558e+03	2.477551e-01	8.737730e-05	7.236474e+03
3.617391e+03	2.239707e-01	7.716268e-05	9.249295e+03
4.160000e+03	2.028564e-01	6.687143e-05	1.180891e+04
4.784000e+03	1.842058e-01	5.960186e-05	1.505621e+04
5.501600e+03	1.677386e-01	5.212485e-05	1.916500e+04
6.326840e+03	1.532035e-01	4.550769e-05	2.434822e+04
7.275866e+03	1.404342e-01	0.000000e+00	3.086486e+04
8.367246e+03	1.292473e-01	0.000000e+00	3.902739e+04
9.622333e+03	1.194402e-01	0.000000e+00	4.920953e+04
