# Energy_MeV	dEdx_Elec_MeV_um	dEdx_Nucl_MeV_um	Range_um
1.000000e-05	1.878990e-03	1.470697e-02	1.405066e-02
1.150000e-05	2.020196e-03	1.580502e-02	1.506765e-02
1.322500e-05	2.171610e-03	1.704875e-02	1.615826e-02
1.520875e-05	2.333971e-03	1.820021e-02	1.732780e-02
1.749006e-05	2.508073e-03	1.952439e-02	1.858200e-02
2.011357e-05	2.694766e-03	2.085454e-02	1.992697e-02
2.313061e-05	2.894962e-03	2.222781e-02	2.136930e-02
2.660020e-05	3.109641e-03	2.367605e-02	2.291602e-02
3.059023e-05	3.339849e-03	2.507342e-02	2.457469e-02
3.517876e-05	3.586713e-03	2.661826e-02	2.635342e-02
4.045558e-05	3.851437e-03	2.808538e-02	2.826089e-02
4.652391e-05	4.135316e-03	2.956802e-02	3.030643e-02
5.350250e-05	4.439736e-03	3.104501e-02	3.250003e-02
6.152788e-05	4.766185e-03	3.262320e-02	3.485240e-02
7.075706e-05	5.116256e-03	3.412457e-02	3.737503e-02
8.137062e-05	5.491662e-03	3.557922e-02	4.008026e-02
9.357621e-05	5.894234e-03	3.709381e-02	4.298129e-02
1.076126e-04	6.325941e-03	3.841746e-02	4.609230e-02
1.237545e-04	6.788892e-03	3.987507e-02	4.942848e-02
1.423177e-04	7.285347e-03	4.116682e-02	5.300614e-02
1.636654e-04	7.817732e-03	4.237875e-02	5.684275e-02
1.882152e-04	8.388648e-03	4.364662e-02	6.095706e-02
2.164475e-04	9.000885e-03	4.473828e-02	6.536917e-02
2.489146e-04	9.657433e-03	4.575649e-02	7.010062e-02
2.862518e-04	1.036150e-02	4.664615e-02	7.517454e-02
3.291895e-04	1.111653e-02	4.750617e-02	8.061572e-02
3.785680e-04	1.192620e-02	4.826132e-02	8.645072e-02
4.353531e-04	1.279447e-02	4.889801e-02	9.270807e-02
5.006561e-04	1.372559e-02	4.941043e-02	9.941833e-02
5.757545e-04	1.472410e-02	4.986154e-02	1.066143e-01
6.621177e-04	1.579489e-02	5.031594e-02	1.143311e-01
7.614354e-04	1.694317e-02	5.049888e-02	1.226064e-01
8.756507e-04	1.817457e-02	5.070927e-02	1.314807e-01
1.006998e-03	1.949509e-02	5.075711e-02	1.409708e-01
1.158048e-03	2.091120e-02	5.069465e-02	1.511778e-01
1.331755e-03	2.242980e-02	5.059213e-02	1.621525e-01
1.531519e-03	2.405832e-02	5.026680e-02	1.738865e-01
1.761246e-03	2.580471e-02	4.989267e-02	1.864731e-01
2.025433e-03	2.767750e-02	4.938239e-02	1.999698e-01
2.329248e-03	2.968584e-02	4.873036e-02	2.144435e-01
2.678635e-03	3.183955e-02	4.796491e-02	2.299647e-01
3.080431e-03	3.414915e-02	4.706769e-02	2.466094e-01
3.542495e-03	3.662592e-02	4.603290e-02	2.644587e-01
4.073870e-03	3.928195e-02	4.490700e-02	2.836002e-01
4.684950e-03	4.213023e-02	4.367715e-02	3.041271e-01
5.387693e-03	4.518467e-02	4.235796e-02	3.261396e-01
6.195847e-03	4.846019e-02	4.087307e-02	3.497454e-01
7.125224e-03	5.197279e-02	3.936446e-02	3.750598e-01
8.194007e-03	5.573963e-02	3.777788e-02	4.022067e-01
9.423108e-03	5.977913e-02	3.610611e-02	4.313184e-01
1.083657e-02	6.411100e-02	3.449736e-02	4.625371e-01
1.246206e-02	6.875641e-02	3.268104e-02	4.960153e-01
1.433137e-02	7.373807e-02	3.098347e-02	5.319169e-01
1.648108e-02	7.908029e-02	2.926219e-02	5.704172e-01
1.895324e-02	8.480919e-02	2.744401e-02	6.117040e-01
2.179622e-02	9.095275e-02	2.574115e-02	6.559791e-01
2.506566e-02	9.754099e-02	2.406072e-02	7.034587e-01
2.882550e-02	1.046061e-01	2.249321e-02	7.543753e-01
3.314933e-02	1.121825e-01	2.088372e-02	8.089773e-01
3.812173e-02	1.203074e-01	1.934965e-02	8.675311e-01
4.383999e-02	1.290203e-01	1.790459e-02	9.303230e-01
5.041599e-02	1.383639e-01	1.660945e-02	9.976599e-01
5.797838e-02	1.483838e-01	1.531390e-02	1.069871e+00
6.667514e-02	1.591289e-01	1.395061e-02	1.147309e+00
7.667641e-02	1.706518e-01	1.307535e-02	1.230349e+00
8.817787e-02	1.830087e-01	1.206881e-02	1.319410e+00
1.014046e-01	1.962600e-01	1.103025e-02	1.414892e+00
1.166152e-01	2.104711e-01	1.008466e-02	1.517818e+00
1.341075e-01	2.257107e-01	9.041559e-03	1.629292e+00
1.542237e-01	2.420534e-01	8.242853e-03	1.750038e+00
1.773572e-01	2.595790e-01	7.332267e-03	1.880960e+00
2.039608e-01	2.783731e-01	6.565806e-03	2.023066e+00
2.345549e-01	2.985276e-01	5.932620e-03	2.176528e+00
2.697381e-01	3.140827e-01	5.328664e-03	2.297390e+00
3.101989e-01	3.266777e-01	4.823430e-03	2.419106e+00
3.567287e-01	3.458853e-01	4.312525e-03	2.541304e+00
4.102380e-01	3.664821e-01	3.891124e-03	2.663928e+00
4.717737e-01	3.846955e-01	3.510305e-03	2.787300e+00
5.425397e-01	4.007145e-01	3.160206e-03	2.912251e+00
6.239207e-01	4.159904e-01	2.810416e-03	3.040235e+00
7.175088e-01	4.268854e-01	2.528065e-03	3.173465e+00
8.251351e-01	4.372189e-01	2.268130e-03	3.315031e+00
9.489054e-01	4.446906e-01	2.009970e-03	3.469063e+00
1.091241e+00	4.491043e-01	1.814029e-03	3.640890e+00
1.254927e+00	4.520786e-01	1.599242e-03	3.837244e+00
1.443166e+00	4.543872e-01	1.434854e-03	4.066478e+00
1.659641e+00	4.554700e-01	1.281701e-03	4.338834e+00
1.908588e+00	4.540819e-01	1.126031e-03	4.666756e+00
2.194876e+00	4.504656e-01	1.002933e-03	5.065258e+00
2.524107e+00	4.453770e-01	8.894609e-04	5.552345e+00
2.902723e+00	4.376893e-01	7.957582e-04	6.149513e+00
3.338132e+00	4.284508e-01	7.039338e-04	6.882343e+00
3.838852e+00	4.173018e-01	6.237042e-04	7.781412e+00
4.414679e+00	4.043531e-01	5.551089e-04	8.883381e+00
5.076881e+00	3.895939e-01	4.965054e-04	1.023272e+01
5.838413e+00	3.736012e-01	4.419329e-04	1.188407e+01
6.714175e+00	3.562293e-01	3.865739e-04	1.390566e+01
7.721302e+00	3.373185e-01	3.484810e-04	1.638406e+01
8.879497e+00	3.185207e-01	3.053446e-04	1.943055e+01
1.021142e+01	2.986603e-01	2.721488e-04	2.318995e+01
1.174313e+01	2.807759e-01	2.416043e-04	2.785193e+01
1.350460e+01	2.611921e-01	2.106526e-04	3.366579e+01
1.553030e+01	2.394865e-01	1.894291e-04	4.095914e+01
1.785984e+01	2.206841e-01	1.655273e-04	5.016060e+01
2.053882e+01	2.185624e-01	1.458623e-04	6.182831e+01
2.361964e+01	1.983079e-01	1.289941e-04	7.667990e+01
2.716258e+01	1.796360e-01	1.134177e-04	9.569699e+01
3.123697e+01	1.623907e-01	1.006584e-04	1.200482e+02
3.592252e+01	1.463886e-01	8.826597e-05	1.512225e+02
4.131089e+01	1.315512e-01	7.829360e-05	1.911572e+02
4.750753e+01	1.180071e-01	6.952741e-05	2.423282e+02
5.463366e+01	1.057910e-01	6.159104e-05	3.078411e+02
6.282871e+01	9.462632e-02	5.373229e-05	3.917232e+02
7.225301e+01	8.441494e-02	4.776398e-05	4.993935e+02
8.309096e+01	7.530514e-02	4.219994e-05	6.377270e+02
9.555461e+01	6.768948e-02	0.000000e+00	8.147570e+02
1.098878e+02	6.079801e-02	0.000000e+00	1.040746e+03
1.263710e+02	5.457617e-02	0.000000e+00	1.329529e+03
1.453266e+02	4.895423e-02	0.000000e+00	1.698984e+03
1.671256e+02	4.388329e-02	0.000000e+00	2.172198e+03
1.921945e+02	3.933006e-02	0.000000e+00	2.778742e+03
2.210236e+02	3.522735e-02	0.000000e+00	3.556681e+03
2.541772e+02	3.151019e-02	0.000000e+00	4.555795e+03
2.923037e+02	2.818483e-02	0.000000e+00	5.839945e+03
3.361493e+02	2.526304e-02	0.000000e+00	7.488920e+03
3.865717e+02	2.265746e-02	0.000000e+00	9.603247e+03
4.445574e+02	2.032384e-02	0.000000e+00	1.231378e+04
5.112411e+02	1.823913e-02	0.000000e+00	1.578767e+04
5.879272e+02	1.637875e-02	0.000000e+00	2.023759e+04
6.761163e+02	1.472221e-02	0.000000e+00	2.593345e+04
7.775337e+02	1.324931e-02	0.000000e+00	3.321657e+04
8.941638e+02	1.194060e-02	0.000000e+00	4.251747e+04
1.028288e+03	1.077909e-02	0.000000e+00	5.437707e+04
1.182532e+03	9.749274e-03	0.000000e+00	6.947152e+04
1.359911e+03	8.838172e-03	0.000000e+00	8.864211e+04
1.563898e+03	8.033510e-03	0.000000e+00	1.129296e+05
1.798483e+03	7.323480e-03	0.000000e+00	1.436132e+05
2.068255e+03	6.698172e-03	0.000000e+00	1.822548e+05
2.378493e+03	6.149034e-03	0.000000e+00	2.307462e+05
2.735268e+03	5.668276e-03	0.000000e+00	2.913599e+05
3.145558e+03	5.248813e-03	0.000000e+00	3.668011e+05
3.617391e+03	4.884213e-03	0.000000e+00	4.602590e+05
4.160000e+03	4.568651e-03	0.000000e+00	5.754569e+05
4.784000e+03	4.296892e-03	0.000000e+00	7.166963e+05
5.501600e+03	4.064444e-03	0.000000e+00	8.888957e+05
6.326840e+03	3.867361e-03	0.000000e+00	1.097621e+06
7.275866e+03	3.702038e-03	0.000000e+00	1.349113e+06
8.367246e+03	3.564062e-03	0.000000e+00	1.650334e+06
9.622333e+03	3.445841e-03	0.000000e+00	2.009397e+06
