# Energy_MeV	dEdx_Elec_MeV_um	dEdx_Nucl_MeV_um	Range_um
1.000000e-05	2.442580e-03	2.669257e-02	6.030334e-03
1.150000e-05	2.636890e-03	2.913294e-02	6.466813e-03
1.322500e-05	2.845152e-03	3.171139e-02	6.934884e-03
1.520875e-05	3.068386e-03	3.456400e-02	7.436835e-03
1.749006e-05	3.307684e-03	3.751889e-02	7.975117e-03
2.011357e-05	3.564216e-03	4.074627e-02	8.552360e-03
2.313061e-05	3.839237e-03	4.407089e-02	9.171384e-03
2.660020e-05	4.134092e-03	4.781070e-02	9.835214e-03
3.059023e-05	4.450221e-03	5.166678e-02	1.054709e-02
3.517876e-05	4.789170e-03	5.577533e-02	1.131050e-02
4.045558e-05	5.152596e-03	6.023584e-02	1.212916e-02
4.652391e-05	5.542274e-03	6.461929e-02	1.300707e-02
5.350250e-05	5.960108e-03	6.960772e-02	1.394853e-02
6.152788e-05	6.408140e-03	7.460769e-02	1.495813e-02
7.075706e-05	6.888559e-03	7.989620e-02	1.604081e-02
8.137062e-05	7.403713e-03	8.561261e-02	1.720185e-02
9.357621e-05	7.956118e-03	9.128765e-02	1.844693e-02
1.076126e-04	8.548474e-03	9.727109e-02	1.978213e-02
1.237545e-04	9.183674e-03	1.032364e-01	2.121397e-02
1.423177e-04	9.864821e-03	1.094367e-01	2.274945e-02
1.636654e-04	1.059524e-02	1.158454e-01	2.439606e-02
1.882152e-04	1.137851e-02	1.222185e-01	2.616186e-02
2.164475e-04	1.221845e-02	1.284173e-01	2.805547e-02
2.489146e-04	1.311916e-02	1.347392e-01	3.008614e-02
2.862518e-04	1.408505e-02	1.414741e-01	3.226380e-02
3.291895e-04	1.512082e-02	1.474329e-01	3.459907e-02
3.785680e-04	1.623156e-02	1.541486e-01	3.710336e-02
4.353531e-04	1.742267e-02	1.597580e-01	3.978893e-02
5.006561e-04	1.869998e-02	1.656206e-01	4.266887e-02
5.757545e-04	2.006973e-02	1.716383e-01	4.575726e-02
6.621177e-04	2.153861e-02	1.765842e-01	4.906920e-02
7.614354e-04	2.311379e-02	1.821984e-01	5.262085e-02
8.756507e-04	2.480298e-02	1.867703e-01	5.642958e-02
1.006998e-03	2.661442e-02	1.913400e-01	6.051398e-02
1.158048e-03	2.855697e-02	1.954283e-01	6.489402e-02
1.331755e-03	3.064011e-02	1.989568e-01	6.959108e-02
1.531519e-03	3.287402e-02	2.024372e-01	7.462812e-02
1.761246e-03	3.526961e-02	2.050989e-01	8.002974e-02
2.025433e-03	3.783859e-02	2.076706e-01	8.579528e-02
2.329248e-03	4.059351e-02	2.095531e-01	9.201794e-02
2.678635e-03	4.354783e-02	2.114445e-01	9.869885e-02
3.080431e-03	4.671597e-02	2.126641e-01	1.058414e-01
3.542495e-03	5.011342e-02	2.135453e-01	1.135025e-01
4.073870e-03	5.375677e-02	2.141738e-01	1.217177e-01
4.684950e-03	5.766383e-02	2.139602e-01	1.305275e-01
5.387693e-03	6.185368e-02	2.136370e-01	1.399750e-01
6.195847e-03	6.634679e-02	2.126168e-01	1.501062e-01
7.125224e-03	7.116510e-02	2.111621e-01	1.609708e-01
8.194007e-03	7.633217e-02	2.093023e-01	1.726218e-01
9.423108e-03	8.187323e-02	2.067480e-01	1.851162e-01
1.083657e-02	8.781535e-02	2.037390e-01	1.985147e-01
1.246206e-02	9.418756e-02	2.001656e-01	2.128831e-01
1.433137e-02	1.010210e-01	1.960563e-01	2.282916e-01
1.648108e-02	1.083490e-01	1.914477e-01	2.448153e-01
1.895324e-02	1.162075e-01	1.863216e-01	2.625350e-01
2.179622e-02	1.246347e-01	1.809732e-01	2.815372e-01
2.506566e-02	1.336719e-01	1.750569e-01	3.019148e-01
2.882550e-02	1.433632e-01	1.685267e-01	3.237674e-01
3.314933e-02	1.537560e-01	1.621580e-01	3.472017e-01
3.812173e-02	1.649010e-01	1.548703e-01	3.723322e-01
4.383999e-02	1.768527e-01	1.482627e-01	3.992815e-01
5.041599e-02	1.896695e-01	1.409901e-01	4.281815e-01
5.797838e-02	2.034139e-01	1.333132e-01	4.591734e-01
6.667514e-02	2.181532e-01	1.264124e-01	4.924086e-01
7.667641e-02	2.339593e-01	1.184765e-01	5.280491e-01
8.817787e-02	2.509095e-01	1.115223e-01	5.662692e-01
1.014046e-01	2.690865e-01	1.042078e-01	6.072560e-01
1.166152e-01	2.885792e-01	9.723956e-02	6.512094e-01
1.341075e-01	3.094828e-01	9.071177e-02	6.983445e-01
1.542237e-01	3.318993e-01	8.387549e-02	7.488892e-01
1.773572e-01	3.559385e-01	7.801704e-02	8.030976e-01
2.039608e-01	3.817178e-01	7.199533e-02	8.612218e-01
2.345549e-01	4.093648e-01	6.671901e-02	9.239091e-01
2.697381e-01	4.390129e-01	6.106134e-02	9.918045e-01
3.101989e-01	4.708069e-01	5.649011e-02	1.065352e+00
3.567287e-01	5.049022e-01	5.238579e-02	1.145103e+00
4.102380e-01	5.414654e-01	4.809494e-02	1.231674e+00
4.717737e-01	5.806707e-01	4.434797e-02	1.298211e+00
5.425397e-01	6.181343e-01	4.003895e-02	1.348819e+00
6.239207e-01	6.577714e-01	3.602158e-02	1.398718e+00
7.175088e-01	7.190781e-01	3.228515e-02	1.447828e+00
8.251351e-01	7.872054e-01	2.872956e-02	1.496190e+00
9.489054e-01	8.600582e-01	2.596926e-02	1.544000e+00
1.091241e+00	9.360113e-01	2.336873e-02	1.591652e+00
1.254927e+00	1.018991e+00	2.112334e-02	1.639783e+00
1.443166e+00	1.099993e+00	1.900454e-02	1.689319e+00
1.659641e+00	1.184296e+00	1.706447e-02	1.741500e+00
1.908588e+00	1.266830e+00	1.531578e-02	1.797989e+00
2.194876e+00	1.334413e+00	1.383238e-02	1.860877e+00
2.524107e+00	1.401530e+00	1.242017e-02	1.932745e+00
2.902723e+00	1.470858e+00	1.104044e-02	2.016729e+00
3.338132e+00	1.536460e+00	9.988898e-03	2.116547e+00
3.838852e+00	1.593813e+00	8.779620e-03	2.236586e+00
4.414679e+00	1.640058e+00	7.953354e-03	2.381922e+00
5.076881e+00	1.684751e+00	7.083973e-03	2.558384e+00
5.838413e+00	1.716708e+00	6.273269e-03	2.772631e+00
6.714175e+00	1.745738e+00	5.653337e-03	3.032254e+00
7.721302e+00	1.771301e+00	4.940416e-03	3.345972e+00
8.879497e+00	1.784460e+00	4.432787e-03	3.723924e+00
1.021142e+01	1.793417e+00	3.919263e-03	4.178116e+00
1.174313e+01	1.790364e+00	3.484275e-03	4.723050e+00
1.350460e+01	1.779939e+00	3.107296e-03	5.376560e+00
1.553030e+01	1.762412e+00	2.736975e-03	6.160883e+00
1.785984e+01	1.733034e+00	2.455502e-03	7.104013e+00
2.053882e+01	1.697159e+00	2.174473e-03	8.241426e+00
2.361964e+01	1.652304e+00	1.949849e-03	9.618242e+00
2.716258e+01	1.601254e+00	1.716209e-03	1.129196e+01
3.123697e+01	1.542881e+00	1.531919e-03	1.333604e+01
3.592252e+01	1.479411e+00	1.354475e-03	1.584424e+01
4.131089e+01	1.559119e+00	1.191128e-03	1.893602e+01
4.750753e+01	1.443786e+00	1.067384e-03	2.276396e+01
5.463366e+01	1.337218e+00	9.348179e-04	2.753934e+01
6.282871e+01	1.234797e+00	8.334624e-04	3.350441e+01
7.225301e+01	1.136343e+00	7.345742e-04	4.097534e+01
8.309096e+01	1.041537e+00	6.428786e-04	5.036915e+01
9.555461e+01	9.517915e-01	5.679363e-04	6.222436e+01
1.098878e+02	8.677203e-01	5.002860e-04	7.722192e+01
1.263710e+02	7.878046e-01	4.435968e-04	9.625849e+01
1.453266e+02	7.124796e-01	3.913806e-04	1.205520e+02
1.671256e+02	6.433962e-01	3.453764e-04	1.516372e+02
1.921945e+02	5.839563e-01	3.042219e-04	1.913017e+02
2.210236e+02	5.288169e-01	2.709299e-04	2.418640e+02
2.541772e+02	4.778159e-01	2.391495e-04	3.064510e+02
2.923037e+02	4.308375e-01	2.094324e-04	3.891004e+02
3.361493e+02	3.877947e-01	1.868817e-04	4.950263e+02
3.865717e+02	3.486636e-01	1.610029e-04	6.309034e+02
4.445574e+02	3.130167e-01	1.445105e-04	8.053314e+02
5.112411e+02	2.805088e-01	1.266957e-04	1.029555e+03
5.879272e+02	2.512720e-01	1.108222e-04	1.317960e+03
6.761163e+02	2.255259e-01	9.860213e-05	1.688497e+03
7.775337e+02	2.024349e-01	8.468616e-05	2.163825e+03
8.941638e+02	1.816758e-01	7.512697e-05	2.773442e+03
1.028288e+03	1.631060e-01	6.544372e-05	3.554956e+03
1.182532e+03	1.465277e-01	5.749764e-05	4.556219e+03
1.359911e+03	1.317438e-01	5.059171e-05	5.837939e+03
1.563898e+03	1.185829e-01	4.391181e-05	7.476857e+03
1.798483e+03	1.068938e-01	0.000000e+00	9.569755e+03
2.068255e+03	9.652031e-02	0.000000e+00	1.223820e+04
2.378493e+03	8.731861e-02	0.000000e+00	1.563410e+04
2.735268e+03	7.918052e-02	0.000000e+00	1.994640e+04
3.145558e+03	7.199713e-02	0.000000e+00	2.540876e+04
3.617391e+03	6.565815e-02	0.000000e+00	3.230829e+04
4.160000e+03	6.007810e-02	0.000000e+00	4.099531e+04
4.784000e+03	5.518292e-02	0.000000e+00	5.189396e+04
5.501600e+03	5.089489e-02	0.000000e+00	6.551340e+04
6.326840e+03	4.714768e-02	0.000000e+00	8.245938e+04
7.275866e+03	4.389093e-02	0.000000e+00	1.034456e+05
8.367246e+03	4.107372e-02	0.000000e+00	1.293047e+05
9.622333e+03	3.864657e-02	0.000000e+00	1.609979e+05
