# Energy_MeV	dEdx_Elec_MeV_um	dEdx_Nucl_MeV_um	Range_um
1.000000e-05	2.225802e-03	3.231177e-02	5.357072e-03
1.150000e-05	2.405324e-03	3.540242e-02	5.744820e-03
1.322500e-05	2.597704e-03	3.884936e-02	6.160633e-03
1.520875e-05	2.803885e-03	4.260112e-02	6.606543e-03
1.749006e-05	3.024876e-03	4.667511e-02	7.084728e-03
2.011357e-05	3.261760e-03	5.110690e-02	7.597524e-03
2.313061e-05	3.515695e-03	5.585516e-02	8.147437e-03
2.660020e-05	3.787922e-03	6.097455e-02	8.737153e-03
3.059023e-05	4.079773e-03	6.650153e-02	9.369552e-03
3.517876e-05	4.392675e-03	7.236442e-02	1.004773e-02
4.045558e-05	4.728157e-03	7.873338e-02	1.077499e-02
4.652391e-05	5.087859e-03	8.557216e-02	1.155488e-02
5.350250e-05	5.473538e-03	9.264815e-02	1.239123e-02
6.152788e-05	5.887079e-03	1.003761e-01	1.328812e-02
7.075706e-05	6.330504e-03	1.086633e-01	1.424992e-02
8.137062e-05	6.805978e-03	1.173119e-01	1.528133e-02
9.357621e-05	7.315825e-03	1.269491e-01	1.638741e-02
1.076126e-04	7.862536e-03	1.362778e-01	1.757353e-02
1.237545e-04	8.448781e-03	1.466132e-01	1.884552e-02
1.423177e-04	9.077426e-03	1.575098e-01	2.020957e-02
1.636654e-04	9.751542e-03	1.686369e-01	2.167234e-02
1.882152e-04	1.047442e-02	1.809861e-01	2.324100e-02
2.164475e-04	1.124960e-02	1.929371e-01	2.492320e-02
2.489146e-04	1.208085e-02	2.060284e-01	2.672715e-02
2.862518e-04	1.297226e-02	2.190082e-01	2.866168e-02
3.291895e-04	1.392816e-02	2.320265e-01	3.073622e-02
3.785680e-04	1.495323e-02	2.460598e-01	3.296093e-02
4.353531e-04	1.605247e-02	2.595028e-01	3.534666e-02
5.006561e-04	1.723126e-02	2.738216e-01	3.790507e-02
5.757545e-04	1.849536e-02	2.868957e-01	4.064865e-02
6.621177e-04	1.985094e-02	3.008594e-01	4.359083e-02
7.614354e-04	2.130462e-02	3.148819e-01	4.674595e-02
8.756507e-04	2.286351e-02	3.288012e-01	5.012945e-02
1.006998e-03	2.453522e-02	3.423296e-01	5.375784e-02
1.158048e-03	2.632792e-02	3.545038e-01	5.764887e-02
1.331755e-03	2.825036e-02	3.670430e-01	6.182152e-02
1.531519e-03	3.031194e-02	3.790879e-01	6.629620e-02
1.761246e-03	3.252273e-02	3.907643e-01	7.109475e-02
2.025433e-03	3.489353e-02	4.016725e-01	7.624063e-02
2.329248e-03	3.743592e-02	4.116549e-01	8.175896e-02
2.678635e-03	4.016233e-02	4.207239e-01	8.767672e-02
3.080431e-03	4.308606e-02	4.291370e-01	9.402281e-02
3.542495e-03	4.622141e-02	4.363572e-01	1.008282e-01
4.073870e-03	4.958370e-02	4.429994e-01	1.080791e-01
4.684950e-03	5.318934e-02	4.489590e-01	1.159489e-01
5.387693e-03	5.705596e-02	4.534331e-01	1.243476e-01
6.195847e-03	6.120244e-02	4.574880e-01	1.333486e-01
7.125224e-03	6.564903e-02	4.607698e-01	1.429999e-01
8.194007e-03	7.041748e-02	4.629131e-01	1.533502e-01
9.423108e-03	7.553106e-02	4.648700e-01	1.644495e-01
1.083657e-02	8.101476e-02	4.647514e-01	1.763522e-01
1.246206e-02	8.689537e-02	4.642254e-01	1.891165e-01
1.433137e-02	9.320161e-02	4.626395e-01	2.028046e-01
1.648108e-02	9.996431e-02	4.598215e-01	2.174835e-01
1.895324e-02	1.072165e-01	4.562993e-01	2.332248e-01
2.179622e-02	1.149936e-01	4.511631e-01	2.501055e-01
2.506566e-02	1.233336e-01	4.451099e-01	2.682081e-01
2.882550e-02	1.322772e-01	4.377619e-01	2.876210e-01
3.314933e-02	1.418682e-01	4.293554e-01	3.084388e-01
3.812173e-02	1.521534e-01	4.196722e-01	3.307635e-01
4.383999e-02	1.631831e-01	4.090974e-01	3.547043e-01
5.041599e-02	1.750111e-01	3.974215e-01	3.803778e-01
5.797838e-02	1.876951e-01	3.852530e-01	4.079094e-01
6.667514e-02	2.012973e-01	3.718119e-01	4.374338e-01
7.667641e-02	2.158840e-01	3.575690e-01	4.690953e-01
8.817787e-02	2.315265e-01	3.425416e-01	5.030486e-01
1.014046e-01	2.483012e-01	3.272979e-01	5.394593e-01
1.166152e-01	2.662901e-01	3.122641e-01	5.785053e-01
1.341075e-01	2.855810e-01	2.963489e-01	6.203775e-01
1.542237e-01	3.062681e-01	2.803200e-01	6.652807e-01
1.773572e-01	3.284527e-01	2.638939e-01	7.134340e-01
2.039608e-01	3.522429e-01	2.479092e-01	7.650725e-01
2.345549e-01	3.777552e-01	2.320723e-01	8.204483e-01
2.697381e-01	4.051140e-01	2.169626e-01	8.798326e-01
3.101989e-01	4.344530e-01	2.020961e-01	9.435174e-01
3.567287e-01	4.659156e-01	1.879728e-01	1.011796e+00
4.102380e-01	4.996567e-01	1.742881e-01	1.085126e+00
4.717737e-01	5.358408e-01	1.606894e-01	1.164427e+00
5.425397e-01	5.746440e-01	1.490393e-01	1.250308e+00
6.239207e-01	6.162558e-01	1.371673e-01	1.343385e+00
7.175088e-01	6.608795e-01	1.256907e-01	1.444349e+00
8.251351e-01	7.087331e-01	1.166810e-01	1.554005e+00
9.489054e-01	7.595575e-01	1.074800e-01	1.673279e+00
1.091241e+00	8.046356e-01	9.981680e-02	1.803265e+00
1.254927e+00	8.643051e-01	9.100410e-02	1.859563e+00
1.443166e+00	9.456881e-01	8.086949e-02	1.897521e+00
1.659641e+00	1.034490e+00	7.285858e-02	1.933427e+00
1.908588e+00	1.134002e+00	6.456332e-02	1.967724e+00
2.194876e+00	1.240008e+00	5.868900e-02	2.001251e+00
2.524107e+00	1.357140e+00	5.262973e-02	2.035002e+00
2.902723e+00	1.485715e+00	4.741255e-02	2.070292e+00
3.338132e+00	1.619658e+00	4.294329e-02	2.108773e+00
3.838852e+00	1.763949e+00	3.839453e-02	2.152482e+00
4.414679e+00	1.895144e+00	3.470397e-02	2.203869e+00
5.076881e+00	2.039005e+00	3.102559e-02	2.265840e+00
5.838413e+00	2.197319e+00	2.808182e-02	2.341786e+00
6.714175e+00	2.333363e+00	2.518022e-02	2.435559e+00
7.721302e+00	2.471916e+00	2.252267e-02	2.551616e+00
8.879497e+00	2.591911e+00	1.999686e-02	2.694896e+00
1.021142e+01	2.703339e+00	1.786566e-02	2.870903e+00
1.174313e+01	2.810153e+00	1.604880e-02	3.085729e+00
1.350460e+01	2.902528e+00	1.431790e-02	3.346136e+00
1.553030e+01	2.995055e+00	1.276367e-02	3.659720e+00
1.785984e+01	3.070588e+00	1.127373e-02	4.035172e+00
2.053882e+01	3.132258e+00	1.002332e-02	4.482686e+00
2.361964e+01	3.187311e+00	8.876709e-03	5.014515e+00
2.716258e+01	3.216173e+00	7.904999e-03	5.645658e+00
3.123697e+01	3.237484e+00	7.018390e-03	6.394741e+00
3.592252e+01	3.238111e+00	6.243017e-03	7.285062e+00
4.131089e+01	3.216349e+00	5.558683e-03	8.345898e+00
4.750753e+01	3.180216e+00	4.903357e-03	9.614119e+00
5.463366e+01	3.134471e+00	4.402910e-03	1.113622e+01
6.282871e+01	3.076116e+00	3.908994e-03	1.297081e+01
7.225301e+01	2.999482e+00	3.454326e-03	1.519257e+01
8.309096e+01	3.362747e+00	3.078037e-03	1.789283e+01
9.555461e+01	3.159608e+00	2.681389e-03	2.119635e+01
1.098878e+02	2.964884e+00	2.413053e-03	2.526254e+01
1.263710e+02	2.770718e+00	2.131916e-03	3.026977e+01
1.453266e+02	2.579834e+00	1.877959e-03	3.646312e+01
1.671256e+02	2.392749e+00	1.671096e-03	4.415982e+01
1.921945e+02	2.213199e+00	1.452742e-03	5.376181e+01
2.210236e+02	2.041250e+00	1.294527e-03	6.578030e+01
2.541772e+02	1.872817e+00	1.134400e-03	8.090534e+01
2.923037e+02	1.713562e+00	1.000998e-03	1.000574e+02
3.361493e+02	1.570054e+00	8.905856e-04	1.243339e+02
3.865717e+02	1.440361e+00	7.800898e-04	1.550313e+02
4.445574e+02	1.317540e+00	6.941638e-04	1.939269e+02
5.112411e+02	1.201502e+00	6.102765e-04	2.433664e+02
5.879272e+02	1.092699e+00	5.439207e-04	3.063840e+02
6.761163e+02	9.913153e-01	4.803266e-04	3.868922e+02
7.775337e+02	8.975650e-01	4.233606e-04	4.899109e+02
8.941638e+02	8.103124e-01	3.690938e-04	6.219754e+02
1.028288e+03	7.301158e-01	3.258472e-04	7.916105e+02
1.182532e+03	6.574332e-01	2.885651e-04	1.009603e+03
1.359911e+03	5.924051e-01	2.540648e-04	1.289400e+03
1.563898e+03	5.332261e-01	2.236045e-04	1.648279e+03
1.798483e+03	4.797514e-01	1.941948e-04	2.108639e+03
2.068255e+03	4.317410e-01	1.706865e-04	2.698910e+03
2.378493e+03	3.886298e-01	1.487627e-04	3.455255e+03
2.735268e+03	3.499167e-01	1.309330e-04	4.423460e+03
3.145558e+03	3.153820e-01	1.147840e-04	5.661313e+03
3.617391e+03	2.847058e-01	1.006243e-04	7.241575e+03
4.160000e+03	2.574036e-01	8.857244e-05	9.255398e+03
4.784000e+03	2.331501e-01	7.687094e-05	1.181645e+04
5.501600e+03	2.117241e-01	6.837278e-05	1.506579e+04
6.326840e+03	1.928034e-01	5.991477e-05	1.917736e+04
7.275866e+03	1.760968e-01	5.214904e-05	2.436436e+04
8.367246e+03	1.614195e-01	4.587614e-05	3.088606e+04
9.622333e+03	1.485625e-01	0.000000e+00	3.905532e+04
