# Energy_MeV	dEdx_Elec_MeV_um	dEdx_Nucl_MeV_um	Range_um
1.000000e-05	2.789577e-03	2.056260e-02	5.941703e-03
1.150000e-05	3.011848e-03	2.233010e-02	6.371767e-03
1.322500e-05	3.250075e-03	2.418799e-02	6.832958e-03
1.520875e-05	3.505424e-03	2.619007e-02	7.327532e-03
1.749006e-05	3.779145e-03	2.844218e-02	7.857902e-03
2.011357e-05	4.072576e-03	3.064504e-02	8.426661e-03
2.313061e-05	4.387152e-03	3.313214e-02	9.036587e-03
2.660020e-05	4.724411e-03	3.564397e-02	9.690660e-03
3.059023e-05	5.086002e-03	3.829603e-02	1.039208e-02
3.517876e-05	5.473692e-03	4.129208e-02	1.114426e-02
4.045558e-05	5.889376e-03	4.411693e-02	1.195089e-02
4.652391e-05	6.335085e-03	4.731553e-02	1.281590e-02
5.350250e-05	6.812998e-03	5.056015e-02	1.374352e-02
6.152788e-05	7.325449e-03	5.391324e-02	1.473828e-02
7.075706e-05	7.874943e-03	5.742338e-02	1.580505e-02
8.137062e-05	8.464163e-03	6.082807e-02	1.694903e-02
9.357621e-05	9.095990e-03	6.455146e-02	1.817581e-02
1.076126e-04	9.773509e-03	6.814439e-02	1.949138e-02
1.237545e-04	1.050003e-02	7.180203e-02	2.090218e-02
1.423177e-04	1.127911e-02	7.536464e-02	2.241509e-02
1.636654e-04	1.211454e-02	7.918001e-02	2.403750e-02
1.882152e-04	1.301041e-02	8.288055e-02	2.577735e-02
2.164475e-04	1.397111e-02	8.639942e-02	2.764313e-02
2.489146e-04	1.500131e-02	9.016084e-02	2.964395e-02
2.862518e-04	1.610605e-02	9.334437e-02	3.178960e-02
3.291895e-04	1.729074e-02	9.687228e-02	3.409054e-02
3.785680e-04	1.856115e-02	1.000682e-01	3.655804e-02
4.353531e-04	1.992350e-02	1.030027e-01	3.920413e-02
5.006561e-04	2.138444e-02	1.061442e-01	4.204174e-02
5.757545e-04	2.295110e-02	1.087635e-01	4.508475e-02
6.621177e-04	2.463115e-02	1.112839e-01	4.834800e-02
7.614354e-04	2.643279e-02	1.134748e-01	5.184746e-02
8.756507e-04	2.836481e-02	1.155491e-01	5.560020e-02
1.006998e-03	3.043667e-02	1.174344e-01	5.962458e-02
1.158048e-03	3.265847e-02	1.189652e-01	6.394023e-02
1.331755e-03	3.504108e-02	1.202668e-01	6.856411e-02
1.531519e-03	3.759614e-02	1.213500e-01	7.353375e-02
1.761246e-03	4.033612e-02	1.224468e-01	7.885471e-02
2.025433e-03	4.327442e-02	1.229401e-01	8.456301e-02
2.329248e-03	4.642538e-02	1.234552e-01	9.068338e-02
2.678635e-03	4.980441e-02	1.236063e-01	9.724696e-02
3.080431e-03	5.342800e-02	1.234616e-01	1.042856e-01
3.542495e-03	5.731386e-02	1.232259e-01	1.118338e-01
4.073870e-03	6.148098e-02	1.224606e-01	1.199282e-01
4.684950e-03	6.594972e-02	1.215636e-01	1.286085e-01
5.387693e-03	7.074189e-02	1.203435e-01	1.379171e-01
6.195847e-03	7.588093e-02	1.187769e-01	1.478995e-01
7.125224e-03	8.139192e-02	1.169283e-01	1.586045e-01
8.194007e-03	8.730180e-02	1.147657e-01	1.700842e-01
9.423108e-03	9.363943e-02	1.122649e-01	1.823948e-01
1.083657e-02	1.004358e-01	1.095392e-01	1.955965e-01
1.246206e-02	1.077241e-01	1.065368e-01	2.097538e-01
1.433137e-02	1.155399e-01	1.033547e-01	2.249357e-01
1.648108e-02	1.239214e-01	9.977028e-02	2.412165e-01
1.895324e-02	1.329095e-01	9.607726e-02	2.586757e-01
2.179622e-02	1.425483e-01	9.224473e-02	2.773987e-01
2.506566e-02	1.528846e-01	8.812213e-02	2.974769e-01
2.882550e-02	1.639692e-01	8.424700e-02	3.190083e-01
3.314933e-02	1.758560e-01	7.985645e-02	3.420981e-01
3.812173e-02	1.886032e-01	7.567988e-02	3.668591e-01
4.383999e-02	2.022731e-01	7.151760e-02	3.934126e-01
5.041599e-02	2.169324e-01	6.703828e-02	4.218879e-01
5.797838e-02	2.326527e-01	6.294514e-02	4.524242e-01
6.667514e-02	2.495109e-01	5.881373e-02	4.851706e-01
7.667641e-02	2.675892e-01	5.496955e-02	5.202875e-01
8.817787e-02	2.869761e-01	5.108789e-02	5.579456e-01
1.014046e-01	3.077663e-01	4.729722e-02	5.983334e-01
1.166152e-01	3.300612e-01	4.381974e-02	6.416269e-01
1.341075e-01	3.539717e-01	4.058917e-02	6.881940e-01
1.542237e-01	3.796133e-01	3.747113e-02	7.386033e-01
1.773572e-01	4.071108e-01	3.411694e-02	7.931936e-01
2.039608e-01	4.365987e-01	3.194033e-02	8.523714e-01
2.345549e-01	4.682209e-01	2.949465e-02	9.165810e-01
2.697381e-01	5.021262e-01	2.700994e-02	9.629215e-01
3.101989e-01	5.362215e-01	2.473086e-02	1.006249e+00
3.567287e-01	5.680253e-01	2.210991e-02	1.049451e+00
4.102380e-01	6.127845e-01	2.016952e-02	1.092405e+00
4.717737e-01	6.694439e-01	1.793926e-02	1.135071e+00
5.425397e-01	7.261668e-01	1.607865e-02	1.177527e+00
6.239207e-01	7.871470e-01	1.451470e-02	1.219998e+00
7.175088e-01	8.485653e-01	1.303127e-02	1.262876e+00
8.251351e-01	9.087546e-01	1.180481e-02	1.306816e+00
9.489054e-01	9.720964e-01	1.055165e-02	1.352727e+00
1.091241e+00	1.024867e+00	9.531788e-03	1.401834e+00
1.254927e+00	1.075007e+00	8.580627e-03	1.455736e+00
1.443166e+00	1.115239e+00	7.737102e-03	1.516437e+00
1.659641e+00	1.157125e+00	6.889587e-03	1.586426e+00
1.908588e+00	1.201642e+00	6.187558e-03	1.668705e+00
2.194876e+00	1.232879e+00	5.557395e-03	1.766850e+00
2.524107e+00	1.261645e+00	4.910733e-03	1.885077e+00
2.902723e+00	1.285445e+00	4.441721e-03	2.028296e+00
3.338132e+00	1.301018e+00	3.920929e-03	2.202191e+00
3.838852e+00	1.314399e+00	3.512356e-03	2.413332e+00
4.414679e+00	1.321379e+00	3.141004e-03	2.669327e+00
5.076881e+00	1.323646e+00	2.753800e-03	2.979081e+00
5.838413e+00	1.320348e+00	2.459540e-03	3.353169e+00
6.714175e+00	1.308318e+00	2.178050e-03	3.804375e+00
7.721302e+00	1.291823e+00	1.947404e-03	4.348418e+00
8.879497e+00	1.267931e+00	1.726040e-03	5.004912e+00
1.021142e+01	1.238455e+00	1.526271e-03	5.798607e+00
1.174313e+01	1.202936e+00	1.360835e-03	6.760964e+00
1.350460e+01	1.163488e+00	1.214141e-03	7.932174e+00
1.553030e+01	1.118745e+00	1.083100e-03	9.363729e+00
1.785984e+01	1.068692e+00	9.460131e-04	1.112174e+01
2.053882e+01	1.015667e+00	8.536306e-04	1.329092e+01
2.361964e+01	9.575814e-01	7.473907e-04	1.598080e+01
2.716258e+01	9.644098e-01	6.662189e-04	1.932822e+01
3.123697e+01	8.882688e-01	5.921391e-04	2.352298e+01
3.592252e+01	8.164498e-01	5.155453e-04	2.879839e+01
4.131089e+01	7.480136e-01	4.640707e-04	3.543775e+01
4.750753e+01	6.826549e-01	4.048750e-04	4.382232e+01
5.463366e+01	6.210773e-01	3.575609e-04	5.444641e+01
6.282871e+01	5.638144e-01	3.157844e-04	6.793685e+01
7.225301e+01	5.103681e-01	2.775004e-04	8.510285e+01
8.309096e+01	4.597628e-01	2.464988e-04	1.070385e+02
9.555461e+01	4.133723e-01	2.159506e-04	1.351744e+02
1.098878e+02	3.732119e-01	1.919484e-04	1.712036e+02
1.263710e+02	3.370143e-01	1.699985e-04	2.172010e+02
1.453266e+02	3.037734e-01	1.508895e-04	2.759906e+02
1.671256e+02	2.733331e-01	1.318394e-04	3.512423e+02
1.921945e+02	2.455961e-01	1.169642e-04	4.476923e+02
2.210236e+02	2.204601e-01	1.034682e-04	5.714150e+02
2.541772e+02	1.977776e-01	8.984497e-05	7.301959e+02
2.923037e+02	1.770535e-01	8.039225e-05	9.341804e+02
3.361493e+02	1.584507e-01	6.973131e-05	1.196494e+03
3.865717e+02	1.419762e-01	6.184546e-05	1.533626e+03
4.445574e+02	1.273742e-01	5.453260e-05	1.966175e+03
5.112411e+02	1.142625e-01	4.700493e-05	2.520799e+03
5.879272e+02	1.025343e-01	0.000000e+00	3.231826e+03
6.761163e+02	9.206792e-02	0.000000e+00	4.142856e+03
7.775337e+02	8.273865e-02	0.000000e+00	5.309318e+03
8.941638e+02	7.443506e-02	0.000000e+00	6.801370e+03
1.028288e+03	6.705694e-02	0.000000e+00	8.707563e+03
1.182532e+03	6.050846e-02	0.000000e+00	1.113933e+04
1.359911e+03	5.469823e-02	0.000000e+00	1.423613e+04
1.563898e+03	4.955386e-02	0.000000e+00	1.817176e+04
1.798483e+03	4.501066e-02	0.000000e+00	2.316160e+04
2.068255e+03	4.100047e-02	0.000000e+00	2.947089e+04
2.378493e+03	3.746585e-02	0.000000e+00	3.742413e+04
2.735268e+03	3.436050e-02	0.000000e+00	4.741526e+04
3.145558e+03	3.163941e-02	0.000000e+00	5.991870e+04
3.617391e+03	2.926061e-02	0.000000e+00	7.550075e+04
4.160000e+03	2.718978e-02	0.000000e+00	9.483094e+04
4.784000e+03	2.539574e-02	0.000000e+00	1.186931e+05
5.501600e+03	2.384782e-02	0.000000e+00	1.479955e+05
6.326840e+03	2.252040e-02	0.000000e+00	1.837799e+05
7.275866e+03	2.139233e-02	0.000000e+00	2.272285e+05
8.367246e+03	2.044310e-02	0.000000e+00	2.796719e+05
9.622333e+03	1.965377e-02	0.000000e+00	3.425879e+05
