# Energy_MeV	dEdx_Elec_MeV_um	dEdx_Nucl_MeV_um	Range_um
1.000000e-05	2.419257e-03	2.904209e-02	5.519368e-03
1.150000e-05	2.613665e-03	3.176369e-02	5.918862e-03
1.322500e-05	2.822008e-03	3.474185e-02	6.347273e-03
1.520875e-05	3.045306e-03	3.790073e-02	6.806692e-03
1.749006e-05	3.284652e-03	4.128656e-02	7.299364e-03
2.011357e-05	3.541217e-03	4.497022e-02	7.827696e-03
2.313061e-05	3.816257e-03	4.886725e-02	8.394268e-03
2.660020e-05	4.111115e-03	5.313308e-02	9.001850e-03
3.059023e-05	4.427234e-03	5.744350e-02	9.653409e-03
3.517876e-05	4.766159e-03	6.229357e-02	1.035213e-02
4.045558e-05	5.129547e-03	6.741198e-02	1.110142e-02
4.652391e-05	5.519173e-03	7.271280e-02	1.190495e-02
5.350250e-05	5.936942e-03	7.868785e-02	1.276663e-02
6.152788e-05	6.384895e-03	8.434459e-02	1.369069e-02
7.075706e-05	6.865221e-03	9.083068e-02	1.468163e-02
8.137062e-05	7.380267e-03	9.749738e-02	1.574429e-02
9.357621e-05	7.932549e-03	1.043230e-01	1.688387e-02
1.076126e-04	8.524765e-03	1.119577e-01	1.810594e-02
1.237545e-04	9.159810e-03	1.192788e-01	1.941645e-02
1.423177e-04	9.840786e-03	1.272313e-01	2.082183e-02
1.636654e-04	1.057102e-02	1.351458e-01	2.232892e-02
1.882152e-04	1.135408e-02	1.432000e-01	2.394510e-02
2.164475e-04	1.219379e-02	1.518021e-01	2.567826e-02
2.489146e-04	1.309425e-02	1.600275e-01	2.753686e-02
2.862518e-04	1.405986e-02	1.684689e-01	2.953000e-02
3.291895e-04	1.509535e-02	1.766352e-01	3.166739e-02
3.785680e-04	1.620576e-02	1.854180e-01	3.395950e-02
4.353531e-04	1.739653e-02	1.935535e-01	3.641750e-02
5.006561e-04	1.867347e-02	2.022339e-01	3.905342e-02
5.757545e-04	2.004281e-02	2.100557e-01	4.188013e-02
6.621177e-04	2.151126e-02	2.176377e-01	4.491143e-02
7.614354e-04	2.308598e-02	2.255246e-01	4.816215e-02
8.756507e-04	2.477466e-02	2.323790e-01	5.164815e-02
1.006998e-03	2.658556e-02	2.396429e-01	5.538647e-02
1.158048e-03	2.852752e-02	2.460070e-01	5.939537e-02
1.331755e-03	3.061003e-02	2.521597e-01	6.369444e-02
1.531519e-03	3.284327e-02	2.575398e-01	6.830468e-02
1.761246e-03	3.523814e-02	2.624234e-01	7.324861e-02
2.025433e-03	3.780634e-02	2.669233e-01	7.855038e-02
2.329248e-03	4.056042e-02	2.706968e-01	8.423590e-02
2.678635e-03	4.351384e-02	2.742814e-01	9.033268e-02
3.080431e-03	4.668102e-02	2.768021e-01	9.687469e-02
3.542495e-03	5.007744e-02	2.793255e-01	1.038845e-01
4.073870e-03	5.371968e-02	2.811583e-01	1.114046e-01
4.684950e-03	5.762554e-02	2.823109e-01	1.194677e-01
5.387693e-03	6.181411e-02	2.833969e-01	1.281147e-01
6.195847e-03	6.630585e-02	2.831347e-01	1.373876e-01
7.125224e-03	7.112269e-02	2.827830e-01	1.473316e-01
8.194007e-03	7.628818e-02	2.816220e-01	1.579953e-01
9.423108e-03	8.182754e-02	2.797591e-01	1.694309e-01
1.083657e-02	8.776784e-02	2.774772e-01	1.816942e-01
1.246206e-02	9.413810e-02	2.741922e-01	1.948452e-01
1.433137e-02	1.009694e-01	2.703530e-01	2.089481e-01
1.648108e-02	1.082952e-01	2.657398e-01	2.240716e-01
1.895324e-02	1.161513e-01	2.604517e-01	2.402898e-01
2.179622e-02	1.245759e-01	2.544341e-01	2.576820e-01
2.506566e-02	1.336104e-01	2.478277e-01	2.763330e-01
2.882550e-02	1.432987e-01	2.407416e-01	2.963340e-01
3.314933e-02	1.536883e-01	2.331111e-01	3.177825e-01
3.812173e-02	1.648299e-01	2.246509e-01	3.407836e-01
4.383999e-02	1.767779e-01	2.161437e-01	3.654496e-01
5.041599e-02	1.895908e-01	2.067375e-01	3.919009e-01
5.797838e-02	2.033310e-01	1.977398e-01	4.202667e-01
6.667514e-02	2.180658e-01	1.883465e-01	4.506855e-01
7.667641e-02	2.338670e-01	1.783290e-01	4.833062e-01
8.817787e-02	2.508120e-01	1.689702e-01	5.182881e-01
1.014046e-01	2.689834e-01	1.587165e-01	5.558019e-01
1.166152e-01	2.884702e-01	1.492329e-01	5.960309e-01
1.341075e-01	3.093673e-01	1.394850e-01	6.391716e-01
1.542237e-01	3.317770e-01	1.303112e-01	6.854352e-01
1.773572e-01	3.558088e-01	1.215167e-01	7.350464e-01
2.039608e-01	3.815799e-01	1.126884e-01	7.882543e-01
2.345549e-01	4.092164e-01	1.046545e-01	8.452895e-01
2.697381e-01	4.388551e-01	9.645060e-02	9.066617e-01
3.101989e-01	4.706394e-01	8.951587e-02	9.731072e-01
3.567287e-01	5.047242e-01	8.208622e-02	1.045065e+00
4.102380e-01	5.412762e-01	7.556342e-02	1.123074e+00
4.717737e-01	5.804737e-01	7.023464e-02	1.207721e+00
5.425397e-01	6.225086e-01	6.449765e-02	1.299692e+00
6.239207e-01	6.649488e-01	5.967268e-02	1.366524e+00
7.175088e-01	7.068785e-01	5.412397e-02	1.411178e+00
8.251351e-01	7.672303e-01	4.842077e-02	1.454604e+00
9.489054e-01	8.423877e-01	4.357291e-02	1.496867e+00
1.091241e+00	9.215552e-01	3.860936e-02	1.538158e+00
1.254927e+00	1.008668e+00	3.504050e-02	1.578847e+00
1.443166e+00	1.102241e+00	3.147053e-02	1.619516e+00
1.659641e+00	1.200090e+00	2.842349e-02	1.661002e+00
1.908588e+00	1.306979e+00	2.564046e-02	1.704441e+00
2.194876e+00	1.409440e+00	2.295519e-02	1.751310e+00
2.524107e+00	1.509139e+00	2.069380e-02	1.803455e+00
2.902723e+00	1.599845e+00	1.859823e-02	1.863160e+00
3.338132e+00	1.695338e+00	1.676988e-02	1.933186e+00
3.838852e+00	1.796762e+00	1.494377e-02	2.016791e+00
4.414679e+00	1.877736e+00	1.346765e-02	2.117779e+00
5.076881e+00	1.954495e+00	1.190113e-02	2.240529e+00
5.838413e+00	2.025690e+00	1.070321e-02	2.390037e+00
6.714175e+00	2.080884e+00	9.576822e-03	2.571950e+00
7.721302e+00	2.135362e+00	8.486805e-03	2.792638e+00
8.879497e+00	2.180799e+00	7.627579e-03	3.059310e+00
1.021142e+01	2.218326e+00	6.703895e-03	3.380237e+00
1.174313e+01	2.249331e+00	5.982975e-03	3.765073e+00
1.350460e+01	2.262375e+00	5.289874e-03	4.225340e+00
1.553030e+01	2.270224e+00	4.703862e-03	4.775059e+00
1.785984e+01	2.264839e+00	4.191444e-03	5.431582e+00
2.053882e+01	2.248152e+00	3.708426e-03	6.216616e+00
2.361964e+01	2.222156e+00	3.316169e-03	7.157513e+00
2.716258e+01	2.179725e+00	2.929144e-03	8.288874e+00
3.123697e+01	2.130435e+00	2.630969e-03	9.654583e+00
3.592252e+01	2.073403e+00	2.322261e-03	1.131042e+01
4.131089e+01	2.006990e+00	2.063840e-03	1.332715e+01
4.750753e+01	1.930433e+00	1.833891e-03	1.579551e+01
5.463366e+01	2.051707e+00	1.601730e-03	1.882764e+01
6.282871e+01	1.911596e+00	1.441363e-03	2.258089e+01
7.225301e+01	1.776075e+00	1.265691e-03	2.724340e+01
8.309096e+01	1.644456e+00	1.123312e-03	3.304378e+01
9.555461e+01	1.516267e+00	9.951544e-04	4.029079e+01
1.098878e+02	1.393477e+00	8.666695e-04	4.938438e+01
1.263710e+02	1.277415e+00	7.697152e-04	6.082975e+01
1.453266e+02	1.166866e+00	6.760376e-04	7.528134e+01
1.671256e+02	1.060905e+00	5.987394e-04	9.362906e+01
1.921945e+02	9.621019e-01	5.299427e-04	1.170307e+02
2.210236e+02	8.758991e-01	4.657833e-04	1.468440e+02
2.541772e+02	7.968206e-01	4.125374e-04	1.847484e+02
2.923037e+02	7.229815e-01	3.650891e-04	2.330445e+02
3.361493e+02	6.543216e-01	3.239244e-04	2.947240e+02
3.865717e+02	5.909070e-01	2.838709e-04	3.736559e+02
4.445574e+02	5.327373e-01	2.526006e-04	4.748078e+02
5.112411e+02	4.796362e-01	2.189885e-04	6.045594e+02
5.879272e+02	4.306809e-01	1.948660e-04	7.712405e+02
6.761163e+02	3.863975e-01	1.717756e-04	9.856172e+02
7.775337e+02	3.469723e-01	1.500287e-04	1.261200e+03
8.941638e+02	3.117699e-01	1.333495e-04	1.614890e+03
1.028288e+03	2.799866e-01	1.151349e-04	2.068585e+03
1.182532e+03	2.514601e-01	1.016457e-04	2.650430e+03
1.359911e+03	2.259577e-01	8.854068e-05	3.396169e+03
1.563898e+03	2.031692e-01	7.770105e-05	4.351211e+03
1.798483e+03	1.828340e-01	6.839771e-05	5.573006e+03
2.068255e+03	1.647562e-01	5.958049e-05	7.134041e+03
2.378493e+03	1.487104e-01	5.272041e-05	9.125496e+03
2.735268e+03	1.344629e-01	4.591009e-05	1.166146e+04
3.145558e+03	1.218461e-01	0.000000e+00	1.488407e+04
3.617391e+03	1.107081e-01	0.000000e+00	1.896941e+04
4.160000e+03	1.008765e-01	0.000000e+00	2.413427e+04
4.784000e+03	9.221260e-02	0.000000e+00	3.064376e+04
5.501600e+03	8.460808e-02	0.000000e+00	3.881961e+04
6.326840e+03	7.794446e-02	0.000000e+00	4.904914e+04
7.275866e+03	7.211023e-02	0.000000e+00	6.179436e+04
8.367246e+03	6.702919e-02	0.000000e+00	7.760131e+04
9.622333e+03	6.262977e-02	0.000000e+00	9.710884e+04
