# Energy_MeV	dEdx_Elec_MeV_um	dEdx_Nucl_MeV_um	Range_um
1.000000e-05	2.112821e-03	2.410606e-02	8.743746e-03
1.150000e-05	2.275600e-03	2.616645e-02	9.376623e-03
1.322500e-05	2.450121e-03	2.837199e-02	1.005531e-02
1.520875e-05	2.637236e-03	3.069875e-02	1.078312e-02
1.749006e-05	2.837860e-03	3.330349e-02	1.156360e-02
2.011357e-05	3.052973e-03	3.591916e-02	1.240058e-02
2.313061e-05	3.283625e-03	3.884259e-02	1.329815e-02
2.660020e-05	3.530946e-03	4.177993e-02	1.426067e-02
3.059023e-05	3.796142e-03	4.489872e-02	1.529287e-02
3.517876e-05	4.080509e-03	4.835108e-02	1.639977e-02
4.045558e-05	4.385437e-03	5.171448e-02	1.758680e-02
4.652391e-05	4.712416e-03	5.547703e-02	1.885974e-02
5.350250e-05	5.063044e-03	5.925206e-02	2.022482e-02
6.152788e-05	5.439032e-03	6.322832e-02	2.168870e-02
7.075706e-05	5.842219e-03	6.728959e-02	2.325854e-02
8.137062e-05	6.274573e-03	7.134501e-02	2.494200e-02
9.357621e-05	6.738208e-03	7.566106e-02	2.674732e-02
1.076126e-04	7.235388e-03	7.986572e-02	2.868331e-02
1.237545e-04	7.768542e-03	8.424209e-02	3.075942e-02
1.423177e-04	8.340276e-03	8.835280e-02	3.298580e-02
1.636654e-04	8.953381e-03	9.284911e-02	3.537333e-02
1.882152e-04	9.610853e-03	9.715227e-02	3.793367e-02
2.164475e-04	1.031591e-02	1.013047e-01	4.067933e-02
2.489146e-04	1.107198e-02	1.058158e-01	4.362372e-02
2.862518e-04	1.188277e-02	1.094400e-01	4.678123e-02
3.291895e-04	1.275224e-02	1.136079e-01	5.016728e-02
3.785680e-04	1.368464e-02	1.172918e-01	5.379841e-02
4.353531e-04	1.468452e-02	1.207620e-01	5.769237e-02
5.006561e-04	1.575677e-02	1.244929e-01	6.186818e-02
5.757545e-04	1.690661e-02	1.274702e-01	6.634623e-02
6.621177e-04	1.813969e-02	1.304993e-01	7.114840e-02
7.614354e-04	1.946200e-02	1.330286e-01	7.629816e-02
8.756507e-04	2.088002e-02	1.354009e-01	8.182066e-02
1.006998e-03	2.240068e-02	1.376402e-01	8.774289e-02
1.158048e-03	2.403139e-02	1.394080e-01	9.409376e-02
1.331755e-03	2.578014e-02	1.409921e-01	1.009043e-01
1.531519e-03	2.765546e-02	1.422092e-01	1.082078e-01
1.761246e-03	2.966651e-02	1.434155e-01	1.160400e-01
2.025433e-03	3.182312e-02	1.440579e-01	1.243790e-01
2.329248e-03	3.413582e-02	1.446818e-01	1.334374e-01
2.678635e-03	3.661592e-02	1.448227e-01	1.431081e-01
3.080431e-03	3.927552e-02	1.446681e-01	1.534666e-01
3.542495e-03	4.212762e-02	1.443341e-01	1.645740e-01
4.073870e-03	4.518616e-02	1.434763e-01	1.764858e-01
4.684950e-03	4.846608e-02	1.424384e-01	1.892596e-01
5.387693e-03	5.198340e-02	1.409772e-01	2.029581e-01
6.195847e-03	5.575530e-02	1.391510e-01	2.176481e-01
7.125224e-03	5.980021e-02	1.369688e-01	2.334013e-01
8.194007e-03	6.413789e-02	1.344350e-01	2.502948e-01
9.423108e-03	6.878954e-02	1.315015e-01	2.684109e-01
1.083657e-02	7.377787e-02	1.282951e-01	2.878384e-01
1.246206e-02	7.912726e-02	1.247392e-01	3.086721e-01
1.433137e-02	8.486384e-02	1.210266e-01	3.310137e-01
1.648108e-02	9.101563e-02	1.168164e-01	3.549724e-01
1.895324e-02	9.761270e-02	1.124885e-01	3.806651e-01
2.179622e-02	1.046873e-01	1.079800e-01	4.082177e-01
2.506566e-02	1.122739e-01	1.030861e-01	4.377646e-01
2.882550e-02	1.204096e-01	9.858809e-02	4.694499e-01
3.314933e-02	1.291342e-01	9.343038e-02	5.034286e-01
3.812173e-02	1.384903e-01	8.856190e-02	5.398667e-01
4.383999e-02	1.485237e-01	8.365426e-02	5.789424e-01
5.041599e-02	1.592832e-01	7.838299e-02	6.208464e-01
5.797838e-02	1.708215e-01	7.364054e-02	6.657833e-01
6.667514e-02	1.831949e-01	6.873799e-02	7.139726e-01
7.667641e-02	1.964640e-01	6.423555e-02	7.656501e-01
8.817787e-02	2.106934e-01	5.975860e-02	8.210682e-01
1.014046e-01	2.259528e-01	5.529988e-02	8.804974e-01
1.166152e-01	2.423167e-01	5.123534e-02	9.442276e-01
1.341075e-01	2.598650e-01	4.738170e-02	1.012571e+00
1.542237e-01	2.786835e-01	4.377067e-02	1.085863e+00
1.773572e-01	2.988640e-01	3.997473e-02	1.164446e+00
2.039608e-01	3.205059e-01	3.726699e-02	1.248816e+00
2.345549e-01	3.437147e-01	3.435326e-02	1.340028e+00
2.697381e-01	3.686034e-01	3.164571e-02	1.438810e+00
3.101989e-01	3.952935e-01	2.897769e-02	1.545862e+00
3.567287e-01	4.239155e-01	2.590946e-02	1.661980e+00
4.102380e-01	4.546070e-01	2.350371e-02	1.755190e+00
4.717737e-01	4.875192e-01	2.085050e-02	1.840166e+00
5.425397e-01	5.145534e-01	1.878866e-02	1.925356e+00
6.239207e-01	5.493503e-01	1.691058e-02	2.010464e+00
7.175088e-01	5.973382e-01	1.521695e-02	2.095337e+00
8.251351e-01	6.464538e-01	1.374444e-02	2.180015e+00
9.489054e-01	6.994965e-01	1.231727e-02	2.264793e+00
1.091241e+00	7.480094e-01	1.113467e-02	2.350354e+00
1.254927e+00	7.981732e-01	9.981610e-03	2.437776e+00
1.443166e+00	8.467626e-01	9.028629e-03	2.528651e+00
1.659641e+00	8.891790e-01	8.032294e-03	2.625183e+00
1.908588e+00	9.309803e-01	7.223653e-03	2.730270e+00
2.194876e+00	9.587116e-01	6.476528e-03	2.847634e+00
2.524107e+00	9.885581e-01	5.715604e-03	2.981899e+00
2.902723e+00	1.020277e+00	5.178507e-03	3.138710e+00
3.338132e+00	1.043096e+00	4.572005e-03	3.324875e+00
3.838852e+00	1.063997e+00	4.099412e-03	3.548471e+00
4.414679e+00	1.077509e+00	3.658977e-03	3.819000e+00
5.076881e+00	1.087551e+00	3.210965e-03	4.147553e+00
5.838413e+00	1.093555e+00	2.869888e-03	4.547038e+00
6.714175e+00	1.094215e+00	2.537643e-03	5.032495e+00
7.721302e+00	1.092238e+00	2.267056e-03	5.621577e+00
8.879497e+00	1.083453e+00	2.014745e-03	6.335268e+00
1.021142e+01	1.069873e+00	1.782411e-03	7.198914e+00
1.174313e+01	1.051482e+00	1.587527e-03	8.243645e+00
1.350460e+01	1.027212e+00	1.414163e-03	9.508275e+00
1.553030e+01	9.987971e-01	1.261807e-03	1.104177e+01
1.785984e+01	9.654578e-01	1.108220e-03	1.290649e+01
2.053882e+01	9.296288e-01	9.951038e-04	1.518225e+01
2.361964e+01	8.899999e-01	8.690461e-04	1.797165e+01
2.716258e+01	8.466080e-01	7.770336e-04	2.140675e+01
3.123697e+01	7.994910e-01	6.891262e-04	2.565757e+01
3.592252e+01	7.511224e-01	6.028797e-04	3.094410e+01
4.131089e+01	7.525078e-01	5.408647e-04	3.754348e+01
4.750753e+01	6.906120e-01	4.706157e-04	4.582818e+01
5.463366e+01	6.332817e-01	4.173882e-04	5.628580e+01
6.282871e+01	5.788304e-01	3.670572e-04	6.948456e+01
7.225301e+01	5.272480e-01	3.232619e-04	8.619041e+01
8.309096e+01	4.786319e-01	2.866223e-04	1.073977e+02
9.555461e+01	4.335111e-01	2.515129e-04	1.343767e+02
1.098878e+02	3.919250e-01	2.240299e-04	1.687463e+02
1.263710e+02	3.525306e-01	1.973406e-04	2.126694e+02
1.453266e+02	3.164291e-01	1.758961e-04	2.690334e+02
1.671256e+02	2.846380e-01	1.537550e-04	3.413468e+02
1.921945e+02	2.567265e-01	1.364332e-04	4.337613e+02
2.210236e+02	2.311899e-01	1.204140e-04	5.518634e+02
2.541772e+02	2.078800e-01	1.046351e-04	7.030037e+02
2.923037e+02	1.866807e-01	9.363087e-05	8.966568e+02
3.361493e+02	1.674841e-01	8.138251e-05	1.145008e+03
3.865717e+02	1.501923e-01	7.212827e-05	1.463645e+03
4.445574e+02	1.344727e-01	6.344769e-05	1.872773e+03
5.112411e+02	1.203090e-01	5.487943e-05	2.398717e+03
5.879272e+02	1.076906e-01	4.836354e-05	3.074807e+03
6.761163e+02	9.659833e-02	4.220478e-05	3.942548e+03
7.775337e+02	8.664338e-02	0.000000e+00	5.055093e+03
8.941638e+02	7.773373e-02	0.000000e+00	6.481441e+03
1.028288e+03	6.978060e-02	0.000000e+00	8.309200e+03
1.182532e+03	6.268913e-02	0.000000e+00	1.064989e+04
1.359911e+03	5.637697e-02	0.000000e+00	1.364479e+04
1.563898e+03	5.076643e-02	0.000000e+00	1.747236e+04
1.798483e+03	4.578520e-02	0.000000e+00	2.235743e+04
2.068255e+03	4.136512e-02	0.000000e+00	2.858183e+04
2.378493e+03	3.744854e-02	0.000000e+00	3.649720e+04
2.735268e+03	3.398746e-02	0.000000e+00	4.654005e+04
3.145558e+03	3.093211e-02	0.000000e+00	5.924898e+04
3.617391e+03	2.823726e-02	0.000000e+00	7.528424e+04
4.160000e+03	2.586710e-02	0.000000e+00	9.544925e+04
4.784000e+03	2.378873e-02	0.000000e+00	1.207139e+05
5.501600e+03	2.197082e-02	0.000000e+00	1.522387e+05
6.326840e+03	2.038644e-02	0.000000e+00	1.914001e+05
7.275866e+03	1.901200e-02	0.000000e+00	2.398140e+05
8.367246e+03	1.782467e-02	0.000000e+00	2.993585e+05
9.622333e+03	1.680443e-02	0.000000e+00	3.721937e+05
