# Energy_MeV	dEdx_Elec_MeV_um	dEdx_Nucl_MeV_um	Range_um
1.000000e-05	2.235776e-03	2.681460e-02	7.063262e-03
1.150000e-05	2.410910e-03	2.921188e-02	7.574505e-03
1.322500e-05	2.598651e-03	3.181422e-02	8.122751e-03
1.520875e-05	2.799915e-03	3.460775e-02	8.710680e-03
1.749006e-05	3.015687e-03	3.761447e-02	9.341164e-03
2.011357e-05	3.247022e-03	4.070187e-02	1.001728e-02
2.313061e-05	3.495051e-03	4.409853e-02	1.074234e-02
2.660020e-05	3.760985e-03	4.781232e-02	1.151987e-02
3.059023e-05	4.046125e-03	5.152414e-02	1.235369e-02
3.517876e-05	4.351864e-03	5.579273e-02	1.324786e-02
4.045558e-05	4.679695e-03	5.983307e-02	1.420674e-02
4.652391e-05	5.031221e-03	6.438773e-02	1.523503e-02
5.350250e-05	5.408160e-03	6.924913e-02	1.633775e-02
6.152788e-05	5.812352e-03	7.402774e-02	1.752029e-02
7.075706e-05	6.245773e-03	7.952314e-02	1.878842e-02
8.137062e-05	6.710540e-03	8.471254e-02	2.014833e-02
9.357621e-05	7.208925e-03	9.039446e-02	2.160668e-02
1.076126e-04	7.743361e-03	9.611127e-02	2.317058e-02
1.237545e-04	8.316459e-03	1.018410e-01	2.484768e-02
1.423177e-04	8.931021e-03	1.080788e-01	2.664617e-02
1.636654e-04	9.590048e-03	1.138683e-01	2.857483e-02
1.882152e-04	1.029676e-02	1.200112e-01	3.064310e-02
2.164475e-04	1.105461e-02	1.258008e-01	3.286106e-02
2.489146e-04	1.186730e-02	1.321392e-01	3.523956e-02
2.862518e-04	1.273879e-02	1.380456e-01	3.779022e-02
3.291895e-04	1.367336e-02	1.441179e-01	4.052549e-02
3.785680e-04	1.467556e-02	1.500364e-01	4.345875e-02
4.353531e-04	1.575029e-02	1.553387e-01	4.660432e-02
5.006561e-04	1.690280e-02	1.610978e-01	4.997756e-02
5.757545e-04	1.813872e-02	1.661153e-01	5.359497e-02
6.621177e-04	1.946408e-02	1.711940e-01	5.747420e-02
7.614354e-04	2.088537e-02	1.760452e-01	6.163421e-02
8.756507e-04	2.240953e-02	1.803993e-01	6.609533e-02
1.006998e-03	2.404400e-02	1.843975e-01	7.087934e-02
1.158048e-03	2.579677e-02	1.879257e-01	7.600963e-02
1.331755e-03	2.767639e-02	1.912013e-01	8.151124e-02
1.531519e-03	2.969206e-02	1.940932e-01	8.741107e-02
1.761246e-03	3.185362e-02	1.966814e-01	9.373793e-02
2.025433e-03	3.417163e-02	1.986146e-01	1.005227e-01
2.329248e-03	3.665742e-02	2.004002e-01	1.077445e-01
2.678635e-03	3.932312e-02	2.019171e-01	1.155912e-01
3.080431e-03	4.218177e-02	2.027183e-01	1.239714e-01
3.542495e-03	4.524732e-02	2.036397e-01	1.329446e-01
4.073870e-03	4.853475e-02	2.035102e-01	1.425666e-01
4.684950e-03	5.206013e-02	2.032933e-01	1.528856e-01
5.387693e-03	5.584067e-02	2.026147e-01	1.639512e-01
6.195847e-03	5.989485e-02	2.013049e-01	1.758179e-01
7.125224e-03	6.424247e-02	1.997923e-01	1.885435e-01
8.194007e-03	6.890477e-02	1.975062e-01	2.021902e-01
9.423108e-03	7.390453e-02	1.948369e-01	2.168246e-01
1.083657e-02	7.926617e-02	1.916125e-01	2.325182e-01
1.246206e-02	8.501588e-02	1.879132e-01	2.493477e-01
1.433137e-02	9.118177e-02	1.836523e-01	2.673955e-01
1.648108e-02	9.779394e-02	1.790231e-01	2.867495e-01
1.895324e-02	1.048847e-01	1.739528e-01	3.075043e-01
2.179622e-02	1.124887e-01	1.685960e-01	3.297614e-01
2.506566e-02	1.206431e-01	1.625798e-01	3.536295e-01
2.882550e-02	1.293877e-01	1.564824e-01	3.792253e-01
3.314933e-02	1.387652e-01	1.498973e-01	4.066736e-01
3.812173e-02	1.488215e-01	1.432610e-01	4.361085e-01
4.383999e-02	1.596056e-01	1.366873e-01	4.676740e-01
5.041599e-02	1.711703e-01	1.294659e-01	5.015244e-01
5.797838e-02	1.835721e-01	1.226935e-01	5.378249e-01
6.667514e-02	1.968715e-01	1.155191e-01	5.767526e-01
7.667641e-02	2.111336e-01	1.084580e-01	6.184979e-01
8.817787e-02	2.264279e-01	1.015285e-01	6.632649e-01
1.014046e-01	2.428292e-01	9.487659e-02	7.112723e-01
1.166152e-01	2.604177e-01	8.853298e-02	7.627545e-01
1.341075e-01	2.792793e-01	8.222995e-02	8.179625e-01
1.542237e-01	2.995060e-01	7.625260e-02	8.771670e-01
1.773572e-01	3.211968e-01	7.031465e-02	9.406573e-01
2.039608e-01	3.444576e-01	6.526989e-02	1.008734e+00
2.345549e-01	3.694027e-01	5.998666e-02	1.081810e+00
2.697381e-01	3.961541e-01	5.498390e-02	1.160793e+00
3.101989e-01	4.248419e-01	5.126514e-02	1.246333e+00
3.567287e-01	4.556060e-01	4.698857e-02	1.339030e+00
4.102380e-01	4.885969e-01	4.354390e-02	1.439573e+00
4.717737e-01	5.239745e-01	3.965443e-02	1.536544e+00
5.425397e-01	5.619091e-01	3.541213e-02	1.602575e+00
6.239207e-01	5.958439e-01	3.202776e-02	1.668176e+00
7.175088e-01	6.386131e-01	2.818973e-02	1.733145e+00
8.251351e-01	6.983128e-01	2.568991e-02	1.797398e+00
9.489054e-01	7.616436e-01	2.304468e-02	1.861012e+00
1.091241e+00	8.313772e-01	2.081706e-02	1.924280e+00
1.254927e+00	8.994034e-01	1.879500e-02	1.987766e+00
1.443166e+00	9.722742e-01	1.677569e-02	2.052350e+00
1.659641e+00	1.045827e+00	1.519417e-02	2.119295e+00
1.908588e+00	1.114654e+00	1.360071e-02	2.190357e+00
2.194876e+00	1.184972e+00	1.231623e-02	2.267794e+00
2.524107e+00	1.234866e+00	1.096698e-02	2.354470e+00
2.902723e+00	1.289307e+00	9.875319e-03	2.453921e+00
3.338132e+00	1.347523e+00	8.780779e-03	2.570426e+00
3.838852e+00	1.393954e+00	7.833549e-03	2.709094e+00
4.414679e+00	1.438427e+00	7.046598e-03	2.875924e+00
5.076881e+00	1.471465e+00	6.234327e-03	3.077881e+00
5.838413e+00	1.500811e+00	5.597799e-03	3.323003e+00
6.714175e+00	1.524358e+00	4.952470e-03	3.620508e+00
7.721302e+00	1.541066e+00	4.388130e-03	3.980992e+00
8.879497e+00	1.555371e+00	3.890105e-03	4.416729e+00
1.021142e+01	1.559175e+00	3.457602e-03	4.942141e+00
1.174313e+01	1.556699e+00	3.080513e-03	5.574485e+00
1.350460e+01	1.547448e+00	2.734119e-03	6.334792e+00
1.553030e+01	1.528654e+00	2.433758e-03	7.249116e+00
1.785984e+01	1.504399e+00	2.152322e-03	8.350135e+00
2.053882e+01	1.471303e+00	1.930920e-03	9.679188e+00
2.361964e+01	1.432295e+00	1.707761e-03	1.128887e+01
2.716258e+01	1.386736e+00	1.512028e-03	1.324627e+01
3.123697e+01	1.335668e+00	1.351393e-03	1.563725e+01
3.592252e+01	1.278631e+00	1.171209e-03	1.857159e+01
4.131089e+01	1.217117e+00	1.059184e-03	2.219061e+01
4.750753e+01	1.247387e+00	9.303552e-04	2.667150e+01
5.463366e+01	1.152452e+00	8.233619e-04	3.225150e+01
6.282871e+01	1.063686e+00	7.338382e-04	3.924339e+01
7.225301e+01	9.784470e-01	6.348256e-04	4.800655e+01
8.309096e+01	8.968482e-01	5.670348e-04	5.902760e+01
9.555461e+01	8.190144e-01	4.963281e-04	7.293964e+01
1.098878e+02	7.459896e-01	4.402718e-04	9.055308e+01
1.263710e+02	6.779303e-01	3.899633e-04	1.129002e+02
1.453266e+02	6.129183e-01	3.413268e-04	1.413619e+02
1.671256e+02	5.526589e-01	3.040984e-04	1.777898e+02
1.921945e+02	4.989884e-01	2.675363e-04	2.244403e+02
2.210236e+02	4.516748e-01	2.387725e-04	2.839750e+02
2.541772e+02	4.080170e-01	2.090101e-04	3.599757e+02
2.923037e+02	3.678417e-01	1.857740e-04	4.571737e+02
3.361493e+02	3.310484e-01	1.622955e-04	5.816716e+02
3.865717e+02	2.975251e-01	1.429553e-04	7.413258e+02
4.445574e+02	2.671773e-01	1.268267e-04	9.461877e+02
5.112411e+02	2.394891e-01	1.105345e-04	1.209279e+03
5.879272e+02	2.144449e-01	9.813204e-05	1.547576e+03
6.761163e+02	1.920593e-01	8.540908e-05	1.982593e+03
7.775337e+02	1.723660e-01	7.474157e-05	2.541109e+03
8.941638e+02	1.546560e-01	6.531377e-05	3.257362e+03
1.028288e+03	1.387786e-01	5.728146e-05	4.175814e+03
1.182532e+03	1.245983e-01	5.035331e-05	5.352921e+03
1.359911e+03	1.119477e-01	4.408016e-05	6.860546e+03
1.563898e+03	1.006773e-01	0.000000e+00	8.789743e+03
1.798483e+03	9.065584e-02	0.000000e+00	1.125552e+04
2.068255e+03	8.175938e-02	0.000000e+00	1.440279e+04
2.378493e+03	7.386432e-02	0.000000e+00	1.841328e+04
2.735268e+03	6.686694e-02	0.000000e+00	2.351372e+04
3.145558e+03	6.068368e-02	0.000000e+00	2.998568e+04
3.617391e+03	5.522582e-02	0.000000e+00	3.817665e+04
4.160000e+03	5.041158e-02	0.000000e+00	4.851272e+04
4.784000e+03	4.617798e-02	0.000000e+00	6.151253e+04
5.501600e+03	4.246598e-02	0.000000e+00	7.780238e+04
6.326840e+03	3.921692e-02	0.000000e+00	9.813202e+04
7.275866e+03	3.638303e-02	0.000000e+00	1.233908e+05
8.367246e+03	3.392433e-02	0.000000e+00	1.546235e+05
9.622333e+03	3.179991e-02	0.000000e+00	1.930446e+05
