# Energy_MeV	dEdx_Elec_MeV_um	dEdx_Nucl_MeV_um	Range_um
1.000000e-05	2.364069e-03	3.249175e-02	4.881208e-03
1.150000e-05	2.557130e-03	3.557094e-02	5.234513e-03
1.322500e-05	2.763984e-03	3.904802e-02	5.613390e-03
1.520875e-05	2.985647e-03	4.283829e-02	6.019690e-03
1.749006e-05	3.223203e-03	4.689713e-02	6.455398e-03
2.011357e-05	3.477817e-03	5.141614e-02	6.922643e-03
2.313061e-05	3.750734e-03	5.614733e-02	7.423708e-03
2.660020e-05	4.043290e-03	6.134361e-02	7.961040e-03
3.059023e-05	4.356916e-03	6.690881e-02	8.537264e-03
3.517876e-05	4.693145e-03	7.279837e-02	9.155196e-03
4.045558e-05	5.053621e-03	7.928667e-02	9.817854e-03
4.652391e-05	5.440106e-03	8.610039e-02	1.052847e-02
5.350250e-05	5.854490e-03	9.334527e-02	1.129053e-02
6.152788e-05	6.298796e-03	1.010515e-01	1.210775e-02
7.075706e-05	6.775198e-03	1.094263e-01	1.298411e-02
8.137062e-05	7.286021e-03	1.182018e-01	1.392391e-02
9.357621e-05	7.833764e-03	1.278929e-01	1.493173e-02
1.076126e-04	8.421101e-03	1.374602e-01	1.601249e-02
1.237545e-04	9.050902e-03	1.478069e-01	1.717149e-02
1.423177e-04	9.726245e-03	1.588251e-01	1.841437e-02
1.636654e-04	1.045043e-02	1.701498e-01	1.974721e-02
1.882152e-04	1.122699e-02	1.826378e-01	2.117652e-02
2.164475e-04	1.205973e-02	1.948281e-01	2.270929e-02
2.489146e-04	1.295271e-02	2.081540e-01	2.435300e-02
2.862518e-04	1.391029e-02	2.212117e-01	2.611569e-02
3.291895e-04	1.493715e-02	2.346108e-01	2.800595e-02
3.785680e-04	1.603832e-02	2.488197e-01	3.003304e-02
4.353531e-04	1.721916e-02	2.625263e-01	3.220685e-02
5.006561e-04	1.848545e-02	2.773616e-01	3.453799e-02
5.757545e-04	1.984337e-02	2.904952e-01	3.703787e-02
6.621177e-04	2.129957e-02	3.048168e-01	3.971869e-02
7.614354e-04	2.286114e-02	3.192628e-01	4.259355e-02
8.756507e-04	2.453573e-02	3.331164e-01	4.567650e-02
1.006998e-03	2.633150e-02	3.475812e-01	4.898259e-02
1.158048e-03	2.825724e-02	3.596953e-01	5.252797e-02
1.331755e-03	3.032236e-02	3.727042e-01	5.632997e-02
1.531519e-03	3.253693e-02	3.852000e-01	6.040717e-02
1.761246e-03	3.491179e-02	3.968166e-01	6.477947e-02
2.025433e-03	3.745853e-02	4.085641e-01	6.946824e-02
2.329248e-03	4.018959e-02	4.184991e-01	7.449639e-02
2.678635e-03	4.311832e-02	4.281623e-01	7.988848e-02
3.080431e-03	4.625902e-02	4.368221e-01	8.567085e-02
3.542495e-03	4.962704e-02	4.442607e-01	9.184244e-02
4.073870e-03	5.323883e-02	4.514368e-01	9.850405e-02
4.684950e-03	5.711204e-02	4.573647e-01	1.056559e-01
5.387693e-03	6.126559e-02	4.623859e-01	1.133020e-01
6.195847e-03	6.571977e-02	4.665025e-01	1.215030e-01
7.125224e-03	7.049633e-02	4.699809e-01	1.302973e-01
8.194007e-03	7.561862e-02	4.723843e-01	1.397281e-01
9.423108e-03	8.111166e-02	4.745524e-01	1.498415e-01
1.083657e-02	8.700229e-02	4.747001e-01	1.606869e-01
1.246206e-02	9.331928e-02	4.742723e-01	1.723173e-01
1.433137e-02	1.000935e-01	4.728035e-01	1.847896e-01
1.648108e-02	1.073580e-01	4.701490e-01	1.981646e-01
1.895324e-02	1.151484e-01	4.667978e-01	2.125076e-01
2.179622e-02	1.235026e-01	4.617499e-01	2.278887e-01
2.506566e-02	1.324614e-01	4.557758e-01	2.443833e-01
2.882550e-02	1.420688e-01	4.484734e-01	2.620718e-01
3.314933e-02	1.523715e-01	4.400964e-01	2.810405e-01
3.812173e-02	1.634199e-01	4.304295e-01	3.013821e-01
4.383999e-02	1.752680e-01	4.198076e-01	3.231960e-01
5.041599e-02	1.879737e-01	4.079178e-01	3.465890e-01
5.797838e-02	2.015990e-01	3.957834e-01	3.716752e-01
6.667514e-02	2.162105e-01	3.821950e-01	3.985770e-01
7.667641e-02	2.318796e-01	3.676888e-01	4.274259e-01
8.817787e-02	2.486828e-01	3.527232e-01	4.583630e-01
1.014046e-01	2.667023e-01	3.367856e-01	4.915395e-01
1.166152e-01	2.860261e-01	3.218181e-01	5.271173e-01
1.341075e-01	3.067484e-01	3.055128e-01	5.652700e-01
1.542237e-01	3.289707e-01	2.890465e-01	6.061842e-01
1.773572e-01	3.528015e-01	2.726954e-01	6.500600e-01
2.039608e-01	3.783571e-01	2.558339e-01	6.971116e-01
2.345549e-01	4.057625e-01	2.400654e-01	7.475692e-01
2.697381e-01	4.351514e-01	2.242651e-01	8.016766e-01
3.101989e-01	4.666676e-01	2.089907e-01	8.597061e-01
3.567287e-01	5.004653e-01	1.946981e-01	9.219275e-01
4.102380e-01	5.367113e-01	1.802784e-01	9.890349e-01
4.717737e-01	5.755809e-01	1.667412e-01	1.061718e+00
5.425397e-01	6.172638e-01	1.542669e-01	1.140451e+00
6.239207e-01	6.619638e-01	1.421944e-01	1.225826e+00
7.175088e-01	7.098992e-01	1.305239e-01	1.318502e+00
8.251351e-01	7.613044e-01	1.208983e-01	1.419240e+00
9.489054e-01	8.095049e-01	1.110270e-01	1.528932e+00
1.091241e+00	8.598986e-01	1.033829e-01	1.641941e+00
1.254927e+00	9.384097e-01	9.459788e-02	1.672965e+00
1.443166e+00	1.026823e+00	8.449508e-02	1.701892e+00
1.659641e+00	1.124093e+00	7.597527e-02	1.729141e+00
1.908588e+00	1.229760e+00	6.712013e-02	1.755247e+00
2.194876e+00	1.347884e+00	6.105048e-02	1.781098e+00
2.524107e+00	1.473500e+00	5.464589e-02	1.807743e+00
2.902723e+00	1.611623e+00	4.943017e-02	1.836513e+00
3.338132e+00	1.760248e+00	4.466390e-02	1.869044e+00
3.838852e+00	1.902203e+00	3.996925e-02	1.907310e+00
4.414679e+00	2.053817e+00	3.614899e-02	1.953650e+00
5.076881e+00	2.215211e+00	3.218673e-02	2.010798e+00
5.838413e+00	2.376703e+00	2.925882e-02	2.081897e+00
6.714175e+00	2.531822e+00	2.621366e-02	2.170480e+00
7.721302e+00	2.667495e+00	2.343360e-02	2.280581e+00
8.879497e+00	2.804803e+00	2.092199e-02	2.416634e+00
1.021142e+01	2.918631e+00	1.855662e-02	2.583538e+00
1.174313e+01	3.031515e+00	1.675009e-02	2.786700e+00
1.350460e+01	3.143240e+00	1.491833e-02	3.032128e+00
1.553030e+01	3.232389e+00	1.329026e-02	3.326626e+00
1.785984e+01	3.319116e+00	1.180880e-02	3.678072e+00
2.053882e+01	3.383293e+00	1.043051e-02	4.095819e+00
2.361964e+01	3.435347e+00	9.289659e-03	4.591241e+00
2.716258e+01	3.477938e+00	8.242226e-03	5.178368e+00
3.123697e+01	3.490119e+00	7.312779e-03	5.874691e+00
3.592252e+01	3.490502e+00	6.527070e-03	6.702136e+00
4.131089e+01	3.461868e+00	5.787861e-03	7.688264e+00
4.750753e+01	3.425467e+00	5.135847e-03	8.867755e+00
5.463366e+01	3.381440e+00	4.584658e-03	1.028434e+01
6.282871e+01	3.311155e+00	4.072893e-03	1.199314e+01
7.225301e+01	3.786680e+00	3.613276e-03	1.406340e+01
8.309096e+01	3.559664e+00	3.216919e-03	1.658264e+01
9.555461e+01	3.350788e+00	2.798182e-03	1.967312e+01
1.098878e+02	3.142276e+00	2.515594e-03	2.346928e+01
1.263710e+02	2.936197e+00	2.219655e-03	2.814669e+01
1.453266e+02	2.732055e+00	1.965383e-03	3.393700e+01
1.671256e+02	2.534194e+00	1.747594e-03	4.113759e+01
1.921945e+02	2.344396e+00	1.516824e-03	5.012121e+01
2.210236e+02	2.159716e+00	1.352485e-03	6.137891e+01
2.541772e+02	1.982108e+00	1.181158e-03	7.558026e+01
2.923037e+02	1.815494e+00	1.047198e-03	9.356172e+01
3.361493e+02	1.670486e+00	9.295139e-04	1.162836e+02
3.865717e+02	1.532848e+00	8.149644e-04	1.449991e+02
4.445574e+02	1.402119e+00	7.256507e-04	1.814113e+02
5.112411e+02	1.278681e+00	6.345915e-04	2.277243e+02
5.879272e+02	1.162901e+00	5.686061e-04	2.867904e+02
6.761163e+02	1.055257e+00	5.014939e-04	3.622693e+02
7.775337e+02	9.552094e-01	4.416793e-04	4.588894e+02
8.941638e+02	8.622713e-01	3.877294e-04	5.828518e+02
1.028288e+03	7.771444e-01	3.391769e-04	7.421044e+02
1.182532e+03	7.009433e-01	3.021130e-04	9.465760e+02
1.359911e+03	6.316283e-01	2.654108e-04	1.208820e+03
1.563898e+03	5.686845e-01	2.334105e-04	1.545199e+03
1.798483e+03	5.119954e-01	2.041729e-04	1.976580e+03
2.068255e+03	4.610536e-01	1.780322e-04	2.529511e+03
2.378493e+03	4.152069e-01	1.562206e-04	3.237663e+03
2.735268e+03	3.741232e-01	1.368772e-04	4.143584e+03
3.145558e+03	3.375875e-01	1.197473e-04	5.300900e+03
3.617391e+03	3.050834e-01	1.055306e-04	6.776944e+03
4.160000e+03	2.761340e-01	9.244172e-05	8.655823e+03
4.784000e+03	2.505013e-01	8.080084e-05	1.104213e+04
5.501600e+03	2.278747e-01	7.136171e-05	1.406517e+04
6.326840e+03	2.078757e-01	6.246576e-05	1.788383e+04
7.275866e+03	1.902614e-01	5.468997e-05	2.269196e+04
8.367246e+03	1.748281e-01	4.809610e-05	2.872429e+04
9.622333e+03	1.612972e-01	0.000000e+00	3.626258e+04
