# Energy_MeV	dEdx_Elec_MeV_um	dEdx_Nucl_MeV_um	Range_um
1.000000e-05	2.743405e-03	2.275141e-02	5.634666e-03
1.150000e-05	2.963319e-03	2.480417e-02	6.042507e-03
1.322500e-05	3.199003e-03	2.693547e-02	6.479866e-03
1.520875e-05	3.451611e-03	2.923636e-02	6.948883e-03
1.749006e-05	3.722379e-03	3.163807e-02	7.451846e-03
2.011357e-05	4.012632e-03	3.432217e-02	7.991215e-03
2.313061e-05	4.323791e-03	3.710515e-02	8.569623e-03
2.660020e-05	4.657375e-03	4.003662e-02	9.189897e-03
3.059023e-05	5.015016e-03	4.325707e-02	9.855067e-03
3.517876e-05	5.398463e-03	4.640121e-02	1.056838e-02
4.045558e-05	5.809589e-03	4.999656e-02	1.133333e-02
4.652391e-05	6.250404e-03	5.360327e-02	1.215364e-02
5.350250e-05	6.723062e-03	5.737432e-02	1.303333e-02
6.152788e-05	7.229872e-03	6.152679e-02	1.397668e-02
7.075706e-05	7.773311e-03	6.558816e-02	1.498832e-02
8.137062e-05	8.356034e-03	6.989893e-02	1.607319e-02
9.357621e-05	8.980889e-03	7.417463e-02	1.723657e-02
1.076126e-04	9.650927e-03	7.866566e-02	1.848417e-02
1.237545e-04	1.036942e-02	8.331844e-02	1.982206e-02
1.423177e-04	1.113989e-02	8.786281e-02	2.125679e-02
1.636654e-04	1.196608e-02	9.234900e-02	2.279537e-02
1.882152e-04	1.285205e-02	9.687205e-02	2.444531e-02
2.164475e-04	1.380211e-02	1.018300e-01	2.621467e-02
2.489146e-04	1.482091e-02	1.060592e-01	2.811211e-02
2.862518e-04	1.591343e-02	1.108353e-01	3.014687e-02
3.291895e-04	1.708500e-02	1.149903e-01	3.232892e-02
3.785680e-04	1.834135e-02	1.191557e-01	3.466891e-02
4.353531e-04	1.968861e-02	1.236376e-01	3.717826e-02
5.006561e-04	2.113337e-02	1.271387e-01	3.986924e-02
5.757545e-04	2.268268e-02	1.311245e-01	4.275500e-02
6.621177e-04	2.434411e-02	1.345553e-01	4.584963e-02
7.614354e-04	2.612579e-02	1.377930e-01	4.916825e-02
8.756507e-04	2.803641e-02	1.408257e-01	5.272707e-02
1.006998e-03	3.008531e-02	1.433549e-01	5.654349e-02
1.158048e-03	3.228250e-02	1.458944e-01	6.063613e-02
1.331755e-03	3.463871e-02	1.478748e-01	6.502501e-02
1.531519e-03	3.716545e-02	1.496854e-01	6.971419e-02
1.761246e-03	3.987507e-02	1.511200e-01	7.478092e-02
2.025433e-03	4.278080e-02	1.525120e-01	8.019258e-02
2.329248e-03	4.589685e-02	1.534223e-01	8.599770e-02
2.678635e-03	4.923842e-02	1.540357e-01	9.222187e-02
3.080431e-03	5.282186e-02	1.545604e-01	9.889682e-02
3.542495e-03	5.666466e-02	1.544040e-01	1.060549e-01
4.073870e-03	6.078559e-02	1.542139e-01	1.137311e-01
4.684950e-03	6.520480e-02	1.535001e-01	1.219629e-01
5.387693e-03	6.994386e-02	1.524484e-01	1.307904e-01
6.195847e-03	7.502593e-02	1.511681e-01	1.402570e-01
7.125224e-03	8.047585e-02	1.493353e-01	1.504087e-01
8.194007e-03	8.632022e-02	1.471979e-01	1.612953e-01
9.423108e-03	9.258761e-02	1.446432e-01	1.729698e-01
1.083657e-02	9.930864e-02	1.417075e-01	1.854892e-01
1.246206e-02	1.065161e-01	1.384077e-01	1.989149e-01
1.433137e-02	1.142453e-01	1.347430e-01	2.133123e-01
1.648108e-02	1.225339e-01	1.308991e-01	2.287519e-01
1.895324e-02	1.314224e-01	1.266753e-01	2.453089e-01
2.179622e-02	1.409543e-01	1.219354e-01	2.630643e-01
2.506566e-02	1.511762e-01	1.174012e-01	2.821049e-01
2.882550e-02	1.621378e-01	1.122049e-01	3.025237e-01
3.314933e-02	1.738929e-01	1.073897e-01	3.244205e-01
3.812173e-02	1.864988e-01	1.022107e-01	3.479020e-01
4.383999e-02	2.000172e-01	9.657532e-02	3.730831e-01
5.041599e-02	2.145140e-01	9.166423e-02	4.000869e-01
5.797838e-02	2.300600e-01	8.601647e-02	4.290454e-01
6.667514e-02	2.467314e-01	8.088364e-02	4.600998e-01
7.667641e-02	2.646094e-01	7.568800e-02	4.934018e-01
8.817787e-02	2.837814e-01	7.058063e-02	5.291143e-01
1.014046e-01	3.043411e-01	6.587859e-02	5.674115e-01
1.166152e-01	3.263889e-01	6.095346e-02	6.084838e-01
1.341075e-01	3.500325e-01	5.665681e-02	6.525133e-01
1.542237e-01	3.753892e-01	5.239346e-02	6.998407e-01
1.773572e-01	4.025819e-01	4.849480e-02	7.510552e-01
2.039608e-01	4.317428e-01	4.434497e-02	8.065170e-01
2.345549e-01	4.630144e-01	4.105799e-02	8.666345e-01
2.697381e-01	4.965495e-01	3.816211e-02	9.318563e-01
3.101989e-01	5.325082e-01	3.486319e-02	9.876797e-01
3.567287e-01	5.696644e-01	3.218061e-02	1.029652e+00
4.102380e-01	6.042902e-01	2.909563e-02	1.071316e+00
4.717737e-01	6.517002e-01	2.624973e-02	1.112556e+00
5.425397e-01	7.133705e-01	2.361023e-02	1.153342e+00
6.239207e-01	7.769613e-01	2.088592e-02	1.193752e+00
7.175088e-01	8.463105e-01	1.892380e-02	1.234009e+00
8.251351e-01	9.165850e-01	1.699869e-02	1.274517e+00
9.489054e-01	9.884357e-01	1.541015e-02	1.315884e+00
1.091241e+00	1.064423e+00	1.384635e-02	1.358989e+00
1.254927e+00	1.130561e+00	1.241295e-02	1.405018e+00
1.443166e+00	1.195951e+00	1.117038e-02	1.455495e+00
1.659641e+00	1.247499e+00	1.006941e-02	1.512336e+00
1.908588e+00	1.302130e+00	9.067962e-03	1.577898e+00
2.194876e+00	1.362193e+00	8.030949e-03	1.655026e+00
2.524107e+00	1.404283e+00	7.286020e-03	1.747097e+00
2.902723e+00	1.445714e+00	6.429351e-03	1.858068e+00
3.338132e+00	1.479849e+00	5.795751e-03	1.992526e+00
3.838852e+00	1.506009e+00	5.180041e-03	2.155753e+00
4.414679e+00	1.529602e+00	4.565015e-03	2.353808e+00
5.076881e+00	1.544804e+00	4.125978e-03	2.593663e+00
5.838413e+00	1.556211e+00	3.622075e-03	2.883416e+00
6.714175e+00	1.560142e+00	3.231096e-03	3.232623e+00
7.721302e+00	1.554655e+00	2.868000e-03	3.652766e+00
8.879497e+00	1.544049e+00	2.542077e-03	4.157899e+00
1.021142e+01	1.523629e+00	2.266707e-03	4.765484e+00
1.174313e+01	1.497081e+00	2.001371e-03	5.497480e+00
1.350460e+01	1.462886e+00	1.790507e-03	6.381706e+00
1.553030e+01	1.422219e+00	1.592337e-03	7.453581e+00
1.785984e+01	1.375384e+00	1.423045e-03	8.758330e+00
2.053882e+01	1.322696e+00	1.248293e-03	1.035384e+01
2.361964e+01	1.265024e+00	1.116808e-03	1.231407e+01
2.716258e+01	1.201467e+00	9.911854e-04	1.473447e+01
3.123697e+01	1.224576e+00	8.674683e-04	1.773385e+01
3.592252e+01	1.131399e+00	7.798705e-04	2.147605e+01
4.131089e+01	1.043498e+00	6.796553e-04	2.616621e+01
4.750753e+01	9.591880e-01	6.078039e-04	3.204796e+01
5.463366e+01	8.782668e-01	5.378049e-04	3.945137e+01
6.282871e+01	8.014977e-01	4.682455e-04	4.880471e+01
7.225301e+01	7.296919e-01	4.150316e-04	6.065224e+01
8.309096e+01	6.625571e-01	3.646011e-04	7.569381e+01
9.555461e+01	5.983890e-01	3.245682e-04	9.487445e+01
1.098878e+02	5.392962e-01	2.857909e-04	1.194407e+02
1.263710e+02	4.875866e-01	2.516223e-04	1.508780e+02
1.453266e+02	4.411568e-01	2.224032e-04	1.909828e+02
1.671256e+02	3.983290e-01	1.975371e-04	2.422030e+02
1.921945e+02	3.589436e-01	1.750193e-04	3.077329e+02
2.210236e+02	3.229225e-01	1.525404e-04	3.916962e+02
2.541772e+02	2.901575e-01	1.365803e-04	4.993884e+02
2.923037e+02	2.605141e-01	1.183174e-04	6.375927e+02
3.361493e+02	2.333969e-01	1.054661e-04	8.151358e+02
3.865717e+02	2.089740e-01	9.285845e-05	1.043467e+03
4.445574e+02	1.872695e-01	8.073841e-05	1.337003e+03
5.112411e+02	1.680600e-01	7.209018e-05	1.713722e+03
5.879272e+02	1.507871e-01	6.226723e-05	2.196815e+03
6.761163e+02	1.353195e-01	5.483932e-05	2.816227e+03
7.775337e+02	1.215110e-01	4.799963e-05	3.609973e+03
8.941638e+02	1.091964e-01	0.000000e+00	4.626399e+03
1.028288e+03	9.822889e-02	0.000000e+00	5.926719e+03
1.182532e+03	8.848125e-02	0.000000e+00	7.588205e+03
1.359911e+03	7.982963e-02	0.000000e+00	9.708138e+03
1.563898e+03	7.215232e-02	0.000000e+00	1.240834e+04
1.798483e+03	6.535253e-02	0.000000e+00	1.584069e+04
2.068255e+03	5.934694e-02	0.000000e+00	2.019348e+04
2.378493e+03	5.404599e-02	0.000000e+00	2.569880e+04
2.735268e+03	4.937265e-02	0.000000e+00	3.264075e+04
3.145558e+03	4.526631e-02	0.000000e+00	4.136449e+04
3.617391e+03	4.166747e-02	0.000000e+00	5.228604e+04
4.160000e+03	3.851919e-02	0.000000e+00	6.590241e+04
4.784000e+03	3.577650e-02	0.000000e+00	8.280180e+04
5.501600e+03	3.339955e-02	0.000000e+00	1.036735e+05
6.326840e+03	3.134766e-02	0.000000e+00	1.293169e+05
7.275866e+03	2.958650e-02	0.000000e+00	1.606499e+05
8.367246e+03	2.808864e-02	0.000000e+00	1.987153e+05
9.622333e+03	2.682714e-02	0.000000e+00	2.446875e+05
