# Energy_MeV	dEdx_Elec_MeV_um	dEdx_Nucl_MeV_um	Range_um
1.000000e-05	2.597569e-03	2.676950e-02	5.342552e-03
1.150000e-05	2.807147e-03	2.925980e-02	5.729249e-03
1.322500e-05	3.031735e-03	3.189102e-02	6.143935e-03
1.520875e-05	3.272434e-03	3.472150e-02	6.588636e-03
1.749006e-05	3.530422e-03	3.783956e-02	7.065525e-03
2.011357e-05	3.806962e-03	4.106504e-02	7.576931e-03
2.313061e-05	4.103407e-03	4.453822e-02	8.125354e-03
2.660020e-05	4.421206e-03	4.818597e-02	8.713471e-03
3.059023e-05	4.761914e-03	5.227220e-02	9.344157e-03
3.517876e-05	5.127195e-03	5.639418e-02	1.002049e-02
4.045558e-05	5.518836e-03	6.097115e-02	1.074578e-02
4.652391e-05	5.938751e-03	6.561520e-02	1.152357e-02
5.350250e-05	6.388992e-03	7.049816e-02	1.235765e-02
6.152788e-05	6.871758e-03	7.591765e-02	1.325210e-02
7.075706e-05	7.389410e-03	8.122436e-02	1.421129e-02
8.137062e-05	7.944475e-03	8.711534e-02	1.523992e-02
9.357621e-05	8.539667e-03	9.308027e-02	1.634299e-02
1.076126e-04	9.177894e-03	9.933731e-02	1.752590e-02
1.237545e-04	9.862273e-03	1.057125e-01	1.879444e-02
1.423177e-04	1.059615e-02	1.121023e-01	2.015479e-02
1.636654e-04	1.138311e-02	1.188743e-01	2.161360e-02
1.882152e-04	1.222699e-02	1.255256e-01	2.317801e-02
2.164475e-04	1.313192e-02	1.324422e-01	2.485564e-02
2.489146e-04	1.410233e-02	1.389028e-01	2.665471e-02
2.862518e-04	1.514294e-02	1.459434e-01	2.858399e-02
3.291895e-04	1.625885e-02	1.527898e-01	3.065291e-02
3.785680e-04	1.745551e-02	1.592925e-01	3.287159e-02
4.353531e-04	1.873875e-02	1.664755e-01	3.525085e-02
5.006561e-04	2.011487e-02	1.721517e-01	3.780233e-02
5.757545e-04	2.159056e-02	1.786791e-01	4.053848e-02
6.621177e-04	2.317305e-02	1.845678e-01	4.347267e-02
7.614354e-04	2.487007e-02	1.900028e-01	4.661925e-02
8.756507e-04	2.668990e-02	1.959442e-01	4.999358e-02
1.006998e-03	2.864143e-02	2.006067e-01	5.361214e-02
1.158048e-03	3.073421e-02	2.054082e-01	5.749261e-02
1.331755e-03	3.297845e-02	2.094285e-01	6.165396e-02
1.531519e-03	3.538512e-02	2.131650e-01	6.611650e-02
1.761246e-03	3.796598e-02	2.167403e-01	7.090205e-02
2.025433e-03	4.073363e-02	2.195091e-01	7.599804e-02
2.329248e-03	4.370159e-02	2.220597e-01	8.153274e-02
2.678635e-03	4.688437e-02	2.239666e-01	8.744098e-02
3.080431e-03	5.029751e-02	2.258770e-01	9.377028e-02
3.542495e-03	5.395769e-02	2.269312e-01	1.005570e-01
4.073870e-03	5.788279e-02	2.279097e-01	1.078353e-01
4.684950e-03	6.209198e-02	2.281878e-01	1.156403e-01
5.387693e-03	6.660583e-02	2.279473e-01	1.240102e-01
6.195847e-03	7.144639e-02	2.274409e-01	1.329860e-01
7.125224e-03	7.663730e-02	2.261266e-01	1.426115e-01
8.194007e-03	8.220393e-02	2.245032e-01	1.529336e-01
9.423108e-03	8.817348e-02	2.222408e-01	1.640028e-01
1.083657e-02	9.457509e-02	2.193854e-01	1.758733e-01
1.246206e-02	1.014401e-01	2.159752e-01	1.886030e-01
1.433137e-02	1.088019e-01	2.120071e-01	2.022541e-01
1.648108e-02	1.166966e-01	2.074166e-01	2.168931e-01
1.895324e-02	1.251627e-01	2.023821e-01	2.325917e-01
2.179622e-02	1.342416e-01	1.967854e-01	2.494268e-01
2.506566e-02	1.439777e-01	1.909664e-01	2.674803e-01
2.882550e-02	1.544184e-01	1.843751e-01	2.868405e-01
3.314933e-02	1.656148e-01	1.775334e-01	3.076019e-01
3.812173e-02	1.776217e-01	1.704744e-01	3.298662e-01
4.383999e-02	1.904976e-01	1.627172e-01	3.537420e-01
5.041599e-02	2.043054e-01	1.556739e-01	3.793459e-01
5.797838e-02	2.191127e-01	1.475742e-01	4.068029e-01
6.667514e-02	2.349918e-01	1.398600e-01	4.362473e-01
7.667641e-02	2.520201e-01	1.321751e-01	4.678230e-01
8.817787e-02	2.702810e-01	1.238135e-01	5.016842e-01
1.014046e-01	2.898636e-01	1.163878e-01	5.379963e-01
1.166152e-01	3.108636e-01	1.086242e-01	5.769364e-01
1.341075e-01	3.333837e-01	1.015128e-01	6.186952e-01
1.542237e-01	3.575337e-01	9.447652e-02	6.634776e-01
1.773572e-01	3.834317e-01	8.739859e-02	7.114924e-01
2.039608e-01	4.112054e-01	8.103395e-02	7.630472e-01
2.345549e-01	4.409907e-01	7.488991e-02	8.187865e-01
2.697381e-01	4.729317e-01	6.923458e-02	8.791514e-01
3.101989e-01	5.071847e-01	6.325637e-02	9.445712e-01
3.567287e-01	5.439170e-01	5.890046e-02	1.015532e+00
4.102380e-01	5.833080e-01	5.433485e-02	1.092596e+00
4.717737e-01	6.255444e-01	5.004239e-02	1.149120e+00
5.425397e-01	6.638803e-01	4.586637e-02	1.190180e+00
6.239207e-01	7.137060e-01	4.106395e-02	1.230413e+00
7.175088e-01	7.823860e-01	3.720049e-02	1.269789e+00
8.251351e-01	8.559278e-01	3.304348e-02	1.308407e+00
9.489054e-01	9.374647e-01	2.973211e-02	1.346514e+00
1.091241e+00	1.020807e+00	2.676428e-02	1.384532e+00
1.254927e+00	1.111055e+00	2.409421e-02	1.423099e+00
1.443166e+00	1.206209e+00	2.176143e-02	1.463107e+00
1.659641e+00	1.298280e+00	1.951433e-02	1.505744e+00
1.908588e+00	1.394012e+00	1.762518e-02	1.552500e+00
2.194876e+00	1.468338e+00	1.579480e-02	1.605297e+00
2.524107e+00	1.549301e+00	1.429024e-02	1.666433e+00
2.902723e+00	1.636929e+00	1.271853e-02	1.738673e+00
3.338132e+00	1.707530e+00	1.142988e-02	1.825274e+00
3.838852e+00	1.776933e+00	1.025954e-02	1.930017e+00
4.414679e+00	1.832519e+00	9.040158e-03	2.057259e+00
5.076881e+00	1.882611e+00	8.198801e-03	2.211953e+00
5.838413e+00	1.926945e+00	7.241024e-03	2.399714e+00
6.714175e+00	1.961766e+00	6.487457e-03	2.626932e+00
7.721302e+00	1.994433e+00	5.797518e-03	2.900922e+00
8.879497e+00	2.014282e+00	5.081543e-03	3.230211e+00
1.021142e+01	2.025357e+00	4.547365e-03	3.624933e+00
1.174313e+01	2.029195e+00	4.018100e-03	4.097377e+00
1.350460e+01	2.018889e+00	3.589397e-03	4.662705e+00
1.553030e+01	2.002273e+00	3.191785e-03	5.339860e+00
1.785984e+01	1.973422e+00	2.821128e-03	6.152709e+00
2.053882e+01	1.934780e+00	2.515907e-03	7.131473e+00
2.361964e+01	1.887105e+00	2.237987e-03	8.314534e+00
2.716258e+01	1.832548e+00	1.999335e-03	9.750735e+00
3.123697e+01	1.770343e+00	1.756926e-03	1.150223e+01
3.592252e+01	1.699874e+00	1.575976e-03	1.364877e+01
4.131089e+01	1.802023e+00	1.378502e-03	1.628948e+01
4.750753e+01	1.673957e+00	1.229931e-03	1.955829e+01
5.463366e+01	1.553574e+00	1.092220e-03	2.362949e+01
6.282871e+01	1.436451e+00	9.559469e-04	2.870213e+01
7.225301e+01	1.323382e+00	8.566907e-04	3.504740e+01
8.309096e+01	1.214587e+00	7.466422e-04	4.301769e+01
9.555461e+01	1.111737e+00	6.611142e-04	5.306282e+01
1.098878e+02	1.015010e+00	5.815095e-04	6.575641e+01
1.263710e+02	9.217301e-01	5.123118e-04	8.186924e+01
1.453266e+02	8.347574e-01	4.538990e-04	1.024327e+02
1.671256e+02	7.570650e-01	3.989137e-04	1.286939e+02
1.921945e+02	6.878734e-01	3.548896e-04	1.621287e+02
2.210236e+02	6.235119e-01	3.124904e-04	2.047389e+02
2.541772e+02	5.638142e-01	2.785924e-04	2.591650e+02
2.923037e+02	5.087677e-01	2.436410e-04	3.288169e+02
3.361493e+02	4.582999e-01	2.159953e-04	4.180864e+02
3.865717e+02	4.123582e-01	1.909001e-04	5.325975e+02
4.445574e+02	3.701908e-01	1.655709e-04	6.796488e+02
5.112411e+02	3.319270e-01	1.483319e-04	8.687512e+02
5.879272e+02	2.976524e-01	1.289777e-04	1.111940e+03
6.761163e+02	2.673730e-01	1.142038e-04	1.424201e+03
7.775337e+02	2.400556e-01	1.006050e-04	1.824732e+03
8.941638e+02	2.155090e-01	8.689434e-05	2.338432e+03
1.028288e+03	1.935633e-01	7.668916e-05	2.996905e+03
1.182532e+03	1.739654e-01	6.686575e-05	3.840362e+03
1.359911e+03	1.564811e-01	5.898114e-05	4.919739e+03
1.563898e+03	1.409255e-01	5.173216e-05	6.299351e+03
1.798483e+03	1.271167e-01	4.514715e-05	8.060221e+03
2.068255e+03	1.148600e-01	0.000000e+00	1.030391e+04
2.378493e+03	1.039964e-01	0.000000e+00	1.315713e+04
2.735268e+03	9.439902e-02	0.000000e+00	1.677716e+04
3.145558e+03	8.592855e-02	0.000000e+00	2.135806e+04
3.617391e+03	7.845835e-02	0.000000e+00	2.713769e+04
4.160000e+03	7.189292e-02	0.000000e+00	3.440550e+04
4.784000e+03	6.613817e-02	0.000000e+00	4.351082e+04
5.501600e+03	6.109755e-02	0.000000e+00	5.487168e+04
6.326840e+03	5.669871e-02	0.000000e+00	6.898371e+04
7.275866e+03	5.288337e-02	0.000000e+00	8.642878e+04
8.367246e+03	4.958705e-02	0.000000e+00	1.078831e+05
9.622333e+03	4.675310e-02	0.000000e+00	1.341242e+05
