# Energy_MeV	dEdx_Elec_MeV_um	dEdx_Nucl_MeV_um	Range_um
1.000000e-05	2.484063e-03	3.261602e-02	4.518586e-03
1.150000e-05	2.689289e-03	3.571106e-02	4.845643e-03
1.322500e-05	2.909139e-03	3.921562e-02	5.196374e-03
1.520875e-05	3.144693e-03	4.303546e-02	5.572490e-03
1.749006e-05	3.397106e-03	4.708188e-02	5.975830e-03
2.011357e-05	3.667615e-03	5.167439e-02	6.408363e-03
2.313061e-05	3.957545e-03	5.640488e-02	6.872204e-03
2.660020e-05	4.268315e-03	6.169590e-02	7.369618e-03
3.059023e-05	4.601445e-03	6.730008e-02	7.903035e-03
3.517876e-05	4.958565e-03	7.321285e-02	8.475061e-03
4.045558e-05	5.341421e-03	7.981448e-02	9.088490e-03
4.652391e-05	5.751886e-03	8.661362e-02	9.746320e-03
5.350250e-05	6.191965e-03	9.408549e-02	1.045176e-02
6.152788e-05	6.663809e-03	1.017281e-01	1.120827e-02
7.075706e-05	7.169724e-03	1.101979e-01	1.201953e-02
8.137062e-05	7.712184e-03	1.191525e-01	1.288951e-02
9.357621e-05	8.293837e-03	1.287629e-01	1.382246e-02
1.076126e-04	8.917527e-03	1.387821e-01	1.482293e-02
1.237545e-04	9.586302e-03	1.490419e-01	1.589583e-02
1.423177e-04	1.030343e-02	1.602492e-01	1.704637e-02
1.636654e-04	1.107241e-02	1.718597e-01	1.828020e-02
1.882152e-04	1.189700e-02	1.842423e-01	1.960333e-02
2.164475e-04	1.278124e-02	1.970086e-01	2.102223e-02
2.489146e-04	1.372943e-02	2.102791e-01	2.254383e-02
2.862518e-04	1.474622e-02	2.237661e-01	2.417556e-02
3.291895e-04	1.583657e-02	2.376844e-01	2.592540e-02
3.785680e-04	1.700581e-02	2.517749e-01	2.780190e-02
4.353531e-04	1.825965e-02	2.661622e-01	2.981421e-02
5.006561e-04	1.960421e-02	2.810844e-01	3.197218e-02
5.757545e-04	2.104607e-02	2.949025e-01	3.428635e-02
6.621177e-04	2.259226e-02	3.096473e-01	3.676801e-02
7.614354e-04	2.425035e-02	3.245592e-01	3.942930e-02
8.756507e-04	2.602843e-02	3.384528e-01	4.228321e-02
1.006998e-03	2.793519e-02	3.538748e-01	4.534369e-02
1.158048e-03	2.997994e-02	3.662298e-01	4.862569e-02
1.331755e-03	3.217268e-02	3.798141e-01	5.214525e-02
1.531519e-03	3.452412e-02	3.929531e-01	5.591955e-02
1.761246e-03	3.704573e-02	4.044985e-01	5.996703e-02
2.025433e-03	3.974985e-02	4.172409e-01	6.430748e-02
2.329248e-03	4.264968e-02	4.272479e-01	6.896209e-02
2.678635e-03	4.575940e-02	4.377316e-01	7.395360e-02
3.080431e-03	4.909418e-02	4.467201e-01	7.930640e-02
3.542495e-03	5.267033e-02	4.544665e-01	8.501061e-02
4.073870e-03	5.650531e-02	4.623402e-01	9.120021e-02
4.684950e-03	6.061786e-02	4.682666e-01	9.780553e-02
5.387693e-03	6.502807e-02	4.740651e-01	1.048853e-01
6.195847e-03	6.975749e-02	4.781406e-01	1.124765e-01
7.125224e-03	7.482922e-02	4.819791e-01	1.206175e-01
8.194007e-03	8.026803e-02	4.847928e-01	1.293477e-01
9.423108e-03	8.610050e-02	4.869343e-01	1.387097e-01
1.083657e-02	9.235513e-02	4.877892e-01	1.487495e-01
1.246206e-02	9.906246e-02	4.873578e-01	1.595159e-01
1.433137e-02	1.062553e-01	4.861874e-01	1.710615e-01
1.648108e-02	1.139687e-01	4.838023e-01	1.834429e-01
1.895324e-02	1.222404e-01	4.804714e-01	1.967204e-01
2.179622e-02	1.311108e-01	4.757961e-01	2.109590e-01
2.506566e-02	1.406233e-01	4.698754e-01	2.262281e-01
2.882550e-02	1.508243e-01	4.627376e-01	2.426024e-01
3.314933e-02	1.617636e-01	4.544259e-01	2.601619e-01
3.812173e-02	1.734948e-01	4.448325e-01	2.789925e-01
4.383999e-02	1.860750e-01	4.341467e-01	2.991860e-01
5.041599e-02	1.995658e-01	4.221936e-01	3.208410e-01
5.797838e-02	2.140330e-01	4.099198e-01	3.440634e-01
6.667514e-02	2.295474e-01	3.961853e-01	3.689667e-01
7.667641e-02	2.461848e-01	3.813051e-01	3.956727e-01
8.817787e-02	2.640263e-01	3.664636e-01	4.243115e-01
1.014046e-01	2.831593e-01	3.497262e-01	4.550231e-01
1.166152e-01	3.036770e-01	3.347234e-01	4.879577e-01
1.341075e-01	3.256799e-01	3.179605e-01	5.232763e-01
1.542237e-01	3.492754e-01	3.008475e-01	5.611512e-01
1.773572e-01	3.745787e-01	2.846395e-01	6.017675e-01
2.039608e-01	4.017134e-01	2.666295e-01	6.453233e-01
2.345549e-01	4.308122e-01	2.509452e-01	6.920319e-01
2.697381e-01	4.620172e-01	2.342032e-01	7.421233e-01
3.101989e-01	4.954808e-01	2.185005e-01	7.958273e-01
3.567287e-01	5.313681e-01	2.038706e-01	8.535085e-01
4.102380e-01	5.698542e-01	1.884296e-01	9.158905e-01
4.717737e-01	6.111259e-01	1.750105e-01	9.834479e-01
5.425397e-01	6.553848e-01	1.613718e-01	1.056667e+00
6.239207e-01	7.028473e-01	1.494085e-01	1.136092e+00
7.175088e-01	7.537452e-01	1.371856e-01	1.222355e+00
8.251351e-01	8.076578e-01	1.265982e-01	1.316187e+00
9.489054e-01	8.552697e-01	1.168270e-01	1.418448e+00
1.091241e+00	9.182584e-01	1.082758e-01	1.516721e+00
1.254927e+00	1.003495e+00	9.955897e-02	1.540990e+00
1.443166e+00	1.096436e+00	8.953458e-02	1.563383e+00
1.659641e+00	1.200657e+00	8.022069e-02	1.584376e+00
1.908588e+00	1.312548e+00	7.134212e-02	1.604567e+00
2.194876e+00	1.436555e+00	6.428398e-02	1.624850e+00
2.524107e+00	1.573431e+00	5.778877e-02	1.646293e+00
2.902723e+00	1.718206e+00	5.220383e-02	1.670213e+00
3.338132e+00	1.875697e+00	4.702011e-02	1.698203e+00
3.838852e+00	2.025723e+00	4.230498e-02	1.732153e+00
4.414679e+00	2.190908e+00	3.812970e-02	1.774278e+00
5.076881e+00	2.373738e+00	3.401249e-02	1.827133e+00
5.838413e+00	2.535906e+00	3.086750e-02	1.893633e+00
6.714175e+00	2.702836e+00	2.764340e-02	1.977027e+00
7.721302e+00	2.850458e+00	2.467701e-02	2.080975e+00
8.879497e+00	2.988429e+00	2.218927e-02	2.209484e+00
1.021142e+01	3.122741e+00	1.950412e-02	2.366957e+00
1.174313e+01	3.240813e+00	1.770845e-02	2.558246e+00
1.350460e+01	3.360370e+00	1.575000e-02	2.788751e+00
1.553030e+01	3.462035e+00	1.400937e-02	3.064639e+00
1.785984e+01	3.548415e+00	1.254205e-02	3.393105e+00
2.053882e+01	3.629460e+00	1.098808e-02	3.782772e+00
2.361964e+01	3.680101e+00	9.857595e-03	4.244191e+00
2.716258e+01	3.723300e+00	8.705753e-03	4.790433e+00
3.123697e+01	3.743136e+00	7.739920e-03	5.437829e+00
3.592252e+01	3.734575e+00	6.917656e-03	6.206853e+00
4.131089e+01	3.709938e+00	6.101829e-03	7.123229e+00
4.750753e+01	3.675004e+00	5.455751e-03	8.219312e+00
5.463366e+01	3.625222e+00	4.832898e-03	9.535761e+00
6.282871e+01	3.552812e+00	4.325962e-03	1.112427e+01
7.225301e+01	4.013088e+00	3.834500e-03	1.304770e+01
8.309096e+01	3.785744e+00	3.406983e-03	1.539226e+01
9.555461e+01	3.566035e+00	2.986757e-03	1.826741e+01
1.098878e+02	3.344898e+00	2.655607e-03	2.179459e+01
1.263710e+02	3.125793e+00	2.362514e-03	2.614122e+01
1.453266e+02	2.909680e+00	2.087585e-03	3.152355e+01
1.671256e+02	2.701200e+00	1.852315e-03	3.821473e+01
1.921945e+02	2.500274e+00	1.618079e-03	4.656162e+01
2.210236e+02	2.302489e+00	1.432099e-03	5.703290e+01
2.541772e+02	2.114600e+00	1.255450e-03	7.025278e+01
2.923037e+02	1.944874e+00	1.112567e-03	8.696119e+01
3.361493e+02	1.790839e+00	9.829695e-04	1.080304e+02
3.865717e+02	1.644023e+00	8.666699e-04	1.346605e+02
4.445574e+02	1.504369e+00	7.689155e-04	1.684352e+02
5.112411e+02	1.372602e+00	6.718913e-04	2.114032e+02
5.879272e+02	1.249052e+00	6.024089e-04	2.662062e+02
6.761163e+02	1.134084e+00	5.308902e-04	3.362351e+02
7.775337e+02	1.026508e+00	4.667236e-04	4.259088e+02
8.941638e+02	9.270743e-01	4.132944e-04	5.409933e+02
1.028288e+03	8.364649e-01	3.573606e-04	6.887861e+02
1.182532e+03	7.549415e-01	3.206548e-04	8.783887e+02
1.359911e+03	6.804591e-01	2.811783e-04	1.121509e+03
1.563898e+03	6.129789e-01	2.468218e-04	1.433331e+03
1.798483e+03	5.522596e-01	2.178666e-04	1.833131e+03
2.068255e+03	4.975681e-01	1.881110e-04	2.345433e+03
2.378493e+03	4.482800e-01	1.664989e-04	3.001290e+03
2.735268e+03	4.042402e-01	1.450640e-04	3.839889e+03
3.145558e+03	3.650942e-01	1.272489e-04	4.910569e+03
3.617391e+03	3.301949e-01	1.122916e-04	6.275124e+03
4.160000e+03	2.991499e-01	9.775200e-05	8.010604e+03
4.784000e+03	2.717178e-01	8.621810e-05	1.021259e+04
5.501600e+03	2.474820e-01	7.545087e-05	1.299896e+04
6.326840e+03	2.260668e-01	6.663952e-05	1.651413e+04
7.275866e+03	2.072549e-01	5.828493e-05	2.093373e+04
8.367246e+03	1.907795e-01	5.113893e-05	2.646968e+04
9.622333e+03	1.763236e-01	0.000000e+00	3.337542e+04
