# Energy_MeV	dEdx_Elec_MeV_um	dEdx_Nucl_MeV_um	Range_um
1.000000e-05	2.084541e-03	3.233539e-02	5.766520e-03
1.150000e-05	2.251193e-03	3.545185e-02	6.183904e-03
1.322500e-05	2.429801e-03	3.890708e-02	6.631498e-03
1.520875e-05	2.621239e-03	4.266465e-02	7.111489e-03
1.749006e-05	2.826446e-03	4.674134e-02	7.626222e-03
2.011357e-05	3.046423e-03	5.127816e-02	8.178212e-03
2.313061e-05	3.282248e-03	5.601811e-02	8.770156e-03
2.660020e-05	3.535073e-03	6.132392e-02	9.404944e-03
3.059023e-05	3.806135e-03	6.683357e-02	1.008568e-02
3.517876e-05	4.096757e-03	7.277993e-02	1.081569e-02
4.045558e-05	4.408362e-03	7.929306e-02	1.159853e-02
4.652391e-05	4.742470e-03	8.612622e-02	1.243804e-02
5.350250e-05	5.100716e-03	9.372104e-02	1.333831e-02
6.152788e-05	5.484849e-03	1.012434e-01	1.430374e-02
7.075706e-05	5.896747e-03	1.096126e-01	1.533906e-02
8.137062e-05	6.338422e-03	1.187160e-01	1.644931e-02
9.357621e-05	6.812032e-03	1.281788e-01	1.763992e-02
1.076126e-04	7.319891e-03	1.384613e-01	1.891670e-02
1.237545e-04	7.864481e-03	1.485669e-01	2.028590e-02
1.423177e-04	8.448461e-03	1.596606e-01	2.175421e-02
1.636654e-04	9.074685e-03	1.715329e-01	2.332879e-02
1.882152e-04	9.746213e-03	1.837318e-01	2.501734e-02
2.164475e-04	1.046632e-02	1.967823e-01	2.682811e-02
2.489146e-04	1.123854e-02	2.098469e-01	2.876994e-02
2.862518e-04	1.206663e-02	2.235611e-01	3.085232e-02
3.291895e-04	1.295464e-02	2.377228e-01	3.308543e-02
3.785680e-04	1.390690e-02	2.516636e-01	3.548017e-02
4.353531e-04	1.492808e-02	2.664644e-01	3.804825e-02
5.006561e-04	1.602316e-02	2.811653e-01	4.080220e-02
5.757545e-04	1.719749e-02	2.956283e-01	4.375548e-02
6.621177e-04	1.845680e-02	3.102649e-01	4.692253e-02
7.614354e-04	1.980726e-02	3.249574e-01	5.031880e-02
8.756507e-04	2.125545e-02	3.395650e-01	5.396091e-02
1.006998e-03	2.280845e-02	3.549648e-01	5.786662e-02
1.158048e-03	2.447384e-02	3.680632e-01	6.205504e-02
1.331755e-03	2.625978e-02	3.816652e-01	6.654662e-02
1.531519e-03	2.817497e-02	3.945652e-01	7.136330e-02
1.761246e-03	3.022878e-02	4.069164e-01	7.652861e-02
2.025433e-03	3.243123e-02	4.196942e-01	8.206779e-02
2.329248e-03	3.479310e-02	4.302234e-01	8.800790e-02
2.678635e-03	3.732591e-02	4.412117e-01	9.437796e-02
3.080431e-03	4.004204e-02	4.501327e-01	1.012091e-01
3.542495e-03	4.295476e-02	4.583434e-01	1.085347e-01
4.073870e-03	4.607831e-02	4.662117e-01	1.163905e-01
4.684950e-03	4.942793e-02	4.726029e-01	1.247550e-01
5.387693e-03	5.301999e-02	4.789725e-01	1.338406e-01
6.195847e-03	5.687205e-02	4.830196e-01	1.435403e-01
7.125224e-03	6.100292e-02	4.869152e-01	1.539302e-01
8.194007e-03	6.543277e-02	4.902213e-01	1.650711e-01
9.423108e-03	7.018326e-02	4.923716e-01	1.770189e-01
1.083657e-02	7.527760e-02	4.937260e-01	1.898312e-01
1.246206e-02	8.074065e-02	4.933367e-01	2.035711e-01
1.433137e-02	8.659913e-02	4.922800e-01	2.183055e-01
1.648108e-02	9.288164e-02	4.902550e-01	2.341063e-01
1.895324e-02	9.961888e-02	4.870126e-01	2.510507e-01
2.179622e-02	1.068438e-01	4.826224e-01	2.692216e-01
2.506566e-02	1.145916e-01	4.768206e-01	2.887078e-01
2.882550e-02	1.229002e-01	4.698728e-01	3.096044e-01
3.314933e-02	1.318102e-01	4.616930e-01	3.320135e-01
3.812173e-02	1.413651e-01	4.522730e-01	3.560445e-01
4.383999e-02	1.516116e-01	4.416119e-01	3.818149e-01
5.041599e-02	1.625997e-01	4.298619e-01	4.094507e-01
5.797838e-02	1.743832e-01	4.174137e-01	4.390868e-01
6.667514e-02	1.870195e-01	4.038309e-01	4.708678e-01
7.667641e-02	2.005705e-01	3.892215e-01	5.049491e-01
8.817787e-02	2.151023e-01	3.740089e-01	5.414973e-01
1.014046e-01	2.306859e-01	3.574080e-01	5.806911e-01
1.166152e-01	2.473975e-01	3.418396e-01	6.227216e-01
1.341075e-01	2.653187e-01	3.251568e-01	6.677942e-01
1.542237e-01	2.845370e-01	3.082247e-01	7.161290e-01
1.773572e-01	3.051463e-01	2.914219e-01	7.679627e-01
2.039608e-01	3.272474e-01	2.734766e-01	8.235482e-01
2.345549e-01	3.509481e-01	2.572607e-01	8.831568e-01
2.697381e-01	3.763643e-01	2.399839e-01	9.470796e-01
3.101989e-01	4.036202e-01	2.243213e-01	1.015630e+00
3.567287e-01	4.328488e-01	2.092608e-01	1.089143e+00
4.102380e-01	4.641930e-01	1.938564e-01	1.167963e+00
4.717737e-01	4.978068e-01	1.799190e-01	1.252589e+00
5.425397e-01	5.338546e-01	1.654417e-01	1.344080e+00
6.239207e-01	5.725114e-01	1.536194e-01	1.443163e+00
7.175088e-01	6.139662e-01	1.414127e-01	1.550541e+00
8.251351e-01	6.584216e-01	1.296972e-01	1.667014e+00
9.489054e-01	7.060948e-01	1.199875e-01	1.793503e+00
1.091241e+00	7.572186e-01	1.112950e-01	1.931075e+00
1.254927e+00	8.020637e-01	1.027367e-01	2.080984e+00
1.443166e+00	8.602658e-01	9.289475e-02	2.152235e+00
1.659641e+00	9.410414e-01	8.264964e-02	2.196357e+00
1.908588e+00	1.029503e+00	7.383539e-02	2.238078e+00
2.194876e+00	1.128736e+00	6.622598e-02	2.277898e+00
2.524107e+00	1.233949e+00	5.981047e-02	2.316767e+00
2.902723e+00	1.350748e+00	5.391280e-02	2.355826e+00
3.338132e+00	1.478361e+00	4.843645e-02	2.396575e+00
3.838852e+00	1.612170e+00	4.378043e-02	2.440908e+00
4.414679e+00	1.757419e+00	3.932562e-02	2.491158e+00
5.076881e+00	1.887631e+00	3.525770e-02	2.550139e+00
5.838413e+00	2.031117e+00	3.181437e-02	2.621189e+00
6.714175e+00	2.188243e+00	2.857115e-02	2.708204e+00
7.721302e+00	2.325940e+00	2.561536e-02	2.815620e+00
8.879497e+00	2.465929e+00	2.294216e-02	2.948563e+00
1.021142e+01	2.585023e+00	2.023549e-02	3.112723e+00
1.174313e+01	2.698005e+00	1.826959e-02	3.314443e+00
1.350460e+01	2.804017e+00	1.629343e-02	3.560745e+00
1.553030e+01	2.897353e+00	1.453650e-02	3.859414e+00
1.785984e+01	2.991279e+00	1.297808e-02	4.219197e+00
2.053882e+01	3.066245e+00	1.140103e-02	4.650085e+00
2.361964e+01	3.129505e+00	1.020596e-02	5.163777e+00
2.716258e+01	3.184145e+00	8.991305e-03	5.774328e+00
3.123697e+01	3.214545e+00	8.012893e-03	6.498920e+00
3.592252e+01	3.237453e+00	7.157249e-03	7.358878e+00
4.131089e+01	3.238075e+00	6.328840e-03	8.380870e+00
4.750753e+01	3.218149e+00	5.652407e-03	9.598404e+00
5.463366e+01	3.182451e+00	4.978688e-03	1.105367e+01
6.282871e+01	3.137104e+00	4.476735e-03	1.279987e+01
7.225301e+01	3.079952e+00	3.983098e-03	1.490408e+01
8.309096e+01	3.003894e+00	3.519511e-03	1.745168e+01
9.555461e+01	3.374148e+00	3.103055e-03	2.054739e+01
1.098878e+02	3.170128e+00	2.737406e-03	2.433291e+01
1.263710e+02	2.975374e+00	2.446924e-03	2.899199e+01
1.453266e+02	2.781073e+00	2.170017e-03	3.472847e+01
1.671256e+02	2.590095e+00	1.914368e-03	4.182208e+01
1.921945e+02	2.402675e+00	1.682210e-03	5.063531e+01
2.210236e+02	2.222650e+00	1.480691e-03	6.162836e+01
2.541772e+02	2.050280e+00	1.306053e-03	7.538507e+01
2.923037e+02	1.881671e+00	1.153549e-03	9.269143e+01
3.361493e+02	1.721918e+00	1.015564e-03	1.146002e+02
3.865717e+02	1.577272e+00	9.006441e-04	1.423741e+02
4.445574e+02	1.447174e+00	7.953558e-04	1.774953e+02
5.112411e+02	1.323992e+00	6.994272e-04	2.219880e+02
5.879272e+02	1.207586e+00	6.224696e-04	2.785331e+02
6.761163e+02	1.098387e+00	5.503924e-04	3.505974e+02
7.775337e+02	9.965887e-01	4.853525e-04	4.426538e+02
8.941638e+02	9.024262e-01	4.285535e-04	5.604401e+02
1.028288e+03	8.148431e-01	3.714544e-04	7.114181e+02
1.182532e+03	7.342580e-01	3.315763e-04	9.053322e+02
1.359911e+03	6.611144e-01	2.916797e-04	1.154532e+03
1.563898e+03	5.957603e-01	2.563860e-04	1.474408e+03
1.798483e+03	5.362723e-01	2.260534e-04	1.884691e+03
2.068255e+03	4.824936e-01	1.954862e-04	2.411000e+03
2.378493e+03	4.342014e-01	1.728697e-04	3.085847e+03
2.735268e+03	3.908402e-01	1.501602e-04	3.950602e+03
3.145558e+03	3.518969e-01	1.319129e-04	5.057651e+03
3.617391e+03	3.171424e-01	1.164866e-04	6.473121e+03
4.160000e+03	2.862707e-01	1.015308e-04	8.280285e+03
4.784000e+03	2.587970e-01	8.957604e-05	1.058350e+04
5.501600e+03	2.343843e-01	7.787247e-05	1.351294e+04
6.326840e+03	2.128130e-01	6.914447e-05	1.723016e+04
7.275866e+03	1.937658e-01	6.074559e-05	2.193449e+04
8.367246e+03	1.769448e-01	5.295287e-05	2.787030e+04
9.622333e+03	1.621626e-01	4.591159e-05	3.533493e+04
