# Energy_MeV	dEdx_Elec_MeV_um	dEdx_Nucl_MeV_um	Range_um
1.000000e-05	2.389406e-03	2.708676e-02	6.179285e-03
1.150000e-05	2.578995e-03	2.955745e-02	6.626545e-03
1.322500e-05	2.782202e-03	3.218756e-02	7.106178e-03
1.520875e-05	3.000024e-03	3.506821e-02	7.620527e-03
1.749006e-05	3.233525e-03	3.809976e-02	8.172105e-03
2.011357e-05	3.483847e-03	4.140610e-02	8.763606e-03
2.313061e-05	3.752215e-03	4.477662e-02	9.397921e-03
2.660020e-05	4.039940e-03	4.856256e-02	1.007815e-02
3.059023e-05	4.348428e-03	5.253751e-02	1.080761e-02
3.517876e-05	4.679188e-03	5.667451e-02	1.158987e-02
4.045558e-05	5.033836e-03	6.131049e-02	1.242875e-02
4.652391e-05	5.414104e-03	6.572453e-02	1.332835e-02
5.350250e-05	5.821851e-03	7.080068e-02	1.429306e-02
6.152788e-05	6.259070e-03	7.595976e-02	1.532760e-02
7.075706e-05	6.727896e-03	8.128536e-02	1.643702e-02
8.137062e-05	7.230620e-03	8.721913e-02	1.762674e-02
9.357621e-05	7.769699e-03	9.293331e-02	1.890258e-02
1.076126e-04	8.347765e-03	9.911544e-02	2.027075e-02
1.237545e-04	8.967644e-03	1.052411e-01	2.173796e-02
1.423177e-04	9.632364e-03	1.115401e-01	2.331137e-02
1.636654e-04	1.034517e-02	1.182108e-01	2.499866e-02
1.882152e-04	1.110955e-02	1.246285e-01	2.680807e-02
2.164475e-04	1.192923e-02	1.311517e-01	2.874845e-02
2.489146e-04	1.280823e-02	1.375193e-01	3.082928e-02
2.862518e-04	1.375082e-02	1.444104e-01	3.306072e-02
3.291895e-04	1.476163e-02	1.506537e-01	3.545367e-02
3.785680e-04	1.584558e-02	1.574190e-01	3.801983e-02
4.353531e-04	1.700798e-02	1.634531e-01	4.077173e-02
5.006561e-04	1.825449e-02	1.693598e-01	4.372280e-02
5.757545e-04	1.959122e-02	1.755587e-01	4.688748e-02
6.621177e-04	2.102469e-02	1.807945e-01	5.028123e-02
7.614354e-04	2.256190e-02	1.864516e-01	5.392061e-02
8.756507e-04	2.421037e-02	1.913800e-01	5.782341e-02
1.006998e-03	2.597814e-02	1.961173e-01	6.200870e-02
1.158048e-03	2.787386e-02	2.003382e-01	6.649692e-02
1.331755e-03	2.990678e-02	2.040815e-01	7.131000e-02
1.531519e-03	3.208684e-02	2.076106e-01	7.647146e-02
1.761246e-03	3.442469e-02	2.105120e-01	8.200650e-02
2.025433e-03	3.693174e-02	2.132422e-01	8.794218e-02
2.329248e-03	3.962025e-02	2.152237e-01	9.430311e-02
2.678635e-03	4.250335e-02	2.172097e-01	1.011369e-01
3.080431e-03	4.559512e-02	2.185796e-01	1.084553e-01
3.542495e-03	4.891068e-02	2.194700e-01	1.163063e-01
4.073870e-03	5.246621e-02	2.202893e-01	1.247242e-01
4.684950e-03	5.627908e-02	2.200769e-01	1.337516e-01
5.387693e-03	6.036794e-02	2.198126e-01	1.434325e-01
6.195847e-03	6.475274e-02	2.188686e-01	1.538140e-01
7.125224e-03	6.945491e-02	2.174065e-01	1.649470e-01
8.194007e-03	7.449742e-02	2.156174e-01	1.768857e-01
9.423108e-03	7.990491e-02	2.130474e-01	1.896886e-01
1.083657e-02	8.570379e-02	2.100468e-01	2.034182e-01
1.246206e-02	9.192240e-02	2.064436e-01	2.181416e-01
1.433137e-02	9.859111e-02	2.023122e-01	2.339305e-01
1.648108e-02	1.057425e-01	1.976271e-01	2.508623e-01
1.895324e-02	1.134115e-01	1.924668e-01	2.690197e-01
2.179622e-02	1.216356e-01	1.869666e-01	2.884914e-01
2.506566e-02	1.304550e-01	1.810099e-01	3.093723e-01
2.882550e-02	1.399127e-01	1.743846e-01	3.317646e-01
3.314933e-02	1.500550e-01	1.678123e-01	3.557777e-01
3.812173e-02	1.609313e-01	1.604734e-01	3.815289e-01
4.383999e-02	1.725949e-01	1.535166e-01	4.091441e-01
5.041599e-02	1.851027e-01	1.461917e-01	4.387579e-01
5.797838e-02	1.985159e-01	1.383314e-01	4.705151e-01
6.667514e-02	2.128999e-01	1.311392e-01	5.045711e-01
7.667641e-02	2.283250e-01	1.231454e-01	5.410921e-01
8.817787e-02	2.448665e-01	1.157916e-01	5.802566e-01
1.014046e-01	2.626054e-01	1.082605e-01	6.222556e-01
1.166152e-01	2.816282e-01	1.010718e-01	6.672944e-01
1.341075e-01	3.020279e-01	9.427039e-02	7.155935e-01
1.542237e-01	3.239042e-01	8.738519e-02	7.673877e-01
1.773572e-01	3.473638e-01	8.117534e-02	8.229363e-01
2.039608e-01	3.725215e-01	7.487991e-02	8.824813e-01
2.345549e-01	3.995016e-01	6.944543e-02	9.465318e-01
2.697381e-01	4.284349e-01	6.361475e-02	1.015868e+00
3.101989e-01	4.594624e-01	5.866928e-02	1.090956e+00
3.567287e-01	4.927357e-01	5.453002e-02	1.172354e+00
4.102380e-01	5.284174e-01	5.000771e-02	1.260673e+00
4.717737e-01	5.666800e-01	4.623662e-02	1.344435e+00
5.425397e-01	6.055571e-01	4.189986e-02	1.397798e+00
6.239207e-01	6.433069e-01	3.756994e-02	1.450467e+00
7.175088e-01	6.966274e-01	3.380234e-02	1.502325e+00
8.251351e-01	7.640077e-01	2.994056e-02	1.553365e+00
9.489054e-01	8.334700e-01	2.715969e-02	1.603733e+00
1.091241e+00	9.094800e-01	2.439436e-02	1.653764e+00
1.254927e+00	9.891003e-01	2.205413e-02	1.704033e+00
1.443166e+00	1.070428e+00	1.987346e-02	1.755399e+00
1.659641e+00	1.158101e+00	1.779913e-02	1.809047e+00
1.908588e+00	1.236704e+00	1.603731e-02	1.866556e+00
2.194876e+00	1.312844e+00	1.442557e-02	1.929963e+00
2.524107e+00	1.377563e+00	1.300235e-02	2.001790e+00
2.902723e+00	1.445550e+00	1.156437e-02	2.085119e+00
3.338132e+00	1.518255e+00	1.044357e-02	2.183637e+00
3.838852e+00	1.572875e+00	9.224684e-03	2.301700e+00
4.414679e+00	1.624762e+00	8.302068e-03	2.444376e+00
5.076881e+00	1.670649e+00	7.425747e-03	2.617504e+00
5.838413e+00	1.705041e+00	6.566184e-03	2.827758e+00
6.714175e+00	1.737622e+00	5.914584e-03	3.082755e+00
7.721302e+00	1.761968e+00	5.195970e-03	3.391204e+00
8.879497e+00	1.780503e+00	4.637331e-03	3.763188e+00
1.021142e+01	1.792371e+00	4.104311e-03	4.210562e+00
1.174313e+01	1.791479e+00	3.643811e-03	4.747553e+00
1.350460e+01	1.785504e+00	3.248856e-03	5.391548e+00
1.553030e+01	1.768812e+00	2.872530e-03	6.164137e+00
1.785984e+01	1.744015e+00	2.570157e-03	7.092422e+00
2.053882e+01	1.711076e+00	2.274318e-03	8.210678e+00
2.361964e+01	1.668683e+00	2.040062e-03	9.562449e+00
2.716258e+01	1.619788e+00	1.797423e-03	1.120320e+01
3.123697e+01	1.564195e+00	1.600532e-03	1.320375e+01
3.592252e+01	1.502564e+00	1.421662e-03	1.565432e+01
4.131089e+01	1.433116e+00	1.242464e-03	1.867114e+01
4.750753e+01	1.482391e+00	1.117724e-03	2.239843e+01
5.463366e+01	1.373775e+00	9.795282e-04	2.703727e+01
6.282871e+01	1.270143e+00	8.711163e-04	3.283269e+01
7.225301e+01	1.170355e+00	7.714316e-04	4.008090e+01
8.309096e+01	1.074066e+00	6.718314e-04	4.918206e+01
9.555461e+01	9.824780e-01	5.963186e-04	6.065511e+01
1.098878e+02	8.965333e-01	5.237957e-04	7.515753e+01
1.263710e+02	8.154580e-01	4.645318e-04	9.353905e+01
1.453266e+02	7.381167e-01	4.105828e-04	1.169518e+02
1.671256e+02	6.665542e-01	3.610555e-04	1.469023e+02
1.921945e+02	6.042157e-01	3.195870e-04	1.851690e+02
2.210236e+02	5.475992e-01	2.831214e-04	2.339349e+02
2.541772e+02	4.951619e-01	2.510893e-04	2.961820e+02
2.923037e+02	4.467668e-01	2.195162e-04	3.757895e+02
3.361493e+02	4.023703e-01	1.958448e-04	4.777685e+02
3.865717e+02	3.618930e-01	1.697020e-04	6.085507e+02
4.445574e+02	3.251781e-01	1.511259e-04	7.763847e+02
5.112411e+02	2.914770e-01	1.331671e-04	9.920247e+02
5.879272e+02	2.611238e-01	1.160000e-04	1.269383e+03
6.761163e+02	2.341750e-01	1.033827e-04	1.625933e+03
7.775337e+02	2.102270e-01	8.921604e-05	2.083504e+03
8.941638e+02	1.886675e-01	7.876133e-05	2.670346e+03
1.028288e+03	1.693515e-01	6.869309e-05	3.422821e+03
1.182532e+03	1.521028e-01	6.016967e-05	4.387102e+03
1.359911e+03	1.367141e-01	5.300066e-05	5.621879e+03
1.563898e+03	1.230030e-01	4.613187e-05	7.201429e+03
1.798483e+03	1.108174e-01	0.000000e+00	9.219490e+03
2.068255e+03	1.000028e-01	0.000000e+00	1.179402e+04
2.378493e+03	9.040547e-02	0.000000e+00	1.507264e+04
2.735268e+03	8.190759e-02	0.000000e+00	1.923932e+04
3.145558e+03	7.440415e-02	0.000000e+00	2.452203e+04
3.617391e+03	6.778145e-02	0.000000e+00	3.120153e+04
4.160000e+03	6.194485e-02	0.000000e+00	3.962126e+04
4.784000e+03	5.681925e-02	0.000000e+00	5.019817e+04
5.501600e+03	5.232778e-02	0.000000e+00	6.343436e+04
6.326840e+03	4.839791e-02	0.000000e+00	7.992909e+04
7.275866e+03	4.497539e-02	0.000000e+00	1.003909e+05
8.367246e+03	4.201074e-02	0.000000e+00	1.256491e+05
9.622333e+03	3.945234e-02	0.000000e+00	1.566648e+05
