# Energy_MeV	dEdx_Elec_MeV_um	dEdx_Nucl_MeV_um	Range_um
1.000000e-05	2.650571e-03	3.018179e-02	4.504659e-03
1.150000e-05	2.869661e-03	3.302719e-02	4.830709e-03
1.322500e-05	3.104361e-03	3.622649e-02	5.180358e-03
1.520875e-05	3.355823e-03	3.960090e-02	5.555315e-03
1.749006e-05	3.625282e-03	4.331295e-02	5.957412e-03
2.011357e-05	3.914058e-03	4.725238e-02	6.388612e-03
2.313061e-05	4.223565e-03	5.146429e-02	6.851023e-03
2.660020e-05	4.555318e-03	5.606686e-02	7.346904e-03
3.059023e-05	4.910940e-03	6.089950e-02	7.878677e-03
3.517876e-05	5.292171e-03	6.619961e-02	8.448940e-03
4.045558e-05	5.700875e-03	7.157142e-02	9.060478e-03
4.652391e-05	6.139050e-03	7.761117e-02	9.716281e-03
5.350250e-05	6.608838e-03	8.395805e-02	1.041955e-02
6.152788e-05	7.112535e-03	9.059292e-02	1.117372e-02
7.075706e-05	7.652604e-03	9.795630e-02	1.198248e-02
8.137062e-05	8.231682e-03	1.050368e-01	1.284978e-02
9.357621e-05	8.852600e-03	1.130972e-01	1.377985e-02
1.076126e-04	9.518392e-03	1.213563e-01	1.477725e-02
1.237545e-04	1.023231e-02	1.298999e-01	1.584683e-02
1.423177e-04	1.099784e-02	1.393100e-01	1.699384e-02
1.636654e-04	1.181873e-02	1.484735e-01	1.822386e-02
1.882152e-04	1.269899e-02	1.582994e-01	1.954291e-02
2.164475e-04	1.364291e-02	1.681244e-01	2.095744e-02
2.489146e-04	1.465511e-02	1.781497e-01	2.247435e-02
2.862518e-04	1.574053e-02	1.887439e-01	2.410105e-02
3.291895e-04	1.690448e-02	1.990396e-01	2.584550e-02
3.785680e-04	1.815264e-02	2.093864e-01	2.771621e-02
4.353531e-04	1.949112e-02	2.196088e-01	2.972232e-02
5.006561e-04	2.092644e-02	2.304872e-01	3.187364e-02
5.757545e-04	2.246562e-02	2.405046e-01	3.418067e-02
6.621177e-04	2.411619e-02	2.513711e-01	3.665469e-02
7.614354e-04	2.588620e-02	2.608522e-01	3.930777e-02
8.756507e-04	2.778430e-02	2.703440e-01	4.215289e-02
1.006998e-03	2.981976e-02	2.800712e-01	4.520394e-02
1.158048e-03	3.200254e-02	2.884776e-01	4.847583e-02
1.331755e-03	3.434328e-02	2.975715e-01	5.198453e-02
1.531519e-03	3.685344e-02	3.052669e-01	5.574720e-02
1.761246e-03	3.954527e-02	3.128781e-01	5.978221e-02
2.025433e-03	4.243191e-02	3.195087e-01	6.410928e-02
2.329248e-03	4.552748e-02	3.254535e-01	6.874954e-02
2.678635e-03	4.884710e-02	3.310866e-01	7.372595e-02
3.080431e-03	5.240698e-02	3.356341e-01	7.906475e-02
3.542495e-03	5.622452e-02	3.400276e-01	8.478583e-02
4.073870e-03	6.031836e-02	3.430996e-01	9.092344e-02
4.684950e-03	6.470850e-02	3.461775e-01	9.750418e-02
5.387693e-03	6.941640e-02	3.483744e-01	1.045614e-01
6.195847e-03	7.446505e-02	3.498186e-01	1.121296e-01
7.125224e-03	7.987912e-02	3.510254e-01	1.202454e-01
8.194007e-03	8.568505e-02	3.506984e-01	1.289487e-01
9.423108e-03	9.191122e-02	3.501989e-01	1.382819e-01
1.083657e-02	9.858803e-02	3.486897e-01	1.482907e-01
1.246206e-02	1.057481e-01	3.463594e-01	1.590239e-01
1.433137e-02	1.134264e-01	3.434327e-01	1.705340e-01
1.648108e-02	1.216605e-01	3.393220e-01	1.828772e-01
1.895324e-02	1.304906e-01	3.344926e-01	1.961137e-01
2.179622e-02	1.399597e-01	3.287239e-01	2.103084e-01
2.506566e-02	1.501143e-01	3.221013e-01	2.255306e-01
2.882550e-02	1.610038e-01	3.146034e-01	2.418544e-01
3.314933e-02	1.726816e-01	3.063351e-01	2.593598e-01
3.812173e-02	1.852045e-01	2.975532e-01	2.781322e-01
4.383999e-02	1.986339e-01	2.880025e-01	2.982635e-01
5.041599e-02	2.130353e-01	2.774679e-01	3.198518e-01
5.797838e-02	2.284791e-01	2.669295e-01	3.430027e-01
6.667514e-02	2.450407e-01	2.551558e-01	3.678292e-01
7.667641e-02	2.628011e-01	2.441319e-01	3.944527e-01
8.817787e-02	2.818469e-01	2.323736e-01	4.230034e-01
1.014046e-01	3.022713e-01	2.199604e-01	4.536205e-01
1.166152e-01	3.241741e-01	2.084196e-01	4.864535e-01
1.341075e-01	3.476621e-01	1.955839e-01	5.216630e-01
1.542237e-01	3.728503e-01	1.840032e-01	5.594213e-01
1.773572e-01	3.998615e-01	1.719131e-01	5.999117e-01
2.039608e-01	4.288279e-01	1.605505e-01	6.433376e-01
2.345549e-01	4.598908e-01	1.497630e-01	6.898872e-01
2.697381e-01	4.932047e-01	1.387122e-01	7.399743e-01
3.101989e-01	5.289302e-01	1.289039e-01	7.942011e-01
3.567287e-01	5.672416e-01	1.187904e-01	8.529266e-01
4.102380e-01	6.083260e-01	1.102293e-01	9.165899e-01
4.717737e-01	6.523841e-01	1.010642e-01	9.856702e-01
5.425397e-01	6.996313e-01	9.313481e-02	1.060726e+00
6.239207e-01	7.469822e-01	8.646192e-02	1.142407e+00
7.175088e-01	7.926938e-01	7.948198e-02	1.202360e+00
8.251351e-01	8.586731e-01	7.344355e-02	1.231076e+00
9.489054e-01	9.412096e-01	6.649937e-02	1.258396e+00
1.091241e+00	1.029654e+00	5.955595e-02	1.284494e+00
1.254927e+00	1.127845e+00	5.348558e-02	1.309791e+00
1.443166e+00	1.234686e+00	4.751743e-02	1.334804e+00
1.659641e+00	1.349435e+00	4.304971e-02	1.360247e+00
1.908588e+00	1.476713e+00	3.870186e-02	1.387051e+00
2.194876e+00	1.605863e+00	3.494047e-02	1.416393e+00
2.524107e+00	1.736363e+00	3.150320e-02	1.449721e+00
2.902723e+00	1.862011e+00	2.823930e-02	1.488784e+00
3.338132e+00	1.995812e+00	2.540830e-02	1.535660e+00
3.838852e+00	2.139555e+00	2.287900e-02	1.592742e+00
4.414679e+00	2.260449e+00	2.058994e-02	1.662837e+00
5.076881e+00	2.377356e+00	1.834747e-02	1.749097e+00
5.838413e+00	2.488134e+00	1.654616e-02	1.855071e+00
6.714175e+00	2.578549e+00	1.458483e-02	1.984715e+00
7.721302e+00	2.669830e+00	1.316009e-02	2.142426e+00
8.879497e+00	2.750476e+00	1.174980e-02	2.333118e+00
1.021142e+01	2.822491e+00	1.041549e-02	2.562355e+00
1.174313e+01	2.887788e+00	9.367912e-03	2.836560e+00
1.350460e+01	2.929237e+00	8.211414e-03	3.163348e+00
1.553030e+01	2.965613e+00	7.349349e-03	3.551927e+00
1.785984e+01	2.984167e+00	6.492233e-03	4.013643e+00
2.053882e+01	2.987353e+00	5.772552e-03	4.562627e+00
2.361964e+01	2.978952e+00	5.150177e-03	5.216611e+00
2.716258e+01	2.942779e+00	4.545499e-03	5.997916e+00
3.123697e+01	2.899332e+00	4.072434e-03	6.934703e+00
3.592252e+01	2.847191e+00	3.596490e-03	8.062578e+00
4.131089e+01	2.780090e+00	3.231200e-03	9.426441e+00
4.750753e+01	2.699300e+00	2.852180e-03	1.108364e+01
5.463366e+01	2.982690e+00	2.536492e-03	1.310441e+01
6.282871e+01	2.798238e+00	2.248581e-03	1.558781e+01
7.225301e+01	2.617113e+00	1.970126e-03	1.865106e+01
8.309096e+01	2.438913e+00	1.769335e-03	2.243507e+01
9.555461e+01	2.263280e+00	1.554163e-03	2.713088e+01
1.098878e+02	2.093271e+00	1.380304e-03	3.298536e+01
1.263710e+02	1.931079e+00	1.219841e-03	4.030909e+01
1.453266e+02	1.774851e+00	1.065160e-03	4.950372e+01
1.671256e+02	1.623977e+00	9.437810e-04	6.111635e+01
1.921945e+02	1.481844e+00	8.301633e-04	7.585800e+01
2.210236e+02	1.357070e+00	7.348466e-04	9.455712e+01
2.541772e+02	1.241752e+00	6.500792e-04	1.182368e+02
2.923037e+02	1.132849e+00	5.723601e-04	1.483050e+02
3.361493e+02	1.030468e+00	5.057004e-04	1.865951e+02
3.865717e+02	9.349430e-01	4.486584e-04	2.354804e+02
4.445574e+02	8.464558e-01	3.971191e-04	2.980112e+02
5.112411e+02	7.649223e-01	3.480358e-04	3.781094e+02
5.879272e+02	6.891501e-01	3.099682e-04	4.809027e+02
6.761163e+02	6.200437e-01	2.678830e-04	6.130262e+02
7.775337e+02	5.580413e-01	2.393692e-04	7.828137e+02
8.941638e+02	5.023215e-01	2.104581e-04	1.000695e+03
1.028288e+03	4.517746e-01	1.838896e-04	1.280191e+03
1.182532e+03	4.062595e-01	1.635929e-04	1.638689e+03
1.359911e+03	3.654613e-01	1.407866e-04	2.098267e+03
1.563898e+03	3.288686e-01	1.247272e-04	2.686971e+03
1.798483e+03	2.960985e-01	1.085311e-04	3.440281e+03
2.068255e+03	2.669363e-01	9.523876e-05	4.402946e+03
2.378493e+03	2.410351e-01	8.396136e-05	5.631249e+03
2.735268e+03	2.179941e-01	7.292317e-05	7.195602e+03
3.145558e+03	1.975698e-01	6.467413e-05	9.183714e+03
3.617391e+03	1.795406e-01	5.630246e-05	1.170424e+04
4.160000e+03	1.636171e-01	5.002080e-05	1.489095e+04
4.784000e+03	1.495757e-01	0.000000e+00	1.890745e+04
5.501600e+03	1.372559e-01	0.000000e+00	2.395229e+04
6.326840e+03	1.264611e-01	0.000000e+00	3.026450e+04
7.275866e+03	1.170016e-01	0.000000e+00	3.812925e+04
8.367246e+03	1.087624e-01	0.000000e+00	4.788360e+04
9.622333e+03	1.016327e-01	0.000000e+00	5.992189e+04
