# Energy_MeV	dEdx_Elec_MeV_um	dEdx_Nucl_MeV_um	Range_um
1.000000e-05	2.129308e-03	3.158645e-02	5.946245e-03
1.150000e-05	2.298956e-03	3.465689e-02	6.376637e-03
1.322500e-05	2.480781e-03	3.796750e-02	6.838182e-03
1.520875e-05	2.675675e-03	4.164378e-02	7.333133e-03
1.749006e-05	2.884592e-03	4.552002e-02	7.863909e-03
2.011357e-05	3.108552e-03	4.980499e-02	8.433103e-03
2.313061e-05	3.348651e-03	5.431025e-02	9.043495e-03
2.660020e-05	3.606063e-03	5.917007e-02	9.698068e-03
3.059023e-05	3.882047e-03	6.445558e-02	1.040002e-02
3.517876e-05	4.177951e-03	7.002711e-02	1.115278e-02
4.045558e-05	4.495221e-03	7.619843e-02	1.196002e-02
4.652391e-05	4.835408e-03	8.233655e-02	1.282570e-02
5.350250e-05	5.200174e-03	8.919239e-02	1.375403e-02
6.152788e-05	5.591302e-03	9.660632e-02	1.474955e-02
7.075706e-05	6.010702e-03	1.042401e-01	1.581713e-02
8.137062e-05	6.460424e-03	1.127519e-01	1.696198e-02
9.357621e-05	6.942665e-03	1.209025e-01	1.818970e-02
1.076126e-04	7.459782e-03	1.300266e-01	1.950628e-02
1.237545e-04	8.014299e-03	1.397066e-01	2.091815e-02
1.423177e-04	8.608928e-03	1.495444e-01	2.243222e-02
1.636654e-04	9.246572e-03	1.603677e-01	2.405588e-02
1.882152e-04	9.930347e-03	1.709083e-01	2.579705e-02
2.164475e-04	1.066359e-02	1.822251e-01	2.766426e-02
2.489146e-04	1.144990e-02	1.937341e-01	2.966661e-02
2.862518e-04	1.229309e-02	2.051423e-01	3.181390e-02
3.291895e-04	1.319730e-02	2.174024e-01	3.411660e-02
3.785680e-04	1.416694e-02	2.292579e-01	3.658598e-02
4.353531e-04	1.520676e-02	2.413103e-01	3.923409e-02
5.006561e-04	1.632182e-02	2.531044e-01	4.207388e-02
5.757545e-04	1.751757e-02	2.653083e-01	4.511921e-02
6.621177e-04	1.879987e-02	2.772607e-01	4.838496e-02
7.614354e-04	2.017497e-02	2.898158e-01	5.188709e-02
8.756507e-04	2.164958e-02	3.008165e-01	5.564270e-02
1.006998e-03	2.323093e-02	3.117966e-01	5.967015e-02
1.158048e-03	2.492672e-02	3.226090e-01	6.398911e-02
1.331755e-03	2.674525e-02	3.327429e-01	6.862068e-02
1.531519e-03	2.869539e-02	3.432731e-01	7.358748e-02
1.761246e-03	3.078668e-02	3.520801e-01	7.891378e-02
2.025433e-03	3.302934e-02	3.610841e-01	8.462560e-02
2.329248e-03	3.543431e-02	3.685144e-01	9.075084e-02
2.678635e-03	3.801335e-02	3.754432e-01	9.731944e-02
3.080431e-03	4.077905e-02	3.819555e-01	1.043635e-01
3.542495e-03	4.374494e-02	3.872601e-01	1.119174e-01
4.073870e-03	4.692549e-02	3.925971e-01	1.199987e-01
4.684950e-03	5.033625e-02	3.959732e-01	1.287090e-01
5.387693e-03	5.399388e-02	3.993448e-01	1.380228e-01
6.195847e-03	5.791624e-02	4.021137e-01	1.480143e-01
7.125224e-03	6.212251e-02	4.038270e-01	1.587270e-01
8.194007e-03	6.663322e-02	4.052243e-01	1.702156e-01
9.423108e-03	7.147042e-02	4.048919e-01	1.825356e-01
1.083657e-02	7.665773e-02	4.042038e-01	1.957475e-01
1.246206e-02	8.222050e-02	4.026230e-01	2.099156e-01
1.433137e-02	8.818591e-02	3.999880e-01	2.251091e-01
1.648108e-02	9.458309e-02	3.965981e-01	2.414023e-01
1.895324e-02	1.014433e-01	3.919032e-01	2.588749e-01
2.179622e-02	1.088001e-01	3.863474e-01	2.776123e-01
2.506566e-02	1.166893e-01	3.797304e-01	2.977057e-01
2.882550e-02	1.251496e-01	3.721313e-01	3.192535e-01
3.314933e-02	1.342222e-01	3.634745e-01	3.423610e-01
3.812173e-02	1.439515e-01	3.539855e-01	3.671411e-01
4.383999e-02	1.543850e-01	3.437993e-01	3.937148e-01
5.041599e-02	1.655737e-01	3.328191e-01	4.222117e-01
5.797838e-02	1.775722e-01	3.208751e-01	4.527713e-01
6.667514e-02	1.904392e-01	3.084848e-01	4.855430e-01
7.667641e-02	2.042375e-01	2.949267e-01	5.206867e-01
8.817787e-02	2.190346e-01	2.821099e-01	5.583741e-01
1.014046e-01	2.349026e-01	2.685477e-01	5.987891e-01
1.166152e-01	2.519192e-01	2.546182e-01	6.421294e-01
1.341075e-01	2.701675e-01	2.408887e-01	6.886070e-01
1.542237e-01	2.897366e-01	2.260714e-01	7.384486e-01
1.773572e-01	3.107221e-01	2.127619e-01	7.918976e-01
2.039608e-01	3.332266e-01	1.985358e-01	8.492152e-01
2.345549e-01	3.573599e-01	1.857378e-01	9.106815e-01
2.697381e-01	3.832400e-01	1.731942e-01	9.765964e-01
3.101989e-01	4.109933e-01	1.604581e-01	1.047288e+00
3.567287e-01	4.407555e-01	1.490730e-01	1.123068e+00
4.102380e-01	4.726731e-01	1.369935e-01	1.204550e+00
4.717737e-01	5.069014e-01	1.273814e-01	1.292740e+00
5.425397e-01	5.436072e-01	1.171437e-01	1.388244e+00
6.239207e-01	5.829697e-01	1.074434e-01	1.491770e+00
7.175088e-01	6.251814e-01	9.965606e-02	1.604092e+00
8.251351e-01	6.704484e-01	9.206654e-02	1.726113e+00
9.489054e-01	7.167942e-01	8.514969e-02	1.858882e+00
1.091241e+00	7.607476e-01	7.719532e-02	1.933954e+00
1.254927e+00	8.224655e-01	6.872455e-02	1.984868e+00
1.443166e+00	9.020146e-01	6.165101e-02	2.033652e+00
1.659641e+00	9.870483e-01	5.495308e-02	2.080663e+00
1.908588e+00	1.081676e+00	4.978788e-02	2.126443e+00
2.194876e+00	1.183386e+00	4.478625e-02	2.171793e+00
2.524107e+00	1.292991e+00	4.030023e-02	2.217828e+00
2.902723e+00	1.414619e+00	3.643786e-02	2.266027e+00
3.338132e+00	1.534381e+00	3.265779e-02	2.318284e+00
3.838852e+00	1.657709e+00	2.938330e-02	2.376955e+00
4.414679e+00	1.770680e+00	2.643214e-02	2.444907e+00
5.076881e+00	1.891706e+00	2.377763e-02	2.525537e+00
5.838413e+00	2.024409e+00	2.130963e-02	2.622882e+00
6.714175e+00	2.130519e+00	1.910915e-02	2.741591e+00
7.721302e+00	2.236336e+00	1.683176e-02	2.886972e+00
8.879497e+00	2.332469e+00	1.519629e-02	3.065026e+00
1.021142e+01	2.413481e+00	1.355817e-02	3.282464e+00
1.174313e+01	2.493684e+00	1.210070e-02	3.546806e+00
1.350460e+01	2.561421e+00	1.081738e-02	3.866462e+00
1.553030e+01	2.623915e+00	9.478494e-03	4.250977e+00
1.785984e+01	2.676623e+00	8.498730e-03	4.711401e+00
2.053882e+01	2.710541e+00	7.478949e-03	5.260812e+00
2.361964e+01	2.738763e+00	6.681599e-03	5.915033e+00
2.716258e+01	2.748322e+00	5.956420e-03	6.693552e+00
3.123697e+01	2.746366e+00	5.263840e-03	7.620657e+00
3.592252e+01	2.731342e+00	4.709218e-03	8.726838e+00
4.131089e+01	2.694873e+00	4.135478e-03	1.005053e+01
4.750753e+01	2.649488e+00	3.731373e-03	1.164029e+01
5.463366e+01	2.595588e+00	3.311829e-03	1.355758e+01
6.282871e+01	2.529515e+00	2.929584e-03	1.588009e+01
7.225301e+01	2.450337e+00	2.595003e-03	1.870722e+01
8.309096e+01	2.684026e+00	2.275283e-03	2.216075e+01
9.555461e+01	2.512108e+00	2.041919e-03	2.641094e+01
1.098878e+02	2.345551e+00	1.804920e-03	3.166516e+01
1.263710e+02	2.182057e+00	1.594102e-03	3.816739e+01
1.453266e+02	2.021676e+00	1.407599e-03	4.625013e+01
1.671256e+02	1.866588e+00	1.231798e-03	5.634373e+01
1.921945e+02	1.718999e+00	1.091276e-03	6.899160e+01
2.210236e+02	1.577650e+00	9.608042e-04	8.489298e+01
2.541772e+02	1.440916e+00	8.466491e-04	1.049976e+02
2.923037e+02	1.312508e+00	7.518335e-04	1.305527e+02
3.361493e+02	1.199063e+00	6.618835e-04	1.630255e+02
3.865717e+02	1.095315e+00	5.846991e-04	2.042002e+02
4.445574e+02	9.977047e-01	5.182055e-04	2.565303e+02
5.112411e+02	9.062195e-01	4.583748e-04	3.232210e+02
5.879272e+02	8.211069e-01	4.046397e-04	4.084194e+02
6.761163e+02	7.424444e-01	3.578212e-04	5.174598e+02
7.775337e+02	6.702108e-01	3.091969e-04	6.571917e+02
8.941638e+02	6.032381e-01	2.763206e-04	8.365531e+02
1.028288e+03	5.422496e-01	2.427086e-04	1.067139e+03
1.182532e+03	4.875423e-01	2.138400e-04	1.363544e+03
1.359911e+03	4.386140e-01	1.888369e-04	1.743989e+03
1.563898e+03	3.942784e-01	1.627858e-04	2.232030e+03
1.798483e+03	3.543771e-01	1.442342e-04	2.858035e+03
2.068255e+03	3.186415e-01	1.249352e-04	3.660549e+03
2.378493e+03	2.866345e-01	1.102414e-04	4.688565e+03
2.735268e+03	2.579983e-01	9.711291e-05	6.004074e+03
3.145558e+03	2.325134e-01	8.458933e-05	7.685296e+03
3.617391e+03	2.098863e-01	7.478011e-05	9.830656e+03
4.160000e+03	1.897721e-01	6.476462e-05	1.256336e+04
4.784000e+03	1.719402e-01	5.775033e-05	1.603694e+04
5.501600e+03	1.561969e-01	5.058916e-05	2.044172e+04
6.326840e+03	1.422963e-01	0.000000e+00	2.601220e+04
7.275866e+03	1.300371e-01	0.000000e+00	3.303533e+04
8.367246e+03	1.192752e-01	0.000000e+00	4.185964e+04
9.622333e+03	1.098457e-01	0.000000e+00	5.290501e+04
