# Energy_MeV	dEdx_Elec_MeV_um	dEdx_Nucl_MeV_um	Range_um
1.000000e-05	2.183352e-03	3.150263e-02	5.782429e-03
1.150000e-05	2.357848e-03	3.456303e-02	6.200964e-03
1.322500e-05	2.544865e-03	3.782945e-02	6.649793e-03
1.520875e-05	2.745316e-03	4.151877e-02	7.131109e-03
1.749006e-05	2.960184e-03	4.532986e-02	7.647262e-03
2.011357e-05	3.190520e-03	4.960226e-02	8.200775e-03
2.313061e-05	3.437449e-03	5.408487e-02	8.794351e-03
2.660020e-05	3.702179e-03	5.886248e-02	9.430891e-03
3.059023e-05	3.986005e-03	6.416092e-02	1.011350e-02
3.517876e-05	4.290314e-03	6.964453e-02	1.084552e-02
4.045558e-05	4.616592e-03	7.571054e-02	1.163053e-02
4.652391e-05	4.966436e-03	8.182480e-02	1.247235e-02
5.350250e-05	5.341553e-03	8.863369e-02	1.337511e-02
6.152788e-05	5.743777e-03	9.588841e-02	1.434321e-02
7.075706e-05	6.175074e-03	1.035774e-01	1.538138e-02
8.137062e-05	6.637550e-03	1.117524e-01	1.649469e-02
9.357621e-05	7.133466e-03	1.199614e-01	1.768858e-02
1.076126e-04	7.665243e-03	1.289847e-01	1.896889e-02
1.237545e-04	8.235481e-03	1.384116e-01	2.034187e-02
1.423177e-04	8.846966e-03	1.483194e-01	2.181422e-02
1.636654e-04	9.502684e-03	1.587273e-01	2.339315e-02
1.882152e-04	1.020584e-02	1.693443e-01	2.508636e-02
2.164475e-04	1.095987e-02	1.803069e-01	2.690212e-02
2.489146e-04	1.176845e-02	1.915836e-01	2.884931e-02
2.862518e-04	1.263554e-02	2.029094e-01	3.093744e-02
3.291895e-04	1.356537e-02	2.146597e-01	3.317671e-02
3.785680e-04	1.456249e-02	2.265995e-01	3.557806e-02
4.353531e-04	1.563177e-02	2.379671e-01	3.815321e-02
5.006561e-04	1.677842e-02	2.498422e-01	4.091476e-02
5.757545e-04	1.800806e-02	2.618079e-01	4.387620e-02
6.621177e-04	1.932669e-02	2.732024e-01	4.705198e-02
7.614354e-04	2.074075e-02	2.856906e-01	5.045763e-02
8.756507e-04	2.225714e-02	2.958558e-01	5.410978e-02
1.006998e-03	2.388329e-02	3.068761e-01	5.802627e-02
1.158048e-03	2.562713e-02	3.173833e-01	6.222624e-02
1.331755e-03	2.749718e-02	3.269137e-01	6.673021e-02
1.531519e-03	2.950257e-02	3.372660e-01	7.156018e-02
1.761246e-03	3.165311e-02	3.454755e-01	7.673974e-02
2.025433e-03	3.395930e-02	3.541255e-01	8.229420e-02
2.329248e-03	3.643241e-02	3.613617e-01	8.825070e-02
2.678635e-03	3.908452e-02	3.677530e-01	9.463834e-02
3.080431e-03	4.192858e-02	3.741341e-01	1.014883e-01
3.542495e-03	4.497849e-02	3.790414e-01	1.088006e-01
4.073870e-03	4.824915e-02	3.839283e-01	1.166910e-01
4.684950e-03	5.175653e-02	3.871935e-01	1.251632e-01
5.387693e-03	5.551778e-02	3.903489e-01	1.342210e-01
6.195847e-03	5.955127e-02	3.927621e-01	1.439362e-01
7.125224e-03	6.387670e-02	3.944810e-01	1.543542e-01
8.194007e-03	6.851520e-02	3.953694e-01	1.655262e-01
9.423108e-03	7.348944e-02	3.950289e-01	1.775068e-01
1.083657e-02	7.882371e-02	3.941562e-01	1.903546e-01
1.246206e-02	8.454407e-02	3.923437e-01	2.041323e-01
1.433137e-02	9.067848e-02	3.896837e-01	2.189074e-01
1.648108e-02	9.725690e-02	3.860341e-01	2.347518e-01
1.895324e-02	1.043115e-01	3.813007e-01	2.517430e-01
2.179622e-02	1.118766e-01	3.756223e-01	2.699640e-01
2.506566e-02	1.199894e-01	3.689715e-01	2.895039e-01
2.882550e-02	1.286893e-01	3.613004e-01	3.104582e-01
3.314933e-02	1.380190e-01	3.527016e-01	3.329291e-01
3.812173e-02	1.480239e-01	3.431409e-01	3.570264e-01
4.383999e-02	1.587530e-01	3.331933e-01	3.828679e-01
5.041599e-02	1.702587e-01	3.221516e-01	4.105799e-01
5.797838e-02	1.825971e-01	3.102519e-01	4.402978e-01
6.667514e-02	1.958286e-01	2.981955e-01	4.721665e-01
7.667641e-02	2.100179e-01	2.847084e-01	5.063418e-01
8.817787e-02	2.252341e-01	2.724645e-01	5.429908e-01
1.014046e-01	2.415517e-01	2.589244e-01	5.822927e-01
1.166152e-01	2.590504e-01	2.451329e-01	6.244392e-01
1.341075e-01	2.778156e-01	2.319794e-01	6.696361e-01
1.542237e-01	2.979391e-01	2.174153e-01	7.181044e-01
1.773572e-01	3.195191e-01	2.046331e-01	7.700810e-01
2.039608e-01	3.426611e-01	1.909260e-01	8.258198e-01
2.345549e-01	3.674782e-01	1.782058e-01	8.855933e-01
2.697381e-01	3.940915e-01	1.663450e-01	9.496906e-01
3.101989e-01	4.226311e-01	1.538340e-01	1.018434e+00
3.567287e-01	4.532366e-01	1.429096e-01	1.092143e+00
4.102380e-01	4.860590e-01	1.316097e-01	1.171635e+00
4.717737e-01	5.212571e-01	1.220326e-01	1.257732e+00
5.425397e-01	5.590029e-01	1.121163e-01	1.350996e+00
6.239207e-01	5.994807e-01	1.032542e-01	1.452126e+00
7.175088e-01	6.428883e-01	9.542498e-02	1.561903e+00
8.251351e-01	6.894380e-01	8.837590e-02	1.681229e+00
9.489054e-01	7.336243e-01	8.140506e-02	1.798967e+00
1.091241e+00	7.801009e-01	7.338860e-02	1.848356e+00
1.254927e+00	8.529247e-01	6.561140e-02	1.895699e+00
1.443166e+00	9.348297e-01	5.849844e-02	1.941093e+00
1.659641e+00	1.024312e+00	5.254855e-02	1.985010e+00
1.908588e+00	1.120623e+00	4.734930e-02	2.028032e+00
2.194876e+00	1.227729e+00	4.272038e-02	2.071032e+00
2.524107e+00	1.339567e+00	3.843415e-02	2.115196e+00
2.902723e+00	1.460554e+00	3.465997e-02	2.162073e+00
3.338132e+00	1.587074e+00	3.118667e-02	2.213621e+00
3.838852e+00	1.700973e+00	2.789078e-02	2.272257e+00
4.414679e+00	1.819229e+00	2.524414e-02	2.340901e+00
5.076881e+00	1.943442e+00	2.261909e-02	2.422971e+00
5.838413e+00	2.065048e+00	2.021155e-02	2.522542e+00
6.714175e+00	2.177256e+00	1.817735e-02	2.644245e+00
7.721302e+00	2.273156e+00	1.598668e-02	2.793358e+00
8.879497e+00	2.368933e+00	1.449124e-02	2.975824e+00
1.021142e+01	2.445286e+00	1.289269e-02	3.198282e+00
1.174313e+01	2.519630e+00	1.146163e-02	3.468162e+00
1.350460e+01	2.591260e+00	1.027895e-02	3.793816e+00
1.553030e+01	2.644105e+00	9.002444e-03	4.184784e+00
1.785984e+01	2.693085e+00	8.078459e-03	4.652218e+00
2.053882e+01	2.723005e+00	7.124495e-03	5.209427e+00
2.361964e+01	2.742425e+00	6.334775e-03	5.872650e+00
2.716258e+01	2.752533e+00	5.666998e-03	6.661987e+00
3.123697e+01	2.740611e+00	4.994970e-03	7.602572e+00
3.592252e+01	2.718971e+00	4.472646e-03	8.726025e+00
4.131089e+01	2.677665e+00	3.951432e-03	1.007225e+01
4.750753e+01	2.628840e+00	3.545479e-03	1.169167e+01
5.463366e+01	2.571844e+00	3.144697e-03	1.364819e+01
6.282871e+01	2.499184e+00	2.789716e-03	1.602271e+01
7.225301e+01	2.797228e+00	2.453153e-03	1.891748e+01
8.309096e+01	2.614146e+00	2.172133e-03	2.246211e+01
9.555461e+01	2.445384e+00	1.937390e-03	2.683721e+01
1.098878e+02	2.279618e+00	1.712590e-03	3.224503e+01
1.263710e+02	2.117637e+00	1.517094e-03	3.894931e+01
1.453266e+02	1.958983e+00	1.329489e-03	4.729836e+01
1.671256e+02	1.806583e+00	1.172808e-03	5.774075e+01
1.921945e+02	1.661708e+00	1.031384e-03	7.084110e+01
2.210236e+02	1.521992e+00	9.122566e-04	8.734332e+01
2.541772e+02	1.388585e+00	8.046731e-04	1.082608e+02
2.923037e+02	1.264430e+00	7.115719e-04	1.348660e+02
3.361493e+02	1.156802e+00	6.298433e-04	1.686305e+02
3.865717e+02	1.055552e+00	5.521653e-04	2.114686e+02
4.445574e+02	9.604097e-01	4.933273e-04	2.659764e+02
5.112411e+02	8.714788e-01	4.350024e-04	3.355113e+02
5.879272e+02	7.888745e-01	3.820263e-04	4.244169e+02
6.761163e+02	7.128090e-01	3.391007e-04	5.382626e+02
7.775337e+02	6.427246e-01	2.928978e-04	6.842356e+02
8.941638e+02	5.781443e-01	2.627236e-04	8.717495e+02
1.028288e+03	5.194959e-01	2.304545e-04	1.112862e+03
1.182532e+03	4.674063e-01	2.020072e-04	1.422626e+03
1.359911e+03	4.203471e-01	1.788156e-04	1.820055e+03
1.563898e+03	3.778059e-01	1.540753e-04	2.329904e+03
1.798483e+03	3.396176e-01	1.366438e-04	2.983739e+03
2.068255e+03	3.054211e-01	1.188488e-04	3.821708e+03
2.378493e+03	2.747945e-01	1.042744e-04	4.894731e+03
2.735268e+03	2.474459e-01	9.211113e-05	6.267157e+03
3.145558e+03	2.231456e-01	8.001824e-05	8.020111e+03
3.617391e+03	2.015601e-01	7.078379e-05	1.025548e+04
4.160000e+03	1.823797e-01	6.174924e-05	1.310054e+04
4.784000e+03	1.654094e-01	5.469271e-05	1.671364e+04
5.501600e+03	1.504322e-01	4.787221e-05	2.129056e+04
6.326840e+03	1.372068e-01	0.000000e+00	2.707188e+04
7.275866e+03	1.255632e-01	0.000000e+00	3.435118e+04
8.367246e+03	1.153558e-01	0.000000e+00	4.348391e+04
9.622333e+03	1.064098e-01	0.000000e+00	5.489680e+04
