# Energy_MeV	dEdx_Elec_MeV_um	dEdx_Nucl_MeV_um	Range_um
1.000000e-05	2.158954e-03	3.257411e-02	5.412075e-03
1.150000e-05	2.332862e-03	3.583387e-02	5.803804e-03
1.322500e-05	2.519229e-03	3.925502e-02	6.223886e-03
1.520875e-05	2.718969e-03	4.306564e-02	6.674374e-03
1.749006e-05	2.933060e-03	4.724527e-02	7.157469e-03
2.011357e-05	3.162548e-03	5.175502e-02	7.675530e-03
2.313061e-05	3.408557e-03	5.668179e-02	8.231089e-03
2.660020e-05	3.672290e-03	6.193689e-02	8.826860e-03
3.059023e-05	3.955036e-03	6.762405e-02	9.465753e-03
3.517876e-05	4.258177e-03	7.377548e-02	1.015089e-02
4.045558e-05	4.583196e-03	8.026083e-02	1.088562e-02
4.652391e-05	4.931680e-03	8.734769e-02	1.167352e-02
5.350250e-05	5.305333e-03	9.491726e-02	1.251846e-02
6.152788e-05	5.705980e-03	1.028093e-01	1.342455e-02
7.075706e-05	6.135580e-03	1.113565e-01	1.439623e-02
8.137062e-05	6.596231e-03	1.205215e-01	1.543823e-02
9.357621e-05	7.090184e-03	1.301877e-01	1.655566e-02
1.076126e-04	7.619853e-03	1.408453e-01	1.775397e-02
1.237545e-04	8.187825e-03	1.512829e-01	1.903901e-02
1.423177e-04	8.796876e-03	1.627134e-01	2.041706e-02
1.636654e-04	9.449980e-03	1.747643e-01	2.189486e-02
1.882152e-04	1.015033e-02	1.872244e-01	2.347962e-02
2.164475e-04	1.090134e-02	2.008802e-01	2.517909e-02
2.489146e-04	1.170669e-02	2.142294e-01	2.700157e-02
2.862518e-04	1.257031e-02	2.288165e-01	2.895595e-02
3.291895e-04	1.349642e-02	2.431863e-01	3.105180e-02
3.785680e-04	1.448955e-02	2.577262e-01	3.329935e-02
4.353531e-04	1.555453e-02	2.732438e-01	3.570957e-02
5.006561e-04	1.669659e-02	2.882970e-01	3.829425e-02
5.757545e-04	1.792129e-02	3.043536e-01	4.106601e-02
6.621177e-04	1.923463e-02	3.188433e-01	4.403839e-02
7.614354e-04	2.064301e-02	3.342714e-01	4.722591e-02
8.756507e-04	2.215331e-02	3.500627e-01	5.064414e-02
1.006998e-03	2.377293e-02	3.654953e-01	5.430979e-02
1.158048e-03	2.550976e-02	3.807170e-01	5.824077e-02
1.331755e-03	2.737229e-02	3.942198e-01	6.245626e-02
1.531519e-03	2.936962e-02	4.080667e-01	6.697688e-02
1.761246e-03	3.151152e-02	4.216859e-01	7.182470e-02
2.025433e-03	3.380844e-02	4.346401e-01	7.702341e-02
2.329248e-03	3.627160e-02	4.468845e-01	8.259841e-02
2.678635e-03	3.891304e-02	4.579526e-01	8.857693e-02
3.080431e-03	4.174567e-02	4.681301e-01	9.498817e-02
3.542495e-03	4.478331e-02	4.775920e-01	1.018635e-01
4.073870e-03	4.804082e-02	4.855985e-01	1.092364e-01
4.684950e-03	5.153410e-02	4.930981e-01	1.171093e-01
5.387693e-03	5.528022e-02	4.997121e-01	1.256253e-01
6.195847e-03	5.929748e-02	5.048164e-01	1.347167e-01
7.125224e-03	6.360551e-02	5.093009e-01	1.444687e-01
8.194007e-03	6.822536e-02	5.129303e-01	1.549248e-01
9.423108e-03	7.317958e-02	5.154779e-01	1.661381e-01
1.083657e-02	7.849239e-02	5.176400e-01	1.781630e-01
1.246206e-02	8.418975e-02	5.176356e-01	1.910584e-01
1.433137e-02	9.029948e-02	5.170533e-01	2.048871e-01
1.648108e-02	9.685143e-02	5.152994e-01	2.197167e-01
1.895324e-02	1.038776e-01	5.122863e-01	2.356196e-01
2.179622e-02	1.114123e-01	5.083891e-01	2.526736e-01
2.506566e-02	1.194925e-01	5.027507e-01	2.709621e-01
2.882550e-02	1.281574e-01	4.960646e-01	2.905743e-01
3.314933e-02	1.374495e-01	4.879394e-01	3.116059e-01
3.812173e-02	1.474142e-01	4.786331e-01	3.341598e-01
4.383999e-02	1.581001e-01	4.679243e-01	3.583463e-01
5.041599e-02	1.695595e-01	4.561757e-01	3.842834e-01
5.797838e-02	1.818483e-01	4.431583e-01	4.120978e-01
6.667514e-02	1.950266e-01	4.296864e-01	4.419253e-01
7.667641e-02	2.091588e-01	4.148291e-01	4.739118e-01
8.817787e-02	2.243138e-01	3.988891e-01	5.082137e-01
1.014046e-01	2.405657e-01	3.822439e-01	5.449983e-01
1.166152e-01	2.579940e-01	3.651561e-01	5.844453e-01
1.341075e-01	2.766838e-01	3.484960e-01	6.267474e-01
1.542237e-01	2.967263e-01	3.309144e-01	6.721115e-01
1.773572e-01	3.182195e-01	3.128872e-01	7.207592e-01
2.039608e-01	3.412684e-01	2.946799e-01	7.729279e-01
2.345549e-01	3.659856e-01	2.767899e-01	8.288725e-01
2.697381e-01	3.924918e-01	2.592424e-01	8.888663e-01
3.101989e-01	4.209166e-01	2.423499e-01	9.532024e-01
3.567287e-01	4.513987e-01	2.256912e-01	1.022200e+00
4.102380e-01	4.840872e-01	2.100419e-01	1.096167e+00
4.717737e-01	5.191430e-01	1.946879e-01	1.175661e+00
5.425397e-01	5.567368e-01	1.796155e-01	1.261677e+00
6.239207e-01	5.970517e-01	1.664687e-01	1.354826e+00
7.175088e-01	6.402846e-01	1.533407e-01	1.455792e+00
8.251351e-01	6.866467e-01	1.406484e-01	1.565328e+00
9.489054e-01	7.363646e-01	1.302526e-01	1.684312e+00
1.091241e+00	7.878593e-01	1.200849e-01	1.813758e+00
1.254927e+00	8.350028e-01	1.116099e-01	1.954864e+00
1.443166e+00	8.995106e-01	1.018636e-01	2.038786e+00
1.659641e+00	9.842150e-01	9.065536e-02	2.075526e+00
1.908588e+00	1.076029e+00	8.143540e-02	2.109931e+00
2.194876e+00	1.178803e+00	7.226990e-02	2.142583e+00
2.524107e+00	1.289746e+00	6.563050e-02	2.174375e+00
2.902723e+00	1.411420e+00	5.883946e-02	2.206483e+00
3.338132e+00	1.546565e+00	5.305696e-02	2.240376e+00
3.838852e+00	1.686786e+00	4.802232e-02	2.277884e+00
4.414679e+00	1.836426e+00	4.299452e-02	2.321230e+00
5.076881e+00	1.979585e+00	3.881796e-02	2.373072e+00
5.838413e+00	2.135420e+00	3.466665e-02	2.436533e+00
6.714175e+00	2.309050e+00	3.139934e-02	2.515234e+00
7.721302e+00	2.455121e+00	2.819724e-02	2.613290e+00
8.879497e+00	2.604997e+00	2.517748e-02	2.735371e+00
1.021142e+01	2.740964e+00	2.237303e-02	2.886682e+00
1.174313e+01	2.862335e+00	1.996408e-02	3.072969e+00
1.350460e+01	2.983463e+00	1.794658e-02	3.300577e+00
1.553030e+01	3.087978e+00	1.603745e-02	3.576510e+00
1.785984e+01	3.191021e+00	1.426970e-02	3.908636e+00
2.053882e+01	3.280990e+00	1.261520e-02	4.305953e+00
2.361964e+01	3.351545e+00	1.120936e-02	4.779025e+00
2.716258e+01	3.417026e+00	9.937461e-03	5.340556e+00
3.123697e+01	3.456868e+00	8.846069e-03	6.006123e+00
3.592252e+01	3.485426e+00	7.848140e-03	6.795063e+00
4.131089e+01	3.495631e+00	6.988219e-03	7.731566e+00
4.750753e+01	3.476035e+00	6.217084e-03	8.846001e+00
5.463366e+01	3.444408e+00	5.490118e-03	1.017657e+01
6.282871e+01	3.403223e+00	4.922489e-03	1.177139e+01
7.225301e+01	3.346070e+00	4.376444e-03	1.369101e+01
8.309096e+01	3.270156e+00	3.873611e-03	1.601256e+01
9.555461e+01	3.663202e+00	3.443095e-03	1.882981e+01
1.098878e+02	3.449746e+00	3.004784e-03	2.227330e+01
1.263710e+02	3.241716e+00	2.697924e-03	2.650397e+01
1.453266e+02	3.034416e+00	2.387180e-03	3.170554e+01
1.671256e+02	2.828778e+00	2.105975e-03	3.813023e+01
1.921945e+02	2.627607e+00	1.869449e-03	4.610382e+01
2.210236e+02	2.434372e+00	1.628207e-03	5.603679e+01
2.541772e+02	2.248116e+00	1.448770e-03	6.845392e+01
2.923037e+02	2.065711e+00	1.269081e-03	8.406720e+01
3.361493e+02	1.893072e+00	1.119861e-03	1.038165e+02
3.865717e+02	1.738815e+00	9.965620e-04	1.288071e+02
4.445574e+02	1.597734e+00	8.744560e-04	1.603632e+02
5.112411e+02	1.463636e+00	7.769450e-04	2.003127e+02
5.879272e+02	1.336569e+00	6.821545e-04	2.510529e+02
6.761163e+02	1.217157e+00	6.084833e-04	3.156864e+02
7.775337e+02	1.105642e+00	5.383348e-04	3.982094e+02
8.941638e+02	1.002240e+00	4.734512e-04	5.037543e+02
1.028288e+03	9.056613e-01	4.131770e-04	6.390192e+02
1.182532e+03	8.168253e-01	3.642389e-04	8.127201e+02
1.359911e+03	7.363300e-01	3.228290e-04	1.035854e+03
1.563898e+03	6.639252e-01	2.847948e-04	1.322149e+03
1.798483e+03	5.979386e-01	2.500833e-04	1.689324e+03
2.068255e+03	5.382933e-01	2.174173e-04	2.160288e+03
2.378493e+03	4.846997e-01	1.909693e-04	2.764118e+03
2.735268e+03	4.364929e-01	1.666463e-04	3.537790e+03
3.145558e+03	3.931489e-01	1.465962e-04	4.528100e+03
3.617391e+03	3.544877e-01	1.284097e-04	5.794096e+03
4.160000e+03	3.201333e-01	1.127044e-04	7.410084e+03
4.784000e+03	2.895264e-01	9.910608e-05	9.469091e+03
5.501600e+03	2.623383e-01	8.612284e-05	1.208706e+04
6.326840e+03	2.383267e-01	7.647081e-05	1.540776e+04
7.275866e+03	2.171137e-01	6.712212e-05	1.960837e+04
8.367246e+03	1.983840e-01	5.849680e-05	2.490582e+04
9.622333e+03	1.819405e-01	5.134127e-05	3.156374e+04
