# Energy_MeV	dEdx_Elec_MeV_um	dEdx_Nucl_MeV_um	Range_um
1.000000e-05	2.136962e-03	3.254642e-02	5.474876e-03
1.150000e-05	2.308854e-03	3.583443e-02	5.871150e-03
1.322500e-05	2.493065e-03	3.923824e-02	6.296107e-03
1.520875e-05	2.690496e-03	4.304918e-02	6.751823e-03
1.749006e-05	2.902115e-03	4.724619e-02	7.240523e-03
2.011357e-05	3.128956e-03	5.173307e-02	7.764596e-03
2.313061e-05	3.372130e-03	5.669708e-02	8.326602e-03
2.660020e-05	3.632825e-03	6.192536e-02	8.929286e-03
3.059023e-05	3.912316e-03	6.764161e-02	9.575592e-03
3.517876e-05	4.211970e-03	7.380665e-02	1.026868e-02
4.045558e-05	4.533251e-03	8.028178e-02	1.101193e-02
4.652391e-05	4.877729e-03	8.742195e-02	1.180898e-02
5.350250e-05	5.247087e-03	9.495304e-02	1.266372e-02
6.152788e-05	5.643132e-03	1.029311e-01	1.358033e-02
7.075706e-05	6.067797e-03	1.114532e-01	1.456328e-02
8.137062e-05	6.523157e-03	1.206103e-01	1.561738e-02
9.357621e-05	7.011438e-03	1.303499e-01	1.674777e-02
1.076126e-04	7.535026e-03	1.410369e-01	1.795998e-02
1.237545e-04	8.096478e-03	1.515683e-01	1.925994e-02
1.423177e-04	8.698537e-03	1.630168e-01	2.065398e-02
1.636654e-04	9.344145e-03	1.750291e-01	2.214893e-02
1.882152e-04	1.003646e-02	1.876116e-01	2.375208e-02
2.164475e-04	1.077885e-02	2.013245e-01	2.547127e-02
2.489146e-04	1.157496e-02	2.147659e-01	2.731489e-02
2.862518e-04	1.242867e-02	2.295312e-01	2.929195e-02
3.291895e-04	1.334416e-02	2.438284e-01	3.141212e-02
3.785680e-04	1.432588e-02	2.585714e-01	3.368575e-02
4.353531e-04	1.537865e-02	2.741315e-01	3.612394e-02
5.006561e-04	1.650760e-02	2.893329e-01	3.873861e-02
5.757545e-04	1.771826e-02	3.057511e-01	4.154253e-02
6.621177e-04	1.901652e-02	3.201703e-01	4.454940e-02
7.614354e-04	2.040875e-02	3.357164e-01	4.777391e-02
8.756507e-04	2.190173e-02	3.517900e-01	5.123181e-02
1.006998e-03	2.350276e-02	3.671488e-01	5.494000e-02
1.158048e-03	2.521967e-02	3.829068e-01	5.891658e-02
1.331755e-03	2.706083e-02	3.963458e-01	6.318100e-02
1.531519e-03	2.903526e-02	4.103713e-01	6.775407e-02
1.761246e-03	3.115258e-02	4.243016e-01	7.265815e-02
2.025433e-03	3.342315e-02	4.371954e-01	7.791718e-02
2.329248e-03	3.585806e-02	4.499023e-01	8.355687e-02
2.678635e-03	3.846920e-02	4.609175e-01	8.960476e-02
3.080431e-03	4.126933e-02	4.714258e-01	9.609040e-02
3.542495e-03	4.427213e-02	4.810980e-01	1.030455e-01
4.073870e-03	4.749227e-02	4.891461e-01	1.105040e-01
4.684950e-03	5.094548e-02	4.969581e-01	1.184457e-01
5.387693e-03	5.464863e-02	5.035416e-01	1.270719e-01
6.195847e-03	5.861981e-02	5.089757e-01	1.362807e-01
7.125224e-03	6.287842e-02	5.135611e-01	1.461451e-01
8.194007e-03	6.744527e-02	5.171913e-01	1.567225e-01
9.423108e-03	7.234267e-02	5.199411e-01	1.680661e-01
1.083657e-02	7.759454e-02	5.222395e-01	1.802305e-01
1.246206e-02	8.322654e-02	5.223902e-01	1.932754e-01
1.433137e-02	8.926619e-02	5.219175e-01	2.072646e-01
1.648108e-02	9.574298e-02	5.201727e-01	2.222663e-01
1.895324e-02	1.026886e-01	5.173007e-01	2.383538e-01
2.179622e-02	1.101369e-01	5.135095e-01	2.556056e-01
2.506566e-02	1.181243e-01	5.079516e-01	2.741063e-01
2.882550e-02	1.266898e-01	5.013469e-01	2.939461e-01
3.314933e-02	1.358754e-01	4.932644e-01	3.152218e-01
3.812173e-02	1.457258e-01	4.840042e-01	3.380374e-01
4.383999e-02	1.562891e-01	4.733444e-01	3.625045e-01
5.041599e-02	1.676170e-01	4.615924e-01	3.887426e-01
5.797838e-02	1.797649e-01	4.484622e-01	4.168798e-01
6.667514e-02	1.927920e-01	4.350581e-01	4.470535e-01
7.667641e-02	2.067621e-01	4.201853e-01	4.794111e-01
8.817787e-02	2.217432e-01	4.040875e-01	5.141109e-01
1.014046e-01	2.378088e-01	3.875249e-01	5.513224e-01
1.166152e-01	2.550371e-01	3.700456e-01	5.912272e-01
1.341075e-01	2.735125e-01	3.534667e-01	6.340202e-01
1.542237e-01	2.933251e-01	3.357608e-01	6.799105e-01
1.773572e-01	3.145718e-01	3.174452e-01	7.291227e-01
2.039608e-01	3.373563e-01	2.993258e-01	7.818969e-01
2.345549e-01	3.617899e-01	2.809616e-01	8.384908e-01
2.697381e-01	3.879921e-01	2.635001e-01	8.991806e-01
3.101989e-01	4.160908e-01	2.462376e-01	9.642637e-01
3.567287e-01	4.462233e-01	2.292251e-01	1.034059e+00
4.102380e-01	4.785368e-01	2.136462e-01	1.108892e+00
4.717737e-01	5.131902e-01	1.978773e-01	1.189240e+00
5.425397e-01	5.503528e-01	1.828780e-01	1.276107e+00
6.239207e-01	5.902051e-01	1.692431e-01	1.370182e+00
7.175088e-01	6.329421e-01	1.559451e-01	1.472134e+00
8.251351e-01	6.787723e-01	1.433192e-01	1.582720e+00
9.489054e-01	7.279198e-01	1.324559e-01	1.702818e+00
1.091241e+00	7.806248e-01	1.219847e-01	1.833439e+00
1.254927e+00	8.267623e-01	1.135540e-01	1.975774e+00
1.443166e+00	8.866357e-01	1.038587e-01	2.079907e+00
1.659641e+00	9.694085e-01	9.270912e-02	2.117946e+00
1.908588e+00	1.060122e+00	8.310356e-02	2.153510e+00
2.194876e+00	1.161939e+00	7.369001e-02	2.187206e+00
2.524107e+00	1.270352e+00	6.691237e-02	2.219771e+00
2.902723e+00	1.390876e+00	5.991926e-02	2.252481e+00
3.338132e+00	1.522939e+00	5.416477e-02	2.286746e+00
3.838852e+00	1.662480e+00	4.895645e-02	2.324373e+00
4.414679e+00	1.814664e+00	4.387428e-02	2.367569e+00
5.076881e+00	1.954557e+00	3.960494e-02	2.418978e+00
5.838413e+00	2.109024e+00	3.528725e-02	2.481717e+00
6.714175e+00	2.278693e+00	3.203495e-02	2.559403e+00
7.721302e+00	2.429751e+00	2.877466e-02	2.656164e+00
8.879497e+00	2.584325e+00	2.566793e-02	2.776683e+00
1.021142e+01	2.717190e+00	2.287618e-02	2.926198e+00
1.174313e+01	2.843717e+00	2.033366e-02	3.110494e+00
1.350460e+01	2.963378e+00	1.832526e-02	3.335959e+00
1.553030e+01	3.069703e+00	1.637411e-02	3.609640e+00
1.785984e+01	3.177342e+00	1.455362e-02	3.939426e+00
2.053882e+01	3.265258e+00	1.290658e-02	4.334308e+00
2.361964e+01	3.341047e+00	1.143054e-02	4.804794e+00
2.716258e+01	3.408513e+00	1.016462e-02	5.363478e+00
3.123697e+01	3.449901e+00	9.031219e-03	6.025757e+00
3.592252e+01	3.483874e+00	8.000199e-03	6.810710e+00
4.131089e+01	3.493846e+00	7.144348e-03	7.742189e+00
4.750753e+01	3.480719e+00	6.341753e-03	8.850118e+00
5.463366e+01	3.450618e+00	5.618196e-03	1.017214e+01
6.282871e+01	3.410425e+00	5.020488e-03	1.175564e+01
7.225301e+01	3.357613e+00	4.464193e-03	1.366029e+01
8.309096e+01	3.283431e+00	3.963991e-03	1.596194e+01
9.555461e+01	3.700392e+00	3.518455e-03	1.875337e+01
1.098878e+02	3.483593e+00	3.070657e-03	2.216028e+01
1.263710e+02	3.276031e+00	2.753181e-03	2.634538e+01
1.453266e+02	3.067856e+00	2.435705e-03	3.148821e+01
1.671256e+02	2.862553e+00	2.155971e-03	3.783560e+01
1.921945e+02	2.660353e+00	1.910995e-03	4.570707e+01
2.210236e+02	2.465611e+00	1.664419e-03	5.550773e+01
2.541772e+02	2.278561e+00	1.480546e-03	6.775100e+01
2.923037e+02	2.095133e+00	1.294657e-03	8.312835e+01
3.361493e+02	1.920912e+00	1.146151e-03	1.025655e+02
3.865717e+02	1.762908e+00	1.017878e-03	1.271701e+02
4.445574e+02	1.620529e+00	8.942029e-04	1.582401e+02
5.112411e+02	1.485287e+00	7.942244e-04	1.975514e+02
5.879272e+02	1.357042e+00	6.952308e-04	2.474560e+02
6.761163e+02	1.236353e+00	6.218940e-04	3.109958e+02
7.775337e+02	1.123487e+00	5.502946e-04	3.920960e+02
8.941638e+02	1.018755e+00	4.833652e-04	4.957927e+02
1.028288e+03	9.210786e-01	4.233603e-04	6.286376e+02
1.182532e+03	8.309524e-01	3.714046e-04	7.991899e+02
1.359911e+03	7.489213e-01	3.301795e-04	1.018298e+03
1.563898e+03	6.754256e-01	2.912181e-04	1.299485e+03
1.798483e+03	6.083924e-01	2.553963e-04	1.660098e+03
2.068255e+03	5.477107e-01	2.228761e-04	2.122661e+03
2.378493e+03	4.931601e-01	1.949843e-04	2.715768e+03
2.735268e+03	4.441084e-01	1.707749e-04	3.475800e+03
3.145558e+03	3.999767e-01	1.498799e-04	4.448833e+03
3.617391e+03	3.605582e-01	1.310502e-04	5.693021e+03
4.160000e+03	3.255329e-01	1.154189e-04	7.281598e+03
4.784000e+03	2.943385e-01	1.012227e-04	9.306327e+03
5.501600e+03	2.666002e-01	8.829987e-05	1.188166e+04
6.326840e+03	2.420875e-01	7.809081e-05	1.514964e+04
7.275866e+03	2.204387e-01	6.855511e-05	1.928551e+04
8.367246e+03	2.013135e-01	5.997493e-05	2.450409e+04
9.622333e+03	1.845067e-01	5.255182e-05	3.106673e+04
