# Energy_MeV	dEdx_Elec_MeV_um	dEdx_Nucl_MeV_um	Range_um
1.000000e-05	2.749509e-03	2.958353e-02	4.315291e-03
1.150000e-05	2.978383e-03	3.234561e-02	4.627634e-03
1.322500e-05	3.223536e-03	3.552200e-02	4.962584e-03
1.520875e-05	3.486173e-03	3.875814e-02	5.321779e-03
1.749006e-05	3.767584e-03	4.237856e-02	5.706972e-03
2.011357e-05	4.069148e-03	4.622332e-02	6.120046e-03
2.313061e-05	4.392344e-03	5.030461e-02	6.563018e-03
2.660020e-05	4.738752e-03	5.486249e-02	7.038052e-03
3.059023e-05	5.110069e-03	5.950694e-02	7.547470e-03
3.517876e-05	5.508111e-03	6.460284e-02	8.093760e-03
4.045558e-05	5.934826e-03	6.986703e-02	8.679591e-03
4.652391e-05	6.392298e-03	7.576595e-02	9.307824e-03
5.350250e-05	6.882766e-03	8.183262e-02	9.981530e-03
6.152788e-05	7.408626e-03	8.841833e-02	1.070400e-02
7.075706e-05	7.972448e-03	9.530350e-02	1.147876e-02
8.137062e-05	8.576988e-03	1.023308e-01	1.230960e-02
9.357621e-05	9.225200e-03	1.101652e-01	1.320057e-02
1.076126e-04	9.920252e-03	1.180088e-01	1.415604e-02
1.237545e-04	1.066554e-02	1.264878e-01	1.518066e-02
1.423177e-04	1.146470e-02	1.353066e-01	1.627944e-02
1.636654e-04	1.232165e-02	1.444027e-01	1.745776e-02
1.882152e-04	1.324056e-02	1.536945e-01	1.872136e-02
2.164475e-04	1.422594e-02	1.630999e-01	2.007642e-02
2.489146e-04	1.528258e-02	1.728856e-01	2.152956e-02
2.862518e-04	1.641566e-02	1.827640e-01	2.308788e-02
3.291895e-04	1.763071e-02	1.929819e-01	2.475900e-02
3.785680e-04	1.893367e-02	2.024278e-01	2.655107e-02
4.353531e-04	2.033090e-02	2.125689e-01	2.847285e-02
5.006561e-04	2.182923e-02	2.229050e-01	3.053373e-02
5.757545e-04	2.343597e-02	2.322763e-01	3.274377e-02
6.621177e-04	2.515898e-02	2.430483e-01	3.511379e-02
7.614354e-04	2.700668e-02	2.513333e-01	3.765534e-02
8.756507e-04	2.898809e-02	2.607446e-01	4.038085e-02
1.006998e-03	3.111289e-02	2.697464e-01	4.330364e-02
1.158048e-03	3.339147e-02	2.775856e-01	4.643798e-02
1.331755e-03	3.583494e-02	2.865303e-01	4.979919e-02
1.531519e-03	3.845526e-02	2.932853e-01	5.340368e-02
1.761246e-03	4.126522e-02	3.004441e-01	5.726907e-02
2.025433e-03	4.427855e-02	3.065408e-01	6.141423e-02
2.329248e-03	4.750998e-02	3.119927e-01	6.582614e-02
2.678635e-03	5.097528e-02	3.174489e-01	7.062001e-02
3.080431e-03	5.469138e-02	3.214442e-01	7.574016e-02
3.542495e-03	5.867645e-02	3.253952e-01	8.122231e-02
4.073870e-03	6.294995e-02	3.281903e-01	8.710089e-02
4.684950e-03	6.753275e-02	3.310037e-01	9.340525e-02
5.387693e-03	7.244726e-02	3.327714e-01	1.001658e-01
6.195847e-03	7.771746e-02	3.341961e-01	1.074157e-01
7.125224e-03	8.336912e-02	3.348464e-01	1.151904e-01
8.194007e-03	8.942984e-02	3.345144e-01	1.235278e-01
9.423108e-03	9.592923e-02	3.338376e-01	1.324687e-01
1.083657e-02	1.028990e-01	3.320972e-01	1.420567e-01
1.246206e-02	1.103733e-01	3.297762e-01	1.523387e-01
1.433137e-02	1.183886e-01	3.266257e-01	1.633649e-01
1.648108e-02	1.269840e-01	3.225395e-01	1.751893e-01
1.895324e-02	1.362016e-01	3.176600e-01	1.878694e-01
2.179622e-02	1.460863e-01	3.119486e-01	2.014673e-01
2.506566e-02	1.566865e-01	3.053567e-01	2.160495e-01
2.882550e-02	1.680539e-01	2.980449e-01	2.316872e-01
3.314933e-02	1.802441e-01	2.898435e-01	2.484567e-01
3.812173e-02	1.933166e-01	2.814527e-01	2.664399e-01
4.383999e-02	2.073353e-01	2.719713e-01	2.857248e-01
5.041599e-02	2.223687e-01	2.618277e-01	3.064057e-01
5.797838e-02	2.384902e-01	2.516673e-01	3.285834e-01
6.667514e-02	2.557786e-01	2.400849e-01	3.523663e-01
7.667641e-02	2.743183e-01	2.299292e-01	3.778705e-01
8.817787e-02	2.942000e-01	2.182638e-01	4.052208e-01
1.014046e-01	3.155207e-01	2.066540e-01	4.345509e-01
1.166152e-01	3.383845e-01	1.955825e-01	4.660039e-01
1.341075e-01	3.629033e-01	1.830792e-01	4.997332e-01
1.542237e-01	3.891968e-01	1.723865e-01	5.359041e-01
1.773572e-01	4.173934e-01	1.608698e-01	5.746933e-01
2.039608e-01	4.476309e-01	1.502741e-01	6.162848e-01
2.345549e-01	4.800584e-01	1.400613e-01	6.609292e-01
2.697381e-01	5.148349e-01	1.294407e-01	7.091804e-01
3.101989e-01	5.521285e-01	1.202721e-01	7.614369e-01
3.567287e-01	5.921214e-01	1.109263e-01	8.180656e-01
4.102380e-01	6.350091e-01	1.027719e-01	8.794871e-01
4.717737e-01	6.810011e-01	9.407109e-02	9.461865e-01
5.425397e-01	7.303222e-01	8.719862e-02	1.018724e+00
6.239207e-01	7.742944e-01	8.059383e-02	1.092870e+00
7.175088e-01	8.297166e-01	7.426308e-02	1.119750e+00
8.251351e-01	9.080990e-01	6.826419e-02	1.145297e+00
9.489054e-01	9.940540e-01	6.136545e-02	1.169644e+00
1.091241e+00	1.090429e+00	5.530311e-02	1.193096e+00
1.254927e+00	1.191685e+00	4.929288e-02	1.216083e+00
1.443166e+00	1.304347e+00	4.419732e-02	1.239190e+00
1.659641e+00	1.426428e+00	3.978240e-02	1.263192e+00
1.908588e+00	1.553892e+00	3.588215e-02	1.289077e+00
2.194876e+00	1.692400e+00	3.237957e-02	1.318077e+00
2.524107e+00	1.811455e+00	2.910748e-02	1.351689e+00
2.902723e+00	1.943015e+00	2.622203e-02	1.391698e+00
3.338132e+00	2.086013e+00	2.345671e-02	1.440187e+00
3.838852e+00	2.211816e+00	2.125044e-02	1.499586e+00
4.414679e+00	2.338607e+00	1.898187e-02	1.572663e+00
5.076881e+00	2.443575e+00	1.698240e-02	1.662533e+00
5.838413e+00	2.544561e+00	1.529260e-02	1.772681e+00
6.714175e+00	2.636643e+00	1.341609e-02	1.906976e+00
7.721302e+00	2.718042e+00	1.220113e-02	2.069738e+00
8.879497e+00	2.799657e+00	1.080392e-02	2.265824e+00
1.021142e+01	2.861529e+00	9.643196e-03	2.500793e+00
1.174313e+01	2.913787e+00	8.646880e-03	2.781174e+00
1.350460e+01	2.955654e+00	7.555309e-03	3.114801e+00
1.553030e+01	2.976706e+00	6.784990e-03	3.511265e+00
1.785984e+01	2.990291e+00	5.984119e-03	3.982467e+00
2.053882e+01	2.982330e+00	5.340635e-03	4.543311e+00
2.361964e+01	2.957632e+00	4.759949e-03	5.212533e+00
2.716258e+01	2.917379e+00	4.196012e-03	6.013765e+00
3.123697e+01	2.868156e+00	3.755837e-03	6.976839e+00
3.592252e+01	2.808358e+00	3.326724e-03	8.139446e+00
4.131089e+01	2.731748e+00	2.982214e-03	9.549568e+00
4.750753e+01	3.058764e+00	2.627863e-03	1.126639e+01
5.463366e+01	2.868121e+00	2.347514e-03	1.336922e+01
6.282871e+01	2.686583e+00	2.062301e-03	1.596237e+01
7.225301e+01	2.506716e+00	1.829117e-03	1.916146e+01
8.309096e+01	2.330450e+00	1.630211e-03	2.312458e+01
9.555461e+01	2.157965e+00	1.430588e-03	2.805699e+01
1.098878e+02	1.992629e+00	1.276532e-03	3.422010e+01
1.263710e+02	1.834853e+00	1.117578e-03	4.194523e+01
1.453266e+02	1.681121e+00	9.854034e-04	5.167717e+01
1.671256e+02	1.535579e+00	8.665943e-04	6.401375e+01
1.921945e+02	1.403517e+00	7.652261e-04	7.967744e+01
2.210236e+02	1.285448e+00	6.769711e-04	9.951380e+01
2.541772e+02	1.174039e+00	5.968911e-04	1.246709e+02
2.923037e+02	1.069108e+00	5.291450e-04	1.566736e+02
3.361493e+02	9.709558e-01	4.649061e-04	1.974930e+02
3.865717e+02	8.797157e-01	4.150720e-04	2.496733e+02
4.445574e+02	7.955667e-01	3.640050e-04	3.164768e+02
5.112411e+02	7.175510e-01	3.214190e-04	4.021400e+02
5.879272e+02	6.459044e-01	2.851688e-04	5.121985e+02
6.761163e+02	5.809683e-01	2.460239e-04	6.536755e+02
7.775337e+02	5.231676e-01	2.211215e-04	8.353221e+02
8.941638e+02	4.706506e-01	1.927173e-04	1.068330e+03
1.028288e+03	4.232190e-01	1.700008e-04	1.367242e+03
1.182532e+03	3.806635e-01	1.503567e-04	1.750517e+03
1.359911e+03	3.425056e-01	1.293879e-04	2.241645e+03
1.563898e+03	3.082883e-01	1.146685e-04	2.870374e+03
1.798483e+03	2.777659e-01	9.975052e-05	3.674264e+03
2.068255e+03	2.506591e-01	8.789985e-05	4.700625e+03
2.378493e+03	2.265543e-01	7.730130e-05	6.008764e+03
2.735268e+03	2.051442e-01	6.724836e-05	7.672676e+03
3.145558e+03	1.862244e-01	5.939545e-05	9.784236e+03
3.617391e+03	1.695220e-01	5.196301e-05	1.245684e+04
4.160000e+03	1.547748e-01	4.597823e-05	1.582953e+04
4.784000e+03	1.418116e-01	0.000000e+00	2.007159e+04
5.501600e+03	1.304545e-01	0.000000e+00	2.538743e+04
6.326840e+03	1.204977e-01	0.000000e+00	3.202178e+04
7.275866e+03	1.117995e-01	0.000000e+00	4.026502e+04
8.367246e+03	1.042581e-01	0.000000e+00	5.045821e+04
9.622333e+03	9.774200e-02	0.000000e+00	6.299794e+04
