# Energy_MeV	dEdx_Elec_MeV_um	dEdx_Nucl_MeV_um	Range_um
1.000000e-05	2.060889e-03	2.908571e-02	7.267090e-03
1.150000e-05	2.221926e-03	3.180486e-02	7.793086e-03
1.322500e-05	2.394558e-03	3.470385e-02	8.357154e-03
1.520875e-05	2.579630e-03	3.782166e-02	8.962049e-03
1.749006e-05	2.778045e-03	4.118062e-02	9.610727e-03
2.011357e-05	2.990775e-03	4.477113e-02	1.030636e-02
2.313061e-05	3.218858e-03	4.868642e-02	1.105234e-02
2.660020e-05	3.463410e-03	5.264996e-02	1.185231e-02
3.059023e-05	3.725625e-03	5.707589e-02	1.271019e-02
3.517876e-05	4.006785e-03	6.181465e-02	1.363016e-02
4.045558e-05	4.308264e-03	6.665311e-02	1.461671e-02
4.652391e-05	4.631535e-03	7.217289e-02	1.567468e-02
5.350250e-05	4.978177e-03	7.735993e-02	1.680922e-02
6.152788e-05	5.349884e-03	8.327737e-02	1.802588e-02
7.075706e-05	5.748472e-03	8.946917e-02	1.933060e-02
8.137062e-05	6.175888e-03	9.570151e-02	2.072976e-02
9.357621e-05	6.634221e-03	1.027674e-01	2.223020e-02
1.076126e-04	7.125710e-03	1.094492e-01	2.383923e-02
1.237545e-04	7.652755e-03	1.167973e-01	2.556472e-02
1.423177e-04	8.217932e-03	1.241332e-01	2.741511e-02
1.636654e-04	8.824003e-03	1.314872e-01	2.939943e-02
1.882152e-04	9.473927e-03	1.394746e-01	3.152738e-02
2.164475e-04	1.017088e-02	1.469851e-01	3.380935e-02
2.489146e-04	1.091827e-02	1.548788e-01	3.625649e-02
2.862518e-04	1.171974e-02	1.623415e-01	3.888075e-02
3.291895e-04	1.257921e-02	1.703479e-01	4.169496e-02
3.785680e-04	1.350088e-02	1.780040e-01	4.471286e-02
4.353531e-04	1.448926e-02	1.859412e-01	4.794920e-02
5.006561e-04	1.554916e-02	1.933142e-01	5.141979e-02
5.757545e-04	1.668578e-02	2.002506e-01	5.514159e-02
6.621177e-04	1.790465e-02	2.074409e-01	5.913276e-02
7.614354e-04	1.921174e-02	2.139423e-01	6.341282e-02
8.756507e-04	2.061344e-02	2.205905e-01	6.800268e-02
1.006998e-03	2.211658e-02	2.265679e-01	7.292475e-02
1.158048e-03	2.372851e-02	2.322598e-01	7.820308e-02
1.331755e-03	2.545712e-02	2.372386e-01	8.386346e-02
1.531519e-03	2.731083e-02	2.418342e-01	8.993354e-02
1.761246e-03	2.929872e-02	2.459498e-01	9.644298e-02
2.025433e-03	3.143048e-02	2.495325e-01	1.034236e-01
2.329248e-03	3.371654e-02	2.529231e-01	1.109094e-01
2.678635e-03	3.616806e-02	2.552587e-01	1.189371e-01
3.080431e-03	3.879702e-02	2.575689e-01	1.274827e-01
3.542495e-03	4.161626e-02	2.593742e-01	1.367671e-01
4.073870e-03	4.463956e-02	2.604401e-01	1.466812e-01
4.684950e-03	4.788169e-02	2.615363e-01	1.572982e-01
5.387693e-03	5.135847e-02	2.613087e-01	1.686829e-01
6.195847e-03	5.508691e-02	2.609961e-01	1.808921e-01
7.125224e-03	5.908521e-02	2.600173e-01	1.939848e-01
8.194007e-03	6.337291e-02	2.583292e-01	2.080253e-01
9.423108e-03	6.797095e-02	2.562876e-01	2.230820e-01
1.083657e-02	7.290180e-02	2.532984e-01	2.392286e-01
1.246206e-02	7.818955e-02	2.498106e-01	2.565438e-01
1.433137e-02	8.386002e-02	2.456017e-01	2.751123e-01
1.648108e-02	8.994092e-02	2.407833e-01	2.950248e-01
1.895324e-02	9.646197e-02	2.352594e-01	3.163787e-01
2.179622e-02	1.034550e-01	2.292357e-01	3.392781e-01
2.506566e-02	1.109542e-01	2.226861e-01	3.638349e-01
2.882550e-02	1.189962e-01	2.157233e-01	3.901691e-01
3.314933e-02	1.276203e-01	2.080138e-01	4.184096e-01
3.812173e-02	1.368685e-01	2.001011e-01	4.486941e-01
4.383999e-02	1.467862e-01	1.915122e-01	4.811706e-01
5.041599e-02	1.574218e-01	1.831022e-01	5.159976e-01
5.797838e-02	1.688271e-01	1.745193e-01	5.533454e-01
6.667514e-02	1.810579e-01	1.653898e-01	5.933967e-01
7.667641e-02	1.941741e-01	1.566053e-01	6.363469e-01
8.817787e-02	2.082396e-01	1.472328e-01	6.824057e-01
1.014046e-01	2.233231e-01	1.383863e-01	7.317982e-01
1.166152e-01	2.394984e-01	1.293417e-01	7.847659e-01
1.341075e-01	2.568445e-01	1.209482e-01	8.415676e-01
1.542237e-01	2.754461e-01	1.127357e-01	9.024806e-01
1.773572e-01	2.953941e-01	1.046704e-01	9.678020e-01
2.039608e-01	3.167859e-01	9.714466e-02	1.037852e+00
2.345549e-01	3.397261e-01	8.942829e-02	1.112973e+00
2.697381e-01	3.643267e-01	8.308455e-02	1.193519e+00
3.101989e-01	3.907086e-01	7.629822e-02	1.279988e+00
3.567287e-01	4.190007e-01	7.002588e-02	1.373455e+00
4.102380e-01	4.493406e-01	6.513269e-02	1.474680e+00
4.717737e-01	4.818766e-01	5.988392e-02	1.584377e+00
5.425397e-01	5.167675e-01	5.548796e-02	1.703361e+00
6.239207e-01	5.541838e-01	5.043262e-02	1.832574e+00
7.175088e-01	5.943038e-01	4.496160e-02	1.909698e+00
8.251351e-01	6.306816e-01	4.051286e-02	1.982875e+00
9.489054e-01	6.770283e-01	3.586479e-02	2.054967e+00
1.091241e+00	7.414642e-01	3.260062e-02	2.125912e+00
1.254927e+00	8.102522e-01	2.926116e-02	2.195835e+00
1.443166e+00	8.863084e-01	2.640038e-02	2.265111e+00
1.659641e+00	9.624475e-01	2.385473e-02	2.334422e+00
1.908588e+00	1.044600e+00	2.133149e-02	2.404823e+00
2.194876e+00	1.129438e+00	1.926275e-02	2.477813e+00
2.524107e+00	1.210377e+00	1.727551e-02	2.555353e+00
2.902723e+00	1.293992e+00	1.560110e-02	2.640090e+00
3.338132e+00	1.355878e+00	1.393653e-02	2.735276e+00
3.838852e+00	1.423423e+00	1.252234e-02	2.844915e+00
4.414679e+00	1.496030e+00	1.108693e-02	2.973834e+00
5.076881e+00	1.554563e+00	9.944377e-03	3.127743e+00
5.838413e+00	1.611382e+00	8.912115e-03	3.313340e+00
6.714175e+00	1.655260e+00	7.918702e-03	3.538348e+00
7.721302e+00	1.694832e+00	7.093910e-03	3.811610e+00
8.879497e+00	1.728299e+00	6.247403e-03	4.143227e+00
1.021142e+01	1.753799e+00	5.566921e-03	4.544728e+00
1.174313e+01	1.777040e+00	4.917869e-03	5.029397e+00
1.350460e+01	1.788389e+00	4.382231e-03	5.612770e+00
1.553030e+01	1.792455e+00	3.899176e-03	6.313369e+00
1.785984e+01	1.789257e+00	3.457328e-03	7.153701e+00
2.053882e+01	1.774414e+00	3.086253e-03	8.161585e+00
2.361964e+01	1.753630e+00	2.719979e-03	9.371835e+00
2.716258e+01	1.722133e+00	2.446979e-03	1.082840e+01
3.123697e+01	1.683022e+00	2.164844e-03	1.258703e+01
3.592252e+01	1.636048e+00	1.918445e-03	1.471871e+01
4.131089e+01	1.582858e+00	1.707670e-03	1.731396e+01
4.750753e+01	1.522838e+00	1.487784e-03	2.048831e+01
5.463366e+01	1.456432e+00	1.340782e-03	2.439012e+01
6.282871e+01	1.519207e+00	1.180209e-03	2.920472e+01
7.225301e+01	1.407579e+00	1.044323e-03	3.518098e+01
8.309096e+01	1.302895e+00	9.268431e-04	4.264570e+01
9.555461e+01	1.201735e+00	8.060423e-04	5.197277e+01
1.098878e+02	1.104466e+00	7.173134e-04	6.366993e+01
1.263710e+02	1.011248e+00	6.294309e-04	7.839757e+01
1.453266e+02	9.234271e-01	5.566559e-04	9.700028e+01
1.671256e+02	8.411910e-01	4.937109e-04	1.205542e+02
1.921945e+02	7.622717e-01	4.332615e-04	1.505015e+02
2.210236e+02	6.888620e-01	3.845300e-04	1.887758e+02
2.541772e+02	6.233174e-01	3.393999e-04	2.377268e+02
2.923037e+02	5.652814e-01	3.016842e-04	3.001283e+02
3.361493e+02	5.115104e-01	2.651832e-04	3.797252e+02
3.865717e+02	4.618295e-01	2.350771e-04	4.814637e+02
4.445574e+02	4.161723e-01	2.042628e-04	6.117274e+02
5.112411e+02	3.744415e-01	1.811802e-04	7.787371e+02
5.879272e+02	3.365591e-01	1.600113e-04	9.930143e+02
6.761163e+02	3.019010e-01	1.401981e-04	1.268199e+03
7.775337e+02	2.704984e-01	1.241233e-04	1.622071e+03
8.941638e+02	2.423950e-01	1.074244e-04	2.077152e+03
1.028288e+03	2.176289e-01	9.466635e-05	2.661479e+03
1.182532e+03	1.953242e-01	8.237467e-05	3.410914e+03
1.359911e+03	1.753059e-01	7.246717e-05	4.372016e+03
1.563898e+03	1.574187e-01	6.368528e-05	5.603885e+03
1.798483e+03	1.414545e-01	5.561836e-05	7.181741e+03
2.068255e+03	1.272229e-01	4.911003e-05	9.200878e+03
2.378493e+03	1.145650e-01	0.000000e+00	1.178165e+04
2.735268e+03	1.033285e-01	0.000000e+00	1.507570e+04
3.145558e+03	9.335602e-02	0.000000e+00	1.927315e+04
3.617391e+03	8.451704e-02	0.000000e+00	2.461123e+04
4.160000e+03	7.670722e-02	0.000000e+00	3.138449e+04
4.784000e+03	6.981405e-02	0.000000e+00	3.995643e+04
5.501600e+03	6.373413e-02	0.000000e+00	5.077269e+04
6.326840e+03	5.838875e-02	0.000000e+00	6.437571e+04
7.275866e+03	5.370264e-02	0.000000e+00	8.142036e+04
8.367246e+03	4.959956e-02	0.000000e+00	1.026905e+05
9.622333e+03	4.601969e-02	0.000000e+00	1.291160e+05
