# Energy_MeV	dEdx_Elec_MeV_um	dEdx_Nucl_MeV_um	Range_um
1.000000e-05	2.209787e-03	2.534196e-02	7.669729e-03
1.150000e-05	2.381693e-03	2.762028e-02	8.224868e-03
1.322500e-05	2.565984e-03	2.998325e-02	8.820189e-03
1.520875e-05	2.763561e-03	3.256266e-02	9.458598e-03
1.749006e-05	2.975389e-03	3.522006e-02	1.014322e-02
2.011357e-05	3.202505e-03	3.821014e-02	1.087739e-02
2.313061e-05	3.446017e-03	4.129266e-02	1.166470e-02
2.660020e-05	3.707117e-03	4.457390e-02	1.250900e-02
3.059023e-05	3.987081e-03	4.814400e-02	1.341440e-02
3.517876e-05	4.287275e-03	5.164474e-02	1.438535e-02
4.045558e-05	4.609167e-03	5.563428e-02	1.542656e-02
4.652391e-05	4.954330e-03	5.963174e-02	1.654315e-02
5.350250e-05	5.324450e-03	6.385524e-02	1.774055e-02
6.152788e-05	5.721336e-03	6.843096e-02	1.902462e-02
7.075706e-05	6.146926e-03	7.296328e-02	2.040163e-02
8.137062e-05	6.603300e-03	7.775084e-02	2.187831e-02
9.357621e-05	7.092687e-03	8.251869e-02	2.346188e-02
1.076126e-04	7.617478e-03	8.747567e-02	2.516006e-02
1.237545e-04	8.180238e-03	9.260547e-02	2.698116e-02
1.423177e-04	8.783715e-03	9.769513e-02	2.893407e-02
1.636654e-04	9.430858e-03	1.026598e-01	3.102833e-02
1.882152e-04	1.012483e-02	1.077083e-01	3.327418e-02
2.164475e-04	1.086902e-02	1.130982e-01	3.568258e-02
2.489146e-04	1.166706e-02	1.178647e-01	3.826531e-02
2.862518e-04	1.252285e-02	1.232274e-01	4.103497e-02
3.291895e-04	1.344058e-02	1.277282e-01	4.400510e-02
3.785680e-04	1.442472e-02	1.324096e-01	4.719021e-02
4.353531e-04	1.548009e-02	1.372296e-01	5.060587e-02
5.006561e-04	1.661183e-02	1.411873e-01	5.426875e-02
5.757545e-04	1.782549e-02	1.456702e-01	5.819675e-02
6.621177e-04	1.912698e-02	1.493410e-01	6.240906e-02
7.614354e-04	2.052267e-02	1.529943e-01	6.692626e-02
8.756507e-04	2.201938e-02	1.562688e-01	7.177042e-02
1.006998e-03	2.362441e-02	1.590978e-01	7.696520e-02
1.158048e-03	2.534561e-02	1.618770e-01	8.253598e-02
1.331755e-03	2.719138e-02	1.640145e-01	8.850998e-02
1.531519e-03	2.917075e-02	1.660721e-01	9.491638e-02
1.761246e-03	3.129339e-02	1.675830e-01	1.017865e-01
2.025433e-03	3.356965e-02	1.691009e-01	1.091210e-01
2.329248e-03	3.601067e-02	1.700794e-01	1.170338e-01
2.678635e-03	3.862837e-02	1.707826e-01	1.255310e-01
3.080431e-03	4.143554e-02	1.712952e-01	1.346153e-01
3.542495e-03	4.444589e-02	1.711241e-01	1.443590e-01
4.073870e-03	4.767412e-02	1.708713e-01	1.548077e-01
4.684950e-03	5.113602e-02	1.700590e-01	1.660125e-01
5.387693e-03	5.484848e-02	1.688966e-01	1.780283e-01
6.195847e-03	5.882966e-02	1.674165e-01	1.909138e-01
7.125224e-03	6.309899e-02	1.653761e-01	2.047320e-01
8.194007e-03	6.767734e-02	1.629748e-01	2.195505e-01
9.423108e-03	7.258706e-02	1.601202e-01	2.354415e-01
1.083657e-02	7.785216e-02	1.568385e-01	2.524826e-01
1.246206e-02	8.349834e-02	1.531558e-01	2.707571e-01
1.433137e-02	8.955320e-02	1.490616e-01	2.903545e-01
1.648108e-02	9.604631e-02	1.447848e-01	3.113703e-01
1.895324e-02	1.030094e-01	1.400597e-01	3.339073e-01
2.179622e-02	1.104765e-01	1.348388e-01	3.580753e-01
2.506566e-02	1.184840e-01	1.297474e-01	3.839927e-01
2.882550e-02	1.270711e-01	1.239273e-01	4.117862e-01
3.314933e-02	1.362798e-01	1.186347e-01	4.415913e-01
3.812173e-02	1.461550e-01	1.128269e-01	4.735537e-01
4.383999e-02	1.567450e-01	1.066751e-01	5.078294e-01
5.041599e-02	1.681014e-01	1.011644e-01	5.445861e-01
5.797838e-02	1.802799e-01	9.482708e-02	5.840035e-01
6.667514e-02	1.933399e-01	8.925256e-02	6.262738e-01
7.667641e-02	2.073451e-01	8.340622e-02	6.716035e-01
8.817787e-02	2.223640e-01	7.782396e-02	7.202141e-01
1.014046e-01	2.384700e-01	7.260229e-02	7.723434e-01
1.166152e-01	2.557418e-01	6.714290e-02	8.282460e-01
1.341075e-01	2.742637e-01	6.244756e-02	8.881952e-01
1.542237e-01	2.941263e-01	5.763181e-02	9.524808e-01
1.773572e-01	3.154265e-01	5.340718e-02	1.021426e+00
2.039608e-01	3.382686e-01	4.887620e-02	1.095351e+00
2.345549e-01	3.627652e-01	4.521452e-02	1.175074e+00
2.697381e-01	3.890349e-01	4.193798e-02	1.261420e+00
3.101989e-01	4.172060e-01	3.849256e-02	1.354953e+00
3.567287e-01	4.474162e-01	3.549972e-02	1.456375e+00
4.102380e-01	4.798122e-01	3.205796e-02	1.557334e+00
4.717737e-01	5.145498e-01	2.884049e-02	1.629509e+00
5.425397e-01	5.468343e-01	2.585752e-02	1.701660e+00
6.239207e-01	5.802253e-01	2.299891e-02	1.773518e+00
7.175088e-01	6.316764e-01	2.079474e-02	1.844922e+00
8.251351e-01	6.884482e-01	1.870932e-02	1.915867e+00
9.489054e-01	7.478452e-01	1.691392e-02	1.986561e+00
1.091241e+00	8.076033e-01	1.521758e-02	2.057468e+00
1.254927e+00	8.715559e-01	1.366154e-02	2.129385e+00
1.443166e+00	9.301000e-01	1.226518e-02	2.203543e+00
1.659641e+00	9.896536e-01	1.107426e-02	2.281627e+00
1.908588e+00	1.045052e+00	9.946670e-03	2.365887e+00
2.194876e+00	1.088383e+00	8.838369e-03	2.459212e+00
2.524107e+00	1.130085e+00	7.998784e-03	2.565212e+00
2.902723e+00	1.172598e+00	7.033260e-03	2.688321e+00
3.338132e+00	1.212015e+00	6.368050e-03	2.833863e+00
3.838852e+00	1.244805e+00	5.673917e-03	3.008148e+00
4.414679e+00	1.269544e+00	5.022228e-03	3.218596e+00
5.076881e+00	1.292386e+00	4.527261e-03	3.473819e+00
5.838413e+00	1.305946e+00	3.958049e-03	3.783777e+00
6.714175e+00	1.316714e+00	3.549621e-03	4.159976e+00
7.721302e+00	1.324040e+00	3.139099e-03	4.615788e+00
8.879497e+00	1.322553e+00	2.789947e-03	5.166934e+00
1.021142e+01	1.317170e+00	2.488096e-03	5.832192e+00
1.174313e+01	1.303272e+00	2.191945e-03	6.634405e+00
1.350460e+01	1.283906e+00	1.966360e-03	7.601814e+00
1.553030e+01	1.258827e+00	1.741580e-03	8.769809e+00
1.785984e+01	1.226688e+00	1.561465e-03	1.018318e+01
2.053882e+01	1.189794e+00	1.374186e-03	1.189895e+01
2.361964e+01	1.148503e+00	1.226643e-03	1.399011e+01
2.716258e+01	1.102166e+00	1.084970e-03	1.655019e+01
3.123697e+01	1.049627e+00	9.536499e-04	1.969931e+01
3.592252e+01	9.964289e-01	8.548511e-04	2.359164e+01
4.131089e+01	1.018124e+00	7.485410e-04	2.842455e+01
4.750753e+01	9.374687e-01	6.673933e-04	3.445082e+01
5.463366e+01	8.630048e-01	5.884402e-04	4.201942e+01
6.282871e+01	7.923027e-01	5.147527e-04	5.153566e+01
7.225301e+01	7.250058e-01	4.549115e-04	6.352692e+01
8.309096e+01	6.608641e-01	4.006236e-04	7.868792e+01
9.555461e+01	6.007065e-01	3.552925e-04	9.791583e+01
1.098878e+02	5.448880e-01	3.134688e-04	1.223458e+02
1.263710e+02	4.923373e-01	2.765503e-04	1.534692e+02
1.453266e+02	4.432040e-01	2.436886e-04	1.933073e+02
1.671256e+02	3.985097e-01	2.169429e-04	2.444110e+02
1.921945e+02	3.603095e-01	1.915683e-04	3.097575e+02
2.210236e+02	3.251545e-01	1.676823e-04	3.931926e+02
2.541772e+02	2.929094e-01	1.496778e-04	4.998921e+02
2.923037e+02	2.634256e-01	1.289801e-04	6.365329e+02
3.361493e+02	2.365877e-01	1.157234e-04	8.117292e+02
3.865717e+02	2.123273e-01	1.015001e-04	1.036502e+03
4.445574e+02	1.903396e-01	8.873234e-05	1.325040e+03
5.112411e+02	1.703683e-01	7.897585e-05	1.695891e+03
5.879272e+02	1.524640e-01	6.785008e-05	2.172791e+03
6.761163e+02	1.367325e-01	6.016879e-05	2.785362e+03
7.775337e+02	1.226626e-01	5.242750e-05	3.570989e+03
8.941638e+02	1.100437e-01	4.604705e-05	4.578350e+03
1.028288e+03	9.876849e-02	0.000000e+00	5.869537e+03
1.182532e+03	8.870883e-02	0.000000e+00	7.523561e+03
1.359911e+03	7.974750e-02	0.000000e+00	9.640685e+03
1.563898e+03	7.177632e-02	0.000000e+00	1.234767e+04
1.798483e+03	6.469649e-02	0.000000e+00	1.580438e+04
2.068255e+03	5.841371e-02	0.000000e+00	2.021165e+04
2.378493e+03	5.284173e-02	0.000000e+00	2.582041e+04
2.735268e+03	4.791347e-02	0.000000e+00	3.294284e+04
3.145558e+03	4.356261e-02	0.000000e+00	4.196494e+04
3.617391e+03	3.972306e-02	0.000000e+00	5.336109e+04
4.160000e+03	3.634238e-02	0.000000e+00	6.771009e+04
4.784000e+03	3.337543e-02	0.000000e+00	8.571280e+04
5.501600e+03	3.077744e-02	0.000000e+00	1.082106e+05
6.326840e+03	2.850904e-02	0.000000e+00	1.362046e+05
7.275866e+03	2.653778e-02	0.000000e+00	1.708744e+05
8.367246e+03	2.483241e-02	0.000000e+00	2.135962e+05
9.622333e+03	2.336355e-02	0.000000e+00	2.659590e+05
