# Energy_MeV	dEdx_Elec_MeV_um	dEdx_Nucl_MeV_um	Range_um
1.000000e-05	2.033031e-03	2.813120e-02	7.830131e-03
1.150000e-05	2.190929e-03	3.068575e-02	8.396880e-03
1.322500e-05	2.360205e-03	3.341626e-02	9.004650e-03
1.520875e-05	2.541686e-03	3.641167e-02	9.656412e-03
1.749006e-05	2.736260e-03	3.954166e-02	1.035535e-02
2.011357e-05	2.944878e-03	4.298662e-02	1.110487e-02
2.313061e-05	3.168559e-03	4.646867e-02	1.190865e-02
2.660020e-05	3.408397e-03	5.037772e-02	1.277060e-02
3.059023e-05	3.665563e-03	5.449987e-02	1.369495e-02
3.517876e-05	3.941314e-03	5.881962e-02	1.468620e-02
4.045558e-05	4.236998e-03	6.357296e-02	1.574919e-02
4.652391e-05	4.554058e-03	6.818333e-02	1.688912e-02
5.350250e-05	4.894045e-03	7.339256e-02	1.811157e-02
6.152788e-05	5.258619e-03	7.875553e-02	1.942249e-02
7.075706e-05	5.649562e-03	8.431892e-02	2.082830e-02
8.137062e-05	6.068783e-03	9.038820e-02	2.233587e-02
9.357621e-05	6.518330e-03	9.635397e-02	2.395255e-02
1.076126e-04	7.000401e-03	1.027026e-01	2.568625e-02
1.237545e-04	7.517349e-03	1.090896e-01	2.754543e-02
1.423177e-04	8.071701e-03	1.155814e-01	2.953918e-02
1.636654e-04	8.666165e-03	1.224192e-01	3.167725e-02
1.882152e-04	9.303644e-03	1.291235e-01	3.397006e-02
2.164475e-04	9.987254e-03	1.357903e-01	3.642883e-02
2.489146e-04	1.072033e-02	1.424497e-01	3.906557e-02
2.862518e-04	1.150646e-02	1.494540e-01	4.189316e-02
3.291895e-04	1.234949e-02	1.559573e-01	4.492541e-02
3.785680e-04	1.325352e-02	1.630383e-01	4.817713e-02
4.353531e-04	1.422298e-02	1.691004e-01	5.166422e-02
5.006561e-04	1.526260e-02	1.752872e-01	5.540370e-02
5.757545e-04	1.637747e-02	1.815232e-01	5.941385e-02
6.621177e-04	1.757302e-02	1.869784e-01	6.371426e-02
7.614354e-04	1.885511e-02	1.929070e-01	6.832593e-02
8.756507e-04	2.022998e-02	1.978069e-01	7.327140e-02
1.006998e-03	2.170437e-02	2.027560e-01	7.857482e-02
1.158048e-03	2.328546e-02	2.070089e-01	8.426210e-02
1.331755e-03	2.498100e-02	2.108234e-01	9.036104e-02
1.531519e-03	2.679925e-02	2.144946e-01	9.690142e-02
1.761246e-03	2.874910e-02	2.173945e-01	1.039152e-01
2.025433e-03	3.084009e-02	2.202489e-01	1.114366e-01
2.329248e-03	3.308241e-02	2.221995e-01	1.195025e-01
2.678635e-03	3.548704e-02	2.241537e-01	1.281521e-01
3.080431e-03	3.806571e-02	2.255721e-01	1.374105e-01
3.542495e-03	4.083102e-02	2.265184e-01	1.473802e-01
4.073870e-03	4.379649e-02	2.272456e-01	1.580447e-01
4.684950e-03	4.697659e-02	2.270379e-01	1.694850e-01
5.387693e-03	5.038687e-02	2.266773e-01	1.817520e-01
6.195847e-03	5.404399e-02	2.256896e-01	1.949071e-01
7.125224e-03	5.796581e-02	2.241778e-01	2.090143e-01
8.194007e-03	6.217149e-02	2.222425e-01	2.241426e-01
9.423108e-03	6.668157e-02	2.195702e-01	2.403658e-01
1.083657e-02	7.151810e-02	2.164166e-01	2.577634e-01
1.246206e-02	7.670470e-02	2.126651e-01	2.764202e-01
1.433137e-02	8.226671e-02	2.083541e-01	2.964274e-01
1.648108e-02	8.823129e-02	2.034825e-01	3.178827e-01
1.895324e-02	9.462760e-02	1.981021e-01	3.408908e-01
2.179622e-02	1.014869e-01	1.924098e-01	3.655645e-01
2.506566e-02	1.088426e-01	1.861927e-01	3.920241e-01
2.882550e-02	1.167308e-01	1.793742e-01	4.203987e-01
3.314933e-02	1.251899e-01	1.725273e-01	4.508270e-01
3.812173e-02	1.342613e-01	1.648604e-01	4.834578e-01
4.383999e-02	1.439892e-01	1.577617e-01	5.184505e-01
5.041599e-02	1.544213e-01	1.501024e-01	5.559761e-01
5.797838e-02	1.656085e-01	1.421072e-01	5.962176e-01
6.667514e-02	1.776054e-01	1.346125e-01	6.393717e-01
7.667641e-02	1.904706e-01	1.262499e-01	6.856495e-01
8.817787e-02	2.042671e-01	1.188245e-01	7.352771e-01
1.014046e-01	2.190621e-01	1.109625e-01	7.884967e-01
1.166152e-01	2.349280e-01	1.036410e-01	8.455681e-01
1.341075e-01	2.519423e-01	9.668939e-02	9.067702e-01
1.542237e-01	2.701880e-01	8.949146e-02	9.724026e-01
1.773572e-01	2.897545e-01	8.319186e-02	1.042786e+00
2.039608e-01	3.107371e-01	7.662029e-02	1.118261e+00
2.345549e-01	3.332385e-01	7.111840e-02	1.199209e+00
2.697381e-01	3.573685e-01	6.523663e-02	1.285984e+00
3.101989e-01	3.832464e-01	6.010378e-02	1.379457e+00
3.567287e-01	4.109973e-01	5.574639e-02	1.480684e+00
4.102380e-01	4.407567e-01	5.132766e-02	1.590319e+00
4.717737e-01	4.726703e-01	4.739983e-02	1.709187e+00
5.425397e-01	5.068937e-01	4.288283e-02	1.838193e+00
6.239207e-01	5.435911e-01	3.838658e-02	1.930958e+00
7.175088e-01	5.793639e-01	3.442390e-02	2.011866e+00
8.251351e-01	6.154388e-01	3.065172e-02	2.092100e+00
9.489054e-01	6.689571e-01	2.774003e-02	2.171481e+00
1.091241e+00	7.317929e-01	2.495640e-02	2.250004e+00
1.254927e+00	7.971210e-01	2.251099e-02	2.327895e+00
1.443166e+00	8.659462e-01	2.030101e-02	2.405678e+00
1.659641e+00	9.391562e-01	1.821123e-02	2.484247e+00
1.908588e+00	1.009647e+00	1.636604e-02	2.564903e+00
2.194876e+00	1.083717e+00	1.475142e-02	2.649527e+00
2.524107e+00	1.151398e+00	1.325864e-02	2.740581e+00
2.902723e+00	1.210318e+00	1.182751e-02	2.841217e+00
3.338132e+00	1.264013e+00	1.065908e-02	2.955383e+00
3.838852e+00	1.318876e+00	9.379686e-03	3.087883e+00
4.414679e+00	1.373906e+00	8.481611e-03	3.244512e+00
5.076881e+00	1.417747e+00	7.561598e-03	3.432104e+00
5.838413e+00	1.455205e+00	6.712911e-03	3.658642e+00
6.714175e+00	1.490732e+00	6.033378e-03	3.933365e+00
7.721302e+00	1.512767e+00	5.278924e-03	4.266889e+00
8.879497e+00	1.533824e+00	4.735149e-03	4.671395e+00
1.021142e+01	1.549657e+00	4.177571e-03	5.160929e+00
1.174313e+01	1.557302e+00	3.717688e-03	5.751873e+00
1.350460e+01	1.560660e+00	3.318918e-03	6.463657e+00
1.553030e+01	1.552003e+00	2.924808e-03	7.319754e+00
1.785984e+01	1.538385e+00	2.623411e-03	8.349037e+00
2.053882e+01	1.517117e+00	2.314047e-03	9.587523e+00
2.361964e+01	1.487598e+00	2.081047e-03	1.108061e+01
2.716258e+01	1.451800e+00	1.838931e-03	1.288590e+01
3.123697e+01	1.409168e+00	1.634387e-03	1.507684e+01
3.592252e+01	1.360777e+00	1.446548e-03	1.774724e+01
4.131089e+01	1.305899e+00	1.270057e-03	2.101725e+01
4.750753e+01	1.247406e+00	1.139054e-03	2.504040e+01
5.463366e+01	1.296466e+00	1.001934e-03	3.001406e+01
6.282871e+01	1.196616e+00	8.892801e-04	3.618654e+01
7.225301e+01	1.105518e+00	7.845873e-04	4.390435e+01
8.309096e+01	1.018541e+00	6.865065e-04	5.357603e+01
9.555461e+01	9.353692e-01	6.073787e-04	6.571756e+01
1.098878e+02	8.554543e-01	5.348513e-04	8.101635e+01
1.263710e+02	7.800327e-01	4.728725e-04	1.003625e+02
1.453266e+02	7.096474e-01	4.184985e-04	1.248819e+02
1.671256e+02	6.433077e-01	3.688502e-04	1.560432e+02
1.921945e+02	5.806569e-01	3.253930e-04	1.958407e+02
2.210236e+02	5.230023e-01	2.890780e-04	2.468335e+02
2.541772e+02	4.736533e-01	2.554601e-04	3.120144e+02
2.923037e+02	4.283097e-01	2.242066e-04	3.951658e+02
3.361493e+02	3.865149e-01	1.995165e-04	5.014221e+02
3.865717e+02	3.481187e-01	1.720572e-04	6.374244e+02
4.445574e+02	3.130404e-01	1.541726e-04	8.117488e+02
5.112411e+02	2.812079e-01	1.353087e-04	1.035380e+03
5.879272e+02	2.523463e-01	1.184470e-04	1.322430e+03
6.761163e+02	2.260054e-01	1.052818e-04	1.691337e+03
7.775337e+02	2.023436e-01	9.040109e-05	2.165810e+03
8.941638e+02	1.814589e-01	8.030869e-05	2.775508e+03
1.028288e+03	1.628325e-01	6.977166e-05	3.557670e+03
1.182532e+03	1.460993e-01	6.129097e-05	4.560695e+03
1.359911e+03	1.311322e-01	5.407551e-05	5.846547e+03
1.563898e+03	1.177745e-01	4.689500e-05	7.494007e+03
1.798483e+03	1.058672e-01	0.000000e+00	9.603116e+03
2.068255e+03	9.526810e-02	0.000000e+00	1.230041e+04
2.378493e+03	8.585263e-02	0.000000e+00	1.574554e+04
2.735268e+03	7.749688e-02	0.000000e+00	2.013920e+04
3.145558e+03	7.008391e-02	0.000000e+00	2.573236e+04
3.617391e+03	6.352440e-02	0.000000e+00	3.283746e+04
4.160000e+03	5.773332e-02	0.000000e+00	4.184122e+04
4.784000e+03	5.262220e-02	0.000000e+00	5.321936e+04
5.501600e+03	4.812006e-02	0.000000e+00	6.755297e+04
6.326840e+03	4.416789e-02	0.000000e+00	8.554651e+04
7.275866e+03	4.070578e-02	0.000000e+00	1.080469e+05
8.367246e+03	3.767986e-02	0.000000e+00	1.360632e+05
9.622333e+03	3.504795e-02	0.000000e+00	1.707861e+05
