# Energy_MeV	dEdx_Elec_MeV_um	dEdx_Nucl_MeV_um	Range_um
1.000000e-05	2.061690e-03	3.121870e-02	6.362725e-03
1.150000e-05	2.224786e-03	3.424445e-02	6.823262e-03
1.322500e-05	2.399604e-03	3.749998e-02	7.317134e-03
1.520875e-05	2.586999e-03	4.109423e-02	7.846752e-03
1.749006e-05	2.787888e-03	4.488879e-02	8.414704e-03
2.011357e-05	3.003253e-03	4.902860e-02	9.023764e-03
2.313061e-05	3.234148e-03	5.347650e-02	9.676909e-03
2.660020e-05	3.481700e-03	5.818530e-02	1.037733e-02
3.059023e-05	3.747121e-03	6.334806e-02	1.112845e-02
3.517876e-05	4.031706e-03	6.881307e-02	1.193393e-02
4.045558e-05	4.336847e-03	7.456816e-02	1.279771e-02
4.652391e-05	4.664035e-03	8.074963e-02	1.372402e-02
5.350250e-05	5.014868e-03	8.742712e-02	1.471737e-02
6.152788e-05	5.391062e-03	9.442305e-02	1.578262e-02
7.075706e-05	5.794453e-03	1.021971e-01	1.692497e-02
8.137062e-05	6.227012e-03	1.097653e-01	1.815001e-02
9.357621e-05	6.690854e-03	1.180656e-01	1.946372e-02
1.076126e-04	7.188245e-03	1.268356e-01	2.087252e-02
1.237545e-04	7.721613e-03	1.358550e-01	2.238328e-02
1.423177e-04	8.293566e-03	1.458515e-01	2.400339e-02
1.636654e-04	8.906897e-03	1.555126e-01	2.574077e-02
1.882152e-04	9.564603e-03	1.661526e-01	2.760390e-02
2.164475e-04	1.026990e-02	1.765554e-01	2.960189e-02
2.489146e-04	1.102622e-02	1.871797e-01	3.174449e-02
2.862518e-04	1.183728e-02	1.985178e-01	3.404217e-02
3.291895e-04	1.270703e-02	2.094147e-01	3.650616e-02
3.785680e-04	1.363971e-02	2.212112e-01	3.914850e-02
4.353531e-04	1.463990e-02	2.316551e-01	4.198208e-02
5.006561e-04	1.571246e-02	2.430152e-01	4.502077e-02
5.757545e-04	1.686265e-02	2.544737e-01	4.827940e-02
6.621177e-04	1.809608e-02	2.655913e-01	5.177388e-02
7.614354e-04	1.941878e-02	2.769074e-01	5.552131e-02
8.756507e-04	2.083721e-02	2.866302e-01	5.953997e-02
1.006998e-03	2.235830e-02	2.969045e-01	6.384950e-02
1.158048e-03	2.398947e-02	3.067938e-01	6.847096e-02
1.331755e-03	2.573871e-02	3.161182e-01	7.342693e-02
1.531519e-03	2.761455e-02	3.252825e-01	7.874161e-02
1.761246e-03	2.962615e-02	3.332556e-01	8.444097e-02
2.025433e-03	3.178336e-02	3.408232e-01	9.055285e-02
2.329248e-03	3.409670e-02	3.477045e-01	9.710711e-02
2.678635e-03	3.657747e-02	3.535859e-01	1.041358e-01
3.080431e-03	3.923780e-02	3.591804e-01	1.116732e-01
3.542495e-03	4.209068e-02	3.639391e-01	1.197561e-01
4.073870e-03	4.515005e-02	3.678039e-01	1.284025e-01
4.684950e-03	4.843086e-02	3.711104e-01	1.377239e-01
5.387693e-03	5.194913e-02	3.738080e-01	1.476901e-01
6.195847e-03	5.572205e-02	3.756649e-01	1.583814e-01
7.125224e-03	5.976805e-02	3.773732e-01	1.698444e-01
8.194007e-03	6.410691e-02	3.773822e-01	1.821376e-01
9.423108e-03	6.875981e-02	3.770434e-01	1.953206e-01
1.083657e-02	7.374948e-02	3.757978e-01	2.094578e-01
1.246206e-02	7.910031e-02	3.736286e-01	2.246182e-01
1.433137e-02	8.483843e-02	3.708970e-01	2.408759e-01
1.648108e-02	9.099188e-02	3.668256e-01	2.583103e-01
1.895324e-02	9.759072e-02	3.620291e-01	2.770068e-01
2.179622e-02	1.046672e-01	3.561554e-01	2.970565e-01
2.506566e-02	1.122558e-01	3.494369e-01	3.185573e-01
2.882550e-02	1.203938e-01	3.416899e-01	3.416143e-01
3.314933e-02	1.291207e-01	3.331940e-01	3.663402e-01
3.812173e-02	1.384794e-01	3.237240e-01	3.928560e-01
4.383999e-02	1.485153e-01	3.140007e-01	4.212909e-01
5.041599e-02	1.592778e-01	3.031633e-01	4.517838e-01
5.797838e-02	1.708192e-01	2.916138e-01	4.844838e-01
6.667514e-02	1.831959e-01	2.796077e-01	5.195508e-01
7.667641e-02	1.964685e-01	2.670403e-01	5.571560e-01
8.817787e-02	2.107018e-01	2.550307e-01	5.974830e-01
1.014046e-01	2.259653e-01	2.420921e-01	6.407288e-01
1.166152e-01	2.423336e-01	2.290186e-01	6.871047e-01
1.341075e-01	2.598866e-01	2.158978e-01	7.368376e-01
1.542237e-01	2.787101e-01	2.026472e-01	7.901702e-01
1.773572e-01	2.988960e-01	1.899955e-01	8.473628e-01
2.039608e-01	3.205431e-01	1.775400e-01	9.086949e-01
2.345549e-01	3.437569e-01	1.653791e-01	9.744665e-01
2.697381e-01	3.686510e-01	1.540203e-01	1.044998e+00
3.101989e-01	3.953470e-01	1.426817e-01	1.120641e+00
3.567287e-01	4.239752e-01	1.318191e-01	1.201729e+00
4.102380e-01	4.546767e-01	1.220628e-01	1.288915e+00
4.717737e-01	4.876008e-01	1.123732e-01	1.383279e+00
5.425397e-01	5.229079e-01	1.031677e-01	1.485468e+00
6.239207e-01	5.607706e-01	9.561869e-02	1.596240e+00
7.175088e-01	6.013739e-01	8.791498e-02	1.716423e+00
8.251351e-01	6.449161e-01	8.178961e-02	1.846984e+00
9.489054e-01	6.896079e-01	7.474543e-02	1.979375e+00
1.091241e+00	7.322598e-01	6.664463e-02	2.039847e+00
1.254927e+00	7.920091e-01	5.995327e-02	2.098225e+00
1.443166e+00	8.690585e-01	5.303224e-02	2.154628e+00
1.659641e+00	9.510194e-01	4.822156e-02	2.209365e+00
1.908588e+00	1.042039e+00	4.318067e-02	2.262970e+00
2.194876e+00	1.139386e+00	3.901319e-02	2.316267e+00
2.524107e+00	1.243518e+00	3.528053e-02	2.370430e+00
2.902723e+00	1.358501e+00	3.156524e-02	2.427033e+00
3.338132e+00	1.469424e+00	2.853911e-02	2.488116e+00
3.838852e+00	1.582678e+00	2.544692e-02	2.556235e+00
4.414679e+00	1.683966e+00	2.309642e-02	2.634499e+00
5.076881e+00	1.792178e+00	2.070173e-02	2.726668e+00
5.838413e+00	1.910688e+00	1.850742e-02	2.837183e+00
6.714175e+00	2.003487e+00	1.649087e-02	2.971197e+00
7.721302e+00	2.095740e+00	1.466447e-02	3.134626e+00
8.879497e+00	2.178659e+00	1.321397e-02	3.334179e+00
1.021142e+01	2.247741e+00	1.177797e-02	3.577422e+00
1.174313e+01	2.315545e+00	1.049346e-02	3.872841e+00
1.350460e+01	2.371537e+00	9.303960e-03	4.229986e+00
1.553030e+01	2.422320e+00	8.237581e-03	4.659743e+00
1.785984e+01	2.463526e+00	7.321892e-03	5.174751e+00
2.053882e+01	2.487647e+00	6.505007e-03	5.790005e+00
2.361964e+01	2.506004e+00	5.766555e-03	6.523691e+00
2.716258e+01	2.507483e+00	5.146289e-03	7.398230e+00
3.123697e+01	2.498515e+00	4.570068e-03	8.441608e+00
3.592252e+01	2.477510e+00	4.046728e-03	9.689006e+00
4.131089e+01	2.438521e+00	3.619836e-03	1.118484e+01
4.750753e+01	2.391032e+00	3.212248e-03	1.298532e+01
5.463366e+01	2.335420e+00	2.848823e-03	1.516173e+01
6.282871e+01	2.269242e+00	2.536584e-03	1.780433e+01
7.225301e+01	2.191371e+00	2.207969e-03	2.102879e+01
8.309096e+01	2.372430e+00	1.985346e-03	2.497723e+01
9.555461e+01	2.215397e+00	1.752450e-03	2.984793e+01
1.098878e+02	2.064001e+00	1.549208e-03	3.588345e+01
1.263710e+02	1.916037e+00	1.377691e-03	4.337000e+01
1.453266e+02	1.771463e+00	1.196665e-03	5.269721e+01
1.671256e+02	1.632138e+00	1.066630e-03	6.436979e+01
1.921945e+02	1.499943e+00	9.326604e-04	7.902592e+01
2.210236e+02	1.373848e+00	8.251578e-04	9.748719e+01
2.541772e+02	1.252131e+00	7.333227e-04	1.208687e+02
2.923037e+02	1.138213e+00	6.428217e-04	1.506359e+02
3.361493e+02	1.037746e+00	5.721655e-04	1.885173e+02
3.865717e+02	9.461239e-01	5.012927e-04	2.366144e+02
4.445574e+02	8.602419e-01	4.483146e-04	2.978130e+02
5.112411e+02	7.800420e-01	3.956481e-04	3.758814e+02
5.879272e+02	7.056795e-01	3.484915e-04	4.756944e+02
6.761163e+02	6.371749e-01	3.051704e-04	6.035199e+02
7.775337e+02	5.744665e-01	2.678303e-04	7.674027e+02
8.941638e+02	5.164818e-01	2.380683e-04	9.778355e+02
1.028288e+03	4.638191e-01	2.093521e-04	1.248426e+03
1.182532e+03	4.166961e-01	1.841276e-04	1.596300e+03
1.359911e+03	3.746502e-01	1.606500e-04	2.042833e+03
1.563898e+03	3.366129e-01	1.404872e-04	2.615648e+03
1.798483e+03	3.024174e-01	1.229795e-04	3.350358e+03
2.068255e+03	2.718185e-01	1.079274e-04	4.292163e+03
2.378493e+03	2.444454e-01	9.442289e-05	5.498518e+03
2.735268e+03	2.199852e-01	8.311458e-05	7.042131e+03
3.145558e+03	1.982252e-01	7.293053e-05	9.014748e+03
3.617391e+03	1.789089e-01	6.358634e-05	1.153183e+04
4.160000e+03	1.617480e-01	5.629701e-05	1.473791e+04
4.784000e+03	1.465399e-01	4.930541e-05	1.881313e+04
5.501600e+03	1.331126e-01	0.000000e+00	2.398079e+04
6.326840e+03	1.212589e-01	0.000000e+00	3.051604e+04
7.275866e+03	1.108071e-01	0.000000e+00	3.875558e+04
8.367246e+03	1.016307e-01	0.000000e+00	4.910838e+04
9.622333e+03	9.359008e-02	0.000000e+00	6.206715e+04
