# Energy_MeV	dEdx_Elec_MeV_um	dEdx_Nucl_MeV_um	Range_um
1.000000e-05	2.623314e-03	3.209925e-02	4.238335e-03
1.150000e-05	2.842357e-03	3.517657e-02	4.545107e-03
1.322500e-05	3.076968e-03	3.862450e-02	4.874085e-03
1.520875e-05	3.328300e-03	4.232002e-02	5.226874e-03
1.749006e-05	3.597588e-03	4.637630e-02	5.605197e-03
2.011357e-05	3.886152e-03	5.076736e-02	6.010905e-03
2.313061e-05	4.195407e-03	5.549694e-02	6.445977e-03
2.660020e-05	4.526867e-03	6.057275e-02	6.912540e-03
3.059023e-05	4.882154e-03	6.602471e-02	7.412874e-03
3.517876e-05	5.263007e-03	7.187827e-02	7.949421e-03
4.045558e-05	5.671288e-03	7.817585e-02	8.524805e-03
4.652391e-05	6.108993e-03	8.498616e-02	9.141835e-03
5.350250e-05	6.578264e-03	9.195519e-02	9.803525e-03
6.152788e-05	7.081393e-03	9.965430e-02	1.051311e-02
7.075706e-05	7.620840e-03	1.079496e-01	1.127405e-02
8.137062e-05	8.199240e-03	1.164181e-01	1.209008e-02
9.357621e-05	8.819422e-03	1.260602e-01	1.296516e-02
1.076126e-04	9.484414e-03	1.351771e-01	1.390359e-02
1.237545e-04	1.019747e-02	1.455093e-01	1.490994e-02
1.423177e-04	1.096206e-02	1.563898e-01	1.598913e-02
1.636654e-04	1.178194e-02	1.672476e-01	1.714643e-02
1.882152e-04	1.266111e-02	1.796111e-01	1.838749e-02
2.164475e-04	1.360385e-02	1.913255e-01	1.971839e-02
2.489146e-04	1.461478e-02	2.042525e-01	2.114562e-02
2.862518e-04	1.569884e-02	2.171269e-01	2.267615e-02
3.291895e-04	1.686132e-02	2.299688e-01	2.431746e-02
3.785680e-04	1.810790e-02	2.440121e-01	2.607757e-02
4.353531e-04	1.944468e-02	2.571302e-01	2.796508e-02
5.006561e-04	2.087817e-02	2.711227e-01	2.998921e-02
5.757545e-04	2.241540e-02	2.841077e-01	3.215984e-02
6.621177e-04	2.406385e-02	2.981296e-01	3.448759e-02
7.614354e-04	2.583160e-02	3.116790e-01	3.698382e-02
8.756507e-04	2.772728e-02	3.254913e-01	3.966073e-02
1.006998e-03	2.976013e-02	3.386722e-01	4.253139e-02
1.158048e-03	3.194011e-02	3.507440e-01	4.560984e-02
1.331755e-03	3.427785e-02	3.633722e-01	4.891110e-02
1.531519e-03	3.678479e-02	3.749251e-01	5.245131e-02
1.761246e-03	3.947316e-02	3.864962e-01	5.624777e-02
2.025433e-03	4.235609e-02	3.971908e-01	6.031901e-02
2.329248e-03	4.544768e-02	4.070957e-01	6.468493e-02
2.678635e-03	4.876303e-02	4.159751e-01	6.936686e-02
3.080431e-03	5.231833e-02	4.241130e-01	7.435116e-02
3.542495e-03	5.613095e-02	4.313290e-01	7.976608e-02
4.073870e-03	6.021952e-02	4.377655e-01	8.554781e-02
4.684950e-03	6.460402e-02	4.436673e-01	9.173993e-02
5.387693e-03	6.930585e-02	4.479374e-01	9.837973e-02
6.195847e-03	7.434800e-02	4.520260e-01	1.055004e-01
7.125224e-03	7.975509e-02	4.553018e-01	1.131364e-01
8.194007e-03	8.555354e-02	4.571613e-01	1.213251e-01
9.423108e-03	9.177168e-02	4.591644e-01	1.301066e-01
1.083657e-02	9.843989e-02	4.588471e-01	1.395236e-01
1.246206e-02	1.055907e-01	4.583574e-01	1.496223e-01
1.433137e-02	1.132592e-01	4.567339e-01	1.604518e-01
1.648108e-02	1.214826e-01	4.538012e-01	1.720653e-01
1.895324e-02	1.303013e-01	4.503181e-01	1.845193e-01
2.179622e-02	1.397583e-01	4.451287e-01	1.978748e-01
2.506566e-02	1.498997e-01	4.390883e-01	2.121969e-01
2.882550e-02	1.607752e-01	4.317627e-01	2.275556e-01
3.314933e-02	1.724379e-01	4.233869e-01	2.440261e-01
3.812173e-02	1.849447e-01	4.137363e-01	2.616887e-01
4.383999e-02	1.983568e-01	4.032594e-01	2.806298e-01
5.041599e-02	2.127396e-01	3.917591e-01	3.009417e-01
5.797838e-02	2.281635e-01	3.796473e-01	3.227238e-01
6.667514e-02	2.447038e-01	3.661940e-01	3.460827e-01
7.667641e-02	2.624412e-01	3.522779e-01	3.711322e-01
8.817787e-02	2.814625e-01	3.373355e-01	3.979947e-01
1.014046e-01	3.018606e-01	3.224254e-01	4.268016e-01
1.166152e-01	3.237351e-01	3.074914e-01	4.576936e-01
1.341075e-01	3.471929e-01	2.915084e-01	4.908216e-01
1.542237e-01	3.723485e-01	2.759846e-01	5.263475e-01
1.773572e-01	3.993249e-01	2.596759e-01	5.644444e-01
2.039608e-01	4.282539e-01	2.439654e-01	6.052991e-01
2.345549e-01	4.592768e-01	2.282288e-01	6.491116e-01
2.697381e-01	4.925452e-01	2.133673e-01	6.960877e-01
3.101989e-01	5.282230e-01	1.988206e-01	7.465198e-01
3.567287e-01	5.664849e-01	1.847877e-01	8.010365e-01
4.102380e-01	6.075162e-01	1.714097e-01	8.600779e-01
4.717737e-01	6.515173e-01	1.579062e-01	9.240614e-01
5.425397e-01	6.987033e-01	1.466220e-01	9.934622e-01
6.239207e-01	7.493048e-01	1.346998e-01	1.068830e+00
7.175088e-01	8.035690e-01	1.234640e-01	1.150798e+00
8.251351e-01	8.509896e-01	1.149424e-01	1.240114e+00
9.489054e-01	9.115996e-01	1.056352e-01	1.332542e+00
1.091241e+00	9.958393e-01	9.799046e-02	1.354048e+00
1.254927e+00	1.088224e+00	8.919905e-02	1.373873e+00
1.443166e+00	1.191921e+00	7.941196e-02	1.392426e+00
1.659641e+00	1.302505e+00	7.166527e-02	1.410224e+00
1.908588e+00	1.425874e+00	6.332484e-02	1.428028e+00
2.194876e+00	1.561151e+00	5.764430e-02	1.446768e+00
2.524107e+00	1.705456e+00	5.170046e-02	1.467580e+00
2.902723e+00	1.864002e+00	4.664794e-02	1.491845e+00
3.338132e+00	2.012277e+00	4.217791e-02	1.521205e+00
3.838852e+00	2.176665e+00	3.767742e-02	1.557582e+00
4.414679e+00	2.357364e+00	3.407713e-02	1.603200e+00
5.076881e+00	2.521948e+00	3.051111e-02	1.660595e+00
5.838413e+00	2.691349e+00	2.759650e-02	1.732602e+00
6.714175e+00	2.837251e+00	2.466481e-02	1.822411e+00
7.721302e+00	2.977984e+00	2.213910e-02	1.933520e+00
8.879497e+00	3.110732e+00	1.964029e-02	2.069774e+00
1.021142e+01	3.230466e+00	1.756983e-02	2.235405e+00
1.174313e+01	3.352470e+00	1.577277e-02	2.435116e+00
1.350460e+01	3.452952e+00	1.401960e-02	2.674271e+00
1.553030e+01	3.542120e+00	1.254519e-02	2.959111e+00
1.785984e+01	3.622222e+00	1.107151e-02	3.297103e+00
2.053882e+01	3.675600e+00	9.844616e-03	3.697368e+00
2.361964e+01	3.721759e+00	8.707983e-03	4.171196e+00
2.716258e+01	3.741365e+00	7.756314e-03	4.732689e+00
3.123697e+01	3.736461e+00	6.893776e-03	5.399519e+00
3.592252e+01	3.712445e+00	6.124821e-03	6.193892e+00
4.131089e+01	3.678122e+00	5.458936e-03	7.143724e+00
4.750753e+01	3.630842e+00	4.809439e-03	8.284123e+00
5.463366e+01	3.559274e+00	4.327420e-03	9.659639e+00
6.282871e+01	4.032958e+00	3.830170e-03	1.132472e+01
7.225301e+01	3.804182e+00	3.390811e-03	1.335284e+01
8.309096e+01	3.584506e+00	3.023860e-03	1.583962e+01
9.555461e+01	3.363198e+00	2.627880e-03	1.888968e+01
1.098878e+02	3.144143e+00	2.371954e-03	2.264688e+01
1.263710e+02	2.927536e+00	2.088507e-03	2.729744e+01
1.453266e+02	2.718283e+00	1.846098e-03	3.307733e+01
1.671256e+02	2.516696e+00	1.641568e-03	4.028498e+01
1.921945e+02	2.318668e+00	1.424808e-03	4.932187e+01
2.210236e+02	2.129957e+00	1.270380e-03	6.072634e+01
2.541772e+02	1.958161e+00	1.113467e-03	7.514251e+01
2.923037e+02	1.803444e+00	9.847751e-04	9.332218e+01
3.361493e+02	1.656043e+00	8.740676e-04	1.162931e+02
3.865717e+02	1.515781e+00	7.659665e-04	1.454191e+02
4.445574e+02	1.383339e+00	6.811506e-04	1.824638e+02
5.112411e+02	1.259068e+00	5.999274e-04	2.297036e+02
5.879272e+02	1.143371e+00	5.342714e-04	2.900590e+02
6.761163e+02	1.035210e+00	4.699009e-04	3.673296e+02
7.775337e+02	9.350785e-01	4.160033e-04	4.664826e+02
8.941638e+02	8.436182e-01	3.623553e-04	5.938187e+02
1.028288e+03	7.614938e-01	3.203528e-04	7.571943e+02
1.182532e+03	6.864274e-01	2.834974e-04	9.666810e+02
1.359911e+03	6.183645e-01	2.484890e-04	1.235367e+03
1.563898e+03	5.571035e-01	2.196986e-04	1.579873e+03
1.798483e+03	5.019358e-01	1.906254e-04	2.021348e+03
2.068255e+03	4.522045e-01	1.675543e-04	2.586583e+03
2.378493e+03	4.077319e-01	1.458659e-04	3.309392e+03
2.735268e+03	3.682015e-01	1.283902e-04	4.232360e+03
3.145558e+03	3.329669e-01	1.126863e-04	5.408850e+03
3.617391e+03	3.016072e-01	9.864690e-05	6.905421e+03
4.160000e+03	2.738862e-01	8.694087e-05	8.804679e+03
4.784000e+03	2.493997e-01	7.549064e-05	1.120855e+04
5.501600e+03	2.277576e-01	6.717389e-05	1.424199e+04
6.326840e+03	2.087360e-01	5.865128e-05	1.805705e+04
7.275866e+03	1.920779e-01	5.124898e-05	2.283733e+04
8.367246e+03	1.774623e-01	0.000000e+00	2.880256e+04
9.622333e+03	1.646893e-01	0.000000e+00	3.621336e+04
