# Energy_MeV	dEdx_Elec_MeV_um	dEdx_Nucl_MeV_um	Range_um
1.000000e-05	2.515018e-03	2.464334e-02	6.207207e-03
1.150000e-05	2.714480e-03	2.683857e-02	6.656488e-03
1.322500e-05	2.928271e-03	2.923218e-02	7.138288e-03
1.520875e-05	3.157438e-03	3.173764e-02	7.654961e-03
1.749006e-05	3.403102e-03	3.439735e-02	8.209031e-03
2.011357e-05	3.666465e-03	3.722614e-02	8.803205e-03
2.313061e-05	3.948814e-03	4.039355e-02	9.440386e-03
2.660020e-05	4.251529e-03	4.354454e-02	1.012369e-02
3.059023e-05	4.576090e-03	4.709829e-02	1.085644e-02
3.517876e-05	4.924083e-03	5.063225e-02	1.164224e-02
4.045558e-05	5.297209e-03	5.442308e-02	1.248491e-02
4.652391e-05	5.697292e-03	5.862065e-02	1.338858e-02
5.350250e-05	6.126285e-03	6.266504e-02	1.435765e-02
6.152788e-05	6.586286e-03	6.723807e-02	1.539686e-02
7.075706e-05	7.079542e-03	7.178672e-02	1.651129e-02
8.137062e-05	7.608463e-03	7.658572e-02	1.770639e-02
9.357621e-05	8.175633e-03	8.152055e-02	1.898799e-02
1.076126e-04	8.783823e-03	8.640447e-02	2.036235e-02
1.237545e-04	9.436004e-03	9.165001e-02	2.183619e-02
1.423177e-04	1.013536e-02	9.670504e-02	2.341670e-02
1.636654e-04	1.088532e-02	1.019532e-01	2.511161e-02
1.882152e-04	1.168953e-02	1.069435e-01	2.692921e-02
2.164475e-04	1.255193e-02	1.124061e-01	2.887836e-02
2.489146e-04	1.347673e-02	1.175504e-01	3.096859e-02
2.862518e-04	1.446845e-02	1.225937e-01	3.321011e-02
3.291895e-04	1.553193e-02	1.279810e-01	3.561388e-02
3.785680e-04	1.667237e-02	1.323816e-01	3.819163e-02
4.353531e-04	1.789534e-02	1.374423e-01	4.095596e-02
5.006561e-04	1.920681e-02	1.418285e-01	4.392037e-02
5.757545e-04	2.061320e-02	1.460411e-01	4.709935e-02
6.621177e-04	2.212137e-02	1.505034e-01	5.050843e-02
7.614354e-04	2.373870e-02	1.541194e-01	5.416425e-02
8.756507e-04	2.547307e-02	1.577451e-01	5.808469e-02
1.006998e-03	2.733297e-02	1.607678e-01	6.228889e-02
1.158048e-03	2.932748e-02	1.636448e-01	6.679739e-02
1.331755e-03	3.146634e-02	1.663104e-01	7.163222e-02
1.531519e-03	3.376001e-02	1.684558e-01	7.681700e-02
1.761246e-03	3.621969e-02	1.703233e-01	8.233637e-02
2.025433e-03	3.885740e-02	1.717986e-01	8.832601e-02
2.329248e-03	4.168601e-02	1.732621e-01	9.473616e-02
2.678635e-03	4.471936e-02	1.739886e-01	1.015928e-01
3.080431e-03	4.797226e-02	1.747419e-01	1.089459e-01
3.542495e-03	5.146060e-02	1.748701e-01	1.168314e-01
4.073870e-03	5.520142e-02	1.746778e-01	1.252876e-01
4.684950e-03	5.921300e-02	1.742685e-01	1.343557e-01
5.387693e-03	6.351493e-02	1.731927e-01	1.440803e-01
6.195847e-03	6.812824e-02	1.719264e-01	1.545088e-01
7.125224e-03	7.307546e-02	1.701335e-01	1.656921e-01
8.194007e-03	7.838076e-02	1.679073e-01	1.776847e-01
9.423108e-03	8.407005e-02	1.652508e-01	1.905454e-01
1.083657e-02	9.017113e-02	1.621703e-01	2.043371e-01
1.246206e-02	9.671382e-02	1.586012e-01	2.191270e-01
1.433137e-02	1.037301e-01	1.547165e-01	2.349873e-01
1.648108e-02	1.112541e-01	1.504251e-01	2.519956e-01
1.895324e-02	1.193228e-01	1.459124e-01	2.702350e-01
2.179622e-02	1.279755e-01	1.407935e-01	2.897946e-01
2.506566e-02	1.372545e-01	1.355878e-01	3.107700e-01
2.882550e-02	1.472051e-01	1.301082e-01	3.332635e-01
3.314933e-02	1.578759e-01	1.242388e-01	3.573850e-01
3.812173e-02	1.693190e-01	1.187738e-01	3.832526e-01
4.383999e-02	1.815905e-01	1.125085e-01	4.109925e-01
5.041599e-02	1.947501e-01	1.066795e-01	4.407403e-01
5.797838e-02	2.088623e-01	1.007180e-01	4.726411e-01
6.667514e-02	2.239958e-01	9.439138e-02	5.068508e-01
7.667641e-02	2.402248e-01	8.862883e-02	5.435368e-01
8.817787e-02	2.576284e-01	8.273658e-02	5.828782e-01
1.014046e-01	2.762917e-01	7.733339e-02	6.250670e-01
1.166152e-01	2.963059e-01	7.189814e-02	6.703098e-01
1.341075e-01	3.177687e-01	6.655703e-02	7.188260e-01
1.542237e-01	3.407850e-01	6.161937e-02	7.708541e-01
1.773572e-01	3.654678e-01	5.702843e-02	8.266668e-01
2.039608e-01	3.919386e-01	5.264400e-02	8.869320e-01
2.345549e-01	4.203253e-01	4.803189e-02	9.522037e-01
2.697381e-01	4.507667e-01	4.487138e-02	1.022924e+00
3.101989e-01	4.834114e-01	4.134022e-02	1.099619e+00
3.567287e-01	5.184183e-01	3.805419e-02	1.178936e+00
4.102380e-01	5.559533e-01	3.480789e-02	1.229963e+00
4.717737e-01	5.904285e-01	3.107465e-02	1.280688e+00
5.425397e-01	6.302297e-01	2.825931e-02	1.330943e+00
6.239207e-01	6.886753e-01	2.504282e-02	1.380649e+00
7.175088e-01	7.518478e-01	2.258491e-02	1.429842e+00
8.251351e-01	8.201911e-01	2.033364e-02	1.478722e+00
9.489054e-01	8.884333e-01	1.828922e-02	1.527689e+00
1.091241e+00	9.619638e-01	1.652120e-02	1.577390e+00
1.254927e+00	1.033974e+00	1.478847e-02	1.628732e+00
1.443166e+00	1.104523e+00	1.338069e-02	1.683031e+00
1.659641e+00	1.175333e+00	1.200779e-02	1.741960e+00
1.908588e+00	1.226835e+00	1.085278e-02	1.807658e+00
2.194876e+00	1.281162e+00	9.644048e-03	1.882776e+00
2.524107e+00	1.338160e+00	8.685585e-03	1.970523e+00
2.902723e+00	1.387404e+00	7.779147e-03	2.074748e+00
3.338132e+00	1.433274e+00	6.875159e-03	2.199975e+00
3.838852e+00	1.466157e+00	6.223584e-03	2.351465e+00
4.414679e+00	1.497522e+00	5.488010e-03	2.535298e+00
5.076881e+00	1.520577e+00	4.928381e-03	2.758445e+00
5.838413e+00	1.538704e+00	4.394073e-03	3.028917e+00
6.714175e+00	1.554840e+00	3.859505e-03	3.355978e+00
7.721302e+00	1.558564e+00	3.445407e-03	3.750484e+00
8.879497e+00	1.557990e+00	3.048231e-03	4.225391e+00
1.021142e+01	1.548932e+00	2.725142e-03	4.796445e+00
1.174313e+01	1.531825e+00	2.419154e-03	5.483109e+00
1.350460e+01	1.509016e+00	2.142156e-03	6.309754e+00
1.553030e+01	1.476611e+00	1.905557e-03	7.307177e+00
1.785984e+01	1.438648e+00	1.700108e-03	8.514533e+00
2.053882e+01	1.394042e+00	1.515244e-03	9.981765e+00
2.361964e+01	1.343846e+00	1.328701e-03	1.177273e+01
2.716258e+01	1.287208e+00	1.195525e-03	1.396916e+01
3.123697e+01	1.226980e+00	1.042614e-03	1.667597e+01
3.592252e+01	1.262711e+00	9.340486e-04	2.002581e+01
4.131089e+01	1.166543e+00	8.274177e-04	2.419239e+01
4.750753e+01	1.076914e+00	7.238240e-04	2.941093e+01
5.463366e+01	9.911257e-01	6.497281e-04	3.595029e+01
6.282871e+01	9.090050e-01	5.645178e-04	4.416997e+01
7.225301e+01	8.304987e-01	5.012677e-04	5.453983e+01
8.309096e+01	7.566898e-01	4.410273e-04	6.766422e+01
9.555461e+01	6.878844e-01	3.886748e-04	8.430968e+01
1.098878e+02	6.224687e-01	3.442826e-04	1.054938e+02
1.263710e+02	5.614503e-01	3.018338e-04	1.325912e+02
1.453266e+02	5.064564e-01	2.690221e-04	1.673036e+02
1.671256e+02	4.585841e-01	2.372880e-04	2.116219e+02
1.921945e+02	4.143900e-01	2.113045e-04	2.681819e+02
2.210236e+02	3.737027e-01	1.844472e-04	3.404993e+02
2.541772e+02	3.364047e-01	1.639638e-04	4.331072e+02
2.923037e+02	3.023855e-01	1.445338e-04	5.518505e+02
3.361493e+02	2.715703e-01	1.258122e-04	7.042055e+02
3.865717e+02	2.435123e-01	1.124651e-04	8.998292e+02
4.445574e+02	2.180606e-01	9.761141e-05	1.151337e+03
5.112411e+02	1.952228e-01	8.667352e-05	1.474786e+03
5.879272e+02	1.752107e-01	7.614480e-05	1.890177e+03
6.761163e+02	1.572133e-01	6.593022e-05	2.422918e+03
7.775337e+02	1.410667e-01	5.802021e-05	3.106080e+03
8.941638e+02	1.266409e-01	5.066713e-05	3.981709e+03
1.028288e+03	1.137681e-01	4.473088e-05	5.103332e+03
1.182532e+03	1.022982e-01	0.000000e+00	6.538813e+03
1.359911e+03	9.209595e-02	0.000000e+00	8.373901e+03
1.563898e+03	8.303734e-02	0.000000e+00	1.071670e+04
1.798483e+03	7.499833e-02	0.000000e+00	1.370287e+04
2.068255e+03	6.787068e-02	0.000000e+00	1.750181e+04
2.378493e+03	6.156979e-02	0.000000e+00	2.232404e+04
2.735268e+03	5.600797e-02	0.000000e+00	2.842964e+04
3.145558e+03	5.110080e-02	0.000000e+00	3.613780e+04
3.617391e+03	4.678312e-02	0.000000e+00	4.583756e+04
4.160000e+03	4.299617e-02	0.000000e+00	5.799924e+04
4.784000e+03	3.968052e-02	0.000000e+00	7.318667e+04
5.501600e+03	3.678647e-02	0.000000e+00	9.206959e+04
6.326840e+03	3.427364e-02	0.000000e+00	1.154359e+05
7.275866e+03	3.210122e-02	0.000000e+00	1.442031e+05
8.367246e+03	3.023164e-02	0.000000e+00	1.794288e+05
9.622333e+03	2.863558e-02	0.000000e+00	2.223192e+05
