# Energy_MeV	dEdx_Elec_MeV_um	dEdx_Nucl_MeV_um	Range_um
1.000000e-05	2.436870e-03	2.131526e-02	7.499361e-03
1.150000e-05	2.626786e-03	2.310934e-02	8.042168e-03
1.322500e-05	2.830381e-03	2.501384e-02	8.624265e-03
1.520875e-05	3.048651e-03	2.715771e-02	9.248494e-03
1.749006e-05	3.282663e-03	2.929176e-02	9.917904e-03
2.011357e-05	3.533560e-03	3.164852e-02	1.063577e-02
2.313061e-05	3.802569e-03	3.410200e-02	1.140559e-02
2.660020e-05	4.091005e-03	3.661542e-02	1.223113e-02
3.059023e-05	4.400277e-03	3.947207e-02	1.311643e-02
3.517876e-05	4.731896e-03	4.222018e-02	1.406580e-02
4.045558e-05	5.087483e-03	4.525183e-02	1.508389e-02
4.652391e-05	5.468775e-03	4.841303e-02	1.617567e-02
5.350250e-05	5.877635e-03	5.164585e-02	1.734648e-02
6.152788e-05	6.316061e-03	5.499386e-02	1.860202e-02
7.075706e-05	6.786194e-03	5.829171e-02	1.994845e-02
8.137062e-05	7.290332e-03	6.183878e-02	2.139233e-02
9.357621e-05	7.830938e-03	6.535439e-02	2.294072e-02
1.076126e-04	8.410652e-03	6.893411e-02	2.460118e-02
1.237545e-04	9.032307e-03	7.234390e-02	2.638182e-02
1.423177e-04	9.698940e-03	7.596212e-02	2.829135e-02
1.636654e-04	1.041381e-02	7.964476e-02	3.033910e-02
1.882152e-04	1.118040e-02	8.298315e-02	3.253506e-02
2.164475e-04	1.200247e-02	8.669516e-02	3.488996e-02
2.489146e-04	1.288403e-02	8.976284e-02	3.741531e-02
2.862518e-04	1.382938e-02	9.311097e-02	4.012346e-02
3.291895e-04	1.484314e-02	9.633269e-02	4.302761e-02
3.785680e-04	1.593027e-02	9.911848e-02	4.614197e-02
4.353531e-04	1.709608e-02	1.022052e-01	4.948175e-02
5.006561e-04	1.834626e-02	1.047385e-01	5.306327e-02
5.757545e-04	1.968692e-02	1.072106e-01	5.690402e-02
6.621177e-04	2.112461e-02	1.094012e-01	6.102276e-02
7.614354e-04	2.266636e-02	1.113977e-01	6.543962e-02
8.756507e-04	2.431969e-02	1.132714e-01	7.017617e-02
1.006998e-03	2.609268e-02	1.147500e-01	7.525556e-02
1.158048e-03	2.799400e-02	1.160703e-01	8.070260e-02
1.331755e-03	3.003292e-02	1.171278e-01	8.654390e-02
1.531519e-03	3.221943e-02	1.181955e-01	9.278523e-02
1.761246e-03	3.456418e-02	1.187480e-01	9.952837e-02
2.025433e-03	3.707865e-02	1.192406e-01	1.067309e-01
2.329248e-03	3.977511e-02	1.194751e-01	1.144571e-01
2.678635e-03	4.266674e-02	1.193417e-01	1.227411e-01
3.080431e-03	4.576767e-02	1.191405e-01	1.316250e-01
3.542495e-03	4.909303e-02	1.184660e-01	1.411519e-01
4.073870e-03	5.265909e-02	1.176200e-01	1.513684e-01
4.684950e-03	5.648326e-02	1.165028e-01	1.623243e-01
5.387693e-03	6.058421e-02	1.150258e-01	1.740732e-01
6.195847e-03	6.498200e-02	1.132836e-01	1.866725e-01
7.125224e-03	6.969810e-02	1.112329e-01	2.001838e-01
8.194007e-03	7.475554e-02	1.088673e-01	2.146731e-01
9.423108e-03	8.017905e-02	1.062604e-01	2.302111e-01
1.083657e-02	8.599511e-02	1.033641e-01	2.468736e-01
1.246206e-02	9.223214e-02	1.003405e-01	2.647423e-01
1.433137e-02	9.892060e-02	9.694469e-02	2.839043e-01
1.648108e-02	1.060932e-01	9.333755e-02	3.044533e-01
1.895324e-02	1.137849e-01	8.970499e-02	3.264896e-01
2.179622e-02	1.220334e-01	8.567354e-02	3.501208e-01
2.506566e-02	1.308789e-01	8.196855e-02	3.754626e-01
2.882550e-02	1.403646e-01	7.780520e-02	4.026387e-01
3.314933e-02	1.505369e-01	7.366193e-02	4.317817e-01
3.812173e-02	1.614455e-01	6.971411e-02	4.630340e-01
4.383999e-02	1.731437e-01	6.534474e-02	4.965484e-01
5.041599e-02	1.856885e-01	6.141613e-02	5.324887e-01
5.797838e-02	1.991414e-01	5.739968e-02	5.710305e-01
6.667514e-02	2.135680e-01	5.360836e-02	6.123618e-01
7.667641e-02	2.290388e-01	4.989329e-02	6.566845e-01
8.817787e-02	2.456294e-01	4.617810e-02	7.042154e-01
1.014046e-01	2.634208e-01	4.284584e-02	7.551864e-01
1.166152e-01	2.825000e-01	3.964256e-02	8.098509e-01
1.341075e-01	3.029602e-01	3.664473e-02	8.684511e-01
1.542237e-01	3.249023e-01	3.342144e-02	9.314415e-01
1.773572e-01	3.484331e-01	3.115356e-02	9.996061e-01
2.039608e-01	3.736671e-01	2.882660e-02	1.073424e+00
2.345549e-01	4.007275e-01	2.640318e-02	1.153438e+00
2.697381e-01	4.297466e-01	2.424618e-02	1.240246e+00
3.101989e-01	4.608622e-01	2.176562e-02	1.303435e+00
3.567287e-01	4.926047e-01	1.975613e-02	1.365997e+00
4.102380e-01	5.202759e-01	1.763507e-02	1.428667e+00
4.717737e-01	5.582228e-01	1.574607e-02	1.491245e+00
5.425397e-01	6.075451e-01	1.421535e-02	1.553643e+00
6.239207e-01	6.563711e-01	1.277464e-02	1.615922e+00
7.175088e-01	7.084747e-01	1.157381e-02	1.678353e+00
8.251351e-01	7.583378e-01	1.036956e-02	1.741490e+00
9.489054e-01	8.071712e-01	9.342601e-03	1.806193e+00
1.091241e+00	8.571138e-01	8.396822e-03	1.873718e+00
1.254927e+00	8.973339e-01	7.580369e-03	1.945781e+00
1.443166e+00	9.361206e-01	6.775480e-03	2.024628e+00
1.659641e+00	9.646250e-01	6.056763e-03	2.113120e+00
1.908588e+00	9.944413e-01	5.458072e-03	2.214799e+00
2.194876e+00	1.026945e+00	4.813575e-03	2.333980e+00
2.524107e+00	1.047328e+00	4.355158e-03	2.475847e+00
2.902723e+00	1.066505e+00	3.860326e-03	2.646539e+00
3.338132e+00	1.080395e+00	3.439653e-03	2.853265e+00
3.838852e+00	1.088666e+00	3.086809e-03	3.104432e+00
4.414679e+00	1.094398e+00	2.704847e-03	3.409823e+00
5.076881e+00	1.094167e+00	2.417890e-03	3.780849e+00
5.838413e+00	1.090606e+00	2.141219e-03	4.230929e+00
6.714175e+00	1.081576e+00	1.909224e-03	4.776062e+00
7.721302e+00	1.066455e+00	1.695921e-03	5.435638e+00
8.879497e+00	1.047159e+00	1.498240e-03	6.233548e+00
1.021142e+01	1.021974e+00	1.338495e-03	7.199657e+00
1.174313e+01	9.925984e-01	1.191528e-03	8.371713e+00
1.350460e+01	9.583289e-01	1.064508e-03	9.797863e+00
1.553030e+01	9.222599e-01	9.317904e-04	1.153978e+01
1.785984e+01	8.819032e-01	8.377800e-04	1.367677e+01
2.053882e+01	8.373355e-01	7.368221e-04	1.631097e+01
2.361964e+01	7.904958e-01	6.527790e-04	1.957376e+01
2.716258e+01	7.407776e-01	5.823801e-04	2.363540e+01
3.123697e+01	7.399720e-01	5.071672e-04	2.870927e+01
3.592252e+01	6.791436e-01	4.556155e-04	3.508846e+01
4.131089e+01	6.223551e-01	3.993601e-04	4.314156e+01
4.750753e+01	5.685167e-01	3.511283e-04	5.330959e+01
5.463366e+01	5.174145e-01	3.101071e-04	6.618662e+01
6.282871e+01	4.694610e-01	2.724249e-04	8.254244e+01
7.225301e+01	4.250645e-01	2.423330e-04	1.033550e+02
8.309096e+01	3.840248e-01	2.126983e-04	1.298799e+02
9.555461e+01	3.451542e-01	1.885594e-04	1.638076e+02
1.098878e+02	3.097124e-01	1.666705e-04	2.073645e+02
1.263710e+02	2.789436e-01	1.481224e-04	2.632064e+02
1.453266e+02	2.515157e-01	1.300249e-04	3.345435e+02
1.671256e+02	2.264313e-01	1.146732e-04	4.257363e+02
1.921945e+02	2.035419e-01	1.018468e-04	5.424671e+02
2.210236e+02	1.827436e-01	8.824307e-05	6.920659e+02
2.541772e+02	1.639334e-01	7.896536e-05	8.839404e+02
2.923037e+02	1.469945e-01	6.883319e-05	1.130138e+03
3.361493e+02	1.315600e-01	6.065463e-05	1.446335e+03
3.865717e+02	1.177004e-01	5.370448e-05	1.852864e+03
4.445574e+02	1.054107e-01	4.626885e-05	2.375336e+03
5.112411e+02	9.455286e-02	0.000000e+00	3.045691e+03
5.879272e+02	8.480914e-02	0.000000e+00	3.905150e+03
6.761163e+02	7.609520e-02	0.000000e+00	5.006945e+03
7.775337e+02	6.831863e-02	0.000000e+00	6.418664e+03
8.941638e+02	6.138730e-02	0.000000e+00	8.226278e+03
1.028288e+03	5.521922e-02	0.000000e+00	1.053864e+04
1.182532e+03	4.973810e-02	0.000000e+00	1.349316e+04
1.359911e+03	4.487263e-02	0.000000e+00	1.726284e+04
1.563898e+03	4.055572e-02	0.000000e+00	2.206429e+04
1.798483e+03	3.673257e-02	0.000000e+00	2.816757e+04
2.068255e+03	3.335537e-02	0.000000e+00	3.590750e+04
2.378493e+03	3.037424e-02	0.000000e+00	4.569673e+04
2.735268e+03	2.774598e-02	0.000000e+00	5.804040e+04
3.145558e+03	2.543585e-02	0.000000e+00	7.355221e+04
3.617391e+03	2.341113e-02	0.000000e+00	9.297181e+04
4.160000e+03	2.164117e-02	0.000000e+00	1.171828e+05
4.784000e+03	2.009995e-02	0.000000e+00	1.472310e+05
5.501600e+03	1.876412e-02	0.000000e+00	1.843418e+05
6.326840e+03	1.761114e-02	0.000000e+00	2.299364e+05
7.275866e+03	1.662180e-02	0.000000e+00	2.856465e+05
8.367246e+03	1.578017e-02	0.000000e+00	3.533259e+05
9.622333e+03	1.507122e-02	0.000000e+00	4.350625e+05
