# Energy_MeV	dEdx_Elec_MeV_um	dEdx_Nucl_MeV_um	Range_um
1.000000e-05	2.154647e-03	2.098759e-02	9.439743e-03
1.150000e-05	2.319822e-03	2.271958e-02	1.012300e-02
1.322500e-05	2.496918e-03	2.466110e-02	1.085570e-02
1.520875e-05	2.686799e-03	2.656801e-02	1.164145e-02
1.749006e-05	2.890394e-03	2.874203e-02	1.248406e-02
2.011357e-05	3.108698e-03	3.088106e-02	1.338766e-02
2.313061e-05	3.342777e-03	3.319974e-02	1.435667e-02
2.660020e-05	3.593774e-03	3.577333e-02	1.539581e-02
3.059023e-05	3.862918e-03	3.821537e-02	1.651017e-02
3.517876e-05	4.151521e-03	4.101223e-02	1.770518e-02
4.045558e-05	4.460996e-03	4.377141e-02	1.898670e-02
4.652391e-05	4.792852e-03	4.668199e-02	2.036096e-02
5.350250e-05	5.148713e-03	4.969955e-02	2.183470e-02
6.152788e-05	5.530315e-03	5.265813e-02	2.341511e-02
7.075706e-05	5.939525e-03	5.587091e-02	2.510990e-02
8.137062e-05	6.378340e-03	5.892795e-02	2.692737e-02
9.357621e-05	6.848905e-03	6.208587e-02	2.887639e-02
1.076126e-04	7.353518e-03	6.514012e-02	3.096648e-02
1.237545e-04	7.894646e-03	6.847893e-02	3.320785e-02
1.423177e-04	8.474931e-03	7.157274e-02	3.561145e-02
1.636654e-04	9.097208e-03	7.465386e-02	3.818903e-02
1.882152e-04	9.764517e-03	7.789000e-02	4.095317e-02
2.164475e-04	1.048012e-02	8.057747e-02	4.391738e-02
2.489146e-04	1.124751e-02	8.366806e-02	4.709614e-02
2.862518e-04	1.207044e-02	8.629655e-02	5.050499e-02
3.291895e-04	1.295292e-02	8.886838e-02	5.416057e-02
3.785680e-04	1.389928e-02	9.155611e-02	5.808074e-02
4.353531e-04	1.491413e-02	9.376515e-02	6.228465e-02
5.006561e-04	1.600242e-02	9.594787e-02	6.679285e-02
5.757545e-04	1.716949e-02	9.775998e-02	7.162735e-02
6.621177e-04	1.842102e-02	9.952057e-02	7.681177e-02
7.614354e-04	1.976313e-02	1.011158e-01	8.237145e-02
8.756507e-04	2.120239e-02	1.024251e-01	8.833354e-02
1.006998e-03	2.274581e-02	1.035308e-01	9.472717e-02
1.158048e-03	2.440095e-02	1.044295e-01	1.015836e-01
1.331755e-03	2.617588e-02	1.053291e-01	1.089362e-01
1.531519e-03	2.807928e-02	1.057333e-01	1.167767e-01
1.761246e-03	3.012044e-02	1.061896e-01	1.252545e-01
2.025433e-03	3.230935e-02	1.062425e-01	1.343484e-01
2.329248e-03	3.465668e-02	1.061210e-01	1.440712e-01
2.678635e-03	3.717392e-02	1.058670e-01	1.544992e-01
3.080431e-03	3.987335e-02	1.051897e-01	1.656818e-01
3.542495e-03	4.276816e-02	1.044109e-01	1.776737e-01
4.073870e-03	4.587251e-02	1.033052e-01	1.905335e-01
4.684950e-03	4.920154e-02	1.019382e-01	2.043241e-01
5.387693e-03	5.277153e-02	1.003127e-01	2.191130e-01
6.195847e-03	5.659992e-02	9.842597e-02	2.349723e-01
7.125224e-03	6.070540e-02	9.624075e-02	2.519795e-01
8.194007e-03	6.510805e-02	9.387251e-02	2.702176e-01
9.423108e-03	6.982935e-02	9.126955e-02	2.897758e-01
1.083657e-02	7.489239e-02	8.850701e-02	3.107498e-01
1.246206e-02	8.032189e-02	8.537478e-02	3.332418e-01
1.433137e-02	8.614438e-02	8.222537e-02	3.573618e-01
1.648108e-02	9.238830e-02	7.887411e-02	3.832275e-01
1.895324e-02	9.908417e-02	7.533420e-02	4.109654e-01
2.179622e-02	1.062647e-01	7.199359e-02	4.407112e-01
2.506566e-02	1.139649e-01	6.815427e-02	4.726099e-01
2.882550e-02	1.222225e-01	6.465288e-02	5.068174e-01
3.314933e-02	1.310778e-01	6.100968e-02	5.435007e-01
3.812173e-02	1.405740e-01	5.718716e-02	5.828394e-01
4.383999e-02	1.507576e-01	5.366410e-02	6.250255e-01
5.041599e-02	1.616782e-01	5.009977e-02	6.702650e-01
5.797838e-02	1.733893e-01	4.684608e-02	7.187787e-01
6.667514e-02	1.859481e-01	4.351919e-02	7.708039e-01
7.667641e-02	1.994158e-01	4.030101e-02	8.265951e-01
8.817787e-02	2.138584e-01	3.728332e-02	8.864243e-01
1.014046e-01	2.293463e-01	3.453471e-02	9.505844e-01
1.166152e-01	2.459553e-01	3.185725e-02	1.019386e+00
1.341075e-01	2.637664e-01	2.905953e-02	1.093173e+00
1.542237e-01	2.828669e-01	2.718966e-02	1.172298e+00
1.773572e-01	3.033508e-01	2.503931e-02	1.257662e+00
2.039608e-01	3.253173e-01	2.301664e-02	1.350119e+00
2.345549e-01	3.488737e-01	2.102796e-02	1.450278e+00
2.697381e-01	3.741352e-01	1.880340e-02	1.558890e+00
3.101989e-01	4.012240e-01	1.709931e-02	1.660315e+00
3.567287e-01	4.302722e-01	1.514451e-02	1.746667e+00
4.102380e-01	4.549919e-01	1.365833e-02	1.833672e+00
4.717737e-01	4.800221e-01	1.230480e-02	1.920984e+00
5.425397e-01	5.184822e-01	1.107221e-02	2.008342e+00
6.239207e-01	5.593844e-01	9.994804e-03	2.095723e+00
7.175088e-01	6.006692e-01	8.945225e-03	2.183331e+00
8.251351e-01	6.391658e-01	8.089837e-03	2.271702e+00
9.489054e-01	6.789123e-01	7.271378e-03	2.361791e+00
1.091241e+00	7.128344e-01	6.564154e-03	2.455047e+00
1.254927e+00	7.455667e-01	5.823246e-03	2.553533e+00
1.443166e+00	7.746812e-01	5.254757e-03	2.660008e+00
1.659641e+00	7.949159e-01	4.701860e-03	2.778040e+00
1.908588e+00	8.140411e-01	4.161206e-03	2.912124e+00
2.194876e+00	8.331593e-01	3.763812e-03	3.067809e+00
2.524107e+00	8.492486e-01	3.312819e-03	3.251825e+00
2.902723e+00	8.614170e-01	2.981295e-03	3.472251e+00
3.338132e+00	8.681006e-01	2.655424e-03	3.738676e+00
3.838852e+00	8.729562e-01	2.333930e-03	4.062401e+00
4.414679e+00	8.724123e-01	2.081077e-03	4.456682e+00
5.076881e+00	8.691424e-01	1.842004e-03	4.937072e+00
5.838413e+00	8.631335e-01	1.648707e-03	5.521904e+00
6.714175e+00	8.515373e-01	1.461397e-03	6.233008e+00
7.721302e+00	8.368871e-01	1.295257e-03	7.096743e+00
8.879497e+00	8.175730e-01	1.150794e-03	8.145445e+00
1.021142e+01	7.947470e-01	1.028420e-03	9.419378e+00
1.174313e+01	7.680857e-01	9.156403e-04	1.096936e+01
1.350460e+01	7.386486e-01	8.038426e-04	1.286014e+01
1.553030e+01	7.066207e-01	7.227595e-04	1.517486e+01
1.785984e+01	6.738364e-01	6.300868e-04	1.802075e+01
2.053882e+01	6.376754e-01	5.649924e-04	2.153641e+01
2.361964e+01	5.971073e-01	4.999706e-04	2.590118e+01
2.716258e+01	5.591791e-01	4.379399e-04	3.134688e+01
3.123697e+01	5.567835e-01	3.927582e-04	3.817116e+01
3.592252e+01	5.092445e-01	3.414824e-04	4.675876e+01
4.131089e+01	4.653605e-01	3.028782e-04	5.763574e+01
4.750753e+01	4.242321e-01	2.667325e-04	7.141692e+01
5.463366e+01	3.855323e-01	2.351945e-04	8.890561e+01
6.282871e+01	3.491357e-01	2.080559e-04	1.111526e+02
7.225301e+01	3.154350e-01	1.826404e-04	1.395100e+02
8.309096e+01	2.845429e-01	1.625330e-04	1.756863e+02
9.555461e+01	2.557517e-01	1.436492e-04	2.219246e+02
1.098878e+02	2.291652e-01	1.277327e-04	2.812524e+02
1.263710e+02	2.053247e-01	1.112660e-04	3.574683e+02
1.453266e+02	1.850087e-01	9.915329e-05	4.550074e+02
1.671256e+02	1.664730e-01	8.730616e-05	5.796267e+02
1.921945e+02	1.496109e-01	7.611982e-05	7.390392e+02
2.210236e+02	1.342997e-01	6.798186e-05	9.431859e+02
2.541772e+02	1.204433e-01	5.887219e-05	1.204886e+03
2.923037e+02	1.079749e-01	5.240845e-05	1.540538e+03
3.361493e+02	9.670587e-02	4.598888e-05	1.971275e+03
3.865717e+02	8.650653e-02	0.000000e+00	2.524728e+03
4.445574e+02	7.738086e-02	0.000000e+00	3.236211e+03
5.112411e+02	6.938147e-02	0.000000e+00	4.149777e+03
5.879272e+02	6.222675e-02	0.000000e+00	5.321150e+03
6.761163e+02	5.581900e-02	0.000000e+00	6.822905e+03
7.775337e+02	5.009650e-02	0.000000e+00	8.747534e+03
8.941638e+02	4.499147e-02	0.000000e+00	1.121276e+04
1.028288e+03	4.044647e-02	0.000000e+00	1.436794e+04
1.182532e+03	3.640550e-02	0.000000e+00	1.840186e+04
1.359911e+03	3.281610e-02	0.000000e+00	2.355258e+04
1.563898e+03	2.963075e-02	0.000000e+00	3.011907e+04
1.798483e+03	2.680653e-02	0.000000e+00	3.847481e+04
2.068255e+03	2.430876e-02	0.000000e+00	4.908426e+04
2.378493e+03	2.210334e-02	0.000000e+00	6.252159e+04
2.735268e+03	2.015729e-02	0.000000e+00	7.949209e+04
3.145558e+03	1.844390e-02	0.000000e+00	1.008561e+05
3.617391e+03	1.693999e-02	0.000000e+00	1.276548e+05
4.160000e+03	1.562364e-02	0.000000e+00	1.611377e+05
4.784000e+03	1.447523e-02	0.000000e+00	2.027906e+05
5.501600e+03	1.347754e-02	0.000000e+00	2.543635e+05
6.326840e+03	1.261455e-02	0.000000e+00	3.178971e+05
7.275866e+03	1.187166e-02	0.000000e+00	3.957460e+05
8.367246e+03	1.123675e-02	0.000000e+00	4.906000e+05
9.622333e+03	1.069914e-02	0.000000e+00	6.054995e+05
