# Energy_MeV	dEdx_Elec_MeV_um	dEdx_Nucl_MeV_um	Range_um
1.000000e-05	2.601524e-03	3.161888e-02	4.368023e-03
1.150000e-05	2.817639e-03	3.473199e-02	4.684183e-03
1.322500e-05	3.049133e-03	3.810555e-02	5.023227e-03
1.520875e-05	3.297145e-03	4.168606e-02	5.386810e-03
1.749006e-05	3.562891e-03	4.575661e-02	5.776711e-03
2.011357e-05	3.847674e-03	4.993171e-02	6.194832e-03
2.313061e-05	4.152890e-03	5.459273e-02	6.643217e-03
2.660020e-05	4.480032e-03	5.953268e-02	7.124057e-03
3.059023e-05	4.830701e-03	6.477897e-02	7.639700e-03
3.517876e-05	5.206613e-03	7.061247e-02	8.192665e-03
4.045558e-05	5.609607e-03	7.662417e-02	8.785655e-03
4.652391e-05	6.041652e-03	8.315749e-02	9.421565e-03
5.350250e-05	6.504861e-03	8.995315e-02	1.010350e-02
6.152788e-05	7.001498e-03	9.747827e-02	1.083480e-02
7.075706e-05	7.533991e-03	1.053003e-01	1.161903e-02
8.137062e-05	8.104941e-03	1.138437e-01	1.246002e-02
9.357621e-05	8.717138e-03	1.225612e-01	1.336188e-02
1.076126e-04	9.373574e-03	1.316801e-01	1.432902e-02
1.237545e-04	1.007746e-02	1.416314e-01	1.536616e-02
1.423177e-04	1.083223e-02	1.517397e-01	1.647838e-02
1.636654e-04	1.164157e-02	1.627441e-01	1.767109e-02
1.882152e-04	1.250944e-02	1.738799e-01	1.895013e-02
2.164475e-04	1.344007e-02	1.856781e-01	2.032175e-02
2.489146e-04	1.443802e-02	1.974738e-01	2.179265e-02
2.862518e-04	1.550817e-02	2.096069e-01	2.337002e-02
3.291895e-04	1.665573e-02	2.221329e-01	2.506155e-02
3.785680e-04	1.788631e-02	2.346339e-01	2.687552e-02
4.353531e-04	1.920593e-02	2.478908e-01	2.882078e-02
5.006561e-04	2.062103e-02	2.597848e-01	3.090685e-02
5.757545e-04	2.213853e-02	2.728396e-01	3.314390e-02
6.621177e-04	2.376585e-02	2.858311e-01	3.554287e-02
7.614354e-04	2.551092e-02	2.980173e-01	3.811548e-02
8.756507e-04	2.738228e-02	3.115386e-01	4.087430e-02
1.006998e-03	2.938906e-02	3.221880e-01	4.383281e-02
1.158048e-03	3.154108e-02	3.341911e-01	4.700545e-02
1.331755e-03	3.384884e-02	3.454679e-01	5.040773e-02
1.531519e-03	3.632362e-02	3.556747e-01	5.405627e-02
1.761246e-03	3.897751e-02	3.667562e-01	5.796889e-02
2.025433e-03	4.182348e-02	3.754950e-01	6.216471e-02
2.329248e-03	4.487543e-02	3.845175e-01	6.666422e-02
2.678635e-03	4.814826e-02	3.922595e-01	7.148941e-02
3.080431e-03	5.165797e-02	3.990946e-01	7.665091e-02
3.542495e-03	5.542171e-02	4.058499e-01	8.221541e-02
4.073870e-03	5.945785e-02	4.110553e-01	8.816481e-02
4.684950e-03	6.378612e-02	4.159100e-01	9.454707e-02
5.387693e-03	6.842767e-02	4.195144e-01	1.013900e-01
6.195847e-03	7.340516e-02	4.228921e-01	1.087285e-01
7.125224e-03	7.874292e-02	4.251323e-01	1.165982e-01
8.194007e-03	8.446703e-02	4.270135e-01	1.250376e-01
9.423108e-03	9.060544e-02	4.275455e-01	1.340877e-01
1.083657e-02	9.718814e-02	4.271429e-01	1.437928e-01
1.246206e-02	1.042473e-01	4.260714e-01	1.542005e-01
1.433137e-02	1.118174e-01	4.237927e-01	1.653615e-01
1.648108e-02	1.199354e-01	4.208114e-01	1.773303e-01
1.895324e-02	1.286410e-01	4.165633e-01	1.901654e-01
2.179622e-02	1.379767e-01	4.112837e-01	2.039295e-01
2.506566e-02	1.479882e-01	4.049043e-01	2.186898e-01
2.882550e-02	1.587242e-01	3.975127e-01	2.345186e-01
3.314933e-02	1.702374e-01	3.889708e-01	2.514931e-01
3.812173e-02	1.825838e-01	3.795368e-01	2.696961e-01
4.383999e-02	1.958239e-01	3.689555e-01	2.892166e-01
5.041599e-02	2.100224e-01	3.581585e-01	3.101501e-01
5.797838e-02	2.252485e-01	3.459625e-01	3.325989e-01
6.667514e-02	2.415767e-01	3.329966e-01	3.566724e-01
7.667641e-02	2.590867e-01	3.198094e-01	3.824883e-01
8.817787e-02	2.778641e-01	3.051917e-01	4.101728e-01
1.014046e-01	2.980006e-01	2.920138e-01	4.398613e-01
1.166152e-01	3.195947e-01	2.771653e-01	4.716986e-01
1.341075e-01	3.427517e-01	2.623829e-01	5.058402e-01
1.542237e-01	3.675848e-01	2.479930e-01	5.424529e-01
1.773572e-01	3.942153e-01	2.323661e-01	5.817158e-01
2.039608e-01	4.227734e-01	2.184793e-01	6.238202e-01
2.345549e-01	4.533985e-01	2.039499e-01	6.689760e-01
2.697381e-01	4.862403e-01	1.903265e-01	7.173817e-01
3.101989e-01	5.214615e-01	1.773780e-01	7.694285e-01
3.567287e-01	5.592328e-01	1.640588e-01	8.257595e-01
4.102380e-01	5.997379e-01	1.521439e-01	8.867623e-01
4.717737e-01	6.431748e-01	1.404986e-01	9.528884e-01
5.425397e-01	6.897558e-01	1.298866e-01	1.024633e+00
6.239207e-01	7.397084e-01	1.190671e-01	1.102572e+00
7.175088e-01	7.907269e-01	1.102839e-01	1.187375e+00
8.251351e-01	8.383090e-01	1.016456e-01	1.279830e+00
9.489054e-01	9.046835e-01	9.412175e-02	1.329704e+00
1.091241e+00	9.901692e-01	8.635927e-02	1.353525e+00
1.254927e+00	1.082432e+00	7.743243e-02	1.375847e+00
1.443166e+00	1.185596e+00	6.967605e-02	1.397057e+00
1.659641e+00	1.297567e+00	6.182221e-02	1.417754e+00
1.908588e+00	1.419712e+00	5.582373e-02	1.438714e+00
2.194876e+00	1.556111e+00	5.011751e-02	1.460910e+00
2.524107e+00	1.696620e+00	4.527208e-02	1.485549e+00
2.902723e+00	1.845242e+00	4.083343e-02	1.514098e+00
3.338132e+00	1.989737e+00	3.664900e-02	1.548307e+00
3.838852e+00	2.146141e+00	3.309216e-02	1.590232e+00
4.414679e+00	2.318986e+00	2.952702e-02	1.642254e+00
5.076881e+00	2.465454e+00	2.680127e-02	1.707075e+00
5.838413e+00	2.613426e+00	2.395746e-02	1.787764e+00
6.714175e+00	2.750670e+00	2.143863e-02	1.887730e+00
7.721302e+00	2.869946e+00	1.923498e-02	2.010745e+00
8.879497e+00	2.989965e+00	1.695324e-02	2.160967e+00
1.021142e+01	3.095463e+00	1.536851e-02	2.342991e+00
1.174313e+01	3.196628e+00	1.364308e-02	2.561986e+00
1.350460e+01	3.287443e+00	1.216728e-02	2.823871e+00
1.553030e+01	3.355854e+00	1.086772e-02	3.135608e+00
1.785984e+01	3.419514e+00	9.540599e-03	3.505581e+00
2.053882e+01	3.459730e+00	8.537931e-03	3.944082e+00
2.361964e+01	3.486064e+00	7.549601e-03	4.463896e+00
2.716258e+01	3.496364e+00	6.718930e-03	5.081019e+00
3.123697e+01	3.474108e+00	5.993633e-03	5.815539e+00
3.592252e+01	3.441831e+00	5.296676e-03	6.692722e+00
4.131089e+01	3.400259e+00	4.723681e-03	7.744416e+00
4.750753e+01	3.341318e+00	4.197366e-03	9.010654e+00
5.463366e+01	3.264690e+00	3.748229e-03	1.054248e+01
6.282871e+01	3.648070e+00	3.314039e-03	1.240191e+01
7.225301e+01	3.436000e+00	2.954755e-03	1.467601e+01
8.309096e+01	3.227787e+00	2.582637e-03	1.746997e+01
9.555461e+01	3.020654e+00	2.305738e-03	2.090601e+01
1.098878e+02	2.815127e+00	2.046210e-03	2.515130e+01
1.263710e+02	2.614390e+00	1.803528e-03	3.042170e+01
1.453266e+02	2.421774e+00	1.606070e-03	3.698857e+01
1.671256e+02	2.235360e+00	1.398663e-03	4.520023e+01
1.921945e+02	2.053852e+00	1.241278e-03	5.553033e+01
2.210236e+02	1.881857e+00	1.087641e-03	6.860007e+01
2.541772e+02	1.729092e+00	9.628106e-04	8.513535e+01
2.923037e+02	1.588539e+00	8.523170e-04	1.060157e+02
3.361493e+02	1.454912e+00	7.491495e-04	1.324559e+02
3.865717e+02	1.328344e+00	6.663079e-04	1.660446e+02
4.445574e+02	1.209435e+00	5.834452e-04	2.088381e+02
5.112411e+02	1.098469e+00	5.223670e-04	2.634831e+02
5.879272e+02	9.955990e-01	4.593255e-04	3.333807e+02
6.761163e+02	8.994650e-01	4.050439e-04	4.229747e+02
7.775337e+02	8.111554e-01	3.577382e-04	5.380368e+02
8.941638e+02	7.312752e-01	3.104552e-04	6.858368e+02
1.028288e+03	6.593099e-01	2.779570e-04	8.754589e+02
1.182532e+03	5.937483e-01	2.431957e-04	1.118656e+03
1.359911e+03	5.345216e-01	2.141541e-04	1.430589e+03
1.563898e+03	4.813104e-01	1.885181e-04	1.830511e+03
1.798483e+03	4.334414e-01	1.631589e-04	2.342892e+03
2.068255e+03	3.904163e-01	1.439942e-04	2.998696e+03
2.378493e+03	3.520594e-01	1.256489e-04	3.836986e+03
2.735268e+03	3.179727e-01	1.103434e-04	4.906907e+03
3.145558e+03	2.876014e-01	9.715640e-05	6.269964e+03
3.617391e+03	2.606348e-01	8.476571e-05	8.002792e+03
4.160000e+03	2.368232e-01	7.453922e-05	1.020038e+04
4.784000e+03	2.157844e-01	6.546540e-05	1.297973e+04
5.501600e+03	1.972137e-01	5.766046e-05	1.648406e+04
6.326840e+03	1.809156e-01	5.028078e-05	2.088728e+04
7.275866e+03	1.666378e-01	0.000000e+00	2.639895e+04
8.367246e+03	1.541155e-01	0.000000e+00	3.326933e+04
9.622333e+03	1.431981e-01	0.000000e+00	4.179447e+04
