# Energy_MeV	dEdx_Elec_MeV_um	dEdx_Nucl_MeV_um	Range_um
1.000000e-05	2.308406e-03	3.214226e-02	5.140319e-03
1.150000e-05	2.495586e-03	3.526829e-02	5.512378e-03
1.322500e-05	2.696159e-03	3.869849e-02	5.911366e-03
1.520875e-05	2.911108e-03	4.237709e-02	6.339234e-03
1.749006e-05	3.141485e-03	4.649768e-02	6.798071e-03
2.011357e-05	3.388419e-03	5.079663e-02	7.290119e-03
2.313061e-05	3.653118e-03	5.558978e-02	7.817782e-03
2.660020e-05	3.936876e-03	6.060680e-02	8.383637e-03
3.059023e-05	4.241082e-03	6.600235e-02	8.990450e-03
3.517876e-05	4.567222e-03	7.192705e-02	9.641183e-03
4.045558e-05	4.916891e-03	7.810450e-02	1.033902e-02
4.652391e-05	5.291798e-03	8.496811e-02	1.108736e-02
5.350250e-05	5.693774e-03	9.180476e-02	1.188987e-02
6.152788e-05	6.124786e-03	9.945378e-02	1.275046e-02
7.075706e-05	6.586938e-03	1.076641e-01	1.367335e-02
8.137062e-05	7.082488e-03	1.162193e-01	1.466303e-02
9.357621e-05	7.613859e-03	1.255864e-01	1.572435e-02
1.076126e-04	8.183647e-03	1.347202e-01	1.686249e-02
1.237545e-04	8.794635e-03	1.448855e-01	1.808301e-02
1.423177e-04	9.449808e-03	1.555838e-01	1.939186e-02
1.636654e-04	1.015237e-02	1.666080e-01	2.079546e-02
1.882152e-04	1.090575e-02	1.785282e-01	2.230064e-02
2.164475e-04	1.171362e-02	1.903412e-01	2.391477e-02
2.489146e-04	1.257995e-02	2.028380e-01	2.564574e-02
2.862518e-04	1.350895e-02	2.155873e-01	2.750199e-02
3.291895e-04	1.450517e-02	2.283115e-01	2.949260e-02
3.785680e-04	1.557348e-02	2.417921e-01	3.162729e-02
4.353531e-04	1.671909e-02	2.550771e-01	3.391649e-02
5.006561e-04	1.794760e-02	2.682458e-01	3.637138e-02
5.757545e-04	1.926501e-02	2.814592e-01	3.900396e-02
6.621177e-04	2.067776e-02	2.950198e-01	4.182709e-02
7.614354e-04	2.219274e-02	3.081105e-01	4.485456e-02
8.756507e-04	2.381737e-02	3.221742e-01	4.810115e-02
1.006998e-03	2.555958e-02	3.340433e-01	5.158274e-02
1.158048e-03	2.742788e-02	3.463411e-01	5.531633e-02
1.331755e-03	2.943139e-02	3.583096e-01	5.932015e-02
1.531519e-03	3.157991e-02	3.693460e-01	6.361378e-02
1.761246e-03	3.388393e-02	3.811387e-01	6.821817e-02
2.025433e-03	3.635470e-02	3.906270e-01	7.315584e-02
2.329248e-03	3.900431e-02	4.005717e-01	7.845090e-02
2.678635e-03	4.184568e-02	4.087580e-01	8.412922e-02
3.080431e-03	4.489271e-02	4.162672e-01	9.021854e-02
3.542495e-03	4.816027e-02	4.235380e-01	9.671789e-02
4.073870e-03	5.166434e-02	4.292422e-01	1.037330e-01
4.684950e-03	5.542202e-02	4.350451e-01	1.112645e-01
5.387693e-03	5.945169e-02	4.387330e-01	1.193164e-01
6.195847e-03	6.377301e-02	4.424215e-01	1.279528e-01
7.125224e-03	6.840712e-02	4.453477e-01	1.372139e-01
8.194007e-03	7.337663e-02	4.472612e-01	1.471453e-01
9.423108e-03	7.870584e-02	4.486060e-01	1.577956e-01
1.083657e-02	8.442078e-02	4.482280e-01	1.692167e-01
1.246206e-02	9.054936e-02	4.473887e-01	1.814644e-01
1.433137e-02	9.712153e-02	4.455123e-01	1.945988e-01
1.648108e-02	1.041694e-01	4.425535e-01	2.086838e-01
1.895324e-02	1.117274e-01	4.386561e-01	2.237882e-01
2.179622e-02	1.198324e-01	4.333902e-01	2.399858e-01
2.506566e-02	1.285241e-01	4.271288e-01	2.573559e-01
2.882550e-02	1.378449e-01	4.197176e-01	2.759834e-01
3.314933e-02	1.478403e-01	4.111927e-01	2.959590e-01
3.812173e-02	1.585592e-01	4.015444e-01	3.173804e-01
4.383999e-02	1.700539e-01	3.909071e-01	3.403523e-01
5.041599e-02	1.823807e-01	3.796299e-01	3.649871e-01
5.797838e-02	1.955996e-01	3.673235e-01	3.914049e-01
6.667514e-02	2.097753e-01	3.539887e-01	4.197347e-01
7.667641e-02	2.249771e-01	3.403018e-01	4.501151e-01
8.817787e-02	2.412792e-01	3.251088e-01	4.826944e-01
1.014046e-01	2.587612e-01	3.111085e-01	5.176320e-01
1.166152e-01	2.775086e-01	2.959137e-01	5.550984e-01
1.341075e-01	2.976130e-01	2.804282e-01	5.952764e-01
1.542237e-01	3.191725e-01	2.653608e-01	6.383624e-01
1.773572e-01	3.422925e-01	2.488292e-01	6.845673e-01
2.039608e-01	3.670859e-01	2.342596e-01	7.341166e-01
2.345549e-01	3.936739e-01	2.185256e-01	7.872526e-01
2.697381e-01	4.221864e-01	2.043132e-01	8.442322e-01
3.101989e-01	4.527626e-01	1.905936e-01	9.053421e-01
3.567287e-01	4.855522e-01	1.764379e-01	9.708663e-01
4.102380e-01	5.207171e-01	1.639351e-01	1.041535e+00
4.717737e-01	5.584273e-01	1.507098e-01	1.118076e+00
5.425397e-01	5.988669e-01	1.400529e-01	1.200988e+00
6.239207e-01	6.422335e-01	1.287254e-01	1.290894e+00
7.175088e-01	6.887391e-01	1.182816e-01	1.388487e+00
8.251351e-01	7.386109e-01	1.095683e-01	1.494571e+00
9.489054e-01	7.854210e-01	1.012839e-01	1.610085e+00
1.091241e+00	8.343763e-01	9.352834e-02	1.697216e+00
1.254927e+00	9.110012e-01	8.460943e-02	1.733031e+00
1.443166e+00	9.972770e-01	7.547147e-02	1.766817e+00
1.659641e+00	1.092105e+00	6.755558e-02	1.798926e+00
1.908588e+00	1.194830e+00	6.037541e-02	1.829991e+00
2.194876e+00	1.309494e+00	5.458998e-02	1.860852e+00
2.524107e+00	1.430921e+00	4.915828e-02	1.892599e+00
2.902723e+00	1.563893e+00	4.423116e-02	1.926623e+00
3.338132e+00	1.706019e+00	3.995496e-02	1.964647e+00
3.838852e+00	1.839239e+00	3.586233e-02	2.008769e+00
4.414679e+00	1.980348e+00	3.219483e-02	2.061490e+00
5.076881e+00	2.129863e+00	2.902883e-02	2.125746e+00
5.838413e+00	2.278219e+00	2.605659e-02	2.204907e+00
6.714175e+00	2.418790e+00	2.333542e-02	2.302852e+00
7.721302e+00	2.540789e+00	2.095593e-02	2.423938e+00
8.879497e+00	2.663769e+00	1.843063e-02	2.573021e+00
1.021142e+01	2.764649e+00	1.668035e-02	2.755486e+00
1.174313e+01	2.864163e+00	1.484649e-02	2.977284e+00
1.350460e+01	2.961977e+00	1.324420e-02	3.245080e+00
1.553030e+01	3.038412e+00	1.185827e-02	3.566423e+00
1.785984e+01	3.111866e+00	1.038503e-02	3.950078e+00
2.053882e+01	3.163861e+00	9.316807e-03	4.406483e+00
2.361964e+01	3.204122e+00	8.198602e-03	4.948328e+00
2.716258e+01	3.234849e+00	7.315787e-03	5.591289e+00
3.123697e+01	3.237844e+00	6.531899e-03	6.354924e+00
3.592252e+01	3.229671e+00	5.765294e-03	7.263778e+00
4.131089e+01	3.195701e+00	5.160959e-03	8.348737e+00
4.750753e+01	3.153955e+00	4.542084e-03	9.648721e+00
5.463366e+01	3.104270e+00	4.090336e-03	1.121288e+01
6.282871e+01	3.032123e+00	3.628224e-03	1.310324e+01
7.225301e+01	3.454428e+00	3.213964e-03	1.539790e+01
8.309096e+01	3.241215e+00	2.839425e-03	1.819564e+01
9.555461e+01	3.044876e+00	2.498487e-03	2.163433e+01
1.098878e+02	2.849943e+00	2.237257e-03	2.586650e+01
1.263710e+02	2.658013e+00	1.976803e-03	3.109124e+01
1.453266e+02	2.468599e+00	1.748470e-03	3.757133e+01
1.671256e+02	2.285548e+00	1.539696e-03	4.564449e+01
1.921945e+02	2.110464e+00	1.351183e-03	5.573461e+01
2.210236e+02	1.940582e+00	1.193811e-03	6.840023e+01
2.541772e+02	1.777578e+00	1.052793e-03	8.440276e+01
2.923037e+02	1.625064e+00	9.276290e-04	1.046949e+02
3.361493e+02	1.492459e+00	8.228885e-04	1.303732e+02
3.865717e+02	1.366954e+00	7.258881e-04	1.628675e+02
4.445574e+02	1.248164e+00	6.394504e-04	2.041197e+02
5.112411e+02	1.136370e+00	5.684491e-04	2.566423e+02
5.879272e+02	1.031847e+00	5.014651e-04	3.236871e+02
6.761163e+02	9.349781e-01	4.423286e-04	4.094252e+02
7.775337e+02	8.452028e-01	3.918734e-04	5.192441e+02
8.941638e+02	7.620339e-01	3.384290e-04	6.602067e+02
1.028288e+03	6.860774e-01	3.029820e-04	8.413629e+02
1.182532e+03	6.182703e-01	2.656605e-04	1.074016e+03
1.359911e+03	5.567338e-01	2.336770e-04	1.372453e+03
1.563898e+03	5.009404e-01	2.067483e-04	1.755288e+03
1.798483e+03	4.507491e-01	1.781188e-04	2.246257e+03
2.068255e+03	4.057029e-01	1.579234e-04	2.875555e+03
2.378493e+03	3.652335e-01	1.369933e-04	3.681476e+03
2.735268e+03	3.290150e-01	1.205342e-04	4.712408e+03
3.145558e+03	2.968171e-01	1.063747e-04	6.029344e+03
3.617391e+03	2.681890e-01	9.251909e-05	7.708872e+03
4.160000e+03	2.427134e-01	8.185223e-05	9.846664e+03
4.784000e+03	2.201635e-01	7.108291e-05	1.256170e+04
5.501600e+03	2.002601e-01	6.323026e-05	1.600109e+04
6.326840e+03	1.826742e-01	5.534980e-05	2.034561e+04
7.275866e+03	1.671878e-01	4.839346e-05	2.581581e+04
8.367246e+03	1.536166e-01	0.000000e+00	3.267874e+04
9.622333e+03	1.417197e-01	0.000000e+00	4.125498e+04
