# Energy_MeV	dEdx_Elec_MeV_um	dEdx_Nucl_MeV_um	Range_um
1.000000e-05	2.450375e-03	3.055156e-02	5.076892e-03
1.150000e-05	2.649397e-03	3.341835e-02	5.444360e-03
1.322500e-05	2.862655e-03	3.668609e-02	5.838426e-03
1.520875e-05	3.091193e-03	4.004976e-02	6.261014e-03
1.749006e-05	3.336132e-03	4.380722e-02	6.714190e-03
2.011357e-05	3.598670e-03	4.778768e-02	7.200167e-03
2.313061e-05	3.880092e-03	5.200579e-02	7.721318e-03
2.660020e-05	4.181775e-03	5.670608e-02	8.280192e-03
3.059023e-05	4.505194e-03	6.152893e-02	8.879516e-03
3.517876e-05	4.851930e-03	6.685758e-02	9.522220e-03
4.045558e-05	5.223679e-03	7.227582e-02	1.021144e-02
4.652391e-05	5.622257e-03	7.834337e-02	1.095055e-02
5.350250e-05	6.049612e-03	8.470062e-02	1.174316e-02
6.152788e-05	6.507834e-03	9.147970e-02	1.259314e-02
7.075706e-05	6.999160e-03	9.871137e-02	1.350463e-02
8.137062e-05	7.525993e-03	1.059467e-01	1.448211e-02
9.357621e-05	8.090905e-03	1.140073e-01	1.553033e-02
1.076126e-04	8.696657e-03	1.222549e-01	1.665442e-02
1.237545e-04	9.346209e-03	1.309861e-01	1.785988e-02
1.423177e-04	1.004273e-02	1.402223e-01	1.915259e-02
1.636654e-04	1.078964e-02	1.495844e-01	2.053886e-02
1.882152e-04	1.159056e-02	1.592944e-01	2.202547e-02
2.164475e-04	1.244943e-02	1.691570e-01	2.361969e-02
2.489146e-04	1.337043e-02	1.792343e-01	2.532930e-02
2.862518e-04	1.435806e-02	1.896239e-01	2.716264e-02
3.291895e-04	1.541716e-02	2.001457e-01	2.912869e-02
3.785680e-04	1.655288e-02	2.101750e-01	3.123704e-02
4.353531e-04	1.777079e-02	2.206272e-01	3.349799e-02
5.006561e-04	1.907683e-02	2.313930e-01	3.592260e-02
5.757545e-04	2.047738e-02	2.412717e-01	3.852269e-02
6.621177e-04	2.197928e-02	2.523866e-01	4.131098e-02
7.614354e-04	2.358988e-02	2.612892e-01	4.430110e-02
8.756507e-04	2.531704e-02	2.710010e-01	4.750763e-02
1.006998e-03	2.716919e-02	2.805020e-01	5.094626e-02
1.158048e-03	2.915539e-02	2.887212e-01	5.463378e-02
1.331755e-03	3.128534e-02	2.980283e-01	5.858820e-02
1.531519e-03	3.356944e-02	3.051839e-01	6.282884e-02
1.761246e-03	3.601886e-02	3.127724e-01	6.737643e-02
2.025433e-03	3.864556e-02	3.192422e-01	7.225317e-02
2.329248e-03	4.146237e-02	3.248964e-01	7.748289e-02
2.678635e-03	4.448305e-02	3.306404e-01	8.309074e-02
3.080431e-03	4.772236e-02	3.348628e-01	8.909320e-02
3.542495e-03	5.119613e-02	3.391580e-01	9.555820e-02
4.073870e-03	5.492133e-02	3.420545e-01	1.024729e-01
4.684950e-03	5.891615e-02	3.449621e-01	1.098905e-01
5.387693e-03	6.320011e-02	3.469963e-01	1.178442e-01
6.195847e-03	6.779414e-02	3.484839e-01	1.263737e-01
7.125224e-03	7.272068e-02	3.493237e-01	1.355205e-01
8.194007e-03	7.800380e-02	3.489999e-01	1.453293e-01
9.423108e-03	8.366932e-02	3.483168e-01	1.558481e-01
1.083657e-02	8.974490e-02	3.466562e-01	1.671284e-01
1.246206e-02	9.626023e-02	3.442859e-01	1.792251e-01
1.433137e-02	1.032471e-01	3.411093e-01	1.921973e-01
1.648108e-02	1.107398e-01	3.369173e-01	2.061084e-01
1.895324e-02	1.187747e-01	3.319207e-01	2.210265e-01
2.179622e-02	1.273912e-01	3.260442e-01	2.370243e-01
2.506566e-02	1.366314e-01	3.192716e-01	2.541802e-01
2.882550e-02	1.465404e-01	3.116938e-01	2.725777e-01
3.314933e-02	1.571666e-01	3.032514e-01	2.923067e-01
3.812173e-02	1.685619e-01	2.944913e-01	3.134639e-01
4.383999e-02	1.807820e-01	2.847349e-01	3.361524e-01
5.041599e-02	1.938866e-01	2.741424e-01	3.604832e-01
5.797838e-02	2.079398e-01	2.636142e-01	3.865750e-01
6.667514e-02	2.230101e-01	2.515819e-01	4.145552e-01
7.667641e-02	2.391712e-01	2.409123e-01	4.445607e-01
8.817787e-02	2.565020e-01	2.288907e-01	4.767382e-01
1.014046e-01	2.750873e-01	2.165911e-01	5.112447e-01
1.166152e-01	2.950178e-01	2.051718e-01	5.482485e-01
1.341075e-01	3.163908e-01	1.920991e-01	5.879308e-01
1.542237e-01	3.393109e-01	1.809646e-01	6.304854e-01
1.773572e-01	3.638899e-01	1.688465e-01	6.761205e-01
2.039608e-01	3.902479e-01	1.576609e-01	7.250568e-01
2.345549e-01	4.185138e-01	1.471198e-01	7.775418e-01
2.697381e-01	4.488255e-01	1.359155e-01	8.338056e-01
3.101989e-01	4.813337e-01	1.264253e-01	8.944211e-01
3.567287e-01	5.161948e-01	1.164354e-01	9.600660e-01
4.102380e-01	5.535792e-01	1.080201e-01	1.031165e+00
4.717737e-01	5.936695e-01	9.905508e-02	1.108252e+00
5.425397e-01	6.366615e-01	9.146415e-02	1.191916e+00
6.239207e-01	6.827655e-01	8.462070e-02	1.282839e+00
7.175088e-01	7.276622e-01	7.808315e-02	1.381374e+00
8.251351e-01	7.732465e-01	7.192061e-02	1.419668e+00
9.489054e-01	8.421404e-01	6.483369e-02	1.456374e+00
1.091241e+00	9.233612e-01	5.816306e-02	1.491559e+00
1.254927e+00	1.011126e+00	5.194003e-02	1.525549e+00
1.443166e+00	1.106847e+00	4.650351e-02	1.558773e+00
1.659641e+00	1.212338e+00	4.193292e-02	1.591874e+00
1.908588e+00	1.323103e+00	3.780278e-02	1.625730e+00
2.194876e+00	1.444364e+00	3.406903e-02	1.661494e+00
2.524107e+00	1.568462e+00	3.069212e-02	1.700632e+00
2.902723e+00	1.685697e+00	2.760454e-02	1.744954e+00
3.338132e+00	1.802875e+00	2.470800e-02	1.796656e+00
3.838852e+00	1.925190e+00	2.235925e-02	1.858318e+00
4.414679e+00	2.050717e+00	2.001560e-02	1.933012e+00
5.076881e+00	2.160781e+00	1.785967e-02	2.024244e+00
5.838413e+00	2.260182e+00	1.611290e-02	2.136015e+00
6.714175e+00	2.359192e+00	1.412312e-02	2.272834e+00
7.721302e+00	2.434087e+00	1.284225e-02	2.439740e+00
8.879497e+00	2.510496e+00	1.139770e-02	2.642373e+00
1.021142e+01	2.580759e+00	1.014391e-02	2.887063e+00
1.174313e+01	2.637001e+00	9.113830e-03	3.181022e+00
1.350460e+01	2.689272e+00	7.952935e-03	3.532652e+00
1.553030e+01	2.718622e+00	7.155450e-03	3.951952e+00
1.785984e+01	2.741137e+00	6.304544e-03	4.451087e+00
2.053882e+01	2.751053e+00	5.619096e-03	5.045094e+00
2.361964e+01	2.742634e+00	5.018410e-03	5.752751e+00
2.716258e+01	2.724231e+00	4.416501e-03	6.597667e+00
3.123697e+01	2.683713e+00	3.962142e-03	7.609624e+00
3.592252e+01	2.636097e+00	3.499498e-03	8.826261e+00
4.131089e+01	2.580189e+00	3.143459e-03	1.029526e+01
4.750753e+01	2.509843e+00	2.778079e-03	1.207689e+01
5.463366e+01	2.824745e+00	2.472433e-03	1.424789e+01
6.282871e+01	2.637594e+00	2.177492e-03	1.690372e+01
7.225301e+01	2.468463e+00	1.924497e-03	2.017892e+01
8.309096e+01	2.302330e+00	1.718798e-03	2.422737e+01
9.555461e+01	2.139961e+00	1.512918e-03	2.924317e+01
1.098878e+02	1.980528e+00	1.344726e-03	3.548548e+01
1.263710e+02	1.827144e+00	1.180339e-03	4.328902e+01
1.453266e+02	1.681317e+00	1.038548e-03	5.307475e+01
1.671256e+02	1.541034e+00	9.143289e-04	6.539272e+01
1.921945e+02	1.406491e+00	8.076953e-04	8.099313e+01
2.210236e+02	1.280264e+00	7.132711e-04	1.008337e+02
2.541772e+02	1.171220e+00	6.305963e-04	1.260239e+02
2.923037e+02	1.069159e+00	5.577936e-04	1.579744e+02
3.361493e+02	9.731818e-01	4.895715e-04	1.986126e+02
3.865717e+02	8.833533e-01	4.372218e-04	2.504365e+02
4.445574e+02	7.998755e-01	3.844388e-04	3.166795e+02
5.112411e+02	7.229174e-01	3.383317e-04	4.014901e+02
5.879272e+02	6.521131e-01	3.008388e-04	5.102115e+02
6.761163e+02	5.866923e-01	2.587433e-04	6.498378e+02
7.775337e+02	5.272433e-01	2.329731e-04	8.293692e+02
8.941638e+02	4.742647e-01	2.035909e-04	1.060067e+03
1.028288e+03	4.265663e-01	1.789816e-04	1.356087e+03
1.182532e+03	3.834092e-01	1.586635e-04	1.735838e+03
1.359911e+03	3.446351e-01	1.362842e-04	2.222873e+03
1.563898e+03	3.099157e-01	1.210881e-04	2.847127e+03
1.798483e+03	2.788193e-01	1.052036e-04	3.646597e+03
2.068255e+03	2.510300e-01	9.256516e-05	4.669320e+03
2.378493e+03	2.263272e-01	8.159975e-05	5.975874e+03
2.735268e+03	2.043888e-01	7.084677e-05	7.642392e+03
3.145558e+03	1.848894e-01	6.273827e-05	9.764054e+03
3.617391e+03	1.676255e-01	5.470800e-05	1.245933e+04
4.160000e+03	1.523886e-01	4.852128e-05	1.587484e+04
4.784000e+03	1.389336e-01	0.000000e+00	2.019093e+04
5.501600e+03	1.270801e-01	0.000000e+00	2.562786e+04
6.326840e+03	1.166846e-01	0.000000e+00	3.245263e+04
7.275866e+03	1.075748e-01	0.000000e+00	4.098617e+04
8.367246e+03	9.959850e-02	0.000000e+00	5.161085e+04
9.622333e+03	9.266012e-02	0.000000e+00	6.477774e+04
