# Energy_MeV	dEdx_Elec_MeV_um	dEdx_Nucl_MeV_um	Range_um
1.000000e-05	1.971680e-03	2.522468e-02	9.412544e-03
1.150000e-05	2.122857e-03	2.739646e-02	1.009383e-02
1.322500e-05	2.284943e-03	2.976959e-02	1.082443e-02
1.520875e-05	2.458731e-03	3.219256e-02	1.160790e-02
1.749006e-05	2.645070e-03	3.491990e-02	1.244809e-02
2.011357e-05	2.844871e-03	3.776093e-02	1.334909e-02
2.313061e-05	3.059110e-03	4.074583e-02	1.431530e-02
2.660020e-05	3.288834e-03	4.405127e-02	1.535145e-02
3.059023e-05	3.535165e-03	4.723616e-02	1.646260e-02
3.517876e-05	3.799308e-03	5.087868e-02	1.765417e-02
4.045558e-05	4.082551e-03	5.457162e-02	1.893199e-02
4.652391e-05	4.386280e-03	5.841430e-02	2.030230e-02
5.350250e-05	4.711978e-03	6.264489e-02	2.177179e-02
6.152788e-05	5.061237e-03	6.676768e-02	2.334764e-02
7.075706e-05	5.435762e-03	7.118393e-02	2.503755e-02
8.137062e-05	5.837383e-03	7.557824e-02	2.684979e-02
9.357621e-05	6.268063e-03	8.010200e-02	2.879319e-02
1.076126e-04	6.729906e-03	8.485602e-02	3.087725e-02
1.237545e-04	7.225167e-03	8.948675e-02	3.311217e-02
1.423177e-04	7.756267e-03	9.411937e-02	3.550884e-02
1.636654e-04	8.325800e-03	9.871442e-02	3.807899e-02
1.882152e-04	8.936548e-03	1.036425e-01	4.083517e-02
2.164475e-04	9.591496e-03	1.080955e-01	4.379084e-02
2.489146e-04	1.029384e-02	1.129780e-01	4.696044e-02
2.862518e-04	1.104702e-02	1.172257e-01	5.035947e-02
3.291895e-04	1.185470e-02	1.214889e-01	5.400451e-02
3.785680e-04	1.272085e-02	1.259062e-01	5.791339e-02
4.353531e-04	1.364967e-02	1.296302e-01	6.210519e-02
5.006561e-04	1.464573e-02	1.337135e-01	6.660039e-02
5.757545e-04	1.571387e-02	1.371751e-01	7.142097e-02
6.621177e-04	1.685932e-02	1.405656e-01	7.659045e-02
7.614354e-04	1.808768e-02	1.435722e-01	8.213411e-02
8.756507e-04	1.940494e-02	1.462326e-01	8.807902e-02
1.006998e-03	2.081754e-02	1.487632e-01	9.445423e-02
1.158048e-03	2.233239e-02	1.507967e-01	1.012909e-01
1.331755e-03	2.395688e-02	1.527381e-01	1.086224e-01
1.531519e-03	2.569894e-02	1.541368e-01	1.164845e-01
1.761246e-03	2.756710e-02	1.555396e-01	1.249157e-01
2.025433e-03	2.957047e-02	1.564976e-01	1.339572e-01
2.329248e-03	3.171884e-02	1.571412e-01	1.435801e-01
2.678635e-03	3.402272e-02	1.576798e-01	1.540362e-01
3.080431e-03	3.649334e-02	1.575276e-01	1.652050e-01
3.542495e-03	3.914279e-02	1.573148e-01	1.771627e-01
4.073870e-03	4.198401e-02	1.566164e-01	1.899851e-01
4.684950e-03	4.503087e-02	1.555626e-01	2.037362e-01
5.387693e-03	4.829827e-02	1.542471e-01	2.184824e-01
6.195847e-03	5.180216e-02	1.523937e-01	2.342959e-01
7.125224e-03	5.555966e-02	1.502204e-01	2.512542e-01
8.194007e-03	5.958913e-02	1.476229e-01	2.694398e-01
9.423108e-03	6.391026e-02	1.446411e-01	2.889417e-01
1.083657e-02	6.854415e-02	1.412722e-01	3.098551e-01
1.246206e-02	7.351344e-02	1.375496e-01	3.322823e-01
1.433137e-02	7.884242e-02	1.336104e-01	3.563328e-01
1.648108e-02	8.455710e-02	1.293127e-01	3.821241e-01
1.895324e-02	9.068542e-02	1.245539e-01	4.097821e-01
2.179622e-02	9.725731e-02	1.198464e-01	4.394420e-01
2.506566e-02	1.043049e-01	1.145510e-01	4.712488e-01
2.882550e-02	1.118625e-01	1.096124e-01	5.053578e-01
3.314933e-02	1.199672e-01	1.043265e-01	5.419356e-01
3.812173e-02	1.286586e-01	9.870355e-02	5.811608e-01
4.383999e-02	1.379790e-01	9.356821e-02	6.232251e-01
5.041599e-02	1.479740e-01	8.779943e-02	6.683343e-01
5.797838e-02	1.586924e-01	8.259411e-02	7.167086e-01
6.667514e-02	1.701867e-01	7.719450e-02	7.685840e-01
7.667641e-02	1.825129e-01	7.205308e-02	8.242140e-01
8.817787e-02	1.957313e-01	6.722030e-02	8.838707e-01
1.014046e-01	2.099065e-01	6.225190e-02	9.478457e-01
1.166152e-01	2.251076e-01	5.785589e-02	1.016451e+00
1.341075e-01	2.414091e-01	5.336140e-02	1.090022e+00
1.542237e-01	2.588904e-01	4.948473e-02	1.168918e+00
1.773572e-01	2.776371e-01	4.532851e-02	1.253525e+00
2.039608e-01	2.977406e-01	4.183397e-02	1.344245e+00
2.345549e-01	3.192997e-01	3.884479e-02	1.441621e+00
2.697381e-01	3.424198e-01	3.565740e-02	1.546857e+00
3.101989e-01	3.672133e-01	3.293726e-02	1.660830e+00
3.567287e-01	3.938014e-01	2.980909e-02	1.784338e+00
4.102380e-01	4.223140e-01	2.674612e-02	1.918297e+00
4.717737e-01	4.528886e-01	2.402560e-02	2.028591e+00
5.425397e-01	4.856753e-01	2.132628e-02	2.127038e+00
6.239207e-01	5.129945e-01	1.931925e-02	2.225755e+00
7.175088e-01	5.469331e-01	1.736580e-02	2.324392e+00
8.251351e-01	5.945570e-01	1.569333e-02	2.422761e+00
9.489054e-01	6.437513e-01	1.413717e-02	2.520905e+00
1.091241e+00	6.969482e-01	1.267385e-02	2.619115e+00
1.254927e+00	7.451942e-01	1.140226e-02	2.718189e+00
1.443166e+00	7.957203e-01	1.027125e-02	2.819336e+00
1.659641e+00	8.439406e-01	9.243878e-03	2.924366e+00
1.908588e+00	8.869555e-01	8.222861e-03	3.035794e+00
2.194876e+00	9.295786e-01	7.428499e-03	3.156925e+00
2.524107e+00	9.570989e-01	6.548559e-03	3.292023e+00
2.902723e+00	9.869535e-01	5.908803e-03	3.446383e+00
3.338132e+00	1.018431e+00	5.276153e-03	3.626480e+00
3.838852e+00	1.041941e+00	4.667429e-03	3.840124e+00
4.414679e+00	1.063312e+00	4.205897e-03	4.096591e+00
5.076881e+00	1.076722e+00	3.687100e-03	4.406797e+00
5.838413e+00	1.087247e+00	3.298221e-03	4.783489e+00
6.714175e+00	1.093205e+00	2.916791e-03	5.241499e+00
7.721302e+00	1.094228e+00	2.589732e-03	5.798111e+00
8.879497e+00	1.092684e+00	2.311224e-03	6.473596e+00
1.021142e+01	1.083966e+00	2.039613e-03	7.292033e+00
1.174313e+01	1.070807e+00	1.827605e-03	8.282478e+00
1.350460e+01	1.052555e+00	1.616737e-03	9.480589e+00
1.553030e+01	1.028642e+00	1.450680e-03	1.093079e+01
1.785984e+01	1.000489e+00	1.278392e-03	1.268909e+01
2.053882e+01	9.674041e-01	1.138771e-03	1.482679e+01
2.361964e+01	9.316407e-01	1.009633e-03	1.743514e+01
2.716258e+01	8.923137e-01	8.845522e-04	2.063140e+01
3.123697e+01	8.491396e-01	7.944939e-04	2.456650e+01
3.592252e+01	8.019469e-01	6.965585e-04	2.943478e+01
4.131089e+01	7.539468e-01	6.197013e-04	3.548753e+01
4.750753e+01	7.560038e-01	5.477321e-04	4.304212e+01
5.463366e+01	6.939483e-01	4.780255e-04	5.252201e+01
6.282871e+01	6.363438e-01	4.235212e-04	6.448726e+01
7.225301e+01	5.817381e-01	3.724576e-04	7.958774e+01
8.309096e+01	5.300040e-01	3.301339e-04	9.869759e+01
9.555461e+01	4.812051e-01	2.917106e-04	1.229527e+02
1.098878e+02	4.358831e-01	2.568654e-04	1.538067e+02
1.263710e+02	3.941053e-01	2.269336e-04	1.931088e+02
1.453266e+02	3.546042e-01	2.014246e-04	2.433235e+02
1.671256e+02	3.183182e-01	1.783002e-04	3.077512e+02
1.921945e+02	2.862368e-01	1.559210e-04	3.904237e+02
2.210236e+02	2.581904e-01	1.391725e-04	4.960930e+02
2.541772e+02	2.325279e-01	1.202980e-04	6.311233e+02
2.923037e+02	2.091007e-01	1.074801e-04	8.039158e+02
3.361493e+02	1.877889e-01	9.451427e-05	1.025297e+03
3.865717e+02	1.684839e-01	8.237690e-05	1.309199e+03
4.445574e+02	1.510917e-01	7.345192e-05	1.673440e+03
5.112411e+02	1.352931e-01	6.322388e-05	2.141091e+03
5.879272e+02	1.210441e-01	5.597171e-05	2.742242e+03
6.761163e+02	1.083327e-01	4.876975e-05	3.515047e+03
7.775337e+02	9.717461e-02	4.276257e-05	4.507014e+03
8.941638e+02	8.716029e-02	0.000000e+00	5.778849e+03
1.028288e+03	7.819564e-02	0.000000e+00	7.409442e+03
1.182532e+03	7.019281e-02	0.000000e+00	9.498984e+03
1.359911e+03	6.305622e-02	0.000000e+00	1.217503e+04
1.563898e+03	5.670351e-02	0.000000e+00	1.559921e+04
1.798483e+03	5.105652e-02	0.000000e+00	1.997572e+04
2.068255e+03	4.604265e-02	0.000000e+00	2.556183e+04
2.378493e+03	4.159350e-02	0.000000e+00	3.268019e+04
2.735268e+03	3.765063e-02	0.000000e+00	4.173342e+04
3.145558e+03	3.416589e-02	0.000000e+00	5.322149e+04
3.617391e+03	3.108960e-02	0.000000e+00	6.776151e+04
4.160000e+03	2.837601e-02	0.000000e+00	8.611025e+04
4.784000e+03	2.598894e-02	0.000000e+00	1.091890e+05
5.501600e+03	2.389544e-02	0.000000e+00	1.381103e+05
6.326840e+03	2.206402e-02	0.000000e+00	1.742065e+05
7.275866e+03	2.046749e-02	0.000000e+00	2.190578e+05
8.367246e+03	1.908216e-02	0.000000e+00	2.745210e+05
9.622333e+03	1.788516e-02	0.000000e+00	3.427554e+05
