# Energy_MeV	dEdx_Elec_MeV_um	dEdx_Nucl_MeV_um	Range_um
1.000000e-05	2.114537e-03	3.112320e-02	6.187284e-03
1.150000e-05	2.282293e-03	3.410778e-02	6.635123e-03
1.322500e-05	2.462100e-03	3.738745e-02	7.115377e-03
1.520875e-05	2.654839e-03	4.090754e-02	7.630392e-03
1.749006e-05	2.861452e-03	4.473057e-02	8.182683e-03
2.011357e-05	3.082949e-03	4.880718e-02	8.774950e-03
2.313061e-05	3.320414e-03	5.320636e-02	9.410086e-03
2.660020e-05	3.575007e-03	5.792203e-02	1.009119e-02
3.059023e-05	3.847973e-03	6.297793e-02	1.082160e-02
3.517876e-05	4.140646e-03	6.848368e-02	1.160487e-02
4.045558e-05	4.454456e-03	7.407614e-02	1.244484e-02
4.652391e-05	4.790937e-03	8.026502e-02	1.334560e-02
5.350250e-05	5.151732e-03	8.694097e-02	1.431156e-02
6.152788e-05	5.538606e-03	9.378658e-02	1.534744e-02
7.075706e-05	5.953447e-03	1.014985e-01	1.645830e-02
8.137062e-05	6.398284e-03	1.088683e-01	1.764956e-02
9.357621e-05	6.875288e-03	1.171318e-01	1.892704e-02
1.076126e-04	7.386792e-03	1.259099e-01	2.029699e-02
1.237545e-04	7.935293e-03	1.346894e-01	2.176610e-02
1.423177e-04	8.523472e-03	1.445600e-01	2.334154e-02
1.636654e-04	9.154202e-03	1.540287e-01	2.503102e-02
1.882152e-04	9.830564e-03	1.643702e-01	2.684277e-02
2.164475e-04	1.055586e-02	1.747756e-01	2.878567e-02
2.489146e-04	1.133364e-02	1.850707e-01	3.086919e-02
2.862518e-04	1.216770e-02	1.963012e-01	3.310352e-02
3.291895e-04	1.306212e-02	2.069080e-01	3.549957e-02
3.785680e-04	1.402125e-02	2.180708e-01	3.806905e-02
4.353531e-04	1.504980e-02	2.285865e-01	4.082450e-02
5.006561e-04	1.615279e-02	2.397207e-01	4.377940e-02
5.757545e-04	1.733559e-02	2.506657e-01	4.694818e-02
6.621177e-04	1.860400e-02	2.618578e-01	5.034631e-02
7.614354e-04	1.996421e-02	2.722617e-01	5.399041e-02
8.756507e-04	2.142286e-02	2.820481e-01	5.789826e-02
1.006998e-03	2.298708e-02	2.920052e-01	6.208897e-02
1.158048e-03	2.466451e-02	3.013397e-01	6.658300e-02
1.331755e-03	2.646335e-02	3.107239e-01	7.140231e-02
1.531519e-03	2.839238e-02	3.191076e-01	7.657045e-02
1.761246e-03	3.046103e-02	3.271340e-01	8.211266e-02
2.025433e-03	3.267940e-02	3.341384e-01	8.805602e-02
2.329248e-03	3.505834e-02	3.406373e-01	9.442956e-02
2.678635e-03	3.760946e-02	3.464421e-01	1.012644e-01
3.080431e-03	4.034522e-02	3.515084e-01	1.085940e-01
3.542495e-03	4.327900e-02	3.562969e-01	1.164189e-01
4.073870e-03	4.642512e-02	3.596127e-01	1.248611e-01
4.684950e-03	4.979895e-02	3.627913e-01	1.339265e-01
5.387693e-03	5.341698e-02	3.654283e-01	1.436184e-01
6.195847e-03	5.729689e-02	3.669500e-01	1.540138e-01
7.125224e-03	6.145762e-02	3.684374e-01	1.651613e-01
8.194007e-03	6.591950e-02	3.681899e-01	1.771155e-01
9.423108e-03	7.070433e-02	3.677015e-01	1.899349e-01
1.083657e-02	7.583549e-02	3.663866e-01	2.036822e-01
1.246206e-02	8.133805e-02	3.640306e-01	2.184246e-01
1.433137e-02	8.723887e-02	3.611417e-01	2.342341e-01
1.648108e-02	9.356681e-02	3.569542e-01	2.511879e-01
1.895324e-02	1.003528e-01	3.520457e-01	2.693687e-01
2.179622e-02	1.076299e-01	3.461316e-01	2.888655e-01
2.506566e-02	1.154337e-01	3.393593e-01	3.097735e-01
2.882550e-02	1.238024e-01	3.315747e-01	3.321949e-01
3.314933e-02	1.327768e-01	3.231080e-01	3.562391e-01
3.812173e-02	1.424008e-01	3.138599e-01	3.820235e-01
4.383999e-02	1.527214e-01	3.040651e-01	4.096743e-01
5.041599e-02	1.637889e-01	2.932907e-01	4.393266e-01
5.797838e-02	1.756576e-01	2.820496e-01	4.711251e-01
6.667514e-02	1.883853e-01	2.699578e-01	5.052251e-01
7.667641e-02	2.020342e-01	2.580754e-01	5.417932e-01
8.817787e-02	2.166711e-01	2.459827e-01	5.810082e-01
1.014046e-01	2.323674e-01	2.332852e-01	6.230618e-01
1.166152e-01	2.491998e-01	2.207422e-01	6.681592e-01
1.341075e-01	2.672505e-01	2.075320e-01	7.165206e-01
1.542237e-01	2.866078e-01	1.950981e-01	7.683823e-01
1.773572e-01	3.073661e-01	1.823579e-01	8.239980e-01
2.039608e-01	3.296269e-01	1.705484e-01	8.836394e-01
2.345549e-01	3.534990e-01	1.589435e-01	9.475980e-01
2.697381e-01	3.790990e-01	1.475822e-01	1.016183e+00
3.101989e-01	4.065519e-01	1.369602e-01	1.089740e+00
3.567287e-01	4.359921e-01	1.260232e-01	1.168609e+00
4.102380e-01	4.675646e-01	1.170970e-01	1.253664e+00
4.717737e-01	5.014224e-01	1.076780e-01	1.345786e+00
5.425397e-01	5.377308e-01	9.862055e-02	1.445575e+00
6.239207e-01	5.766672e-01	9.168815e-02	1.553781e+00
7.175088e-01	6.184219e-01	8.449012e-02	1.671239e+00
8.251351e-01	6.631989e-01	7.831679e-02	1.798913e+00
9.489054e-01	7.059537e-01	7.121747e-02	1.894835e+00
1.091241e+00	7.510581e-01	6.332562e-02	1.951245e+00
1.254927e+00	8.215384e-01	5.702739e-02	2.005662e+00
1.443166e+00	9.007501e-01	5.056362e-02	2.058323e+00
1.659641e+00	9.869452e-01	4.595957e-02	2.109580e+00
1.908588e+00	1.079349e+00	4.126411e-02	2.160041e+00
2.194876e+00	1.181857e+00	3.717433e-02	2.210614e+00
2.524107e+00	1.287590e+00	3.363142e-02	2.262553e+00
2.902723e+00	1.401141e+00	3.007342e-02	2.317516e+00
3.338132e+00	1.518231e+00	2.715486e-02	2.377619e+00
3.838852e+00	1.621503e+00	2.434418e-02	2.445491e+00
4.414679e+00	1.727528e+00	2.197905e-02	2.524291e+00
5.076881e+00	1.838395e+00	1.968431e-02	2.617850e+00
5.838413e+00	1.946262e+00	1.764273e-02	2.730622e+00
6.714175e+00	2.044398e+00	1.561397e-02	2.867763e+00
7.721302e+00	2.127528e+00	1.401002e-02	3.035170e+00
8.879497e+00	2.210076e+00	1.255080e-02	3.239491e+00
1.021142e+01	2.274672e+00	1.118593e-02	3.488232e+00
1.174313e+01	2.337012e+00	9.993846e-03	3.789791e+00
1.350460e+01	2.396225e+00	8.797202e-03	4.153667e+00
1.553030e+01	2.438118e+00	7.847723e-03	4.590762e+00
1.785984e+01	2.475875e+00	6.926100e-03	5.113837e+00
2.053882e+01	2.496065e+00	6.180040e-03	5.738176e+00
2.361964e+01	2.506571e+00	5.497061e-03	6.482444e+00
2.716258e+01	2.508136e+00	4.873738e-03	7.369785e+00
3.123697e+01	2.490462e+00	4.350629e-03	8.429176e+00
3.592252e+01	2.463840e+00	3.824625e-03	9.697122e+00
4.131089e+01	2.420415e+00	3.447356e-03	1.121977e+01
4.750753e+01	2.369710e+00	3.057376e-03	1.305555e+01
5.463366e+01	2.310899e+00	2.703024e-03	1.527860e+01
6.282871e+01	2.239385e+00	2.405004e-03	1.798301e+01
7.225301e+01	2.475431e+00	2.096218e-03	2.128788e+01
8.309096e+01	2.308514e+00	1.888358e-03	2.534442e+01
9.555461e+01	2.154600e+00	1.666899e-03	3.036309e+01
1.098878e+02	2.004224e+00	1.471360e-03	3.658108e+01
1.263710e+02	1.857850e+00	1.305240e-03	4.430749e+01
1.453266e+02	1.715040e+00	1.136329e-03	5.395065e+01
1.671256e+02	1.578300e+00	1.011097e-03	6.603691e+01
1.921945e+02	1.448740e+00	8.876383e-04	8.122965e+01
2.210236e+02	1.324209e+00	7.834109e-04	1.004028e+02
2.541772e+02	1.205620e+00	6.959902e-04	1.247462e+02
2.923037e+02	1.095574e+00	6.107853e-04	1.557564e+02
3.361493e+02	1.000356e+00	5.420008e-04	1.951679e+02
3.865717e+02	9.110701e-01	4.782052e-04	2.452341e+02
4.445574e+02	8.274857e-01	4.249047e-04	3.090078e+02
5.112411e+02	7.496325e-01	3.747047e-04	3.904362e+02
5.879272e+02	6.775594e-01	3.311226e-04	4.946245e+02
6.761163e+02	6.114054e-01	2.875459e-04	6.281160e+02
7.775337e+02	5.506322e-01	2.552116e-04	7.993512e+02
8.941638e+02	4.947785e-01	2.252742e-04	1.019379e+03
1.028288e+03	4.441912e-01	1.981161e-04	1.302351e+03
1.182532e+03	3.993675e-01	1.748303e-04	1.665930e+03
1.359911e+03	3.589589e-01	1.512144e-04	2.132416e+03
1.563898e+03	3.224801e-01	1.334478e-04	2.730841e+03
1.798483e+03	2.897650e-01	1.158743e-04	3.498222e+03
2.068255e+03	2.604978e-01	1.021949e-04	4.481643e+03
2.378493e+03	2.343208e-01	8.978411e-05	5.740824e+03
2.735268e+03	2.109674e-01	7.840202e-05	7.351240e+03
3.145558e+03	1.902203e-01	6.922442e-05	9.408053e+03
3.617391e+03	1.717978e-01	5.994699e-05	1.203079e+04
4.160000e+03	1.554377e-01	5.346062e-05	1.536878e+04
4.784000e+03	1.409651e-01	4.678859e-05	1.960781e+04
5.501600e+03	1.281921e-01	0.000000e+00	2.497760e+04
6.326840e+03	1.169160e-01	0.000000e+00	3.176044e+04
7.275866e+03	1.069894e-01	0.000000e+00	4.030081e+04
8.367246e+03	9.828573e-02	0.000000e+00	5.101581e+04
9.622333e+03	9.065832e-02	0.000000e+00	6.440624e+04
