# Energy_MeV	dEdx_Elec_MeV_um	dEdx_Nucl_MeV_um	Range_um
1.000000e-05	2.220852e-03	3.186775e-02	5.515007e-03
1.150000e-05	2.399333e-03	3.498261e-02	5.914186e-03
1.322500e-05	2.590608e-03	3.838684e-02	6.342258e-03
1.520875e-05	2.795612e-03	4.201492e-02	6.801314e-03
1.749006e-05	3.015349e-03	4.607875e-02	7.293596e-03
2.011357e-05	3.250895e-03	5.030768e-02	7.821511e-03
2.313061e-05	3.503401e-03	5.497527e-02	8.387636e-03
2.660020e-05	3.774102e-03	5.996884e-02	8.994737e-03
3.059023e-05	4.064322e-03	6.524128e-02	9.645781e-03
3.517876e-05	4.375480e-03	7.107654e-02	1.034395e-02
4.045558e-05	4.709096e-03	7.716703e-02	1.109265e-02
4.652391e-05	5.066800e-03	8.369377e-02	1.189554e-02
5.350250e-05	5.450342e-03	9.058239e-02	1.275655e-02
6.152788e-05	5.861594e-03	9.808770e-02	1.367987e-02
7.075706e-05	6.302567e-03	1.059839e-01	1.467003e-02
8.137062e-05	6.775415e-03	1.146470e-01	1.573185e-02
9.357621e-05	7.282449e-03	1.232906e-01	1.687053e-02
1.076126e-04	7.826145e-03	1.325399e-01	1.809163e-02
1.237545e-04	8.409161e-03	1.424223e-01	1.940111e-02
1.423177e-04	9.034344e-03	1.526243e-01	2.080537e-02
1.636654e-04	9.704748e-03	1.637881e-01	2.231128e-02
1.882152e-04	1.042365e-02	1.747965e-01	2.392618e-02
2.164475e-04	1.119456e-02	1.867585e-01	2.565797e-02
2.489146e-04	1.202125e-02	1.984800e-01	2.751511e-02
2.862518e-04	1.290775e-02	2.105684e-01	2.950666e-02
3.291895e-04	1.385840e-02	2.232702e-01	3.164237e-02
3.785680e-04	1.487783e-02	2.356601e-01	3.393266e-02
4.353531e-04	1.597104e-02	2.490459e-01	3.638873e-02
5.006561e-04	1.714336e-02	2.608412e-01	3.902256e-02
5.757545e-04	1.840051e-02	2.737124e-01	4.184704e-02
6.621177e-04	1.974865e-02	2.867790e-01	4.487595e-02
7.614354e-04	2.119435e-02	2.991657e-01	4.812409e-02
8.756507e-04	2.274468e-02	3.123392e-01	5.160734e-02
1.006998e-03	2.440721e-02	3.231713e-01	5.534271e-02
1.158048e-03	2.619007e-02	3.348880e-01	5.934844e-02
1.331755e-03	2.810196e-02	3.462192e-01	6.364411e-02
1.531519e-03	3.015222e-02	3.566069e-01	6.825071e-02
1.761246e-03	3.235088e-02	3.673130e-01	7.319073e-02
2.025433e-03	3.470867e-02	3.761961e-01	7.848832e-02
2.329248e-03	3.723711e-02	3.849845e-01	8.416934e-02
2.678635e-03	3.994855e-02	3.928126e-01	9.026156e-02
3.080431e-03	4.285624e-02	3.995116e-01	9.679474e-02
3.542495e-03	4.597438e-02	4.060659e-01	1.038008e-01
4.073870e-03	4.931821e-02	4.113670e-01	1.113031e-01
4.684950e-03	5.290407e-02	4.159973e-01	1.193752e-01
5.387693e-03	5.674947e-02	4.196797e-01	1.280131e-01
6.195847e-03	6.087319e-02	4.228379e-01	1.372797e-01
7.125224e-03	6.529539e-02	4.250786e-01	1.472157e-01
8.194007e-03	7.003766e-02	4.270196e-01	1.578710e-01
9.423108e-03	7.512318e-02	4.272688e-01	1.692977e-01
1.083657e-02	8.057679e-02	4.268889e-01	1.815513e-01
1.246206e-02	8.642513e-02	4.256127e-01	1.946918e-01
1.433137e-02	9.269678e-02	4.232942e-01	2.087835e-01
1.648108e-02	9.942236e-02	4.203011e-01	2.238951e-01
1.895324e-02	1.066347e-01	4.158408e-01	2.401006e-01
2.179622e-02	1.143692e-01	4.105072e-01	2.574790e-01
2.506566e-02	1.226634e-01	4.039930e-01	2.761151e-01
2.882550e-02	1.315580e-01	3.965045e-01	2.961003e-01
3.314933e-02	1.410964e-01	3.878630e-01	3.175321e-01
3.812173e-02	1.513251e-01	3.783414e-01	3.405150e-01
4.383999e-02	1.622942e-01	3.676559e-01	3.651614e-01
5.041599e-02	1.740573e-01	3.567939e-01	3.915916e-01
5.797838e-02	1.866718e-01	3.446160e-01	4.199351e-01
6.667514e-02	2.001993e-01	3.315484e-01	4.503301e-01
7.667641e-02	2.147060e-01	3.181696e-01	4.829250e-01
8.817787e-02	2.302626e-01	3.037317e-01	5.178790e-01
1.014046e-01	2.469453e-01	2.903502e-01	5.553631e-01
1.166152e-01	2.648354e-01	2.757000e-01	5.955605e-01
1.341075e-01	2.840205e-01	2.608200e-01	6.386674e-01
1.542237e-01	3.045942e-01	2.462009e-01	6.848942e-01
1.773572e-01	3.266570e-01	2.309068e-01	7.344668e-01
2.039608e-01	3.503167e-01	2.168094e-01	7.876276e-01
2.345549e-01	3.756889e-01	2.025063e-01	8.446368e-01
2.697381e-01	4.028976e-01	1.887331e-01	9.057703e-01
3.101989e-01	4.320756e-01	1.758967e-01	9.713368e-01
3.567287e-01	4.633656e-01	1.628109e-01	1.041621e+00
4.102380e-01	4.969223e-01	1.507077e-01	1.117306e+00
4.717737e-01	5.329079e-01	1.393346e-01	1.199263e+00
5.425397e-01	5.714981e-01	1.285397e-01	1.288026e+00
6.239207e-01	6.128816e-01	1.180277e-01	1.384260e+00
7.175088e-01	6.572604e-01	1.092003e-01	1.488696e+00
8.251351e-01	7.048515e-01	1.003699e-01	1.602184e+00
9.489054e-01	7.515373e-01	9.341648e-02	1.725711e+00
1.091241e+00	7.979254e-01	8.556504e-02	1.806788e+00
1.254927e+00	8.669015e-01	7.653588e-02	1.849602e+00
1.443166e+00	9.500012e-01	6.873458e-02	1.890350e+00
1.659641e+00	1.039758e+00	6.071293e-02	1.929305e+00
1.908588e+00	1.138452e+00	5.521379e-02	1.967136e+00
2.194876e+00	1.246875e+00	4.943622e-02	2.004639e+00
2.524107e+00	1.362208e+00	4.473265e-02	2.042917e+00
2.902723e+00	1.489507e+00	4.039251e-02	2.083401e+00
3.338132e+00	1.620565e+00	3.616747e-02	2.127895e+00
3.838852e+00	1.748789e+00	3.270383e-02	2.178615e+00
4.414679e+00	1.876289e+00	2.909950e-02	2.238233e+00
5.076881e+00	2.010711e+00	2.646891e-02	2.309906e+00
5.838413e+00	2.151479e+00	2.372045e-02	2.397299e+00
6.714175e+00	2.274150e+00	2.119189e-02	2.504657e+00
7.721302e+00	2.388263e+00	1.894568e-02	2.636772e+00
8.879497e+00	2.500668e+00	1.677407e-02	2.799024e+00
1.021142e+01	2.588103e+00	1.515840e-02	2.997410e+00
1.174313e+01	2.677753e+00	1.350266e-02	3.238593e+00
1.350460e+01	2.759583e+00	1.202109e-02	3.530031e+00
1.553030e+01	2.828900e+00	1.069614e-02	3.880178e+00
1.785984e+01	2.894585e+00	9.434118e-03	4.298826e+00
2.053882e+01	2.933570e+00	8.413986e-03	4.797603e+00
2.361964e+01	2.967432e+00	7.459086e-03	5.390605e+00
2.716258e+01	2.986258e+00	6.618570e-03	6.095225e+00
3.123697e+01	2.986530e+00	5.910490e-03	6.933145e+00
3.592252e+01	2.976100e+00	5.235719e-03	7.931583e+00
4.131089e+01	2.938619e+00	4.652691e-03	9.124814e+00
4.750753e+01	2.894227e+00	4.146870e-03	1.055609e+01
5.463366e+01	2.841321e+00	3.689193e-03	1.228010e+01
6.282871e+01	2.772176e+00	3.273940e-03	1.436583e+01
7.225301e+01	3.168058e+00	2.912262e-03	1.690117e+01
8.309096e+01	2.962459e+00	2.533743e-03	1.999456e+01
9.555461e+01	2.779371e+00	2.275925e-03	2.379926e+01
1.098878e+02	2.598344e+00	2.011244e-03	2.849202e+01
1.263710e+02	2.420674e+00	1.781142e-03	3.429170e+01
1.453266e+02	2.245297e+00	1.582321e-03	4.149229e+01
1.671256e+02	2.075980e+00	1.373681e-03	5.047341e+01
1.921945e+02	1.914486e+00	1.224491e-03	6.171198e+01
2.210236e+02	1.758747e+00	1.068826e-03	7.582861e+01
2.541772e+02	1.608763e+00	9.487792e-04	9.366994e+01
2.923037e+02	1.467543e+00	8.413491e-04	1.163235e+02
3.361493e+02	1.344688e+00	7.381722e-04	1.450491e+02
3.865717e+02	1.230099e+00	6.570666e-04	1.814313e+02
4.445574e+02	1.121884e+00	5.738066e-04	2.276441e+02
5.112411e+02	1.020211e+00	5.147942e-04	2.865096e+02
5.879272e+02	9.253884e-01	4.541625e-04	3.616815e+02
6.761163e+02	8.376388e-01	3.996839e-04	4.578514e+02
7.775337e+02	7.567073e-01	3.514317e-04	5.810591e+02
8.941638e+02	6.816403e-01	3.067532e-04	7.392103e+02
1.028288e+03	6.132145e-01	2.736035e-04	9.425018e+02
1.182532e+03	5.519834e-01	2.403987e-04	1.203711e+03
1.359911e+03	4.968142e-01	2.112460e-04	1.538872e+03
1.563898e+03	4.467999e-01	1.850961e-04	1.968825e+03
1.798483e+03	4.017970e-01	1.611188e-04	2.520276e+03
2.068255e+03	3.614594e-01	1.416146e-04	3.227166e+03
2.378493e+03	3.252787e-01	1.239532e-04	4.132582e+03
2.735268e+03	2.928954e-01	1.084578e-04	5.291008e+03
3.145558e+03	2.640925e-01	9.563576e-05	6.771156e+03
3.617391e+03	2.385064e-01	8.367175e-05	8.659402e+03
4.160000e+03	2.157469e-01	7.326216e-05	1.106375e+04
4.784000e+03	1.955839e-01	6.458390e-05	1.411867e+04
5.501600e+03	1.777877e-01	5.662791e-05	1.799063e+04
6.326840e+03	1.620688e-01	4.959800e-05	2.288448e+04
7.275866e+03	1.482143e-01	0.000000e+00	2.905051e+04
8.367246e+03	1.360634e-01	0.000000e+00	3.679226e+04
9.622333e+03	1.254155e-01	0.000000e+00	4.647483e+04
