# Energy_MeV	dEdx_Elec_MeV_um	dEdx_Nucl_MeV_um	Range_um
1.000000e-05	2.599737e-03	2.881153e-02	4.903937e-03
1.150000e-05	2.811904e-03	3.160169e-02	5.258886e-03
1.322500e-05	3.039232e-03	3.450402e-02	5.639527e-03
1.520875e-05	3.282835e-03	3.770639e-02	6.047719e-03
1.749006e-05	3.543906e-03	4.109211e-02	6.485456e-03
2.011357e-05	3.823726e-03	4.473667e-02	6.954877e-03
2.313061e-05	4.123662e-03	4.872819e-02	7.458275e-03
2.660020e-05	4.445182e-03	5.290632e-02	7.998109e-03
3.059023e-05	4.789860e-03	5.735060e-02	8.577016e-03
3.517876e-05	5.159380e-03	6.207080e-02	9.197825e-03
4.045558e-05	5.555548e-03	6.730397e-02	9.863569e-03
4.652391e-05	5.980302e-03	7.260935e-02	1.057750e-02
5.350250e-05	6.435718e-03	7.854141e-02	1.134310e-02
6.152788e-05	6.924020e-03	8.443694e-02	1.216412e-02
7.075706e-05	7.447596e-03	9.076671e-02	1.304457e-02
8.137062e-05	8.009003e-03	9.768570e-02	1.398874e-02
9.357621e-05	8.610986e-03	1.045100e-01	1.500125e-02
1.076126e-04	9.256484e-03	1.121472e-01	1.608705e-02
1.237545e-04	9.948653e-03	1.197082e-01	1.725144e-02
1.423177e-04	1.069087e-02	1.277777e-01	1.850011e-02
1.636654e-04	1.148677e-02	1.359343e-01	1.983916e-02
1.882152e-04	1.234024e-02	1.441562e-01	2.127513e-02
2.164475e-04	1.325544e-02	1.528536e-01	2.281503e-02
2.489146e-04	1.423685e-02	1.612921e-01	2.446640e-02
2.862518e-04	1.528926e-02	1.701804e-01	2.623729e-02
3.291895e-04	1.641781e-02	1.784157e-01	2.813636e-02
3.785680e-04	1.762802e-02	1.874672e-01	3.017288e-02
4.353531e-04	1.892581e-02	1.961153e-01	3.235681e-02
5.006561e-04	2.031750e-02	2.045557e-01	3.469881e-02
5.757545e-04	2.180990e-02	2.135307e-01	3.721033e-02
6.621177e-04	2.341030e-02	2.209013e-01	3.990364e-02
7.614354e-04	2.512651e-02	2.292128e-01	4.279188e-02
8.756507e-04	2.696693e-02	2.366467e-01	4.588918e-02
1.006998e-03	2.894055e-02	2.437068e-01	4.921067e-02
1.158048e-03	3.105700e-02	2.510911e-01	5.277256e-02
1.331755e-03	3.332662e-02	2.571433e-01	5.659226e-02
1.531519e-03	3.576051e-02	2.631666e-01	6.068844e-02
1.761246e-03	3.837055e-02	2.683125e-01	6.508110e-02
2.025433e-03	4.116950e-02	2.730341e-01	6.979171e-02
2.329248e-03	4.417102e-02	2.774814e-01	7.480579e-02
2.678635e-03	4.738978e-02	2.810796e-01	8.025374e-02
3.080431e-03	5.084152e-02	2.841996e-01	8.607182e-02
3.542495e-03	5.454308e-02	2.866827e-01	9.230180e-02
4.073870e-03	5.851255e-02	2.890220e-01	9.898227e-02
4.684950e-03	6.276933e-02	2.903369e-01	1.061466e-01
5.387693e-03	6.733421e-02	2.916193e-01	1.138293e-01
6.195847e-03	7.222949e-02	2.918048e-01	1.220682e-01
7.125224e-03	7.747908e-02	2.915051e-01	1.309034e-01
8.194007e-03	8.310864e-02	2.907509e-01	1.403782e-01
9.423108e-03	8.914567e-02	2.890219e-01	1.505387e-01
1.083657e-02	9.561965e-02	2.869305e-01	1.614345e-01
1.246206e-02	1.025622e-01	2.839104e-01	1.731191e-01
1.433137e-02	1.100073e-01	2.802161e-01	1.856494e-01
1.648108e-02	1.179912e-01	2.757712e-01	1.990867e-01
1.895324e-02	1.265531e-01	2.706358e-01	2.134965e-01
2.179622e-02	1.357346e-01	2.646906e-01	2.289493e-01
2.506566e-02	1.455807e-01	2.581970e-01	2.455207e-01
2.882550e-02	1.561394e-01	2.509864e-01	2.632915e-01
3.314933e-02	1.674624e-01	2.434886e-01	2.823485e-01
3.812173e-02	1.796050e-01	2.350145e-01	3.027848e-01
4.383999e-02	1.926264e-01	2.262510e-01	3.247004e-01
5.041599e-02	2.065904e-01	2.170993e-01	3.482023e-01
5.797838e-02	2.215650e-01	2.072925e-01	3.734053e-01
6.667514e-02	2.376235e-01	1.981560e-01	4.004323e-01
7.667641e-02	2.548444e-01	1.878555e-01	4.294156e-01
8.817787e-02	2.733117e-01	1.779831e-01	4.604968e-01
1.014046e-01	2.931157e-01	1.680112e-01	4.938277e-01
1.166152e-01	3.143530e-01	1.575065e-01	5.295712e-01
1.341075e-01	3.371276e-01	1.478756e-01	5.679014e-01
1.542237e-01	3.615506e-01	1.380747e-01	6.090064e-01
1.773572e-01	3.877413e-01	1.289247e-01	6.530870e-01
2.039608e-01	4.158278e-01	1.199577e-01	7.003515e-01
2.345549e-01	4.459484e-01	1.110486e-01	7.510882e-01
2.697381e-01	4.782506e-01	1.027906e-01	8.059277e-01
3.101989e-01	5.128908e-01	9.510872e-02	8.653192e-01
3.567287e-01	5.500382e-01	8.776463e-02	9.296806e-01
4.102380e-01	5.898745e-01	8.025025e-02	9.994900e-01
4.717737e-01	6.325942e-01	7.473055e-02	1.075299e+00
5.425397e-01	6.784061e-01	6.878324e-02	1.157746e+00
6.239207e-01	7.199017e-01	6.356511e-02	1.202015e+00
7.175088e-01	7.726033e-01	5.816108e-02	1.237055e+00
8.251351e-01	8.467486e-01	5.194645e-02	1.270847e+00
9.489054e-01	9.274260e-01	4.704295e-02	1.303608e+00
1.091241e+00	1.017544e+00	4.163083e-02	1.335593e+00
1.254927e+00	1.111226e+00	3.766576e-02	1.367243e+00
1.443166e+00	1.214605e+00	3.384429e-02	1.399194e+00
1.659641e+00	1.325262e+00	3.049210e-02	1.432314e+00
1.908588e+00	1.437428e+00	2.755229e-02	1.467734e+00
2.194876e+00	1.557237e+00	2.465443e-02	1.506885e+00
2.524107e+00	1.654719e+00	2.231236e-02	1.551525e+00
2.902723e+00	1.761919e+00	1.996430e-02	1.603771e+00
3.338132e+00	1.877959e+00	1.808374e-02	1.666156e+00
3.838852e+00	1.976723e+00	1.611651e-02	1.741617e+00
4.414679e+00	2.074953e+00	1.447550e-02	1.833544e+00
5.076881e+00	2.154763e+00	1.295374e-02	1.945793e+00
5.838413e+00	2.230144e+00	1.145890e-02	2.082713e+00
6.714175e+00	2.297755e+00	1.036476e-02	2.249190e+00
7.721302e+00	2.355415e+00	9.171895e-03	2.450713e+00
8.879497e+00	2.412005e+00	8.212595e-03	2.693509e+00
1.021142e+01	2.451667e+00	7.315362e-03	2.984772e+00
1.174313e+01	2.482153e+00	6.436270e-03	3.332984e+00
1.350460e+01	2.503286e+00	5.742501e-03	3.748373e+00
1.553030e+01	2.507058e+00	5.084797e-03	4.243499e+00
1.785984e+01	2.503769e+00	4.533883e-03	4.833993e+00
2.053882e+01	2.483551e+00	4.032818e-03	5.539477e+00
2.361964e+01	2.450330e+00	3.572137e-03	6.384699e+00
2.716258e+01	2.404878e+00	3.175706e-03	7.400964e+00
3.123697e+01	2.351411e+00	2.833038e-03	8.627938e+00
3.592252e+01	2.288711e+00	2.522783e-03	1.011591e+01
4.131089e+01	2.213759e+00	2.221364e-03	1.192910e+01
4.750753e+01	2.417781e+00	1.991015e-03	1.414710e+01
5.463366e+01	2.257136e+00	1.734169e-03	1.687670e+01
6.282871e+01	2.105039e+00	1.555858e-03	2.025820e+01
7.225301e+01	1.955794e+00	1.376736e-03	2.444909e+01
8.309096e+01	1.810582e+00	1.208265e-03	2.966426e+01
9.555461e+01	1.669592e+00	1.081931e-03	3.618298e+01
1.098878e+02	1.535291e+00	9.387865e-04	4.436162e+01
1.263710e+02	1.408005e+00	8.356101e-04	5.465301e+01
1.453266e+02	1.284637e+00	7.331125e-04	6.766500e+01
1.671256e+02	1.168586e+00	6.468736e-04	8.421389e+01
1.921945e+02	1.063908e+00	5.740192e-04	1.052886e+02
2.210236e+02	9.705955e-01	5.026173e-04	1.320515e+02
2.541772e+02	8.831470e-01	4.484251e-04	1.660782e+02
2.923037e+02	8.013908e-01	3.940330e-04	2.094564e+02
3.361493e+02	7.254437e-01	3.519142e-04	2.648843e+02
3.865717e+02	6.553178e-01	3.083145e-04	3.358417e+02
4.445574e+02	5.910609e-01	2.731480e-04	4.267876e+02
5.112411e+02	5.318033e-01	2.405035e-04	5.435088e+02
5.879272e+02	4.776976e-01	2.096265e-04	6.935586e+02
6.761163e+02	4.289369e-01	1.872011e-04	8.865122e+02
7.775337e+02	3.857311e-01	1.631713e-04	1.134295e+03
8.941638e+02	3.466234e-01	1.443789e-04	1.452157e+03
1.028288e+03	3.113958e-01	1.266888e-04	1.859902e+03
1.182532e+03	2.798503e-01	1.099282e-04	2.382667e+03
1.359911e+03	2.516293e-01	9.667173e-05	3.052435e+03
1.563898e+03	2.263951e-01	8.450241e-05	3.909715e+03
1.798483e+03	2.039190e-01	7.436822e-05	5.005658e+03
2.068255e+03	1.839644e-01	6.525904e-05	6.404701e+03
2.378493e+03	1.662390e-01	5.709525e-05	8.187630e+03
2.735268e+03	1.505131e-01	5.002285e-05	1.045525e+04
3.145558e+03	1.366186e-01	0.000000e+00	1.333270e+04
3.617391e+03	1.243546e-01	0.000000e+00	1.697448e+04
4.160000e+03	1.135327e-01	0.000000e+00	2.156996e+04
4.784000e+03	1.040203e-01	0.000000e+00	2.734971e+04
5.501600e+03	9.568417e-02	0.000000e+00	3.459212e+04
6.326840e+03	8.837911e-02	0.000000e+00	4.363046e+04
7.275866e+03	8.200027e-02	0.000000e+00	5.486004e+04
8.367246e+03	7.646807e-02	0.000000e+00	6.874519e+04
9.622333e+03	7.168785e-02	0.000000e+00	8.582577e+04
