# Energy_MeV	dEdx_Elec_MeV_um	dEdx_Nucl_MeV_um	Range_um
1.000000e-05	2.039581e-03	3.072698e-02	6.670657e-03
1.150000e-05	2.200185e-03	3.363536e-02	7.153483e-03
1.322500e-05	2.372340e-03	3.688168e-02	7.671256e-03
1.520875e-05	2.556889e-03	4.027193e-02	8.226505e-03
1.749006e-05	2.754733e-03	4.400291e-02	8.821944e-03
2.011357e-05	2.966840e-03	4.799444e-02	9.460481e-03
2.313061e-05	3.194247e-03	5.221906e-02	1.014524e-02
2.660020e-05	3.438066e-03	5.687928e-02	1.087955e-02
3.059023e-05	3.699487e-03	6.176174e-02	1.166702e-02
3.517876e-05	3.979790e-03	6.696772e-02	1.251149e-02
4.045558e-05	4.280342e-03	7.248950e-02	1.341707e-02
4.652391e-05	4.602614e-03	7.850228e-02	1.438821e-02
5.350250e-05	4.948180e-03	8.480052e-02	1.542963e-02
6.152788e-05	5.318727e-03	9.174433e-02	1.654644e-02
7.075706e-05	5.716068e-03	9.862781e-02	1.774408e-02
8.137062e-05	6.142142e-03	1.060412e-01	1.902841e-02
9.357621e-05	6.599032e-03	1.139563e-01	2.040569e-02
1.076126e-04	7.088969e-03	1.220861e-01	2.188267e-02
1.237545e-04	7.614348e-03	1.310337e-01	2.346655e-02
1.423177e-04	8.177735e-03	1.398060e-01	2.516507e-02
1.636654e-04	8.781882e-03	1.493660e-01	2.698653e-02
1.882152e-04	9.429742e-03	1.587431e-01	2.893983e-02
2.164475e-04	1.012448e-02	1.683765e-01	3.103451e-02
2.489146e-04	1.086949e-02	1.785574e-01	3.328080e-02
2.862518e-04	1.166840e-02	1.884204e-01	3.568968e-02
3.291895e-04	1.252514e-02	1.990732e-01	3.827292e-02
3.785680e-04	1.344387e-02	2.085116e-01	4.104314e-02
4.353531e-04	1.442909e-02	2.188109e-01	4.401386e-02
5.006561e-04	1.548561e-02	2.291928e-01	4.719961e-02
5.757545e-04	1.661859e-02	2.391173e-01	5.061594e-02
6.621177e-04	1.783357e-02	2.495583e-01	5.427955e-02
7.614354e-04	1.913649e-02	2.582363e-01	5.820833e-02
8.756507e-04	2.053370e-02	2.676043e-01	6.242148e-02
1.006998e-03	2.203203e-02	2.765899e-01	6.693958e-02
1.158048e-03	2.363881e-02	2.849111e-01	7.178470e-02
1.331755e-03	2.536188e-02	2.933988e-01	7.698052e-02
1.531519e-03	2.720967e-02	3.005161e-01	8.255241e-02
1.761246e-03	2.919119e-02	3.074895e-01	8.852759e-02
2.025433e-03	3.131613e-02	3.137093e-01	9.493527e-02
2.329248e-03	3.359487e-02	3.190638e-01	1.018067e-01
2.678635e-03	3.603855e-02	3.242487e-01	1.091756e-01
3.080431e-03	3.865909e-02	3.284948e-01	1.170777e-01
3.542495e-03	4.146931e-02	3.321358e-01	1.255151e-01
4.073870e-03	4.448292e-02	3.350838e-01	1.346157e-01
4.684950e-03	4.771467e-02	3.376032e-01	1.443894e-01
5.387693e-03	5.118032e-02	3.393417e-01	1.548384e-01
6.195847e-03	5.489682e-02	3.408931e-01	1.660459e-01
7.125224e-03	5.888232e-02	3.410383e-01	1.780642e-01
8.194007e-03	6.315628e-02	3.407301e-01	1.909524e-01
9.423108e-03	6.773960e-02	3.396973e-01	2.047733e-01
1.083657e-02	7.265466e-02	3.378042e-01	2.195946e-01
1.246206e-02	7.792547e-02	3.354012e-01	2.354887e-01
1.433137e-02	8.357778e-02	3.318036e-01	2.525333e-01
1.648108e-02	8.963921e-02	3.275226e-01	2.708116e-01
1.895324e-02	9.613937e-02	3.222959e-01	2.904128e-01
2.179622e-02	1.031100e-01	3.162931e-01	3.114327e-01
2.506566e-02	1.105852e-01	3.093641e-01	3.339741e-01
2.882550e-02	1.186014e-01	3.017471e-01	3.581471e-01
3.314933e-02	1.271979e-01	2.932160e-01	3.840698e-01
3.812173e-02	1.364165e-01	2.845129e-01	4.118686e-01
4.383999e-02	1.463024e-01	2.747580e-01	4.416795e-01
5.041599e-02	1.569039e-01	2.643429e-01	4.736483e-01
5.797838e-02	1.682727e-01	2.536203e-01	5.079311e-01
6.667514e-02	1.804644e-01	2.421432e-01	5.446951e-01
7.667641e-02	1.935385e-01	2.314199e-01	5.841200e-01
8.817787e-02	2.075589e-01	2.196955e-01	6.263987e-01
1.014046e-01	2.225942e-01	2.078647e-01	6.717376e-01
1.166152e-01	2.387177e-01	1.961505e-01	7.203582e-01
1.341075e-01	2.560082e-01	1.839945e-01	7.724977e-01
1.542237e-01	2.745502e-01	1.726971e-01	8.284111e-01
1.773572e-01	2.944343e-01	1.613169e-01	8.883717e-01
2.039608e-01	3.157576e-01	1.503514e-01	9.526724e-01
2.345549e-01	3.386243e-01	1.400797e-01	1.021628e+00
2.697381e-01	3.631462e-01	1.296869e-01	1.095571e+00
3.101989e-01	3.894429e-01	1.199885e-01	1.174874e+00
3.567287e-01	4.176432e-01	1.109845e-01	1.259904e+00
4.102380e-01	4.478859e-01	1.023364e-01	1.351600e+00
4.717737e-01	4.803176e-01	9.392831e-02	1.450914e+00
5.425397e-01	5.150967e-01	8.699160e-02	1.558493e+00
6.239207e-01	5.523932e-01	7.992290e-02	1.675146e+00
7.175088e-01	5.923892e-01	7.437755e-02	1.801772e+00
8.251351e-01	6.352803e-01	6.808176e-02	1.939411e+00
9.489054e-01	6.765281e-01	6.084159e-02	2.015107e+00
1.091241e+00	7.201918e-01	5.470409e-02	2.079802e+00
1.254927e+00	7.880475e-01	4.830663e-02	2.142729e+00
1.443166e+00	8.642356e-01	4.394403e-02	2.204013e+00
1.659641e+00	9.466755e-01	3.934642e-02	2.264005e+00
1.908588e+00	1.034480e+00	3.558750e-02	2.323326e+00
2.194876e+00	1.131514e+00	3.214839e-02	2.382932e+00
2.524107e+00	1.230115e+00	2.876989e-02	2.444164e+00
2.902723e+00	1.335223e+00	2.602369e-02	2.508818e+00
3.338132e+00	1.441913e+00	2.316498e-02	2.579206e+00
3.838852e+00	1.534129e+00	2.106457e-02	2.658185e+00
4.414679e+00	1.627628e+00	1.886866e-02	2.749308e+00
5.076881e+00	1.724932e+00	1.686822e-02	2.856802e+00
5.838413e+00	1.819054e+00	1.506931e-02	2.985651e+00
6.714175e+00	1.903366e+00	1.335526e-02	3.141653e+00
7.721302e+00	1.974085e+00	1.206138e-02	3.331450e+00
8.879497e+00	2.043818e+00	1.073916e-02	3.562619e+00
1.021142e+01	2.097059e+00	9.567544e-03	3.843696e+00
1.174313e+01	2.147857e+00	8.506478e-03	4.184312e+00
1.350460e+01	2.195167e+00	7.508160e-03	4.595413e+00
1.553030e+01	2.226850e+00	6.690928e-03	5.089603e+00
1.785984e+01	2.254285e+00	5.934099e-03	5.681690e+00
2.053882e+01	2.265901e+00	5.266530e-03	6.389450e+00
2.361964e+01	2.268744e+00	4.700659e-03	7.234638e+00
2.716258e+01	2.263137e+00	4.166514e-03	8.244265e+00
3.123697e+01	2.241008e+00	3.699455e-03	9.452206e+00
3.592252e+01	2.210708e+00	3.300462e-03	1.090121e+01
4.131089e+01	2.166225e+00	2.933908e-03	1.264540e+01
4.750753e+01	2.114766e+00	2.602068e-03	1.475345e+01
5.463366e+01	2.055384e+00	2.316755e-03	1.731270e+01
6.282871e+01	1.985893e+00	2.014619e-03	2.043412e+01
7.225301e+01	2.160855e+00	1.811200e-03	2.425857e+01
8.309096e+01	2.010660e+00	1.599245e-03	2.896505e+01
9.555461e+01	1.872144e+00	1.415447e-03	3.480246e+01
1.098878e+02	1.737539e+00	1.258665e-03	4.205319e+01
1.263710e+02	1.607040e+00	1.092132e-03	5.108488e+01
1.453266e+02	1.480231e+00	9.739637e-04	6.238326e+01
1.671256e+02	1.359220e+00	8.502676e-04	7.657508e+01
1.921945e+02	1.244966e+00	7.542999e-04	9.445115e+01
2.210236e+02	1.135539e+00	6.692963e-04	1.170529e+02
2.541772e+02	1.031631e+00	5.868169e-04	1.457974e+02
2.923037e+02	9.354972e-01	5.225932e-04	1.824700e+02
3.361493e+02	8.525049e-01	4.567697e-04	2.291441e+02
3.865717e+02	7.749466e-01	4.095079e-04	2.885088e+02
4.445574e+02	7.026209e-01	3.610801e-04	3.642035e+02
5.112411e+02	6.354956e-01	3.180269e-04	4.609330e+02
5.879272e+02	5.735633e-01	2.793878e-04	5.847792e+02
6.761163e+02	5.168999e-01	2.441632e-04	7.435349e+02
7.775337e+02	4.649982e-01	2.176179e-04	9.472465e+02
8.941638e+02	4.174186e-01	1.911088e-04	1.209060e+03
1.028288e+03	3.744356e-01	1.680750e-04	1.545810e+03
1.182532e+03	3.364332e-01	1.471350e-04	1.978506e+03
1.359911e+03	3.022438e-01	1.281835e-04	2.533663e+03
1.563898e+03	2.714189e-01	1.125593e-04	3.245798e+03
1.798483e+03	2.437976e-01	9.857351e-05	4.158922e+03
2.068255e+03	2.191081e-01	8.627000e-05	5.329022e+03
2.378493e+03	1.970511e-01	7.602553e-05	6.827112e+03
2.735268e+03	1.773892e-01	6.656265e-05	8.742957e+03
3.145558e+03	1.599231e-01	5.822414e-05	1.118974e+04
3.617391e+03	1.444186e-01	5.138556e-05	1.430964e+04
4.160000e+03	1.306569e-01	4.501395e-05	1.828032e+04
4.784000e+03	1.184842e-01	0.000000e+00	2.332277e+04
5.501600e+03	1.077408e-01	0.000000e+00	2.971030e+04
6.326840e+03	9.825857e-02	0.000000e+00	3.777877e+04
7.275866e+03	8.991169e-02	0.000000e+00	4.793805e+04
8.367246e+03	8.259183e-02	0.000000e+00	6.068439e+04
9.622333e+03	7.617771e-02	0.000000e+00	7.661368e+04
