# Energy_MeV	dEdx_Elec_MeV_um	dEdx_Nucl_MeV_um	Range_um
1.000000e-05	2.422162e-03	3.273353e-02	4.653055e-03
1.150000e-05	2.621365e-03	3.589278e-02	4.989845e-03
1.322500e-05	2.834779e-03	3.938358e-02	5.351013e-03
1.520875e-05	3.063450e-03	4.321330e-02	5.738322e-03
1.749006e-05	3.308499e-03	4.732188e-02	6.153665e-03
2.011357e-05	3.571127e-03	5.192330e-02	6.599070e-03
2.313061e-05	3.852621e-03	5.672374e-02	7.076715e-03
2.660020e-05	4.154357e-03	6.207683e-02	7.588931e-03
3.059023e-05	4.477811e-03	6.767850e-02	8.138222e-03
3.517876e-05	4.824566e-03	7.370390e-02	8.727271e-03
4.045558e-05	5.196317e-03	8.031989e-02	9.358955e-03
4.652391e-05	5.594882e-03	8.721836e-02	1.003636e-02
5.350250e-05	6.022208e-03	9.488459e-02	1.076280e-02
6.152788e-05	6.480384e-03	1.025179e-01	1.154182e-02
7.075706e-05	6.971650e-03	1.110577e-01	1.237722e-02
8.137062e-05	7.498405e-03	1.202283e-01	1.327309e-02
9.357621e-05	8.063224e-03	1.297819e-01	1.423380e-02
1.076126e-04	8.668867e-03	1.402426e-01	1.526405e-02
1.237545e-04	9.318292e-03	1.504425e-01	1.636887e-02
1.423177e-04	1.001467e-02	1.617910e-01	1.755366e-02
1.636654e-04	1.076141e-02	1.737411e-01	1.882420e-02
1.882152e-04	1.156216e-02	1.860520e-01	2.018671e-02
2.164475e-04	1.242082e-02	1.993628e-01	2.164783e-02
2.489146e-04	1.334160e-02	2.125545e-01	2.321471e-02
2.862518e-04	1.432899e-02	2.265095e-01	2.489501e-02
3.291895e-04	1.538782e-02	2.407504e-01	2.669692e-02
3.785680e-04	1.652326e-02	2.549570e-01	2.862926e-02
4.353531e-04	1.774085e-02	2.700116e-01	3.070146e-02
5.006561e-04	1.904654e-02	2.848473e-01	3.292365e-02
5.757545e-04	2.044672e-02	2.995549e-01	3.530668e-02
6.621177e-04	2.194823e-02	3.143110e-01	3.786219e-02
7.614354e-04	2.355839e-02	3.294478e-01	4.060268e-02
8.756507e-04	2.528508e-02	3.440739e-01	4.354152e-02
1.006998e-03	2.713673e-02	3.597800e-01	4.669308e-02
1.158048e-03	2.912238e-02	3.730350e-01	5.007275e-02
1.331755e-03	3.125175e-02	3.867692e-01	5.369704e-02
1.531519e-03	3.353522e-02	4.001266e-01	5.758366e-02
1.761246e-03	3.598396e-02	4.124593e-01	6.175160e-02
2.025433e-03	3.860993e-02	4.256296e-01	6.622121e-02
2.329248e-03	4.142595e-02	4.362233e-01	7.101434e-02
2.678635e-03	4.444579e-02	4.473335e-01	7.615439e-02
3.080431e-03	4.768420e-02	4.564706e-01	8.166649e-02
3.542495e-03	5.115700e-02	4.648572e-01	8.754959e-02
4.073870e-03	5.488115e-02	4.729732e-01	9.389985e-02
4.684950e-03	5.887485e-02	4.793477e-01	1.007174e-01
5.387693e-03	6.315760e-02	4.858329e-01	1.080061e-01
6.195847e-03	6.775034e-02	4.899478e-01	1.158238e-01
7.125224e-03	7.267550e-02	4.940632e-01	1.242071e-01
8.194007e-03	7.795713e-02	4.973353e-01	1.331970e-01
9.423108e-03	8.362105e-02	4.994730e-01	1.428377e-01
1.083657e-02	8.969492e-02	5.009744e-01	1.531762e-01
1.246206e-02	9.620842e-02	5.005531e-01	1.642630e-01
1.433137e-02	1.031934e-01	4.996133e-01	1.761523e-01
1.648108e-02	1.106839e-01	4.975208e-01	1.889021e-01
1.895324e-02	1.187165e-01	4.942175e-01	2.025747e-01
2.179622e-02	1.273306e-01	4.898645e-01	2.172369e-01
2.506566e-02	1.365682e-01	4.839847e-01	2.329605e-01
2.882550e-02	1.464744e-01	4.769923e-01	2.498222e-01
3.314933e-02	1.570976e-01	4.687166e-01	2.679043e-01
3.812173e-02	1.684897e-01	4.591971e-01	2.872951e-01
4.383999e-02	1.807063e-01	4.484223e-01	3.080894e-01
5.041599e-02	1.938073e-01	4.365440e-01	3.303890e-01
5.797838e-02	2.078564e-01	4.239494e-01	3.543026e-01
6.667514e-02	2.229225e-01	4.102068e-01	3.799470e-01
7.667641e-02	2.390790e-01	3.953193e-01	4.074475e-01
8.817787e-02	2.564050e-01	3.800304e-01	4.369386e-01
1.014046e-01	2.749850e-01	3.630639e-01	4.685643e-01
1.166152e-01	2.949098e-01	3.474280e-01	5.024792e-01
1.341075e-01	3.162768e-01	3.304591e-01	5.388486e-01
1.542237e-01	3.391904e-01	3.131736e-01	5.778504e-01
1.773572e-01	3.637624e-01	2.963397e-01	6.196754e-01
2.039608e-01	3.901130e-01	2.778854e-01	6.645278e-01
2.345549e-01	4.183709e-01	2.616091e-01	7.126269e-01
2.697381e-01	4.486741e-01	2.440332e-01	7.642053e-01
3.101989e-01	4.811706e-01	2.281678e-01	8.195223e-01
3.567287e-01	5.160197e-01	2.128453e-01	8.788355e-01
4.102380e-01	5.533934e-01	1.970426e-01	9.428063e-01
4.717737e-01	5.934722e-01	1.830742e-01	1.012092e+00
5.425397e-01	6.364519e-01	1.683036e-01	1.087146e+00
6.239207e-01	6.825425e-01	1.564018e-01	1.168530e+00
7.175088e-01	7.319693e-01	1.437588e-01	1.256874e+00
8.251351e-01	7.849737e-01	1.320858e-01	1.352904e+00
9.489054e-01	8.344899e-01	1.223535e-01	1.457469e+00
1.091241e+00	8.861264e-01	1.131116e-01	1.571578e+00
1.254927e+00	9.662916e-01	1.044515e-01	1.623537e+00
1.443166e+00	1.056519e+00	9.449232e-02	1.648067e+00
1.659641e+00	1.155701e+00	8.427932e-02	1.670878e+00
1.908588e+00	1.263707e+00	7.543784e-02	1.692580e+00
2.194876e+00	1.384602e+00	6.742395e-02	1.713892e+00
2.524107e+00	1.513682e+00	6.096282e-02	1.735960e+00
2.902723e+00	1.656143e+00	5.489770e-02	1.760036e+00
3.338132e+00	1.810335e+00	4.939268e-02	1.787680e+00
3.838852e+00	1.960228e+00	4.461939e-02	1.820762e+00
4.414679e+00	2.121504e+00	4.004903e-02	1.861485e+00
5.076881e+00	2.293918e+00	3.595316e-02	1.912404e+00
5.838413e+00	2.467834e+00	3.241724e-02	1.976449e+00
6.714175e+00	2.636929e+00	2.909771e-02	2.056915e+00
7.721302e+00	2.786004e+00	2.606130e-02	2.157500e+00
8.879497e+00	2.937434e+00	2.340181e-02	2.282299e+00
1.021142e+01	3.064095e+00	2.058343e-02	2.435798e+00
1.174313e+01	3.190268e+00	1.862720e-02	2.622934e+00
1.350460e+01	3.315806e+00	1.657902e-02	2.849167e+00
1.553030e+01	3.417641e+00	1.479134e-02	3.120668e+00
1.785984e+01	3.517641e+00	1.324227e-02	3.444561e+00
2.053882e+01	3.594070e+00	1.159809e-02	3.829301e+00
2.361964e+01	3.658088e+00	1.040443e-02	4.285145e+00
2.716258e+01	3.712758e+00	9.155818e-03	4.824748e+00
3.123697e+01	3.734474e+00	8.169911e-03	5.463870e+00
3.592252e+01	3.743802e+00	7.294438e-03	6.222250e+00
4.131089e+01	3.720887e+00	6.438746e-03	7.124674e+00
4.750753e+01	3.690260e+00	5.763430e-03	8.202289e+00
5.463366e+01	3.652373e+00	5.072268e-03	9.494322e+00
6.282871e+01	3.584434e+00	4.567729e-03	1.105014e+01
7.225301e+01	4.119269e+00	4.052035e-03	1.293167e+01
8.309096e+01	3.879405e+00	3.589089e-03	1.521706e+01
9.555461e+01	3.658948e+00	3.170773e-03	1.801562e+01
1.098878e+02	3.437638e+00	2.790108e-03	2.144690e+01
1.263710e+02	3.218075e+00	2.498344e-03	2.566696e+01
1.453266e+02	2.999756e+00	2.207717e-03	3.088170e+01
1.671256e+02	2.787541e+00	1.952543e-03	3.735519e+01
1.921945e+02	2.583400e+00	1.719368e-03	4.541790e+01
2.210236e+02	2.384222e+00	1.508920e-03	5.550509e+01
2.541772e+02	2.192252e+00	1.333164e-03	6.821040e+01
2.923037e+02	2.011700e+00	1.175707e-03	8.427428e+01
3.361493e+02	1.854446e+00	1.035855e-03	1.045446e+02
3.865717e+02	1.704773e+00	9.189484e-04	1.301283e+02
4.445574e+02	1.562126e+00	8.106274e-04	1.625312e+02
5.112411e+02	1.426996e+00	7.140921e-04	2.037015e+02
5.879272e+02	1.299848e+00	6.347972e-04	2.561612e+02
6.761163e+02	1.181260e+00	5.599852e-04	3.231459e+02
7.775337e+02	1.070728e+00	4.940042e-04	4.088374e+02
8.941638e+02	9.677701e-01	4.376063e-04	5.187217e+02
1.028288e+03	8.731849e-01	3.779630e-04	6.598323e+02
1.182532e+03	7.882782e-01	3.383420e-04	8.409570e+02
1.359911e+03	7.108619e-01	2.966911e-04	1.073210e+03
1.563898e+03	6.404503e-01	2.609772e-04	1.371085e+03
1.798483e+03	5.769598e-01	2.308760e-04	1.753065e+03
2.068255e+03	5.198303e-01	1.989264e-04	2.242674e+03
2.378493e+03	4.683183e-01	1.763585e-04	2.869748e+03
2.735268e+03	4.220934e-01	1.529876e-04	3.671986e+03
3.145558e+03	3.809690e-01	1.346062e-04	4.696907e+03
3.617391e+03	3.443589e-01	1.187928e-04	6.004173e+03
4.160000e+03	3.117216e-01	1.033273e-04	7.668299e+03
4.784000e+03	2.828131e-01	9.140692e-05	9.781944e+03
5.501600e+03	2.572917e-01	7.937992e-05	1.245966e+04
6.326840e+03	2.347250e-01	7.060953e-05	1.584220e+04
7.275866e+03	2.148455e-01	6.181574e-05	2.010127e+04
8.367246e+03	1.974304e-01	5.404147e-05	2.544479e+04
9.622333e+03	1.821597e-01	4.697139e-05	3.212235e+04
