# Energy_MeV	dEdx_Elec_MeV_um	dEdx_Nucl_MeV_um	Range_um
1.000000e-05	2.094606e-03	2.891287e-02	7.139945e-03
1.150000e-05	2.258527e-03	3.162995e-02	7.656738e-03
1.322500e-05	2.434248e-03	3.449826e-02	8.210937e-03
1.520875e-05	2.622629e-03	3.757974e-02	8.805249e-03
1.749006e-05	2.824590e-03	4.093630e-02	9.442577e-03
2.011357e-05	3.041120e-03	4.447199e-02	1.012604e-02
2.313061e-05	3.273275e-03	4.836321e-02	1.085896e-02
2.660020e-05	3.522192e-03	5.227522e-02	1.164494e-02
3.059023e-05	3.789085e-03	5.666937e-02	1.248781e-02
3.517876e-05	4.075261e-03	6.133156e-02	1.339168e-02
4.045558e-05	4.382116e-03	6.617304e-02	1.436098e-02
4.652391e-05	4.711151e-03	7.157206e-02	1.540043e-02
5.350250e-05	5.063972e-03	7.673950e-02	1.651513e-02
6.152788e-05	5.442304e-03	8.260074e-02	1.771050e-02
7.075706e-05	5.847996e-03	8.867579e-02	1.899240e-02
8.137062e-05	6.283029e-03	9.491160e-02	2.036708e-02
9.357621e-05	6.749528e-03	1.018004e-01	2.184125e-02
1.076126e-04	7.249774e-03	1.084865e-01	2.342214e-02
1.237545e-04	7.786209e-03	1.156788e-01	2.511744e-02
1.423177e-04	8.361454e-03	1.229013e-01	2.693546e-02
1.636654e-04	8.978321e-03	1.302006e-01	2.888506e-02
1.882152e-04	9.639822e-03	1.379723e-01	3.097578e-02
2.164475e-04	1.034919e-02	1.454870e-01	3.321782e-02
2.489146e-04	1.110989e-02	1.531006e-01	3.562214e-02
2.862518e-04	1.192563e-02	1.605663e-01	3.820049e-02
3.291895e-04	1.280042e-02	1.684606e-01	4.096546e-02
3.785680e-04	1.373850e-02	1.758805e-01	4.393057e-02
4.353531e-04	1.474448e-02	1.838200e-01	4.711028e-02
5.006561e-04	1.582326e-02	1.908051e-01	5.052015e-02
5.757545e-04	1.698012e-02	1.977427e-01	5.417683e-02
6.621177e-04	1.822070e-02	2.047885e-01	5.809817e-02
7.614354e-04	1.955107e-02	2.110410e-01	6.230335e-02
8.756507e-04	2.097772e-02	2.176898e-01	6.681290e-02
1.006998e-03	2.250764e-02	2.233383e-01	7.164885e-02
1.158048e-03	2.414828e-02	2.289596e-01	7.683483e-02
1.331755e-03	2.590766e-02	2.337705e-01	8.239618e-02
1.531519e-03	2.779439e-02	2.381524e-01	8.836006e-02
1.761246e-03	2.981767e-02	2.422689e-01	9.475561e-02
2.025433e-03	3.198740e-02	2.456291e-01	1.016141e-01
2.329248e-03	3.431417e-02	2.489053e-01	1.089689e-01
2.678635e-03	3.680935e-02	2.511288e-01	1.168562e-01
3.080431e-03	3.948512e-02	2.533539e-01	1.252910e-01
3.542495e-03	4.235457e-02	2.550198e-01	1.343888e-01
4.073870e-03	4.543171e-02	2.560836e-01	1.441137e-01
4.684950e-03	4.873157e-02	2.569899e-01	1.545461e-01
5.387693e-03	5.227027e-02	2.567598e-01	1.657315e-01
6.195847e-03	5.606510e-02	2.563823e-01	1.777271e-01
7.125224e-03	6.013460e-02	2.553205e-01	1.905908e-01
8.194007e-03	6.449866e-02	2.536290e-01	2.043857e-01
9.423108e-03	6.917858e-02	2.515000e-01	2.191790e-01
1.083657e-02	7.419724e-02	2.485071e-01	2.350429e-01
1.246206e-02	7.957914e-02	2.449870e-01	2.520552e-01
1.433137e-02	8.535059e-02	2.407807e-01	2.702989e-01
1.648108e-02	9.153979e-02	2.359529e-01	2.898631e-01
1.895324e-02	9.817695e-02	2.304704e-01	3.108432e-01
2.179622e-02	1.052945e-01	2.244417e-01	3.333419e-01
2.506566e-02	1.129273e-01	2.180036e-01	3.574691e-01
2.882550e-02	1.211125e-01	2.110361e-01	3.833427e-01
3.314933e-02	1.298901e-01	2.033752e-01	4.110891e-01
3.812173e-02	1.393031e-01	1.956158e-01	4.408436e-01
4.383999e-02	1.493974e-01	1.870222e-01	4.727517e-01
5.041599e-02	1.602223e-01	1.789144e-01	5.069696e-01
5.797838e-02	1.718307e-01	1.703278e-01	5.436642e-01
6.667514e-02	1.842794e-01	1.613198e-01	5.830147e-01
7.667641e-02	1.976291e-01	1.527822e-01	6.252132e-01
8.817787e-02	2.119450e-01	1.434065e-01	6.704661e-01
1.014046e-01	2.272972e-01	1.349135e-01	7.189946e-01
1.166152e-01	2.437605e-01	1.260116e-01	7.710358e-01
1.341075e-01	2.614155e-01	1.177558e-01	8.268434e-01
1.542237e-01	2.803484e-01	1.098235e-01	8.866904e-01
1.773572e-01	3.006516e-01	1.017546e-01	9.508692e-01
2.039608e-01	3.224244e-01	9.453984e-02	1.019693e+00
2.345549e-01	3.457731e-01	8.704816e-02	1.093504e+00
2.697381e-01	3.708117e-01	8.082939e-02	1.172628e+00
3.101989e-01	3.976638e-01	7.418112e-02	1.257699e+00
3.567287e-01	4.264598e-01	6.824431e-02	1.349769e+00
4.102380e-01	4.573400e-01	6.335381e-02	1.449474e+00
4.717737e-01	4.904554e-01	5.831607e-02	1.557553e+00
5.425397e-01	5.259677e-01	5.391576e-02	1.674813e+00
6.239207e-01	5.640495e-01	4.885542e-02	1.790092e+00
7.175088e-01	6.032245e-01	4.366309e-02	1.861391e+00
8.251351e-01	6.406220e-01	3.921624e-02	1.931779e+00
9.489054e-01	6.924567e-01	3.485617e-02	2.001090e+00
1.091241e+00	7.592076e-01	3.159126e-02	2.069304e+00
1.254927e+00	8.285233e-01	2.839986e-02	2.136600e+00
1.443166e+00	9.045401e-01	2.561567e-02	2.203407e+00
1.659641e+00	9.834149e-01	2.311847e-02	2.270468e+00
1.908588e+00	1.064915e+00	2.071666e-02	2.338902e+00
2.194876e+00	1.152802e+00	1.864753e-02	2.410261e+00
2.524107e+00	1.231077e+00	1.677908e-02	2.486611e+00
2.902723e+00	1.308812e+00	1.510472e-02	2.570634e+00
3.338132e+00	1.372923e+00	1.348373e-02	2.665647e+00
3.838852e+00	1.440812e+00	1.213679e-02	2.775710e+00
4.414679e+00	1.514843e+00	1.070158e-02	2.905693e+00
5.076881e+00	1.568949e+00	9.650971e-03	3.061344e+00
5.838413e+00	1.621892e+00	8.618876e-03	3.249368e+00
6.714175e+00	1.667346e+00	7.655856e-03	3.477485e+00
7.721302e+00	1.702848e+00	6.871660e-03	3.754526e+00
8.879497e+00	1.736096e+00	6.025292e-03	4.090570e+00
1.021142e+01	1.760212e+00	5.393191e-03	4.497136e+00
1.174313e+01	1.779759e+00	4.759478e-03	4.987546e+00
1.350460e+01	1.791515e+00	4.238212e-03	5.577446e+00
1.553030e+01	1.791689e+00	3.779282e-03	6.285586e+00
1.785984e+01	1.786553e+00	3.337348e-03	7.134853e+00
2.053882e+01	1.770017e+00	2.988634e-03	8.153638e+00
2.361964e+01	1.746085e+00	2.634845e-03	9.377562e+00
2.716258e+01	1.713456e+00	2.370239e-03	1.085166e+01
3.123697e+01	1.671770e+00	2.095772e-03	1.263312e+01
3.592252e+01	1.623283e+00	1.860441e-03	1.479478e+01
4.131089e+01	1.568215e+00	1.649708e-03	1.742963e+01
4.750753e+01	1.506931e+00	1.444744e-03	2.065617e+01
5.463366e+01	1.438138e+00	1.297773e-03	2.462704e+01
6.282871e+01	1.490173e+00	1.142107e-03	2.953154e+01
7.225301e+01	1.380884e+00	1.012431e-03	3.563218e+01
8.309096e+01	1.277052e+00	8.949769e-04	4.325394e+01
9.555461e+01	1.176983e+00	7.815701e-04	5.278400e+01
1.098878e+02	1.080459e+00	6.928314e-04	6.474723e+01
1.263710e+02	9.885204e-01	6.094032e-04	7.982457e+01
1.453266e+02	9.021966e-01	5.387391e-04	9.888006e+01
1.671256e+02	8.209531e-01	4.772086e-04	1.230266e+02
1.921945e+02	7.431809e-01	4.199863e-04	1.537707e+02
2.210236e+02	6.712283e-01	3.712499e-04	1.930939e+02
2.541772e+02	6.082244e-01	3.290872e-04	2.433481e+02
2.923037e+02	5.513076e-01	2.913759e-04	3.073913e+02
3.361493e+02	4.985875e-01	2.559353e-04	3.891271e+02
3.865717e+02	4.499184e-01	2.273931e-04	4.936463e+02
4.445574e+02	4.052581e-01	1.965858e-04	6.275243e+02
5.112411e+02	3.645170e-01	1.755613e-04	7.992057e+02
5.879272e+02	3.275588e-01	1.543974e-04	1.019515e+03
6.761163e+02	2.936553e-01	1.352437e-04	1.302549e+03
7.775337e+02	2.630816e-01	1.200163e-04	1.666578e+03
8.941638e+02	2.358923e-01	1.033213e-04	2.134591e+03
1.028288e+03	2.117746e-01	9.155016e-05	2.735266e+03
1.182532e+03	1.900574e-01	7.956479e-05	3.505642e+03
1.359911e+03	1.705940e-01	6.994380e-05	4.493488e+03
1.563898e+03	1.532120e-01	6.162674e-05	5.759445e+03
1.798483e+03	1.377032e-01	5.355848e-05	7.380620e+03
2.068255e+03	1.238832e-01	4.747213e-05	9.454616e+03
2.378493e+03	1.115989e-01	0.000000e+00	1.210463e+04
2.735268e+03	1.006963e-01	0.000000e+00	1.548574e+04
3.145558e+03	9.102060e-02	0.000000e+00	1.979209e+04
3.617391e+03	8.245137e-02	0.000000e+00	2.526569e+04
4.160000e+03	7.488408e-02	0.000000e+00	3.220655e+04
4.784000e+03	6.820496e-02	0.000000e+00	4.098436e+04
5.501600e+03	6.231749e-02	0.000000e+00	5.205150e+04
6.326840e+03	5.714602e-02	0.000000e+00	6.595752e+04
7.275866e+03	5.261398e-02	0.000000e+00	8.336453e+04
8.367246e+03	4.864792e-02	0.000000e+00	1.050633e+05
9.622333e+03	4.519248e-02	0.000000e+00	1.319894e+05
