# Energy_MeV	dEdx_Elec_MeV_um	dEdx_Nucl_MeV_um	Range_um
1.000000e-05	8.430606e-04	6.262638e-03	2.372309e-02
1.150000e-05	9.040818e-04	6.582672e-03	2.544018e-02
1.322500e-05	9.695197e-04	6.929173e-03	2.728155e-02
1.520875e-05	1.039694e-03	7.231245e-03	2.925620e-02
1.749006e-05	1.114948e-03	7.541912e-03	3.137378e-02
2.011357e-05	1.195648e-03	7.821146e-03	3.364463e-02
2.313061e-05	1.282190e-03	8.125372e-03	3.607985e-02
2.660020e-05	1.374995e-03	8.433473e-03	3.869133e-02
3.059023e-05	1.474518e-03	8.694226e-03	4.149183e-02
3.517876e-05	1.581245e-03	8.951345e-03	4.449503e-02
4.045558e-05	1.695696e-03	9.187811e-03	4.771560e-02
4.652391e-05	1.818431e-03	9.428415e-03	5.116928e-02
5.350250e-05	1.950050e-03	9.632831e-03	5.487294e-02
6.152788e-05	2.091196e-03	9.817844e-03	5.884468e-02
7.075706e-05	2.242558e-03	1.000069e-02	6.310388e-02
8.137062e-05	2.404875e-03	1.014546e-02	6.767138e-02
9.357621e-05	2.578942e-03	1.027395e-02	7.256947e-02
1.076126e-04	2.765607e-03	1.037309e-02	7.782208e-02
1.237545e-04	2.965783e-03	1.048041e-02	8.345489e-02
1.423177e-04	3.180448e-03	1.055678e-02	8.949540e-02
1.636654e-04	3.410650e-03	1.060180e-02	9.597312e-02
1.882152e-04	3.657515e-03	1.062757e-02	1.029197e-01
2.164475e-04	3.922248e-03	1.063712e-02	1.103691e-01
2.489146e-04	4.206142e-03	1.062685e-02	1.183577e-01
2.862518e-04	4.510585e-03	1.059187e-02	1.269245e-01
3.291895e-04	4.837063e-03	1.052424e-02	1.361113e-01
3.785680e-04	5.187173e-03	1.043395e-02	1.459631e-01
4.353531e-04	5.562623e-03	1.032399e-02	1.564700e-01
5.006561e-04	5.965249e-03	1.018214e-02	1.678583e-01
5.757545e-04	6.397016e-03	1.001617e-02	1.800104e-01
6.621177e-04	6.860036e-03	9.821430e-03	1.930410e-01
7.614354e-04	7.356569e-03	9.602911e-03	2.070125e-01
8.756507e-04	7.889041e-03	9.357424e-03	2.219960e-01
1.006998e-03	8.460054e-03	9.105593e-03	2.380638e-01
1.158048e-03	9.072397e-03	8.818417e-03	2.552947e-01
1.331755e-03	9.729062e-03	8.496561e-03	2.737729e-01
1.531519e-03	1.043326e-02	8.185356e-03	2.935883e-01
1.761246e-03	1.118842e-02	7.843201e-03	3.148380e-01
2.025433e-03	1.199825e-02	7.520905e-03	3.376258e-01
2.329248e-03	1.286669e-02	7.160473e-03	3.620632e-01
2.678635e-03	1.379798e-02	6.776795e-03	3.882692e-01
3.080431e-03	1.479669e-02	6.426039e-03	4.163720e-01
3.542495e-03	1.586768e-02	6.058572e-03	4.465088e-01
4.073870e-03	1.701619e-02	5.705818e-03	4.788270e-01
4.684950e-03	1.824783e-02	5.338370e-03	5.134846e-01
5.387693e-03	1.956862e-02	4.993663e-03	5.506506e-01
6.195847e-03	2.098501e-02	4.663799e-03	5.905065e-01
7.125224e-03	2.250391e-02	4.320403e-03	6.332473e-01
8.194007e-03	2.413276e-02	4.014109e-03	6.790819e-01
9.423108e-03	2.587950e-02	3.721874e-03	7.282340e-01
1.083657e-02	2.775267e-02	3.455218e-03	7.809436e-01
1.246206e-02	2.976142e-02	3.160134e-03	8.374682e-01
1.433137e-02	3.191557e-02	2.915866e-03	8.980842e-01
1.648108e-02	3.422564e-02	2.721422e-03	9.630880e-01
1.895324e-02	3.670291e-02	2.513008e-03	1.032797e+00
2.179622e-02	3.935948e-02	2.273331e-03	1.107551e+00
2.506566e-02	4.220834e-02	2.052794e-03	1.187715e+00
2.882550e-02	4.526341e-02	1.872423e-03	1.273682e+00
3.314933e-02	4.853960e-02	1.706242e-03	1.365876e+00
3.812173e-02	5.205292e-02	1.535834e-03	1.464715e+00
4.383999e-02	5.551269e-02	1.358654e-03	1.570902e+00
5.041599e-02	5.896738e-02	1.229051e-03	1.685770e+00
5.797838e-02	6.259510e-02	1.108919e-03	1.810165e+00
6.667514e-02	6.638958e-02	9.987409e-04	1.944992e+00
7.667641e-02	7.033839e-02	8.951315e-04	2.091254e+00
8.817787e-02	7.442078e-02	8.009559e-04	2.250118e+00
1.014046e-01	7.860514e-02	7.314355e-04	2.422935e+00
1.166152e-01	8.284582e-02	6.540486e-04	2.611294e+00
1.341075e-01	8.707978e-02	5.793869e-04	2.817090e+00
1.542237e-01	9.122309e-02	5.214579e-04	3.042619e+00
1.773572e-01	9.516820e-02	4.671994e-04	3.290701e+00
2.039608e-01	9.878287e-02	4.219756e-04	3.564851e+00
2.345549e-01	1.019123e-01	3.741992e-04	3.869504e+00
2.697381e-01	1.043861e-01	3.307350e-04	4.210311e+00
3.101989e-01	1.060317e-01	2.958938e-04	4.594546e+00
3.567287e-01	1.066938e-01	2.642202e-04	5.031619e+00
4.102380e-01	1.062582e-01	2.354697e-04	5.533745e+00
4.717737e-01	1.046744e-01	2.077287e-04	6.116793e+00
5.425397e-01	1.019724e-01	1.851432e-04	6.801345e+00
6.239207e-01	9.826436e-02	1.648449e-04	7.614008e+00
7.175088e-01	9.373352e-02	1.454517e-04	8.589006e+00
8.251351e-01	8.860866e-02	1.295924e-04	9.770069e+00
9.489054e-01	8.313299e-02	1.156574e-04	1.121266e+01
1.091241e+00	7.753372e-02	1.037170e-04	1.298659e+01
1.254927e+00	7.199883e-02	9.089187e-05	1.517913e+01
1.443166e+00	6.666466e-02	8.037147e-05	1.789878e+01
1.659641e+00	6.161467e-02	7.176697e-05	2.128005e+01
1.908588e+00	5.688679e-02	6.406294e-05	2.548972e+01
2.194876e+00	5.248567e-02	5.650431e-05	3.073514e+01
2.524107e+00	4.839566e-02	4.975530e-05	3.727524e+01
2.902723e+00	4.459172e-02	4.378576e-05	4.543494e+01
3.338132e+00	4.104716e-02	3.900482e-05	5.562395e+01
3.838852e+00	3.773795e-02	3.459005e-05	6.836099e+01
4.414679e+00	3.464448e-02	0.000000e+00	8.430490e+01
5.076881e+00	3.175165e-02	0.000000e+00	1.042946e+02
5.838413e+00	2.904805e-02	0.000000e+00	1.294005e+02
6.714175e+00	2.652491e-02	0.000000e+00	1.609889e+02
7.721302e+00	2.417504e-02	0.000000e+00	2.008163e+02
8.879497e+00	2.201258e-02	0.000000e+00	2.510855e+02
1.021142e+01	1.992136e-02	0.000000e+00	3.147613e+02
1.174313e+01	1.805807e-02	0.000000e+00	3.956428e+02
1.350460e+01	1.635764e-02	0.000000e+00	4.982537e+02
1.553030e+01	1.478994e-02	0.000000e+00	6.286509e+02
1.785984e+01	1.335026e-02	0.000000e+00	7.946796e+02
2.053882e+01	1.203892e-02	0.000000e+00	1.006329e+03
2.361964e+01	1.084986e-02	0.000000e+00	1.276371e+03
2.716258e+01	9.724904e-03	0.000000e+00	1.621897e+03
3.123697e+01	8.708047e-03	0.000000e+00	2.065533e+03
3.592252e+01	7.826581e-03	0.000000e+00	2.634480e+03
4.131089e+01	7.048871e-03	0.000000e+00	3.361255e+03
4.750753e+01	6.340823e-03	0.000000e+00	4.289818e+03
5.463366e+01	5.697300e-03	0.000000e+00	5.477646e+03
6.282871e+01	5.113780e-03	0.000000e+00	6.998866e+03
7.225301e+01	4.586837e-03	0.000000e+00	8.948740e+03
8.309096e+01	4.112842e-03	0.000000e+00	1.144924e+04
9.555461e+01	3.681534e-03	0.000000e+00	1.465890e+04
1.098878e+02	3.293878e-03	0.000000e+00	1.878389e+04
1.263710e+02	2.949383e-03	0.000000e+00	2.408448e+04
1.453266e+02	2.645605e-03	0.000000e+00	3.088505e+04
1.671256e+02	2.373099e-03	0.000000e+00	3.960299e+04
1.921945e+02	2.129356e-03	0.000000e+00	5.077863e+04
2.210236e+02	1.911672e-03	0.000000e+00	6.509787e+04
2.541772e+02	1.717543e-03	0.000000e+00	8.343349e+04
2.923037e+02	1.544798e-03	0.000000e+00	1.068908e+05
3.361493e+02	1.391230e-03	0.000000e+00	1.368655e+05
3.865717e+02	1.254844e-03	0.000000e+00	1.751149e+05
4.445574e+02	1.133877e-03	0.000000e+00	2.238408e+05
5.112411e+02	1.026752e-03	0.000000e+00	2.857889e+05
5.879272e+02	9.320604e-04	0.000000e+00	3.643652e+05
6.761163e+02	8.484744e-04	0.000000e+00	4.637694e+05
7.775337e+02	7.748071e-04	0.000000e+00	5.891456e+05
8.941638e+02	7.100318e-04	0.000000e+00	7.467476e+05
1.028288e+03	6.532339e-04	0.000000e+00	9.441176e+05
1.182532e+03	6.035926e-04	0.000000e+00	1.190273e+06
1.359911e+03	5.603572e-04	0.000000e+00	1.495894e+06
1.563898e+03	5.228509e-04	0.000000e+00	1.873506e+06
1.798483e+03	4.904708e-04	0.000000e+00	2.337649e+06
2.068255e+03	4.626844e-04	0.000000e+00	2.905030e+06
2.378493e+03	4.390233e-04	0.000000e+00	3.594644e+06
2.735268e+03	4.190692e-04	0.000000e+00	4.427905e+06
3.145558e+03	4.024473e-04	0.000000e+00	5.428615e+06
3.617391e+03	3.882727e-04	0.000000e+00	6.623983e+06
4.160000e+03	3.765294e-04	0.000000e+00	7.613318e+06
4.784000e+03	3.671597e-04	0.000000e+00	7.613318e+06
5.501600e+03	3.599055e-04	0.000000e+00	7.613318e+06
6.326840e+03	3.545285e-04	0.000000e+00	7.613318e+06
7.275866e+03	3.508124e-04	0.000000e+00	7.613318e+06
8.367246e+03	3.485603e-04	0.000000e+00	7.613318e+06
9.622333e+03	3.475888e-04	0.000000e+00	7.613318e+06
