# Energy_MeV	dEdx_Elec_MeV_um	dEdx_Nucl_MeV_um	Range_um
1.000000e-05	2.883988e-03	1.496345e-02	6.896715e-03
1.150000e-05	3.110382e-03	1.619811e-02	7.395903e-03
1.322500e-05	3.353067e-03	1.746492e-02	7.931222e-03
1.520875e-05	3.613229e-03	1.885662e-02	8.505288e-03
1.749006e-05	3.892140e-03	2.025336e-02	9.120906e-03
2.011357e-05	4.191164e-03	2.180625e-02	9.781082e-03
2.313061e-05	4.511763e-03	2.341747e-02	1.048904e-02
2.660020e-05	4.855504e-03	2.504574e-02	1.124824e-02
3.059023e-05	5.224066e-03	2.683832e-02	1.206240e-02
3.517876e-05	5.619251e-03	2.865286e-02	1.293548e-02
4.045558e-05	6.042990e-03	3.051299e-02	1.387176e-02
4.652391e-05	6.497353e-03	3.241171e-02	1.487580e-02
5.350250e-05	6.984561e-03	3.438597e-02	1.595252e-02
6.152788e-05	7.506993e-03	3.640449e-02	1.710717e-02
7.075706e-05	8.067202e-03	3.842217e-02	1.834540e-02
8.137062e-05	8.667926e-03	4.035173e-02	1.967325e-02
9.357621e-05	9.312099e-03	4.237186e-02	2.109721e-02
1.076126e-04	1.000287e-02	4.460222e-02	2.262424e-02
1.237545e-04	1.074361e-02	4.643338e-02	2.426179e-02
1.423177e-04	1.153794e-02	4.848825e-02	2.601787e-02
1.636654e-04	1.238974e-02	5.038924e-02	2.790106e-02
1.882152e-04	1.330318e-02	5.217904e-02	2.992055e-02
2.164475e-04	1.428270e-02	5.422936e-02	3.208622e-02
2.489146e-04	1.533311e-02	5.573918e-02	3.440863e-02
2.862518e-04	1.645953e-02	5.744999e-02	3.689915e-02
3.291895e-04	1.766747e-02	5.904406e-02	3.956993e-02
3.785680e-04	1.896282e-02	6.043683e-02	4.243402e-02
4.353531e-04	2.035191e-02	6.182265e-02	4.550542e-02
5.006561e-04	2.184154e-02	6.290203e-02	4.879913e-02
5.757545e-04	2.343897e-02	6.405644e-02	5.233123e-02
6.621177e-04	2.515202e-02	6.496909e-02	5.611899e-02
7.614354e-04	2.698904e-02	6.574445e-02	6.018092e-02
8.756507e-04	2.895902e-02	6.641996e-02	6.451933e-02
1.006998e-03	3.107158e-02	6.701305e-02	6.920999e-02
1.158048e-03	3.333704e-02	6.747246e-02	7.421858e-02
1.331755e-03	3.576647e-02	6.772863e-02	7.959124e-02
1.531519e-03	3.837173e-02	6.794473e-02	8.535173e-02
1.761246e-03	4.116556e-02	6.793744e-02	9.152942e-02
2.025433e-03	4.416160e-02	6.784656e-02	9.815424e-02
2.329248e-03	4.737449e-02	6.758447e-02	1.052586e-01
2.678635e-03	5.081992e-02	6.712198e-02	1.128771e-01
3.080431e-03	5.451473e-02	6.656152e-02	1.210471e-01
3.542495e-03	5.847696e-02	6.580090e-02	1.298084e-01
4.073870e-03	6.272599e-02	6.487004e-02	1.392039e-01
4.684950e-03	6.728255e-02	6.377649e-02	1.492794e-01
5.387693e-03	7.216892e-02	6.250570e-02	1.600842e-01
6.195847e-03	7.740896e-02	6.107353e-02	1.716711e-01
7.125224e-03	8.302827e-02	5.948288e-02	1.840965e-01
8.194007e-03	8.905431e-02	5.782058e-02	1.974215e-01
9.423108e-03	9.551652e-02	5.597344e-02	2.117108e-01
1.083657e-02	1.024465e-01	5.387675e-02	2.270344e-01
1.246206e-02	1.098780e-01	5.191484e-02	2.434671e-01
1.433137e-02	1.178474e-01	4.967133e-02	2.610893e-01
1.648108e-02	1.263937e-01	4.751848e-02	2.799870e-01
1.895324e-02	1.355585e-01	4.528620e-02	3.002525e-01
2.179622e-02	1.453867e-01	4.274257e-02	3.219847e-01
2.506566e-02	1.559262e-01	4.062764e-02	3.452900e-01
2.882550e-02	1.672287e-01	3.819547e-02	3.702821e-01
3.314933e-02	1.793492e-01	3.586318e-02	3.970833e-01
3.812173e-02	1.923469e-01	3.362303e-02	4.258243e-01
4.383999e-02	2.062855e-01	3.132430e-02	4.566455e-01
5.041599e-02	2.212329e-01	2.930873e-02	4.896975e-01
5.797838e-02	2.372623e-01	2.710766e-02	5.251418e-01
6.667514e-02	2.544518e-01	2.516972e-02	5.631542e-01
7.667641e-02	2.728855e-01	2.333488e-02	6.039040e-01
8.817787e-02	2.926549e-01	2.156879e-02	6.477021e-01
1.014046e-01	3.138558e-01	1.978595e-02	6.950949e-01
1.166152e-01	3.365913e-01	1.825307e-02	7.464182e-01
1.341075e-01	3.609723e-01	1.702060e-02	8.020489e-01
1.542237e-01	3.871181e-01	1.560326e-02	8.624022e-01
1.773572e-01	4.151520e-01	1.428669e-02	9.088528e-01
2.039608e-01	4.436057e-01	1.294744e-02	9.551439e-01
2.345549e-01	4.666535e-01	1.171487e-02	1.001686e+00
2.697381e-01	4.981496e-01	1.058964e-02	1.048316e+00
3.101989e-01	5.393367e-01	9.404425e-03	1.094946e+00
3.567287e-01	5.788569e-01	8.449163e-03	1.141624e+00
4.102380e-01	6.204217e-01	7.623754e-03	1.188540e+00
4.717737e-01	6.584280e-01	6.888197e-03	1.236083e+00
5.425397e-01	6.949278e-01	6.180847e-03	1.284887e+00
6.239207e-01	7.312588e-01	5.554108e-03	1.335877e+00
7.175088e-01	7.593215e-01	4.993674e-03	1.390335e+00
8.251351e-01	7.859335e-01	4.519368e-03	1.449937e+00
9.489054e-01	8.041754e-01	4.058980e-03	1.516819e+00
1.091241e+00	8.230822e-01	3.575544e-03	1.593652e+00
1.254927e+00	8.435600e-01	3.256746e-03	1.683697e+00
1.443166e+00	8.550067e-01	2.890128e-03	1.790891e+00
1.659641e+00	8.652022e-01	2.586962e-03	1.919931e+00
1.908588e+00	8.710970e-01	2.323565e-03	2.076367e+00
2.194876e+00	8.726986e-01	2.033550e-03	2.266728e+00
2.524107e+00	8.718926e-01	1.845738e-03	2.498665e+00
2.902723e+00	8.662957e-01	1.629754e-03	2.781172e+00
3.338132e+00	8.578652e-01	1.443164e-03	3.124895e+00
3.838852e+00	8.449837e-01	1.287381e-03	3.542593e+00
4.414679e+00	8.277334e-01	1.136342e-03	4.049794e+00
5.076881e+00	8.069421e-01	1.019065e-03	4.665686e+00
5.838413e+00	7.821089e-01	8.973597e-04	5.414335e+00
6.714175e+00	7.541111e-01	8.001597e-04	6.326264e+00
7.721302e+00	7.226199e-01	7.152393e-04	7.440532e+00
8.879497e+00	6.910773e-01	6.366091e-04	8.807408e+00
1.021142e+01	6.563246e-01	5.617808e-04	1.049181e+01
1.174313e+01	6.183379e-01	4.988005e-04	1.257774e+01
1.350460e+01	5.791229e-01	4.450877e-04	1.517364e+01
1.553030e+01	5.384965e-01	3.911621e-04	1.842046e+01
1.785984e+01	5.328473e-01	3.494034e-04	2.249552e+01
2.053882e+01	4.871840e-01	3.063356e-04	2.764142e+01
2.361964e+01	4.448268e-01	2.715831e-04	3.416471e+01
2.716258e+01	4.049268e-01	2.416586e-04	4.243233e+01
3.123697e+01	3.673000e-01	2.109936e-04	5.293670e+01
3.592252e+01	3.322109e-01	1.860617e-04	6.631475e+01
4.131089e+01	2.999198e-01	1.642555e-04	8.337491e+01
4.750753e+01	2.702902e-01	1.456663e-04	1.051529e+02
5.463366e+01	2.423534e-01	1.279862e-04	1.330392e+02
6.282871e+01	2.170259e-01	1.128912e-04	1.688658e+02
7.225301e+01	1.951127e-01	9.976030e-05	2.148214e+02
8.309096e+01	1.756798e-01	8.893020e-05	2.735445e+02
9.555461e+01	1.579812e-01	7.860519e-05	3.486141e+02
1.098878e+02	1.418886e-01	6.803840e-05	4.446959e+02
1.263710e+02	1.273061e-01	6.121698e-05	5.678078e+02
1.453266e+02	1.141463e-01	5.338567e-05	7.256757e+02
1.671256e+02	1.023156e-01	4.717554e-05	9.281934e+02
1.921945e+02	9.155138e-02	4.178736e-05	1.188233e+03
2.210236e+02	8.189147e-02	0.000000e+00	1.522502e+03
2.541772e+02	7.332738e-02	0.000000e+00	1.952053e+03
2.923037e+02	6.576727e-02	0.000000e+00	2.503145e+03
3.361493e+02	5.898642e-02	0.000000e+00	3.209645e+03
3.865717e+02	5.292368e-02	0.000000e+00	4.115315e+03
4.445574e+02	4.751288e-02	0.000000e+00	5.275717e+03
5.112411e+02	4.269042e-02	0.000000e+00	6.761530e+03
5.879272e+02	3.839988e-02	0.000000e+00	8.662247e+03
6.761163e+02	3.458712e-02	0.000000e+00	1.109085e+04
7.775337e+02	3.120228e-02	0.000000e+00	1.418956e+04
8.941638e+02	2.819923e-02	0.000000e+00	1.813653e+04
1.028288e+03	2.553965e-02	0.000000e+00	2.315380e+04
1.182532e+03	2.319001e-02	0.000000e+00	2.951675e+04
1.359911e+03	2.111588e-02	0.000000e+00	3.756479e+04
1.563898e+03	1.928724e-02	0.000000e+00	4.771340e+04
1.798483e+03	1.767967e-02	0.000000e+00	6.046748e+04
2.068255e+03	1.627061e-02	0.000000e+00	7.643558e+04
2.378493e+03	1.503911e-02	0.000000e+00	9.634486e+04
2.735268e+03	1.396685e-02	0.000000e+00	1.210560e+05
3.145558e+03	1.303735e-02	0.000000e+00	1.515776e+05
3.617391e+03	1.223508e-02	0.000000e+00	1.890799e+05
4.160000e+03	1.154667e-02	0.000000e+00	2.349064e+05
4.784000e+03	1.096090e-02	0.000000e+00	2.905836e+05
5.501600e+03	1.046736e-02	0.000000e+00	3.578315e+05
6.326840e+03	1.005647e-02	0.000000e+00	4.385607e+05
7.275866e+03	9.704902e-03	0.000000e+00	5.349634e+05
8.367246e+03	9.415022e-03	0.000000e+00	6.068036e+05
9.622333e+03	9.184145e-03	0.000000e+00	6.068036e+05
