# Energy_MeV	dEdx_Elec_MeV_um	dEdx_Nucl_MeV_um	Range_um
1.000000e-05	1.990892e-03	2.694220e-02	8.580474e-03
1.150000e-05	2.144478e-03	2.932126e-02	9.201533e-03
1.322500e-05	2.309139e-03	3.196630e-02	9.867545e-03
1.520875e-05	2.485682e-03	3.468258e-02	1.058176e-02
1.749006e-05	2.674969e-03	3.764411e-02	1.134768e-02
2.011357e-05	2.877925e-03	4.071351e-02	1.216903e-02
2.313061e-05	3.095542e-03	4.413836e-02	1.304983e-02
2.660020e-05	3.328883e-03	4.766568e-02	1.399438e-02
3.059023e-05	3.579089e-03	5.152365e-02	1.500730e-02
3.517876e-05	3.847381e-03	5.548535e-02	1.609354e-02
4.045558e-05	4.135072e-03	5.960245e-02	1.725840e-02
4.652391e-05	4.443565e-03	6.414015e-02	1.850757e-02
5.350250e-05	4.774369e-03	6.869577e-02	1.984716e-02
6.152788e-05	5.129100e-03	7.366365e-02	2.128370e-02
7.075706e-05	5.509491e-03	7.873403e-02	2.282423e-02
8.137062e-05	5.917400e-03	8.406230e-02	2.447626e-02
9.357621e-05	6.354820e-03	8.942289e-02	2.624786e-02
1.076126e-04	6.823888e-03	9.489843e-02	2.814770e-02
1.237545e-04	7.326896e-03	1.005827e-01	3.018504e-02
1.423177e-04	7.866301e-03	1.062633e-01	3.236985e-02
1.636654e-04	8.444738e-03	1.122306e-01	3.471280e-02
1.882152e-04	9.065033e-03	1.176539e-01	3.722533e-02
2.164475e-04	9.730217e-03	1.235981e-01	3.991972e-02
2.489146e-04	1.044354e-02	1.294757e-01	4.280913e-02
2.862518e-04	1.120848e-02	1.349704e-01	4.590768e-02
3.291895e-04	1.202879e-02	1.411465e-01	4.923050e-02
3.785680e-04	1.290846e-02	1.459461e-01	5.279383e-02
4.353531e-04	1.385180e-02	1.514577e-01	5.661508e-02
5.006561e-04	1.486341e-02	1.565328e-01	6.071291e-02
5.757545e-04	1.594824e-02	1.611313e-01	6.510734e-02
6.621177e-04	1.711158e-02	1.662144e-01	6.981984e-02
7.614354e-04	1.835913e-02	1.701544e-01	7.487344e-02
8.756507e-04	1.969696e-02	1.742793e-01	8.029282e-02
1.006998e-03	2.113162e-02	1.777575e-01	8.610446e-02
1.158048e-03	2.267013e-02	1.808893e-01	9.233674e-02
1.331755e-03	2.431998e-02	1.839769e-01	9.902012e-02
1.531519e-03	2.608925e-02	1.863212e-01	1.061873e-01
1.761246e-03	2.798658e-02	1.885490e-01	1.138731e-01
2.025433e-03	3.002124e-02	1.901689e-01	1.221153e-01
2.329248e-03	3.220316e-02	1.917485e-01	1.309541e-01
2.678635e-03	3.454301e-02	1.927429e-01	1.403683e-01
3.080431e-03	3.705222e-02	1.935830e-01	1.505904e-01
3.542495e-03	3.974304e-02	1.938650e-01	1.615009e-01
4.073870e-03	4.262862e-02	1.936752e-01	1.731911e-01
4.684950e-03	4.572306e-02	1.932294e-01	1.857260e-01
5.387693e-03	4.904148e-02	1.921876e-01	1.991688e-01
6.195847e-03	5.260008e-02	1.908328e-01	2.135844e-01
7.125224e-03	5.641626e-02	1.889390e-01	2.290434e-01
8.194007e-03	6.050865e-02	1.865478e-01	2.456215e-01
9.423108e-03	6.489725e-02	1.836747e-01	2.633995e-01
1.083657e-02	6.960350e-02	1.803343e-01	2.824641e-01
1.246206e-02	7.465038e-02	1.764721e-01	3.029087e-01
1.433137e-02	8.006257e-02	1.722082e-01	3.248331e-01
1.648108e-02	8.586648e-02	1.674341e-01	3.483445e-01
1.895324e-02	9.209049e-02	1.625405e-01	3.735576e-01
2.179622e-02	9.876500e-02	1.569935e-01	4.005955e-01
2.506566e-02	1.059226e-01	1.511451e-01	4.295905e-01
2.882550e-02	1.135983e-01	1.451920e-01	4.606843e-01
3.314933e-02	1.218295e-01	1.385452e-01	4.940287e-01
3.812173e-02	1.306566e-01	1.325997e-01	5.297864e-01
4.383999e-02	1.401225e-01	1.258118e-01	5.681322e-01
5.041599e-02	1.502736e-01	1.191519e-01	6.092536e-01
5.797838e-02	1.611594e-01	1.126615e-01	6.533516e-01
6.667514e-02	1.728331e-01	1.055249e-01	7.006413e-01
7.667641e-02	1.853518e-01	9.925846e-02	7.513536e-01
8.817787e-02	1.987766e-01	9.263700e-02	8.057366e-01
1.014046e-01	2.131731e-01	8.650684e-02	8.640561e-01
1.166152e-01	2.286117e-01	8.060159e-02	9.265968e-01
1.341075e-01	2.451676e-01	7.453356e-02	9.936641e-01
1.542237e-01	2.629219e-01	6.915906e-02	1.065585e+00
1.773572e-01	2.819613e-01	6.385033e-02	1.142713e+00
2.039608e-01	3.023787e-01	5.906783e-02	1.225425e+00
2.345549e-01	3.242740e-01	5.408715e-02	1.314106e+00
2.697381e-01	3.477547e-01	5.016132e-02	1.409334e+00
3.101989e-01	3.729354e-01	4.628051e-02	1.512303e+00
3.567287e-01	3.999387e-01	4.274422e-02	1.623817e+00
4.102380e-01	4.288965e-01	3.923328e-02	1.744670e+00
4.717737e-01	4.599503e-01	3.519570e-02	1.875763e+00
5.425397e-01	4.932498e-01	3.172722e-02	1.984741e+00
6.239207e-01	5.287889e-01	2.819689e-02	2.075109e+00
7.175088e-01	5.594714e-01	2.538751e-02	2.165303e+00
8.251351e-01	5.995245e-01	2.282277e-02	2.255031e+00
9.489054e-01	6.541847e-01	2.059275e-02	2.344161e+00
1.091241e+00	7.109206e-01	1.856925e-02	2.432782e+00
1.254927e+00	7.727464e-01	1.668267e-02	2.521280e+00
1.443166e+00	8.319939e-01	1.505359e-02	2.610374e+00
1.659641e+00	8.936992e-01	1.345395e-02	2.701280e+00
1.908588e+00	9.555630e-01	1.219686e-02	2.795743e+00
2.194876e+00	1.010603e+00	1.088557e-02	2.896141e+00
2.524107e+00	1.065545e+00	9.753370e-03	3.005596e+00
2.902723e+00	1.104350e+00	8.761551e-03	3.128060e+00
3.338132e+00	1.146157e+00	7.710675e-03	3.268452e+00
3.838852e+00	1.191079e+00	6.997508e-03	3.432740e+00
4.414679e+00	1.224409e+00	6.199543e-03	3.628065e+00
5.076881e+00	1.256031e+00	5.536415e-03	3.862860e+00
5.838413e+00	1.278985e+00	4.951587e-03	4.146978e+00
6.714175e+00	1.297510e+00	4.339211e-03	4.491834e+00
7.721302e+00	1.311838e+00	3.887392e-03	4.910625e+00
8.879497e+00	1.319482e+00	3.434154e-03	5.418616e+00
1.021142e+01	1.324426e+00	3.061216e-03	6.033615e+00
1.174313e+01	1.321245e+00	2.728315e-03	6.776682e+00
1.350460e+01	1.311919e+00	2.409279e-03	7.673156e+00
1.553030e+01	1.297235e+00	2.151093e-03	8.754061e+00
1.785984e+01	1.274432e+00	1.909921e-03	1.005798e+01
2.053882e+01	1.246861e+00	1.707735e-03	1.163347e+01
2.361964e+01	1.212604e+00	1.506512e-03	1.354215e+01
2.716258e+01	1.174197e+00	1.345597e-03	1.586266e+01
3.123697e+01	1.130595e+00	1.178164e-03	1.869572e+01
3.592252e+01	1.082320e+00	1.049561e-03	2.217050e+01
4.131089e+01	1.029421e+00	9.327920e-04	2.645273e+01
4.750753e+01	9.733993e-01	8.199119e-04	3.175640e+01
5.463366e+01	9.851944e-01	7.315107e-04	3.834982e+01
6.282871e+01	9.072199e-01	6.381942e-04	4.659553e+01
7.225301e+01	8.346850e-01	5.649816e-04	5.696482e+01
8.309096e+01	7.653082e-01	4.959889e-04	7.000608e+01
9.555461e+01	6.992362e-01	4.383105e-04	8.646150e+01
1.098878e+02	6.366193e-01	3.878522e-04	1.072951e+02
1.263710e+02	5.782097e-01	3.413561e-04	1.337380e+02
1.453266e+02	5.240627e-01	3.033127e-04	1.673621e+02
1.671256e+02	4.724545e-01	2.661632e-04	2.102740e+02
1.921945e+02	4.249853e-01	2.378928e-04	2.652836e+02
2.210236e+02	3.831001e-01	2.087642e-04	3.357929e+02
2.541772e+02	3.460963e-01	1.843818e-04	4.258399e+02
2.923037e+02	3.120988e-01	1.630996e-04	5.408790e+02
3.361493e+02	2.809454e-01	1.412665e-04	6.880795e+02
3.865717e+02	2.525252e-01	1.266463e-04	8.766858e+02
4.445574e+02	2.267231e-01	1.105390e-04	1.118586e+03
5.112411e+02	2.034315e-01	9.749742e-05	1.428990e+03
5.879272e+02	1.822085e-01	8.596438e-05	1.827627e+03
6.761163e+02	1.630712e-01	7.423813e-05	2.340182e+03
7.775337e+02	1.460185e-01	6.560378e-05	2.999143e+03
8.941638e+02	1.310047e-01	5.718161e-05	3.844960e+03
1.028288e+03	1.175192e-01	5.031351e-05	4.929504e+03
1.182532e+03	1.054438e-01	4.425026e-05	6.320047e+03
1.359911e+03	9.466385e-02	0.000000e+00	8.101990e+03
1.563898e+03	8.505086e-02	0.000000e+00	1.038403e+04
1.798483e+03	7.649161e-02	0.000000e+00	1.330386e+04
2.068255e+03	6.888330e-02	0.000000e+00	1.703539e+04
2.378493e+03	6.212917e-02	0.000000e+00	2.179766e+04
2.735268e+03	5.613573e-02	0.000000e+00	2.786528e+04
3.145558e+03	5.082513e-02	0.000000e+00	3.558075e+04
3.617391e+03	4.613286e-02	0.000000e+00	4.536919e+04
4.160000e+03	4.199087e-02	0.000000e+00	5.775509e+04
4.784000e+03	3.833780e-02	0.000000e+00	7.338119e+04
5.501600e+03	3.512563e-02	0.000000e+00	9.302943e+04
6.326840e+03	3.230936e-02	0.000000e+00	1.176435e+05
7.275866e+03	2.984554e-02	0.000000e+00	1.483524e+05
8.367246e+03	2.769798e-02	0.000000e+00	1.864944e+05
9.622333e+03	2.583534e-02	0.000000e+00	2.336406e+05
