# Energy_MeV	dEdx_Elec_MeV_um	dEdx_Nucl_MeV_um	Range_um
1.000000e-05	2.290019e-03	2.257889e-02	8.020026e-03
1.150000e-05	2.467549e-03	2.452071e-02	8.600520e-03
1.322500e-05	2.657875e-03	2.652907e-02	9.223030e-03
1.520875e-05	2.861927e-03	2.877105e-02	9.890598e-03
1.749006e-05	3.080703e-03	3.112529e-02	1.060648e-02
2.011357e-05	3.315271e-03	3.357424e-02	1.137419e-02
2.313061e-05	3.566779e-03	3.629972e-02	1.219746e-02
2.660020e-05	3.836455e-03	3.892985e-02	1.308032e-02
3.059023e-05	4.125617e-03	4.193377e-02	1.402708e-02
3.517876e-05	4.435677e-03	4.499221e-02	1.504236e-02
4.045558e-05	4.768152e-03	4.814315e-02	1.613114e-02
4.652391e-05	5.124665e-03	5.165126e-02	1.729872e-02
5.350250e-05	5.506958e-03	5.504858e-02	1.855081e-02
6.152788e-05	5.916899e-03	5.868521e-02	1.989352e-02
7.075706e-05	6.356491e-03	6.230383e-02	2.133343e-02
8.137062e-05	6.827882e-03	6.606141e-02	2.287755e-02
9.357621e-05	7.333374e-03	7.000567e-02	2.453344e-02
1.076126e-04	7.875436e-03	7.380380e-02	2.630919e-02
1.237545e-04	8.456718e-03	7.762485e-02	2.821346e-02
1.423177e-04	9.080059e-03	8.141164e-02	3.025556e-02
1.636654e-04	9.748505e-03	8.556083e-02	3.244548e-02
1.882152e-04	1.046532e-02	8.918119e-02	3.479390e-02
2.164475e-04	1.123401e-02	9.317516e-02	3.731230e-02
2.489146e-04	1.205832e-02	9.674764e-02	4.001298e-02
2.862518e-04	1.294229e-02	1.002320e-01	4.290914e-02
3.291895e-04	1.389023e-02	1.039867e-01	4.601493e-02
3.785680e-04	1.490678e-02	1.070040e-01	4.934552e-02
4.353531e-04	1.599689e-02	1.103389e-01	5.291717e-02
5.006561e-04	1.716590e-02	1.132824e-01	5.674734e-02
5.757545e-04	1.841952e-02	1.160380e-01	6.085475e-02
6.621177e-04	1.976387e-02	1.185874e-01	6.525945e-02
7.614354e-04	2.120552e-02	1.207487e-01	6.998296e-02
8.756507e-04	2.275151e-02	1.228783e-01	7.504836e-02
1.006998e-03	2.440939e-02	1.245921e-01	8.048040e-02
1.158048e-03	2.618727e-02	1.261573e-01	8.630562e-02
1.331755e-03	2.809382e-02	1.273670e-01	9.255246e-02
1.531519e-03	3.013837e-02	1.285336e-01	9.925146e-02
1.761246e-03	3.233090e-02	1.293501e-01	1.064169e-01
2.025433e-03	3.468213e-02	1.298665e-01	1.141428e-01
2.329248e-03	3.720353e-02	1.303463e-01	1.224025e-01
2.678635e-03	3.990743e-02	1.302243e-01	1.312633e-01
3.080431e-03	4.280704e-02	1.300694e-01	1.407636e-01
3.542495e-03	4.591651e-02	1.295076e-01	1.509520e-01
4.073870e-03	4.925106e-02	1.286325e-01	1.618777e-01
4.684950e-03	5.282695e-02	1.275822e-01	1.735944e-01
5.387693e-03	5.666167e-02	1.260537e-01	1.861590e-01
6.195847e-03	6.077395e-02	1.242741e-01	1.996330e-01
7.125224e-03	6.518387e-02	1.221413e-01	2.140823e-01
8.194007e-03	6.991298e-02	1.196916e-01	2.295776e-01
9.423108e-03	7.498439e-02	1.169220e-01	2.461944e-01
1.083657e-02	8.042287e-02	1.138623e-01	2.640138e-01
1.246206e-02	8.625498e-02	1.106188e-01	2.831230e-01
1.433137e-02	9.250923e-02	1.070896e-01	3.036153e-01
1.648108e-02	9.921616e-02	1.031287e-01	3.255911e-01
1.895324e-02	1.064085e-01	9.928448e-02	3.491573e-01
2.179622e-02	1.141215e-01	9.494258e-02	3.744293e-01
2.506566e-02	1.223927e-01	9.083645e-02	4.015303e-01
2.882550e-02	1.312626e-01	8.650727e-02	4.305932e-01
3.314933e-02	1.407746e-01	8.177562e-02	4.617596e-01
3.812173e-02	1.509750e-01	7.759798e-02	4.951818e-01
4.383999e-02	1.619137e-01	7.287606e-02	5.310230e-01
5.041599e-02	1.736441e-01	6.850204e-02	5.694584e-01
5.797838e-02	1.862236e-01	6.410051e-02	6.106760e-01
6.667514e-02	1.997136e-01	5.978247e-02	6.548770e-01
7.667641e-02	2.141801e-01	5.582238e-02	7.022771e-01
8.817787e-02	2.296936e-01	5.169905e-02	7.531079e-01
1.014046e-01	2.463300e-01	4.802685e-02	8.076180e-01
1.166152e-01	2.641705e-01	4.437976e-02	8.660732e-01
1.341075e-01	2.833024e-01	4.110784e-02	9.287647e-01
1.542237e-01	3.038190e-01	3.763640e-02	9.959683e-01
1.773572e-01	3.258217e-01	3.476012e-02	1.068226e+00
2.039608e-01	3.494172e-01	3.233243e-02	1.146431e+00
2.345549e-01	3.747206e-01	2.955459e-02	1.231121e+00
2.697381e-01	4.018555e-01	2.731593e-02	1.322924e+00
3.101989e-01	4.309545e-01	2.474147e-02	1.422385e+00
3.567287e-01	4.621561e-01	2.226297e-02	1.493524e+00
4.102380e-01	4.936407e-01	2.005105e-02	1.565086e+00
4.717737e-01	5.214663e-01	1.771620e-02	1.636760e+00
5.425397e-01	5.600663e-01	1.607513e-02	1.708321e+00
6.239207e-01	6.096636e-01	1.443135e-02	1.779676e+00
7.175088e-01	6.584273e-01	1.307393e-02	1.850902e+00
8.251351e-01	7.103343e-01	1.176173e-02	1.922321e+00
9.489054e-01	7.604749e-01	1.053279e-02	1.994578e+00
1.091241e+00	8.090310e-01	9.493413e-03	2.068674e+00
1.254927e+00	8.592511e-01	8.541863e-03	2.146065e+00
1.443166e+00	8.990160e-01	7.703649e-03	2.228735e+00
1.659641e+00	9.371798e-01	6.827234e-03	2.319279e+00
1.908588e+00	9.658422e-01	6.186615e-03	2.420997e+00
2.194876e+00	9.956510e-01	5.469353e-03	2.537975e+00
2.524107e+00	1.027701e+00	4.917856e-03	2.675184e+00
2.902723e+00	1.048197e+00	4.402296e-03	2.838595e+00
3.338132e+00	1.067019e+00	3.875997e-03	3.035273e+00
3.838852e+00	1.080986e+00	3.504235e-03	3.273513e+00
4.414679e+00	1.088894e+00	3.081464e-03	3.562990e+00
5.076881e+00	1.094390e+00	2.744963e-03	3.914960e+00
5.838413e+00	1.094157e+00	2.435563e-03	4.342553e+00
6.714175e+00	1.090272e+00	2.156661e-03	4.861218e+00
7.721302e+00	1.081192e+00	1.925848e-03	5.489389e+00
8.879497e+00	1.065757e+00	1.700811e-03	6.249416e+00
1.021142e+01	1.046230e+00	1.521435e-03	7.168856e+00
1.174313e+01	1.020905e+00	1.351046e-03	8.282181e+00
1.350460e+01	9.913340e-01	1.208650e-03	9.632966e+00
1.553030e+01	9.568750e-01	1.062355e-03	1.127682e+01
1.785984e+01	9.207573e-01	9.480318e-04	1.328496e+01
2.053882e+01	8.802594e-01	8.428309e-04	1.574901e+01
2.361964e+01	8.354453e-01	7.358772e-04	1.878696e+01
2.716258e+01	7.886623e-01	6.625174e-04	2.255055e+01
3.123697e+01	7.386693e-01	5.783023e-04	2.723645e+01
3.592252e+01	7.374688e-01	5.160210e-04	3.309108e+01
4.131089e+01	6.768616e-01	4.573987e-04	4.045409e+01
4.750753e+01	6.201772e-01	3.976276e-04	4.974902e+01
5.463366e+01	5.664547e-01	3.531057e-04	6.148622e+01
6.282871e+01	5.154599e-01	3.099026e-04	7.635213e+01
7.225301e+01	4.676400e-01	2.756354e-04	9.523612e+01
8.309096e+01	4.233886e-01	2.430739e-04	1.192669e+02
9.555461e+01	3.824141e-01	2.137029e-04	1.498962e+02
1.098878e+02	3.436920e-01	1.892556e-04	1.890809e+02
1.263710e+02	3.083816e-01	1.676998e-04	2.393900e+02
1.453266e+02	2.778137e-01	1.488474e-04	3.038779e+02
1.671256e+02	2.504824e-01	1.295424e-04	3.862564e+02
1.921945e+02	2.254883e-01	1.160705e-04	4.915700e+02
2.210236e+02	2.026832e-01	1.006986e-04	6.263823e+02
2.541772e+02	1.819641e-01	8.955254e-05	7.991613e+02
2.923037e+02	1.632307e-01	7.899324e-05	1.020771e+03
3.361493e+02	1.463611e-01	6.851938e-05	1.305128e+03
3.865717e+02	1.309837e-01	6.127624e-05	1.670353e+03
4.445574e+02	1.171846e-01	5.294662e-05	2.139925e+03
5.112411e+02	1.049597e-01	4.662893e-05	2.743388e+03
5.879272e+02	9.414806e-02	0.000000e+00	3.517613e+03
6.761163e+02	8.444641e-02	0.000000e+00	4.510243e+03
7.775337e+02	7.577127e-02	0.000000e+00	5.782735e+03
8.941638e+02	6.802965e-02	0.000000e+00	7.413132e+03
1.028288e+03	6.113000e-02	0.000000e+00	9.500682e+03
1.182532e+03	5.499046e-02	0.000000e+00	1.217103e+04
1.359911e+03	4.953493e-02	0.000000e+00	1.558279e+04
1.563898e+03	4.469234e-02	0.000000e+00	1.993558e+04
1.798483e+03	4.039584e-02	0.000000e+00	2.547933e+04
2.068255e+03	3.659120e-02	0.000000e+00	3.252556e+04
2.378493e+03	3.323057e-02	0.000000e+00	4.146042e+04
2.735268e+03	3.026410e-02	0.000000e+00	5.275971e+04
3.145558e+03	2.764902e-02	0.000000e+00	6.700564e+04
3.617391e+03	2.535077e-02	0.000000e+00	8.490541e+04
4.160000e+03	2.333665e-02	0.000000e+00	1.073110e+05
4.784000e+03	2.157619e-02	0.000000e+00	1.352400e+05
5.501600e+03	2.004351e-02	0.000000e+00	1.698962e+05
6.326840e+03	1.871530e-02	0.000000e+00	2.126894e+05
7.275866e+03	1.756912e-02	0.000000e+00	2.652542e+05
8.367246e+03	1.658589e-02	0.000000e+00	3.294668e+05
9.622333e+03	1.574978e-02	0.000000e+00	4.074574e+05
