# Energy_MeV	dEdx_Elec_MeV_um	dEdx_Nucl_MeV_um	Range_um
1.000000e-05	2.385860e-03	2.828116e-02	5.877234e-03
1.150000e-05	2.576193e-03	3.092165e-02	6.302632e-03
1.322500e-05	2.780186e-03	3.374530e-02	6.758820e-03
1.520875e-05	2.998838e-03	3.676165e-02	7.248026e-03
1.749006e-05	3.233219e-03	4.003848e-02	7.772642e-03
2.011357e-05	3.484475e-03	4.353304e-02	8.335230e-03
2.313061e-05	3.753836e-03	4.733434e-02	8.938539e-03
2.660020e-05	4.042617e-03	5.118735e-02	9.585515e-03
3.059023e-05	4.352231e-03	5.548217e-02	1.027932e-02
3.517876e-05	4.684192e-03	6.010232e-02	1.102334e-02
4.045558e-05	5.040120e-03	6.479599e-02	1.182122e-02
4.652391e-05	5.421757e-03	7.018488e-02	1.267684e-02
5.350250e-05	5.830966e-03	7.520692e-02	1.359440e-02
6.152788e-05	6.269747e-03	8.096676e-02	1.457837e-02
7.075706e-05	6.740245e-03	8.699290e-02	1.563356e-02
8.137062e-05	7.244757e-03	9.303618e-02	1.676513e-02
9.357621e-05	7.785750e-03	9.993988e-02	1.797859e-02
1.076126e-04	8.365866e-03	1.064226e-01	1.927989e-02
1.237545e-04	8.987939e-03	1.135618e-01	2.067538e-02
1.423177e-04	9.655009e-03	1.206694e-01	2.217188e-02
1.636654e-04	1.037033e-02	1.278607e-01	2.377669e-02
1.882152e-04	1.113741e-02	1.356443e-01	2.549766e-02
2.164475e-04	1.195998e-02	1.429269e-01	2.734319e-02
2.489146e-04	1.284207e-02	1.506038e-01	2.932231e-02
2.862518e-04	1.378799e-02	1.578395e-01	3.144467e-02
3.291895e-04	1.480235e-02	1.657408e-01	3.372066e-02
3.785680e-04	1.589012e-02	1.730905e-01	3.616137e-02
4.353531e-04	1.705660e-02	1.807732e-01	3.877875e-02
5.006561e-04	1.830750e-02	1.879989e-01	4.158558e-02
5.757545e-04	1.964892e-02	1.947084e-01	4.459557e-02
6.621177e-04	2.108743e-02	2.018485e-01	4.782342e-02
7.614354e-04	2.263004e-02	2.080696e-01	5.128490e-02
8.756507e-04	2.428429e-02	2.144970e-01	5.499693e-02
1.006998e-03	2.605828e-02	2.203990e-01	5.897764e-02
1.158048e-03	2.796065e-02	2.259079e-01	6.324647e-02
1.331755e-03	3.000071e-02	2.307987e-01	6.782428e-02
1.531519e-03	3.218842e-02	2.352001e-01	7.273344e-02
1.761246e-03	3.453447e-02	2.392666e-01	7.799793e-02
2.025433e-03	3.705032e-02	2.427776e-01	8.364346e-02
2.329248e-03	3.974826e-02	2.460320e-01	8.966909e-02
2.678635e-03	4.264148e-02	2.483516e-01	9.617296e-02
3.080431e-03	4.574410e-02	2.506134e-01	1.031556e-01
3.542495e-03	4.907128e-02	2.523803e-01	1.106207e-01
4.073870e-03	5.263929e-02	2.533974e-01	1.186276e-01
4.684950e-03	5.646554e-02	2.545081e-01	1.272138e-01
5.387693e-03	6.056874e-02	2.542731e-01	1.364214e-01
6.195847e-03	6.496892e-02	2.540027e-01	1.462955e-01
7.125224e-03	6.968758e-02	2.530449e-01	1.568842e-01
8.194007e-03	7.474779e-02	2.513923e-01	1.682394e-01
9.423108e-03	8.017424e-02	2.494417e-01	1.804165e-01
1.083657e-02	8.599347e-02	2.465306e-01	1.934750e-01
1.246206e-02	9.223389e-02	2.431546e-01	2.074786e-01
1.433137e-02	9.892599e-02	2.390634e-01	2.224958e-01
1.648108e-02	1.061025e-01	2.343838e-01	2.386000e-01
1.895324e-02	1.137984e-01	2.290229e-01	2.558699e-01
2.179622e-02	1.220513e-01	2.231716e-01	2.743897e-01
2.506566e-02	1.309016e-01	2.168145e-01	2.942499e-01
2.882550e-02	1.403925e-01	2.100573e-01	3.155476e-01
3.314933e-02	1.505703e-01	2.025055e-01	3.383870e-01
3.812173e-02	1.614849e-01	1.948752e-01	3.628795e-01
4.383999e-02	1.731894e-01	1.865472e-01	3.891447e-01
5.041599e-02	1.857410e-01	1.783515e-01	4.173109e-01
5.797838e-02	1.992012e-01	1.700363e-01	4.475159e-01
6.667514e-02	2.136357e-01	1.610295e-01	4.799073e-01
7.667641e-02	2.291149e-01	1.525901e-01	5.146431e-01
8.817787e-02	2.457145e-01	1.435141e-01	5.518930e-01
1.014046e-01	2.635156e-01	1.348323e-01	5.918389e-01
1.166152e-01	2.826051e-01	1.261040e-01	6.346764e-01
1.341075e-01	3.030763e-01	1.178527e-01	6.806146e-01
1.542237e-01	3.250293e-01	1.099155e-01	7.298780e-01
1.773572e-01	3.485712e-01	1.020392e-01	7.827050e-01
2.039608e-01	3.738171e-01	9.468646e-02	8.393612e-01
2.345549e-01	4.008906e-01	8.728711e-02	9.001101e-01
2.697381e-01	4.299255e-01	8.102097e-02	9.656291e-01
3.101989e-01	4.610618e-01	7.433546e-02	1.036591e+00
3.567287e-01	4.944519e-01	6.831469e-02	1.113461e+00
4.102380e-01	5.302587e-01	6.360364e-02	1.196815e+00
4.717737e-01	5.686573e-01	5.830989e-02	1.287297e+00
5.425397e-01	6.098332e-01	5.403549e-02	1.372246e+00
6.239207e-01	6.493084e-01	4.911994e-02	1.422301e+00
7.175088e-01	6.911948e-01	4.389706e-02	1.471370e+00
8.251351e-01	7.562660e-01	3.961046e-02	1.519394e+00
9.489054e-01	8.287653e-01	3.496912e-02	1.566440e+00
1.091241e+00	9.068143e-01	3.181070e-02	1.612735e+00
1.254927e+00	9.891003e-01	2.853137e-02	1.658707e+00
1.443166e+00	1.079574e+00	2.578795e-02	1.705029e+00
1.659641e+00	1.170000e+00	2.327490e-02	1.752664e+00
1.908588e+00	1.265151e+00	2.080285e-02	1.802910e+00
2.194876e+00	1.360285e+00	1.880162e-02	1.857433e+00
2.524107e+00	1.440044e+00	1.685584e-02	1.918363e+00
2.902723e+00	1.520292e+00	1.523830e-02	1.988309e+00
3.338132e+00	1.603563e+00	1.357464e-02	2.070404e+00
3.838852e+00	1.682963e+00	1.222708e-02	2.168370e+00
4.414679e+00	1.753464e+00	1.084139e-02	2.286540e+00
5.076881e+00	1.811346e+00	9.707301e-03	2.429933e+00
5.838413e+00	1.867925e+00	8.710971e-03	2.604272e+00
6.714175e+00	1.910054e+00	7.713357e-03	2.816051e+00
7.721302e+00	1.949276e+00	6.928195e-03	3.072638e+00
8.879497e+00	1.985098e+00	6.111164e-03	3.382449e+00
1.021142e+01	2.006718e+00	5.432665e-03	3.755218e+00
1.174313e+01	2.024085e+00	4.810032e-03	4.202434e+00
1.350460e+01	2.027732e+00	4.276422e-03	4.737927e+00
1.553030e+01	2.023158e+00	3.806139e-03	5.378664e+00
1.785984e+01	2.010917e+00	3.376963e-03	6.145756e+00
2.053882e+01	1.984419e+00	3.012205e-03	7.065730e+00
2.361964e+01	1.950582e+00	2.662198e-03	8.172123e+00
2.716258e+01	1.905277e+00	2.389785e-03	9.507496e+00
3.123697e+01	1.853344e+00	2.108566e-03	1.112596e+01
3.592252e+01	1.793724e+00	1.872850e-03	1.309647e+01
4.131089e+01	1.726736e+00	1.669462e-03	1.550686e+01
4.750753e+01	1.852628e+00	1.451968e-03	1.846876e+01
5.463366e+01	1.719931e+00	1.310126e-03	2.212455e+01
6.282871e+01	1.597323e+00	1.149551e-03	2.667165e+01
7.225301e+01	1.478817e+00	1.019623e-03	3.233502e+01
8.309096e+01	1.364398e+00	9.062711e-04	3.940839e+01
9.555461e+01	1.253711e+00	7.863989e-04	4.827939e+01
1.098878e+02	1.148509e+00	7.006078e-04	5.944828e+01
1.263710e+02	1.049550e+00	6.140854e-04	7.354710e+01
1.453266e+02	9.550945e-01	5.444067e-04	9.140861e+01
1.671256e+02	8.657448e-01	4.820691e-04	1.141650e+02
1.921945e+02	7.834852e-01	4.227412e-04	1.432413e+02
2.210236e+02	7.125257e-01	3.756268e-04	1.802956e+02
2.541772e+02	6.464517e-01	3.313447e-04	2.274809e+02
2.923037e+02	5.850848e-01	2.949306e-04	2.877046e+02
3.361493e+02	5.283466e-01	2.583290e-04	3.647232e+02
3.865717e+02	4.761831e-01	2.297047e-04	4.633896e+02
4.445574e+02	4.286140e-01	1.999762e-04	5.899194e+02
5.112411e+02	3.851574e-01	1.769606e-04	7.523236e+02
5.879272e+02	3.454323e-01	1.565383e-04	9.610809e+02
6.761163e+02	3.096341e-01	1.365777e-04	1.229600e+03
7.775337e+02	2.780622e-01	1.213036e-04	1.574610e+03
8.941638e+02	2.496968e-01	1.051937e-04	2.017233e+03
1.028288e+03	2.241550e-01	9.242579e-05	2.584963e+03
1.182532e+03	2.012866e-01	8.064510e-05	3.312853e+03
1.359911e+03	1.808597e-01	7.075343e-05	4.245494e+03
1.563898e+03	1.626292e-01	6.216147e-05	5.439452e+03
1.798483e+03	1.463904e-01	5.435889e-05	6.966230e+03
2.068255e+03	1.319662e-01	4.795625e-05	8.915992e+03
2.378493e+03	1.191646e-01	0.000000e+00	1.140199e+04
2.735268e+03	1.078075e-01	0.000000e+00	1.456574e+04
3.145558e+03	9.776321e-02	0.000000e+00	1.858327e+04
3.617391e+03	8.889789e-02	0.000000e+00	2.367225e+04
4.160000e+03	8.107493e-02	0.000000e+00	3.010014e+04
4.784000e+03	7.418961e-02	0.000000e+00	3.819328e+04
5.501600e+03	6.815071e-02	0.000000e+00	4.834680e+04
6.326840e+03	6.285953e-02	0.000000e+00	6.103501e+04
7.275866e+03	5.823329e-02	0.000000e+00	7.682219e+04
8.367246e+03	5.421215e-02	0.000000e+00	9.637318e+04
9.622333e+03	5.073380e-02	0.000000e+00	1.204636e+05
