# Energy_MeV	dEdx_Elec_MeV_um	dEdx_Nucl_MeV_um	Range_um
1.000000e-05	2.063558e-03	3.230029e-02	5.832015e-03
1.150000e-05	2.228321e-03	3.543885e-02	6.254140e-03
1.322500e-05	2.404908e-03	3.887610e-02	6.706818e-03
1.520875e-05	2.594182e-03	4.263240e-02	7.192261e-03
1.749006e-05	2.797071e-03	4.672436e-02	7.712840e-03
2.011357e-05	3.014566e-03	5.125534e-02	8.271100e-03
2.313061e-05	3.247732e-03	5.601135e-02	8.869766e-03
2.660020e-05	3.497708e-03	6.129085e-02	9.511765e-03
3.059023e-05	3.765716e-03	6.682482e-02	1.020023e-02
3.517876e-05	4.053066e-03	7.280396e-02	1.093853e-02
4.045558e-05	4.361163e-03	7.931165e-02	1.173027e-02
4.652391e-05	4.691512e-03	8.616461e-02	1.257931e-02
5.350250e-05	5.045728e-03	9.376960e-02	1.348981e-02
6.152788e-05	5.425541e-03	1.013218e-01	1.446621e-02
7.075706e-05	5.832808e-03	1.097017e-01	1.551328e-02
8.137062e-05	6.269517e-03	1.188716e-01	1.663614e-02
9.357621e-05	6.737803e-03	1.282858e-01	1.784027e-02
1.076126e-04	7.239954e-03	1.386970e-01	1.913156e-02
1.237545e-04	7.778424e-03	1.487844e-01	2.051631e-02
1.423177e-04	8.355842e-03	1.599140e-01	2.200129e-02
1.636654e-04	8.975029e-03	1.718971e-01	2.359375e-02
1.882152e-04	9.639012e-03	1.840338e-01	2.530148e-02
2.164475e-04	1.035103e-02	1.972848e-01	2.713282e-02
2.489146e-04	1.111457e-02	2.102821e-01	2.909671e-02
2.862518e-04	1.193336e-02	2.241620e-01	3.120274e-02
3.291895e-04	1.281139e-02	2.384185e-01	3.346121e-02
3.785680e-04	1.375296e-02	2.523793e-01	3.588315e-02
4.353531e-04	1.476267e-02	2.674271e-01	3.848039e-02
5.006561e-04	1.584545e-02	2.820530e-01	4.126562e-02
5.757545e-04	1.700659e-02	2.968580e-01	4.425245e-02
6.621177e-04	1.825176e-02	3.114215e-01	4.745547e-02
7.614354e-04	1.958704e-02	3.262203e-01	5.089032e-02
8.756507e-04	2.101897e-02	3.410950e-01	5.457379e-02
1.006998e-03	2.255453e-02	3.566084e-01	5.852387e-02
1.158048e-03	2.420122e-02	3.700264e-01	6.275986e-02
1.331755e-03	2.596709e-02	3.836015e-01	6.730245e-02
1.531519e-03	2.786078e-02	3.966270e-01	7.217384e-02
1.761246e-03	2.989152e-02	4.092739e-01	7.739782e-02
2.025433e-03	3.206924e-02	4.222330e-01	8.299991e-02
2.329248e-03	3.440458e-02	4.329577e-01	8.900749e-02
2.678635e-03	3.690894e-02	4.440840e-01	9.544990e-02
3.080431e-03	3.959457e-02	4.531261e-01	1.023586e-01
3.542495e-03	4.247458e-02	4.616121e-01	1.097674e-01
4.073870e-03	4.556305e-02	4.695686e-01	1.177124e-01
4.684950e-03	4.887505e-02	4.761298e-01	1.261684e-01
5.387693e-03	5.242677e-02	4.827709e-01	1.353500e-01
6.195847e-03	5.623557e-02	4.868300e-01	1.451711e-01
7.125224e-03	6.032005e-02	4.908390e-01	1.556783e-01
8.194007e-03	6.470016e-02	4.943277e-01	1.669459e-01
9.423108e-03	6.939730e-02	4.964703e-01	1.790295e-01
1.083657e-02	7.443442e-02	4.980993e-01	1.919874e-01
1.246206e-02	7.983612e-02	4.977147e-01	2.058833e-01
1.433137e-02	8.562880e-02	4.967630e-01	2.207849e-01
1.648108e-02	9.184076e-02	4.948653e-01	2.367653e-01
1.895324e-02	9.850234e-02	4.916425e-01	2.539022e-01
2.179622e-02	1.056461e-01	4.874030e-01	2.722795e-01
2.506566e-02	1.133069e-01	4.816333e-01	2.919869e-01
2.882550e-02	1.215222e-01	4.747661e-01	3.131209e-01
3.314933e-02	1.303321e-01	4.666207e-01	3.357845e-01
3.812173e-02	1.397797e-01	4.572584e-01	3.600886e-01
4.383999e-02	1.499112e-01	4.465874e-01	3.861516e-01
5.041599e-02	1.607759e-01	4.348994e-01	4.141011e-01
5.797838e-02	1.724270e-01	4.223474e-01	4.440738e-01
6.667514e-02	1.849215e-01	4.088113e-01	4.762160e-01
7.667641e-02	1.983202e-01	3.942169e-01	5.106844e-01
8.817787e-02	2.126889e-01	3.788576e-01	5.476476e-01
1.014046e-01	2.280975e-01	3.621882e-01	5.872864e-01
1.166152e-01	2.446214e-01	3.464036e-01	6.297944e-01
1.341075e-01	2.623413e-01	3.296590e-01	6.753791e-01
1.542237e-01	2.813437e-01	3.127616e-01	7.242630e-01
1.773572e-01	3.017216e-01	2.956866e-01	7.766851e-01
2.039608e-01	3.235745e-01	2.775881e-01	8.329018e-01
2.345549e-01	3.470090e-01	2.611678e-01	8.931877e-01
2.697381e-01	3.721398e-01	2.435665e-01	9.578366e-01
3.101989e-01	3.990896e-01	2.279685e-01	1.027165e+00
3.567287e-01	4.279900e-01	2.125679e-01	1.101511e+00
4.102380e-01	4.589822e-01	1.970664e-01	1.181236e+00
4.717737e-01	4.922182e-01	1.829123e-01	1.266770e+00
5.425397e-01	5.278611e-01	1.679887e-01	1.359148e+00
6.239207e-01	5.660837e-01	1.562239e-01	1.459199e+00
7.175088e-01	6.070730e-01	1.438600e-01	1.567605e+00
8.251351e-01	6.510291e-01	1.317223e-01	1.685175e+00
9.489054e-01	6.981667e-01	1.220556e-01	1.812829e+00
1.091241e+00	7.487164e-01	1.130771e-01	1.951630e+00
1.254927e+00	7.944060e-01	1.045647e-01	2.102827e+00
1.443166e+00	8.482437e-01	9.477554e-02	2.193850e+00
1.659641e+00	9.272156e-01	8.418212e-02	2.239418e+00
1.908588e+00	1.014670e+00	7.540755e-02	2.282454e+00
2.194876e+00	1.112104e+00	6.740220e-02	2.323445e+00
2.524107e+00	1.215940e+00	6.101809e-02	2.363289e+00
2.902723e+00	1.331754e+00	5.492883e-02	2.403115e+00
3.338132e+00	1.456517e+00	4.934101e-02	2.444396e+00
3.838852e+00	1.589937e+00	4.466041e-02	2.489000e+00
4.414679e+00	1.735965e+00	4.004773e-02	2.539238e+00
5.076881e+00	1.865340e+00	3.599963e-02	2.597906e+00
5.838413e+00	2.007728e+00	3.239783e-02	2.668330e+00
6.714175e+00	2.161344e+00	2.911225e-02	2.754399e+00
7.721302e+00	2.303949e+00	2.616019e-02	2.860560e+00
8.879497e+00	2.448200e+00	2.340404e-02	2.991943e+00
1.021142e+01	2.564634e+00	2.064491e-02	3.154271e+00
1.174313e+01	2.682223e+00	1.861727e-02	3.353923e+00
1.350460e+01	2.785867e+00	1.660181e-02	3.597966e+00
1.553030e+01	2.882049e+00	1.485430e-02	3.894222e+00
1.785984e+01	2.980118e+00	1.324556e-02	4.251468e+00
2.053882e+01	3.053410e+00	1.163665e-02	4.679687e+00
2.361964e+01	3.121370e+00	1.041436e-02	5.190524e+00
2.716258e+01	3.174789e+00	9.161137e-03	5.797915e+00
3.123697e+01	3.209737e+00	8.187567e-03	6.518857e+00
3.592252e+01	3.237360e+00	7.300472e-03	7.374396e+00
4.131089e+01	3.237968e+00	6.462133e-03	8.390832e+00
4.750753e+01	3.223464e+00	5.769905e-03	9.601189e+00
5.463366e+01	3.188563e+00	5.068661e-03	1.104704e+01
6.282871e+01	3.144878e+00	4.569069e-03	1.278080e+01
7.225301e+01	3.091277e+00	4.065859e-03	1.486858e+01
8.309096e+01	3.016917e+00	3.588703e-03	1.739423e+01
9.555461e+01	3.409727e+00	3.174178e-03	2.046176e+01
1.098878e+02	3.202745e+00	2.788147e-03	2.420758e+01
1.263710e+02	3.006967e+00	2.499010e-03	2.881578e+01
1.453266e+02	2.812388e+00	2.215796e-03	3.448787e+01
1.671256e+02	2.620932e+00	1.952514e-03	4.149667e+01
1.921945e+02	2.432549e+00	1.721430e-03	5.019771e+01
2.210236e+02	2.251119e+00	1.509847e-03	6.104513e+01
2.541772e+02	2.077492e+00	1.336052e-03	7.461151e+01
2.923037e+02	1.908350e+00	1.177659e-03	9.166057e+01
3.361493e+02	1.747112e+00	1.035273e-03	1.132259e+02
3.865717e+02	1.598977e+00	9.207603e-04	1.405705e+02
4.445574e+02	1.467691e+00	8.112105e-04	1.751572e+02
5.112411e+02	1.343443e+00	7.157441e-04	2.189495e+02
5.879272e+02	1.225942e+00	6.347801e-04	2.745778e+02
6.761163e+02	1.115559e+00	5.613456e-04	3.454424e+02
7.775337e+02	1.012520e+00	4.966546e-04	4.359375e+02
8.941638e+02	9.171234e-01	4.379021e-04	5.516984e+02
1.028288e+03	8.285460e-01	3.795585e-04	7.000290e+02
1.182532e+03	7.467904e-01	3.383251e-04	8.904935e+02
1.359911e+03	6.722486e-01	2.975621e-04	1.135271e+03
1.563898e+03	6.059146e-01	2.624577e-04	1.449543e+03
1.798483e+03	5.454974e-01	2.310647e-04	1.852647e+03
2.068255e+03	4.908044e-01	1.998231e-04	2.369754e+03
2.378493e+03	4.416583e-01	1.766571e-04	3.032857e+03
2.735268e+03	3.975374e-01	1.531720e-04	3.882671e+03
3.145558e+03	3.579021e-01	1.350144e-04	4.970782e+03
3.617391e+03	3.224846e-01	1.189765e-04	6.362339e+03
4.160000e+03	2.910178e-01	1.038308e-04	8.139424e+03
4.784000e+03	2.630244e-01	9.157319e-05	1.040499e+04
5.501600e+03	2.381311e-01	7.935977e-05	1.328755e+04
6.326840e+03	2.161190e-01	7.067256e-05	1.694675e+04
7.275866e+03	1.966871e-01	6.209877e-05	2.157975e+04
8.367246e+03	1.795208e-01	5.406437e-05	2.742851e+04
9.622333e+03	1.644209e-01	4.705547e-05	3.478782e+04
