# Energy_MeV	dEdx_Elec_MeV_um	dEdx_Nucl_MeV_um	Range_um
1.000000e-05	2.523285e-03	2.278924e-02	6.638115e-03
1.150000e-05	2.722070e-03	2.476411e-02	7.118585e-03
1.322500e-05	2.935151e-03	2.689545e-02	7.633832e-03
1.520875e-05	3.163571e-03	2.909972e-02	8.186373e-03
1.749006e-05	3.408446e-03	3.155158e-02	8.778907e-03
2.011357e-05	3.670974e-03	3.414977e-02	9.414329e-03
2.313061e-05	3.952439e-03	3.682778e-02	1.009574e-02
2.660020e-05	4.254215e-03	3.982096e-02	1.082648e-02
3.059023e-05	4.577779e-03	4.271399e-02	1.161010e-02
3.517876e-05	4.924711e-03	4.599868e-02	1.245045e-02
4.045558e-05	5.296706e-03	4.938123e-02	1.335162e-02
4.652391e-05	5.695583e-03	5.282656e-02	1.431802e-02
5.350250e-05	6.123290e-03	5.667627e-02	1.535436e-02
6.152788e-05	6.581916e-03	6.041737e-02	1.646572e-02
7.075706e-05	7.073704e-03	6.440593e-02	1.765752e-02
8.137062e-05	7.601055e-03	6.840090e-02	1.893558e-02
9.357621e-05	8.166547e-03	7.252877e-02	2.030614e-02
1.076126e-04	8.772941e-03	7.686120e-02	2.177591e-02
1.237545e-04	9.423201e-03	8.103923e-02	2.335207e-02
1.423177e-04	1.012050e-02	8.524065e-02	2.504230e-02
1.636654e-04	1.086825e-02	8.941159e-02	2.685488e-02
1.882152e-04	1.167011e-02	9.398929e-02	2.879865e-02
2.164475e-04	1.252998e-02	9.797973e-02	3.088311e-02
2.489146e-04	1.345207e-02	1.023451e-01	3.311844e-02
2.862518e-04	1.444089e-02	1.063319e-01	3.551557e-02
3.291895e-04	1.550126e-02	1.101397e-01	3.808621e-02
3.785680e-04	1.663837e-02	1.142960e-01	4.084291e-02
4.353531e-04	1.785777e-02	1.176279e-01	4.379914e-02
5.006561e-04	1.916542e-02	1.212720e-01	4.696935e-02
5.757545e-04	2.056771e-02	1.245648e-01	5.036901e-02
6.621177e-04	2.207148e-02	1.275939e-01	5.401475e-02
7.614354e-04	2.368409e-02	1.304162e-01	5.792436e-02
8.756507e-04	2.541341e-02	1.327943e-01	6.211696e-02
1.006998e-03	2.726789e-02	1.351494e-01	6.661302e-02
1.158048e-03	2.925659e-02	1.370685e-01	7.143450e-02
1.331755e-03	3.138923e-02	1.387964e-01	7.660497e-02
1.531519e-03	3.367622e-02	1.401461e-01	8.211680e-02
1.761246e-03	3.612873e-02	1.414199e-01	8.808023e-02
2.025433e-03	3.875876e-02	1.423602e-01	9.447499e-02
2.329248e-03	4.157914e-02	1.429228e-01	1.013122e-01
2.678635e-03	4.460366e-02	1.434582e-01	1.086452e-01
3.080431e-03	4.784709e-02	1.433528e-01	1.165090e-01
3.542495e-03	5.132528e-02	1.431813e-01	1.249418e-01
4.073870e-03	5.505522e-02	1.425985e-01	1.339849e-01
4.684950e-03	5.905512e-02	1.416397e-01	1.436826e-01
5.387693e-03	6.334454e-02	1.404947e-01	1.540823e-01
6.195847e-03	6.794443e-02	1.388377e-01	1.652347e-01
7.125224e-03	7.287725e-02	1.368909e-01	1.771943e-01
8.194007e-03	7.816711e-02	1.345634e-01	1.900195e-01
9.423108e-03	8.383985e-02	1.318848e-01	2.037730e-01
1.083657e-02	8.992319e-02	1.288483e-01	2.185221e-01
1.246206e-02	9.644684e-02	1.255009e-01	2.343387e-01
1.433137e-02	1.034427e-01	1.219419e-01	2.513001e-01
1.648108e-02	1.109449e-01	1.180732e-01	2.694891e-01
1.895324e-02	1.189901e-01	1.137216e-01	2.889947e-01
2.179622e-02	1.276176e-01	1.094964e-01	3.099122e-01
2.506566e-02	1.368696e-01	1.047489e-01	3.323437e-01
2.882550e-02	1.467912e-01	1.001987e-01	3.563987e-01
3.314933e-02	1.574310e-01	9.546601e-02	3.821947e-01
3.812173e-02	1.688408e-01	9.024723e-02	4.098580e-01
4.383999e-02	1.810766e-01	8.564605e-02	4.395237e-01
5.041599e-02	1.941979e-01	8.048449e-02	4.713365e-01
5.797838e-02	2.082690e-01	7.562317e-02	5.054518e-01
6.667514e-02	2.233586e-01	7.078979e-02	5.420364e-01
7.667641e-02	2.395404e-01	6.602735e-02	5.812693e-01
8.817787e-02	2.568934e-01	6.167601e-02	6.233417e-01
1.014046e-01	2.755024e-01	5.713397e-02	6.684597e-01
1.166152e-01	2.954583e-01	5.305475e-02	7.168415e-01
1.341075e-01	3.168587e-01	4.903850e-02	7.687289e-01
1.542237e-01	3.398084e-01	4.542158e-02	8.243723e-01
1.773572e-01	3.644207e-01	4.162793e-02	8.844100e-01
2.039608e-01	3.908144e-01	3.838917e-02	9.494362e-01
2.345549e-01	4.191186e-01	3.573893e-02	1.019881e+00
2.697381e-01	4.494714e-01	3.269115e-02	1.096271e+00
3.101989e-01	4.820197e-01	3.018479e-02	1.170196e+00
3.567287e-01	5.169200e-01	2.736807e-02	1.224267e+00
4.102380e-01	5.488916e-01	2.461995e-02	1.278305e+00
4.717737e-01	5.831409e-01	2.220481e-02	1.332113e+00
5.425397e-01	6.353491e-01	1.959511e-02	1.385576e+00
6.239207e-01	6.921189e-01	1.778739e-02	1.438700e+00
7.175088e-01	7.520707e-01	1.598150e-02	1.491653e+00
8.251351e-01	8.115956e-01	1.446396e-02	1.544797e+00
9.489054e-01	8.751841e-01	1.301389e-02	1.598749e+00
1.091241e+00	9.342763e-01	1.164469e-02	1.654453e+00
1.254927e+00	9.930932e-01	1.050881e-02	1.713197e+00
1.443166e+00	1.049011e+00	9.452057e-03	1.776697e+00
1.659641e+00	1.091010e+00	8.528677e-03	1.847151e+00
1.908588e+00	1.132732e+00	7.555253e-03	1.927304e+00
2.194876e+00	1.175645e+00	6.846200e-03	2.020518e+00
2.524107e+00	1.214061e+00	6.062704e-03	2.130828e+00
2.902723e+00	1.247159e+00	5.439483e-03	2.263018e+00
3.338132e+00	1.271105e+00	4.876340e-03	2.422700e+00
3.838852e+00	1.293234e+00	4.290373e-03	2.616390e+00
4.414679e+00	1.306922e+00	3.878744e-03	2.851621e+00
5.076881e+00	1.317173e+00	3.416955e-03	3.137098e+00
5.838413e+00	1.324568e+00	3.037664e-03	3.482942e+00
6.714175e+00	1.322336e+00	2.697571e-03	3.901064e+00
7.721302e+00	1.316298e+00	2.387190e-03	4.405710e+00
8.879497e+00	1.302270e+00	2.133991e-03	5.014226e+00
1.021142e+01	1.282333e+00	1.884809e-03	5.748083e+00
1.174313e+01	1.257017e+00	1.683958e-03	6.634208e+00
1.350460e+01	1.224347e+00	1.496164e-03	7.706692e+00
1.553030e+01	1.187202e+00	1.337840e-03	9.008961e+00
1.785984e+01	1.145521e+00	1.178025e-03	1.059660e+01
2.053882e+01	1.098866e+00	1.048856e-03	1.254086e+01
2.361964e+01	1.046117e+00	9.339520e-04	1.493324e+01
2.716258e+01	9.925989e-01	8.139800e-04	1.789126e+01
3.123697e+01	1.012384e+00	7.335976e-04	2.156485e+01
3.592252e+01	9.323110e-01	6.414538e-04	2.614765e+01
4.131089e+01	8.581388e-01	5.709743e-04	3.190524e+01
4.750753e+01	7.876710e-01	5.069462e-04	3.914430e+01
5.463366e+01	7.205758e-01	4.398732e-04	4.826832e+01
6.282871e+01	6.566824e-01	3.912228e-04	5.980688e+01
7.225301e+01	5.968244e-01	3.432597e-04	7.444281e+01
8.309096e+01	5.412881e-01	3.052790e-04	9.304075e+01
9.555461e+01	4.889050e-01	2.692309e-04	1.167407e+02
1.098878e+02	4.400566e-01	2.364349e-04	1.470857e+02
1.263710e+02	3.958560e-01	2.097210e-04	1.860090e+02
1.453266e+02	3.578570e-01	1.855470e-04	2.357676e+02
1.671256e+02	3.228996e-01	1.649531e-04	2.993046e+02
1.921945e+02	2.908411e-01	1.434765e-04	3.805661e+02
2.210236e+02	2.615399e-01	1.285493e-04	4.846401e+02
2.541772e+02	2.348801e-01	1.117603e-04	6.180886e+02
2.923037e+02	2.107867e-01	9.911426e-05	7.893047e+02
3.361493e+02	1.889308e-01	8.758164e-05	1.009107e+03
3.865717e+02	1.691034e-01	7.582439e-05	1.291635e+03
4.445574e+02	1.513317e-01	6.787548e-05	1.654947e+03
5.112411e+02	1.357400e-01	5.877806e-05	2.121560e+03
5.879272e+02	1.217710e-01	5.163632e-05	2.719961e+03
6.761163e+02	1.092459e-01	4.522049e-05	3.487251e+03
7.775337e+02	9.805676e-02	0.000000e+00	4.470690e+03
8.941638e+02	8.807420e-02	0.000000e+00	5.730429e+03
1.028288e+03	7.918244e-02	0.000000e+00	7.342772e+03
1.182532e+03	7.127407e-02	0.000000e+00	9.404171e+03
1.359911e+03	6.425080e-02	0.000000e+00	1.203625e+04
1.563898e+03	5.801820e-02	0.000000e+00	1.539172e+04
1.798483e+03	5.249142e-02	0.000000e+00	1.966138e+04
2.068255e+03	4.760408e-02	0.000000e+00	2.508246e+04
2.378493e+03	4.328951e-02	0.000000e+00	3.194822e+04
2.735268e+03	3.948224e-02	0.000000e+00	4.061884e+04
3.145558e+03	3.613074e-02	0.000000e+00	5.153363e+04
3.617391e+03	3.318994e-02	0.000000e+00	6.522420e+04
4.160000e+03	3.061522e-02	0.000000e+00	8.232841e+04
4.784000e+03	2.836774e-02	0.000000e+00	1.036047e+05
5.501600e+03	2.641532e-02	0.000000e+00	1.299461e+05
6.326840e+03	2.472670e-02	0.000000e+00	1.623940e+05
7.275866e+03	2.327280e-02	0.000000e+00	2.021497e+05
8.367246e+03	2.203038e-02	0.000000e+00	2.505851e+05
9.622333e+03	2.097882e-02	0.000000e+00	3.092513e+05
