# Energy_MeV	dEdx_Elec_MeV_um	dEdx_Nucl_MeV_um	Range_um
1.000000e-05	4.748213e-03	2.875214e-02	4.212111e-03
1.150000e-05	5.091892e-03	3.191241e-02	4.516985e-03
1.322500e-05	5.460445e-03	3.536958e-02	4.843927e-03
1.520875e-05	5.855675e-03	3.918340e-02	5.194533e-03
1.749006e-05	6.279512e-03	4.338312e-02	5.570516e-03
2.011357e-05	6.734027e-03	4.800889e-02	5.973713e-03
2.313061e-05	7.221439e-03	5.302681e-02	6.406094e-03
2.660020e-05	7.744131e-03	5.857717e-02	6.869770e-03
3.059023e-05	8.304655e-03	6.469602e-02	7.367008e-03
3.517876e-05	8.905750e-03	7.137925e-02	7.900236e-03
4.045558e-05	9.550353e-03	7.851772e-02	8.472059e-03
4.652391e-05	1.024161e-02	8.637631e-02	9.085271e-03
5.350250e-05	1.098291e-02	9.526502e-02	9.742868e-03
6.152788e-05	1.177785e-02	1.048000e-01	1.044806e-02
7.075706e-05	1.263034e-02	1.151702e-01	1.120430e-02
8.137062e-05	1.354453e-02	1.262081e-01	1.201527e-02
9.357621e-05	1.452489e-02	1.382762e-01	1.288494e-02
1.076126e-04	1.557621e-02	1.518558e-01	1.381756e-02
1.237545e-04	1.670363e-02	1.663088e-01	1.481768e-02
1.423177e-04	1.791264e-02	1.819831e-01	1.589020e-02
1.636654e-04	1.920917e-02	1.989262e-01	1.704034e-02
1.882152e-04	2.059954e-02	2.170791e-01	1.827373e-02
2.164475e-04	2.209055e-02	2.365964e-01	1.959639e-02
2.489146e-04	2.368947e-02	2.573832e-01	2.101478e-02
2.862518e-04	2.540413e-02	2.800706e-01	2.253585e-02
3.291895e-04	2.724289e-02	3.043883e-01	2.416700e-02
3.785680e-04	2.921475e-02	3.295797e-01	2.591622e-02
4.353531e-04	3.132933e-02	3.561182e-01	2.779205e-02
5.006561e-04	3.359696e-02	3.858996e-01	2.980366e-02
5.757545e-04	3.602873e-02	4.174387e-01	3.196086e-02
6.621177e-04	3.863650e-02	4.502757e-01	3.427420e-02
7.614354e-04	4.143304e-02	4.843267e-01	3.675499e-02
8.756507e-04	4.443198e-02	5.193384e-01	3.941533e-02
1.006998e-03	4.764799e-02	5.584975e-01	4.226824e-02
1.158048e-03	5.109678e-02	5.991989e-01	4.532763e-02
1.331755e-03	5.479519e-02	6.408408e-01	4.860847e-02
1.531519e-03	5.876129e-02	6.843805e-01	5.212678e-02
1.761246e-03	6.301447e-02	7.293943e-01	5.589974e-02
2.025433e-03	6.757549e-02	7.758158e-01	5.994580e-02
2.329248e-03	7.246664e-02	8.216615e-01	6.428470e-02
2.678635e-03	7.771181e-02	8.694371e-01	6.893767e-02
3.080431e-03	8.333663e-02	9.186001e-01	7.392741e-02
3.542495e-03	8.936858e-02	9.674087e-01	7.927832e-02
4.073870e-03	9.583713e-02	1.013651e+00	8.501652e-02
4.684950e-03	1.027739e-01	1.060762e+00	9.117006e-02
5.387693e-03	1.102127e-01	1.112065e+00	9.776900e-02
6.195847e-03	1.181900e-01	1.160256e+00	1.048456e-01
7.125224e-03	1.267446e-01	1.206683e+00	1.124344e-01
8.194007e-03	1.359184e-01	1.249126e+00	1.205724e-01
9.423108e-03	1.457563e-01	1.290637e+00	1.292995e-01
1.083657e-02	1.563062e-01	1.334915e+00	1.386583e-01
1.246206e-02	1.676197e-01	1.374570e+00	1.486788e-01
1.433137e-02	1.797521e-01	1.411577e+00	1.594627e-01
1.648108e-02	1.927627e-01	1.446234e+00	1.710014e-01
1.895324e-02	2.067150e-01	1.477194e+00	1.833798e-01
2.179622e-02	2.216771e-01	1.505080e+00	1.966524e-01
2.506566e-02	2.377222e-01	1.529618e+00	2.108859e-01
2.882550e-02	2.549287e-01	1.552735e+00	2.261497e-01
3.314933e-02	2.733805e-01	1.572947e+00	2.425182e-01
3.812173e-02	2.931680e-01	1.588080e+00	2.600715e-01
4.383999e-02	3.143876e-01	1.599643e+00	2.788953e-01
5.041599e-02	3.371432e-01	1.611437e+00	2.990816e-01
5.797838e-02	3.615458e-01	1.619965e+00	3.207291e-01
6.667514e-02	3.877146e-01	1.623849e+00	3.439433e-01
7.667641e-02	4.157776e-01	1.623993e+00	3.688377e-01
8.817787e-02	4.458718e-01	1.619859e+00	3.955341e-01
1.014046e-01	4.781443e-01	1.614159e+00	4.241629e-01
1.166152e-01	5.127526e-01	1.604525e+00	4.548638e-01
1.341075e-01	5.498659e-01	1.590026e+00	4.877866e-01
1.542237e-01	5.896655e-01	1.571761e+00	5.230925e-01
1.773572e-01	6.323458e-01	1.549291e+00	5.609540e-01
2.039608e-01	6.781153e-01	1.522852e+00	6.015560e-01
2.345549e-01	7.271977e-01	1.492481e+00	6.450966e-01
2.697381e-01	7.798326e-01	1.457837e+00	6.917886e-01
3.101989e-01	8.362773e-01	1.419582e+00	7.418603e-01
3.567287e-01	8.968075e-01	1.378250e+00	7.955564e-01
4.102380e-01	9.617189e-01	1.335039e+00	8.531391e-01
4.717737e-01	1.031329e+00	1.288028e+00	9.148893e-01
5.425397e-01	1.105977e+00	1.236212e+00	9.811089e-01
6.239207e-01	1.186028e+00	1.183719e+00	1.052122e+00
7.175088e-01	1.271873e+00	1.129898e+00	1.128275e+00
8.251351e-01	1.363932e+00	1.077393e+00	1.209938e+00
9.489054e-01	1.462654e+00	1.022907e+00	1.297523e+00
1.091241e+00	1.568522e+00	9.642635e-01	1.391409e+00
1.254927e+00	1.667493e+00	9.080206e-01	1.492519e+00
1.443166e+00	1.770894e+00	8.521971e-01	1.602010e+00
1.659641e+00	9.404290e-01	7.970741e-01	1.720593e+00
1.908588e+00	1.008520e+00	7.442295e-01	1.849159e+00
2.194876e+00	1.081540e+00	6.936051e-01	1.988684e+00
2.524107e+00	1.159844e+00	6.451430e-01	2.140304e+00
2.902723e+00	1.238832e+00	5.966245e-01	2.305340e+00
3.338132e+00	1.321104e+00	5.498592e-01	2.485355e+00
3.838852e+00	1.439858e+00	5.087727e-01	2.682222e+00
4.414679e+00	1.581106e+00	4.711442e-01	2.898223e+00
5.076881e+00	1.731207e+00	4.299010e-01	3.136173e+00
5.838413e+00	1.894561e+00	3.954560e-01	3.399593e+00
6.714175e+00	2.072513e+00	3.700778e-01	3.692946e+00
7.721302e+00	2.258636e+00	3.425386e-01	4.021940e+00
8.879497e+00	2.463520e+00	3.108685e-01	4.347038e+00
1.021142e+01	2.675365e+00	2.744478e-01	4.182016e+00
1.174313e+01	2.899078e+00	2.438947e-01	4.041814e+00
1.350460e+01	3.139493e+00	2.205173e-01	3.928309e+00
1.553030e+01	3.409281e+00	1.987299e-01	3.843515e+00
1.785984e+01	3.712056e+00	1.792093e-01	3.789607e+00
2.053882e+01	4.039935e+00	1.609410e-01	3.768936e+00
2.361964e+01	4.401413e+00	1.454895e-01	3.783902e+00
2.716258e+01	4.806721e+00	1.309112e-01	3.837311e+00
3.123697e+01	5.211338e+00	1.171877e-01	3.931956e+00
3.592252e+01	5.652777e+00	1.053893e-01	4.070813e+00
4.131089e+01	6.111195e+00	9.536369e-02	4.257094e+00
4.750753e+01	6.562561e+00	8.585236e-02	4.494397e+00
5.463366e+01	7.039188e+00	7.602008e-02	4.786939e+00
6.282871e+01	7.463493e+00	6.771585e-02	5.139873e+00
7.225301e+01	7.907439e+00	6.048438e-02	5.559645e+00
8.309096e+01	8.340812e+00	5.441731e-02	6.054439e+00
9.555461e+01	8.734521e+00	4.876374e-02	6.634658e+00
1.098878e+02	9.129622e+00	4.300204e-02	7.313392e+00
1.263710e+02	9.391354e+00	3.817714e-02	8.107043e+00
1.453266e+02	9.671174e+00	3.390745e-02	9.036008e+00
1.671256e+02	9.963738e+00	3.003808e-02	1.012561e+01
1.921945e+02	1.015453e+01	2.668913e-02	1.140699e+01
2.210236e+02	1.323663e+01	2.377967e-02	1.291892e+01
2.541772e+02	1.279288e+01	2.120509e-02	1.470713e+01
2.923037e+02	1.245247e+01	1.878191e-02	1.683930e+01
3.361493e+02	1.204096e+01	1.659287e-02	1.938530e+01
3.865717e+02	1.158678e+01	1.483537e-02	2.242847e+01
4.445574e+02	1.109192e+01	1.333990e-02	2.608236e+01
5.112411e+02	1.058071e+01	1.170597e-02	3.049032e+01
5.879272e+02	1.006569e+01	1.028303e-02	3.582540e+01
6.761163e+02	9.538545e+00	9.114123e-03	4.230968e+01
7.775337e+02	9.021115e+00	8.101679e-03	5.024829e+01
8.941638e+02	8.509869e+00	7.271131e-03	6.002033e+01
1.028288e+03	8.067329e+00	6.357367e-03	7.203153e+01
1.182532e+03	7.643451e+00	5.574405e-03	8.678590e+01
1.359911e+03	7.216431e+00	4.934560e-03	1.049929e+02
1.563898e+03	6.789776e+00	4.344243e-03	1.275649e+02
1.798483e+03	6.367818e+00	3.839641e-03	1.556728e+02
2.068255e+03	5.953454e+00	3.374266e-03	1.908066e+02
2.378493e+03	5.548153e+00	2.997242e-03	2.348749e+02
2.735268e+03	5.146808e+00	2.647813e-03	2.903805e+02
3.145558e+03	4.759106e+00	2.326659e-03	3.605440e+02
3.617391e+03	4.396698e+00	2.062583e-03	4.493799e+02
4.160000e+03	4.055012e+00	1.840910e-03	5.619283e+02
4.784000e+03	3.730401e+00	1.631621e-03	7.047915e+02
5.501600e+03	3.423421e+00	1.420062e-03	8.864677e+02
6.326840e+03	3.134542e+00	1.245986e-03	1.117799e+03
7.275866e+03	2.866278e+00	1.097850e-03	1.412606e+03
8.367246e+03	2.618343e+00	9.759785e-04	1.788436e+03
9.622333e+03	2.389322e+00	8.624081e-04	2.267493e+03
