# Energy_MeV	dEdx_Elec_MeV_um	dEdx_Nucl_MeV_um	Range_um
1.000000e-05	2.391004e-03	2.565771e-02	6.563061e-03
1.150000e-05	2.579574e-03	2.792550e-02	7.038099e-03
1.322500e-05	2.781703e-03	3.044998e-02	7.547521e-03
1.520875e-05	2.998380e-03	3.303588e-02	8.093814e-03
1.749006e-05	3.230665e-03	3.586013e-02	8.679649e-03
2.011357e-05	3.479693e-03	3.879210e-02	9.307886e-03
2.313061e-05	3.746683e-03	4.208779e-02	9.981596e-03
2.660020e-05	4.032938e-03	4.545583e-02	1.070407e-02
3.059023e-05	4.339858e-03	4.909090e-02	1.147884e-02
3.517876e-05	4.668944e-03	5.296386e-02	1.230968e-02
4.045558e-05	5.021803e-03	5.684189e-02	1.320066e-02
4.652391e-05	5.400159e-03	6.123233e-02	1.415613e-02
5.350250e-05	5.805861e-03	6.558953e-02	1.518076e-02
6.152788e-05	6.240892e-03	7.026810e-02	1.627955e-02
7.075706e-05	6.707376e-03	7.523708e-02	1.745787e-02
8.137062e-05	7.207594e-03	8.025827e-02	1.872148e-02
9.357621e-05	7.743989e-03	8.547328e-02	2.007655e-02
1.076126e-04	8.319181e-03	9.068498e-02	2.152971e-02
1.237545e-04	8.935981e-03	9.614704e-02	2.308804e-02
1.423177e-04	9.597402e-03	1.017063e-01	2.475916e-02
1.636654e-04	1.030668e-02	1.073443e-01	2.655124e-02
1.882152e-04	1.106727e-02	1.126835e-01	2.847304e-02
2.164475e-04	1.188289e-02	1.182748e-01	3.053393e-02
2.489146e-04	1.275753e-02	1.241618e-01	3.274399e-02
2.862518e-04	1.369547e-02	1.293257e-01	3.511402e-02
3.291895e-04	1.470127e-02	1.352642e-01	3.765559e-02
3.785680e-04	1.577987e-02	1.400316e-01	4.038112e-02
4.353531e-04	1.693652e-02	1.452150e-01	4.330393e-02
5.006561e-04	1.817688e-02	1.503994e-01	4.643829e-02
5.757545e-04	1.950700e-02	1.547152e-01	4.979952e-02
6.621177e-04	2.093339e-02	1.596749e-01	5.340403e-02
7.614354e-04	2.246301e-02	1.635627e-01	5.726945e-02
8.756507e-04	2.410334e-02	1.675291e-01	6.141464e-02
1.006998e-03	2.586239e-02	1.710300e-01	6.585986e-02
1.158048e-03	2.774875e-02	1.741141e-01	7.062684e-02
1.331755e-03	2.977163e-02	1.771584e-01	7.573884e-02
1.531519e-03	3.194093e-02	1.794337e-01	8.122086e-02
1.761246e-03	3.426724e-02	1.816296e-01	8.709967e-02
2.025433e-03	3.676192e-02	1.832576e-01	9.335977e-02
2.329248e-03	3.943717e-02	1.848959e-01	1.001589e-01
2.678635e-03	4.230604e-02	1.858963e-01	1.074169e-01
3.080431e-03	4.538256e-02	1.866728e-01	1.151922e-01
3.542495e-03	4.868175e-02	1.871355e-01	1.235293e-01
4.073870e-03	5.221974e-02	1.869439e-01	1.324704e-01
4.684950e-03	5.601381e-02	1.866311e-01	1.420584e-01
5.387693e-03	6.008248e-02	1.856819e-01	1.523405e-01
6.195847e-03	6.444565e-02	1.843920e-01	1.633668e-01
7.125224e-03	6.912463e-02	1.827057e-01	1.751912e-01
8.194007e-03	7.414226e-02	1.804436e-01	1.878714e-01
9.423108e-03	7.952308e-02	1.777669e-01	2.014694e-01
1.083657e-02	8.529336e-02	1.746071e-01	2.160517e-01
1.246206e-02	9.148129e-02	1.709676e-01	2.316895e-01
1.433137e-02	9.811710e-02	1.669136e-01	2.484591e-01
1.648108e-02	1.052332e-01	1.623767e-01	2.664425e-01
1.895324e-02	1.128644e-01	1.577047e-01	2.857275e-01
2.179622e-02	1.210479e-01	1.524697e-01	3.064085e-01
2.506566e-02	1.298238e-01	1.467711e-01	3.285863e-01
2.882550e-02	1.392348e-01	1.411649e-01	3.523694e-01
3.314933e-02	1.493271e-01	1.347320e-01	3.778738e-01
3.812173e-02	1.601498e-01	1.290274e-01	4.052243e-01
4.383999e-02	1.717559e-01	1.225950e-01	4.345546e-01
5.041599e-02	1.842020e-01	1.159901e-01	4.660077e-01
5.797838e-02	1.975489e-01	1.098871e-01	4.997373e-01
6.667514e-02	2.118620e-01	1.029261e-01	5.359082e-01
7.667641e-02	2.272110e-01	9.689095e-02	5.746975e-01
8.817787e-02	2.436710e-01	9.051265e-02	6.162943e-01
1.014046e-01	2.613223e-01	8.449867e-02	6.609019e-01
1.166152e-01	2.802513e-01	7.876708e-02	7.087378e-01
1.341075e-01	3.005504e-01	7.282117e-02	7.600365e-01
1.542237e-01	3.223187e-01	6.769523e-02	8.150495e-01
1.773572e-01	3.456626e-01	6.249778e-02	8.740333e-01
2.039608e-01	3.706971e-01	5.788233e-02	9.373655e-01
2.345549e-01	3.975445e-01	5.293333e-02	1.005838e+00
2.697381e-01	4.263351e-01	4.907889e-02	1.079992e+00
3.101989e-01	4.572095e-01	4.545425e-02	1.160356e+00
3.567287e-01	4.903187e-01	4.174401e-02	1.247527e+00
4.102380e-01	5.258226e-01	3.842699e-02	1.329539e+00
4.717737e-01	5.638923e-01	3.461241e-02	1.386535e+00
5.425397e-01	5.976620e-01	3.121599e-02	1.443150e+00
6.239207e-01	6.414306e-01	2.791560e-02	1.499212e+00
7.175088e-01	7.015549e-01	2.490468e-02	1.554655e+00
8.251351e-01	7.649421e-01	2.246401e-02	1.609555e+00
9.489054e-01	8.345933e-01	2.023637e-02	1.664176e+00
1.091241e+00	9.031041e-01	1.829449e-02	1.719016e+00
1.254927e+00	9.757555e-01	1.644034e-02	1.774850e+00
1.443166e+00	1.049834e+00	1.478498e-02	1.832791e+00
1.659641e+00	1.118082e+00	1.324740e-02	1.894374e+00
1.908588e+00	1.187338e+00	1.198665e-02	1.961574e+00
2.194876e+00	1.237589e+00	1.073846e-02	2.036893e+00
2.524107e+00	1.292071e+00	9.572396e-03	2.123414e+00
2.902723e+00	1.350704e+00	8.643134e-03	2.224866e+00
3.338132e+00	1.396181e+00	7.591196e-03	2.345699e+00
3.838852e+00	1.439999e+00	6.888538e-03	2.491132e+00
4.414679e+00	1.473273e+00	6.120292e-03	2.667225e+00
5.076881e+00	1.501932e+00	5.437597e-03	2.880966e+00
5.838413e+00	1.525648e+00	4.889784e-03	3.140370e+00
6.714175e+00	1.541873e+00	4.272611e-03	3.454653e+00
7.721302e+00	1.555552e+00	3.833829e-03	3.834494e+00
8.879497e+00	1.559384e+00	3.388536e-03	4.292455e+00
1.021142e+01	1.556258e+00	3.017660e-03	4.843579e+00
1.174313e+01	1.546941e+00	2.688318e-03	5.506217e+00
1.350460e+01	1.527570e+00	2.368377e-03	6.303119e+00
1.553030e+01	1.502820e+00	2.123045e-03	7.262835e+00
1.785984e+01	1.469486e+00	1.881676e-03	8.421493e+00
2.053882e+01	1.430120e+00	1.686432e-03	9.825069e+00
2.361964e+01	1.384235e+00	1.482856e-03	1.153222e+01
2.716258e+01	1.332869e+00	1.326084e-03	1.361801e+01
3.123697e+01	1.275695e+00	1.169291e-03	1.617841e+01
3.592252e+01	1.213740e+00	1.032092e-03	1.933707e+01
4.131089e+01	1.242394e+00	9.227511e-04	2.324862e+01
4.750753e+01	1.147670e+00	8.074653e-04	2.812165e+01
5.463366e+01	1.059253e+00	7.213169e-04	3.422824e+01
6.282871e+01	9.741845e-01	6.339396e-04	4.188260e+01
7.225301e+01	8.927652e-01	5.563671e-04	5.151093e+01
8.309096e+01	8.151621e-01	4.904976e-04	6.366722e+01
9.555461e+01	7.424032e-01	4.324489e-04	7.905945e+01
1.098878e+02	6.745973e-01	3.835282e-04	9.859100e+01
1.263710e+02	6.097187e-01	3.379238e-04	1.234733e+02
1.453266e+02	5.497150e-01	2.988379e-04	1.553256e+02
1.671256e+02	4.964794e-01	2.631279e-04	1.961109e+02
1.921945e+02	4.493592e-01	2.344971e-04	2.481547e+02
2.210236e+02	4.058827e-01	2.064115e-04	3.145991e+02
2.541772e+02	3.658801e-01	1.814067e-04	3.995824e+02
2.923037e+02	3.292565e-01	1.614815e-04	5.084431e+02
3.361493e+02	2.958999e-01	1.392197e-04	6.480502e+02
3.865717e+02	2.657087e-01	1.250266e-04	8.271931e+02
4.445574e+02	2.381447e-01	1.092861e-04	1.057270e+03
5.112411e+02	2.132371e-01	9.597246e-05	1.353129e+03
5.879272e+02	1.910022e-01	8.517526e-05	1.733556e+03
6.761163e+02	1.714155e-01	7.313821e-05	2.221940e+03
7.775337e+02	1.538018e-01	6.489218e-05	2.848244e+03
8.941638e+02	1.380146e-01	5.650570e-05	3.651341e+03
1.028288e+03	1.239163e-01	4.974498e-05	4.680578e+03
1.182532e+03	1.113399e-01	4.371792e-05	5.998758e+03
1.359911e+03	1.001363e-01	0.000000e+00	7.685446e+03
1.563898e+03	9.017528e-02	0.000000e+00	9.841122e+03
1.798483e+03	8.133292e-02	0.000000e+00	1.259238e+04
2.068255e+03	7.348594e-02	0.000000e+00	1.609790e+04
2.378493e+03	6.653213e-02	0.000000e+00	2.055568e+04
2.735268e+03	6.038814e-02	0.000000e+00	2.621144e+04
3.145558e+03	5.496496e-02	0.000000e+00	3.336840e+04
3.617391e+03	5.018179e-02	0.000000e+00	4.239824e+04
4.160000e+03	4.597629e-02	0.000000e+00	5.375314e+04
4.784000e+03	4.228930e-02	0.000000e+00	6.797895e+04
5.501600e+03	3.906249e-02	0.000000e+00	8.572881e+04
6.326840e+03	3.624870e-02	0.000000e+00	1.077771e+05
7.275866e+03	3.380808e-02	0.000000e+00	1.350331e+05
8.367246e+03	3.169968e-02	0.000000e+00	1.685531e+05
9.622333e+03	2.988760e-02	0.000000e+00	2.095523e+05
