# Energy_MeV	dEdx_Elec_MeV_um	dEdx_Nucl_MeV_um	Range_um
1.000000e-05	2.147516e-03	2.964076e-02	6.602660e-03
1.150000e-05	2.316785e-03	3.239595e-02	7.080564e-03
1.322500e-05	2.498226e-03	3.544192e-02	7.593059e-03
1.520875e-05	2.692727e-03	3.865401e-02	8.142649e-03
1.749006e-05	2.901240e-03	4.210053e-02	8.732018e-03
2.011357e-05	3.124783e-03	4.586868e-02	9.364046e-03
2.313061e-05	3.364450e-03	4.982034e-02	1.004182e-02
2.660020e-05	3.621412e-03	5.417806e-02	1.076865e-02
3.059023e-05	3.896925e-03	5.855742e-02	1.154809e-02
3.517876e-05	4.192335e-03	6.347174e-02	1.238395e-02
4.045558e-05	4.509086e-03	6.868915e-02	1.328031e-02
4.652391e-05	4.848727e-03	7.412527e-02	1.424154e-02
5.350250e-05	5.212915e-03	8.014126e-02	1.527235e-02
6.152788e-05	5.603431e-03	8.594365e-02	1.637778e-02
7.075706e-05	6.022184e-03	9.249196e-02	1.756321e-02
8.137062e-05	6.471217e-03	9.928743e-02	1.883444e-02
9.357621e-05	6.952727e-03	1.062897e-01	2.019769e-02
1.076126e-04	7.469064e-03	1.139631e-01	2.165961e-02
1.237545e-04	8.022752e-03	1.214702e-01	2.322734e-02
1.423177e-04	8.616496e-03	1.294928e-01	2.490855e-02
1.636654e-04	9.253196e-03	1.375799e-01	2.671144e-02
1.882152e-04	9.935963e-03	1.457451e-01	2.864483e-02
2.164475e-04	1.066813e-02	1.544029e-01	3.071816e-02
2.489146e-04	1.145328e-02	1.628411e-01	3.294156e-02
2.862518e-04	1.229525e-02	1.713063e-01	3.532588e-02
3.291895e-04	1.319814e-02	1.796910e-01	3.788279e-02
3.785680e-04	1.416637e-02	1.884892e-01	4.062477e-02
4.353531e-04	1.520467e-02	1.967752e-01	4.356521e-02
5.006561e-04	1.631812e-02	2.056933e-01	4.671848e-02
5.757545e-04	1.751215e-02	2.134118e-01	5.009999e-02
6.621177e-04	1.879259e-02	2.212054e-01	5.372625e-02
7.614354e-04	2.016570e-02	2.290345e-01	5.761499e-02
8.756507e-04	2.163819e-02	2.360085e-01	6.178519e-02
1.006998e-03	2.321725e-02	2.434784e-01	6.625724e-02
1.158048e-03	2.491060e-02	2.497046e-01	7.105297e-02
1.331755e-03	2.672651e-02	2.559938e-01	7.619582e-02
1.531519e-03	2.867385e-02	2.613395e-01	8.171091e-02
1.761246e-03	3.076213e-02	2.661941e-01	8.762519e-02
2.025433e-03	3.300156e-02	2.708183e-01	9.396755e-02
2.329248e-03	3.540308e-02	2.745215e-01	1.007690e-01
2.678635e-03	3.797841e-02	2.781770e-01	1.080627e-01
3.080431e-03	4.074014e-02	2.806296e-01	1.158273e-01
3.542495e-03	4.370177e-02	2.830845e-01	1.242629e-01
4.073870e-03	4.687776e-02	2.849280e-01	1.332701e-01
4.684950e-03	5.028362e-02	2.861260e-01	1.429164e-01
5.387693e-03	5.393599e-02	2.870800e-01	1.532602e-01
6.195847e-03	5.785273e-02	2.868246e-01	1.643531e-01
7.125224e-03	6.205296e-02	2.863693e-01	1.762488e-01
8.194007e-03	6.655719e-02	2.851625e-01	1.890055e-01
9.423108e-03	7.138745e-02	2.832663e-01	2.026857e-01
1.083657e-02	7.656732e-02	2.808450e-01	2.173559e-01
1.246206e-02	8.212211e-02	2.774868e-01	2.330880e-01
1.433137e-02	8.807896e-02	2.735243e-01	2.499587e-01
1.648108e-02	9.446696e-02	2.688048e-01	2.680507e-01
1.895324e-02	1.013173e-01	2.633836e-01	2.874522e-01
2.179622e-02	1.086635e-01	2.572403e-01	3.082579e-01
2.506566e-02	1.165415e-01	2.504727e-01	3.305695e-01
2.882550e-02	1.249896e-01	2.432760e-01	3.544959e-01
3.314933e-02	1.340492e-01	2.354532e-01	3.801544e-01
3.812173e-02	1.437645e-01	2.268844e-01	4.076700e-01
4.383999e-02	1.541831e-01	2.182029e-01	4.371771e-01
5.041599e-02	1.653557e-01	2.085531e-01	4.688199e-01
5.797838e-02	1.773371e-01	1.995419e-01	5.027530e-01
6.667514e-02	1.901856e-01	1.898985e-01	5.391425e-01
7.667641e-02	2.039641e-01	1.798566e-01	5.781657e-01
8.817787e-02	2.187399e-01	1.703176e-01	6.200134e-01
1.014046e-01	2.345852e-01	1.597870e-01	6.648898e-01
1.166152e-01	2.515774e-01	1.503732e-01	7.130147e-01
1.341075e-01	2.697995e-01	1.404067e-01	7.646231e-01
1.542237e-01	2.893406e-01	1.312029e-01	8.199667e-01
1.773572e-01	3.102960e-01	1.223813e-01	8.793158e-01
2.039608e-01	3.327681e-01	1.133196e-01	9.429610e-01
2.345549e-01	3.568669e-01	1.053172e-01	1.011214e+00
2.697381e-01	3.827098e-01	9.694538e-02	1.084395e+00
3.101989e-01	4.104241e-01	9.002630e-02	1.162960e+00
3.567287e-01	4.401452e-01	8.263531e-02	1.247887e+00
4.102380e-01	4.720175e-01	7.603516e-02	1.339862e+00
4.717737e-01	5.061968e-01	7.053667e-02	1.439536e+00
5.425397e-01	5.428499e-01	6.498957e-02	1.547649e+00
6.239207e-01	5.821561e-01	6.005087e-02	1.665056e+00
7.175088e-01	6.243037e-01	5.437136e-02	1.753187e+00
8.251351e-01	6.627125e-01	4.859580e-02	1.815939e+00
9.489054e-01	7.118804e-01	4.359683e-02	1.877430e+00
1.091241e+00	7.802803e-01	3.881351e-02	1.937609e+00
1.254927e+00	8.537320e-01	3.514594e-02	1.996624e+00
1.443166e+00	9.352300e-01	3.161323e-02	2.054841e+00
1.659641e+00	1.018230e+00	2.850017e-02	2.112900e+00
1.908588e+00	1.108489e+00	2.572089e-02	2.171763e+00
2.194876e+00	1.203249e+00	2.306346e-02	2.232778e+00
2.524107e+00	1.295563e+00	2.073905e-02	2.297746e+00
2.902723e+00	1.391989e+00	1.867812e-02	2.368928e+00
3.338132e+00	1.466004e+00	1.679671e-02	2.449238e+00
3.838852e+00	1.546900e+00	1.500111e-02	2.542169e+00
4.414679e+00	1.634159e+00	1.350093e-02	2.651920e+00
5.076881e+00	1.705484e+00	1.188805e-02	2.783442e+00
5.838413e+00	1.775395e+00	1.073996e-02	2.942485e+00
6.714175e+00	1.830746e+00	9.580070e-03	3.135676e+00
7.721302e+00	1.881378e+00	8.515771e-03	3.370552e+00
8.879497e+00	1.925524e+00	7.642544e-03	3.655657e+00
1.021142e+01	1.960713e+00	6.691373e-03	4.000708e+00
1.174313e+01	1.993878e+00	5.999482e-03	4.416834e+00
1.350460e+01	2.013642e+00	5.290410e-03	4.916992e+00
1.553030e+01	2.025249e+00	4.712661e-03	5.516574e+00
1.785984e+01	2.029071e+00	4.204831e-03	6.234236e+00
2.053882e+01	2.019251e+00	3.708376e-03	7.092984e+00
2.361964e+01	2.003085e+00	3.324146e-03	8.121549e+00
2.716258e+01	1.974357e+00	2.928987e-03	9.356128e+00
3.123697e+01	1.936124e+00	2.636131e-03	1.084254e+01
3.592252e+01	1.888651e+00	2.331990e-03	1.263900e+01
4.131089e+01	1.834318e+00	2.069936e-03	1.481954e+01
4.750753e+01	1.772332e+00	1.833099e-03	1.747840e+01
5.463366e+01	1.702162e+00	1.608091e-03	2.073648e+01
6.282871e+01	1.806044e+00	1.442912e-03	2.474420e+01
7.225301e+01	1.677819e+00	1.270705e-03	2.970390e+01
8.309096e+01	1.557190e+00	1.126316e-03	3.588069e+01
9.555461e+01	1.439961e+00	9.943104e-04	4.357633e+01
1.098878e+02	1.326775e+00	8.696749e-04	5.320147e+01
1.263710e+02	1.217815e+00	7.699792e-04	6.529007e+01
1.453266e+02	1.114767e+00	6.778451e-04	8.052440e+01
1.671256e+02	1.017851e+00	5.988508e-04	9.977347e+01
1.921945e+02	9.244788e-01	5.304815e-04	1.242034e+02
2.210236e+02	8.373081e-01	4.672868e-04	1.553775e+02
2.541772e+02	7.592505e-01	4.125320e-04	1.951922e+02
2.923037e+02	6.899053e-01	3.661276e-04	2.458857e+02
3.361493e+02	6.254003e-01	3.237490e-04	3.104859e+02
3.865717e+02	5.655631e-01	2.845514e-04	3.929948e+02
4.445574e+02	5.103761e-01	2.527826e-04	4.985799e+02
5.112411e+02	4.597678e-01	2.181580e-04	6.338986e+02
5.879272e+02	4.136917e-01	1.952692e-04	8.074757e+02
6.761163e+02	3.714176e-01	1.714826e-04	1.030367e+03
7.775337e+02	3.330334e-01	1.503460e-04	1.316989e+03
8.941638e+02	2.986236e-01	1.333984e-04	1.685600e+03
1.028288e+03	2.682489e-01	1.146345e-04	2.158932e+03
1.182532e+03	2.408452e-01	1.017857e-04	2.766067e+03
1.359911e+03	2.162165e-01	8.837674e-05	3.544759e+03
1.563898e+03	1.941953e-01	7.772465e-05	4.542921e+03
1.798483e+03	1.745294e-01	6.853167e-05	5.821529e+03
2.068255e+03	1.569838e-01	5.950459e-05	7.457824e+03
2.378493e+03	1.413721e-01	5.277148e-05	9.549348e+03
2.735268e+03	1.275130e-01	4.581524e-05	1.221899e+04
3.145558e+03	1.152118e-01	0.000000e+00	1.562083e+04
3.617391e+03	1.043077e-01	0.000000e+00	1.994710e+04
4.160000e+03	9.467370e-02	0.000000e+00	2.543647e+04
4.784000e+03	8.617099e-02	0.000000e+00	3.238349e+04
5.501600e+03	7.867185e-02	0.000000e+00	4.114926e+04
6.326840e+03	7.208021e-02	0.000000e+00	5.217325e+04
7.275866e+03	6.630229e-02	0.000000e+00	6.598607e+04
8.367246e+03	6.124116e-02	0.000000e+00	8.322280e+04
9.622333e+03	5.682364e-02	0.000000e+00	1.046366e+05
