# Energy_MeV	dEdx_Elec_MeV_um	dEdx_Nucl_MeV_um	Range_um
1.000000e-05	2.218814e-03	2.932482e-02	6.369593e-03
1.150000e-05	2.394321e-03	3.199657e-02	6.830627e-03
1.322500e-05	2.582442e-03	3.499614e-02	7.325031e-03
1.520875e-05	2.784097e-03	3.817245e-02	7.855221e-03
1.749006e-05	3.000273e-03	4.153247e-02	8.423786e-03
2.011357e-05	3.232028e-03	4.529549e-02	9.033504e-03
2.313061e-05	3.480493e-03	4.913285e-02	9.687354e-03
2.660020e-05	3.746884e-03	5.336922e-02	1.038853e-02
3.059023e-05	4.032503e-03	5.769830e-02	1.114046e-02
3.517876e-05	4.338746e-03	6.254047e-02	1.194681e-02
4.045558e-05	4.667108e-03	6.758565e-02	1.281153e-02
4.652391e-05	5.019196e-03	7.302505e-02	1.373883e-02
5.350250e-05	5.396728e-03	7.872230e-02	1.473325e-02
6.152788e-05	5.801550e-03	8.452769e-02	1.579966e-02
7.075706e-05	6.235640e-03	9.095000e-02	1.694324e-02
8.137062e-05	6.701119e-03	9.748325e-02	1.816960e-02
9.357621e-05	7.200260e-03	1.044888e-01	1.948473e-02
1.076126e-04	7.735503e-03	1.117688e-01	2.089504e-02
1.237545e-04	8.309462e-03	1.192808e-01	2.240744e-02
1.423177e-04	8.924942e-03	1.269565e-01	2.402930e-02
1.636654e-04	9.584949e-03	1.347879e-01	2.576855e-02
1.882152e-04	1.029271e-02	1.428292e-01	2.763370e-02
2.164475e-04	1.105168e-02	1.510075e-01	2.963384e-02
2.489146e-04	1.186556e-02	1.594497e-01	3.177875e-02
2.862518e-04	1.273834e-02	1.672938e-01	3.407891e-02
3.291895e-04	1.367428e-02	1.756797e-01	3.654556e-02
3.785680e-04	1.467795e-02	1.842291e-01	3.919075e-02
4.353531e-04	1.575425e-02	1.919879e-01	4.202740e-02
5.006561e-04	1.690844e-02	2.008794e-01	4.506936e-02
5.757545e-04	1.814616e-02	2.077669e-01	4.833151e-02
6.621177e-04	1.947346e-02	2.155581e-01	5.182977e-02
7.614354e-04	2.089682e-02	2.229954e-01	5.558123e-02
8.756507e-04	2.242319e-02	2.294879e-01	5.960423e-02
1.006998e-03	2.406004e-02	2.368675e-01	6.391842e-02
1.158048e-03	2.581535e-02	2.424553e-01	6.854487e-02
1.331755e-03	2.769771e-02	2.484507e-01	7.350618e-02
1.531519e-03	2.971631e-02	2.534800e-01	7.882660e-02
1.761246e-03	3.188101e-02	2.579416e-01	8.453211e-02
2.025433e-03	3.420238e-02	2.624662e-01	9.065059e-02
2.329248e-03	3.669177e-02	2.657768e-01	9.721192e-02
2.678635e-03	3.936134e-02	2.690929e-01	1.042482e-01
3.080431e-03	4.222413e-02	2.713834e-01	1.117789e-01
3.542495e-03	4.529412e-02	2.736516e-01	1.198897e-01
4.073870e-03	4.858632e-02	2.751860e-01	1.285650e-01
4.684950e-03	5.211681e-02	2.763785e-01	1.378713e-01
5.387693e-03	5.590283e-02	2.769151e-01	1.478502e-01
6.195847e-03	5.996288e-02	2.766543e-01	1.585515e-01
7.125224e-03	6.431680e-02	2.760580e-01	1.700273e-01
8.194007e-03	6.898585e-02	2.746684e-01	1.823337e-01
9.423108e-03	7.399285e-02	2.727656e-01	1.955309e-01
1.083657e-02	7.936226e-02	2.701545e-01	2.096833e-01
1.246206e-02	8.512030e-02	2.667902e-01	2.248601e-01
1.433137e-02	9.129511e-02	2.627594e-01	2.411354e-01
1.648108e-02	9.791686e-02	2.580482e-01	2.585887e-01
1.895324e-02	1.050179e-01	2.526098e-01	2.773052e-01
2.179622e-02	1.126329e-01	2.465615e-01	2.973765e-01
2.506566e-02	1.207991e-01	2.397869e-01	3.189006e-01
2.882550e-02	1.295563e-01	2.328402e-01	3.419826e-01
3.314933e-02	1.389474e-01	2.250118e-01	3.667352e-01
3.812173e-02	1.490183e-01	2.166114e-01	3.932794e-01
4.383999e-02	1.598180e-01	2.082164e-01	4.217450e-01
5.041599e-02	1.713995e-01	1.986256e-01	4.522710e-01
5.797838e-02	1.838192e-01	1.902209e-01	4.850064e-01
6.667514e-02	1.971379e-01	1.805877e-01	5.201110e-01
7.667641e-02	2.114206e-01	1.709739e-01	5.577567e-01
8.817787e-02	2.267371e-01	1.618165e-01	5.981274e-01
1.014046e-01	2.431622e-01	1.514921e-01	6.414200e-01
1.166152e-01	2.607761e-01	1.426532e-01	6.878460e-01
1.341075e-01	2.796650e-01	1.331034e-01	7.376322e-01
1.542237e-01	2.999210e-01	1.242900e-01	7.910223e-01
1.773572e-01	3.216432e-01	1.159097e-01	8.482772e-01
2.039608e-01	3.449376e-01	1.071144e-01	9.096740e-01
2.345549e-01	3.699181e-01	9.953170e-02	9.755229e-01
2.697381e-01	3.967068e-01	9.177013e-02	1.046112e+00
3.101989e-01	4.254361e-01	8.501902e-02	1.122157e+00
3.567287e-01	4.562448e-01	7.793256e-02	1.204511e+00
4.102380e-01	4.892834e-01	7.207828e-02	1.293707e+00
4.717737e-01	5.247135e-01	6.658961e-02	1.390414e+00
5.425397e-01	5.627080e-01	6.150464e-02	1.495372e+00
6.239207e-01	6.034519e-01	5.655929e-02	1.602802e+00
7.175088e-01	6.434951e-01	5.087214e-02	1.661765e+00
8.251351e-01	6.845079e-01	4.571629e-02	1.719583e+00
9.489054e-01	7.458440e-01	4.072498e-02	1.776175e+00
1.091241e+00	8.179264e-01	3.657482e-02	1.831595e+00
1.254927e+00	8.943469e-01	3.290801e-02	1.886079e+00
1.443166e+00	9.764461e-01	2.970225e-02	1.940091e+00
1.659641e+00	1.065631e+00	2.676058e-02	1.994374e+00
1.908588e+00	1.155547e+00	2.408835e-02	2.050002e+00
2.194876e+00	1.251926e+00	2.169923e-02	2.108441e+00
2.524107e+00	1.345073e+00	1.937548e-02	2.171577e+00
2.902723e+00	1.428748e+00	1.757680e-02	2.241823e+00
3.338132e+00	1.508279e+00	1.570487e-02	2.322157e+00
3.838852e+00	1.590239e+00	1.404753e-02	2.416161e+00
4.414679e+00	1.673152e+00	1.264635e-02	2.528100e+00
5.076881e+00	1.742178e+00	1.109692e-02	2.662953e+00
5.838413e+00	1.802889e+00	1.008932e-02	2.826488e+00
6.714175e+00	1.862059e+00	8.948173e-03	3.025297e+00
7.721302e+00	1.903307e+00	7.976311e-03	3.266866e+00
8.879497e+00	1.944287e+00	7.150033e-03	3.559684e+00
1.021142e+01	1.979359e+00	6.252199e-03	3.913432e+00
1.174313e+01	2.003696e+00	5.614355e-03	4.339282e+00
1.350460e+01	2.023576e+00	4.953430e-03	4.850378e+00
1.553030e+01	2.027148e+00	4.413601e-03	5.462492e+00
1.785984e+01	2.024864e+00	3.938993e-03	6.194928e+00
2.053882e+01	2.012879e+00	3.472276e-03	7.071659e+00
2.361964e+01	1.988813e+00	3.107776e-03	8.122772e+00
2.716258e+01	1.956897e+00	2.751666e-03	9.386273e+00
3.123697e+01	1.912540e+00	2.466062e-03	1.091038e+01
3.592252e+01	1.861655e+00	2.178774e-03	1.275636e+01
4.131089e+01	1.803282e+00	1.941351e-03	1.500232e+01
4.750753e+01	1.737472e+00	1.704768e-03	1.774757e+01
5.463366e+01	1.874297e+00	1.512630e-03	2.111922e+01
6.282871e+01	1.738812e+00	1.347632e-03	2.527650e+01
7.225301e+01	1.615574e+00	1.186195e-03	3.044254e+01
8.309096e+01	1.496515e+00	1.055627e-03	3.687710e+01
9.555461e+01	1.381589e+00	9.237670e-04	4.490841e+01
1.098878e+02	1.270121e+00	8.154100e-04	5.497432e+01
1.263710e+02	1.164014e+00	7.158934e-04	6.764148e+01
1.453266e+02	1.064160e+00	6.334498e-04	8.362539e+01
1.671256e+02	9.691728e-01	5.595571e-04	1.038608e+02
1.921945e+02	8.788394e-01	4.939235e-04	1.296197e+02
2.210236e+02	7.949982e-01	4.378534e-04	1.625315e+02
2.541772e+02	7.229198e-01	3.837754e-04	2.044958e+02
2.923037e+02	6.561432e-01	3.432655e-04	2.579212e+02
3.361493e+02	5.940773e-01	3.016370e-04	3.260861e+02
3.865717e+02	5.366226e-01	2.658376e-04	4.132352e+02
4.445574e+02	4.837729e-01	2.357635e-04	5.248553e+02
5.112411e+02	4.355195e-01	2.034774e-04	6.679793e+02
5.879272e+02	3.915229e-01	1.828172e-04	8.516516e+02
6.761163e+02	3.511819e-01	1.597603e-04	1.087695e+03
7.775337e+02	3.148065e-01	1.406007e-04	1.391314e+03
8.941638e+02	2.826116e-01	1.243031e-04	1.781524e+03
1.028288e+03	2.538023e-01	1.070726e-04	2.282210e+03
1.182532e+03	2.278420e-01	9.488187e-05	2.924416e+03
1.359911e+03	2.045809e-01	8.257112e-05	3.747867e+03
1.563898e+03	1.838019e-01	7.262173e-05	4.803063e+03
1.798483e+03	1.652543e-01	6.396982e-05	6.154113e+03
2.068255e+03	1.487250e-01	5.564809e-05	7.882094e+03
2.378493e+03	1.340385e-01	4.914333e-05	1.008928e+04
2.735268e+03	1.210042e-01	0.000000e+00	1.290422e+04
3.145558e+03	1.094378e-01	0.000000e+00	1.648768e+04
3.617391e+03	9.920292e-02	0.000000e+00	2.103977e+04
4.160000e+03	9.016862e-02	0.000000e+00	2.680818e+04
4.784000e+03	8.219559e-02	0.000000e+00	3.409756e+04
5.501600e+03	7.517425e-02	0.000000e+00	4.328003e+04
6.326840e+03	6.901358e-02	0.000000e+00	5.480668e+04
7.275866e+03	6.361541e-02	0.000000e+00	6.921978e+04
8.367246e+03	5.889269e-02	0.000000e+00	8.716532e+04
9.622333e+03	5.478378e-02	0.000000e+00	1.094056e+05
