# Energy_MeV	dEdx_Elec_MeV_um	dEdx_Nucl_MeV_um	Range_um
1.000000e-05	2.481146e-03	3.105343e-02	4.862525e-03
1.150000e-05	2.683879e-03	3.406020e-02	5.214477e-03
1.322500e-05	2.901095e-03	3.727231e-02	5.591903e-03
1.520875e-05	3.133859e-03	4.089183e-02	5.996648e-03
1.749006e-05	3.383312e-03	4.463739e-02	6.430689e-03
2.011357e-05	3.650674e-03	4.878889e-02	6.896145e-03
2.313061e-05	3.937256e-03	5.319782e-02	7.395292e-03
2.660020e-05	4.244459e-03	5.789229e-02	7.930567e-03
3.059023e-05	4.573785e-03	6.307954e-02	8.504586e-03
3.517876e-05	4.926845e-03	6.847270e-02	9.120152e-03
4.045558e-05	5.305366e-03	7.426911e-02	9.780274e-03
4.652391e-05	5.711196e-03	8.036546e-02	1.048817e-02
5.350250e-05	6.146321e-03	8.708606e-02	1.124731e-02
6.152788e-05	6.612866e-03	9.404125e-02	1.206140e-02
7.075706e-05	7.113112e-03	1.017054e-01	1.293441e-02
8.137062e-05	7.649502e-03	1.094078e-01	1.387061e-02
9.357621e-05	8.224659e-03	1.175882e-01	1.487457e-02
1.076126e-04	8.841391e-03	1.264635e-01	1.595120e-02
1.237545e-04	9.502712e-03	1.354378e-01	1.710576e-02
1.423177e-04	1.021185e-02	1.453096e-01	1.834388e-02
1.636654e-04	1.097228e-02	1.551524e-01	1.967162e-02
1.882152e-04	1.178771e-02	1.657025e-01	2.109547e-02
2.164475e-04	1.266212e-02	1.761888e-01	2.262237e-02
2.489146e-04	1.359979e-02	1.869315e-01	2.425979e-02
2.862518e-04	1.460529e-02	1.981685e-01	2.601572e-02
3.291895e-04	1.568355e-02	2.092060e-01	2.789875e-02
3.785680e-04	1.683982e-02	2.209516e-01	2.991808e-02
4.353531e-04	1.807976e-02	2.315410e-01	3.208357e-02
5.006561e-04	1.940942e-02	2.431490e-01	3.440579e-02
5.757545e-04	2.083530e-02	2.546199e-01	3.689610e-02
6.621177e-04	2.236436e-02	2.655511e-01	3.956666e-02
7.614354e-04	2.400408e-02	2.773654e-01	4.243052e-02
8.756507e-04	2.576247e-02	2.869178e-01	4.550166e-02
1.006998e-03	2.764812e-02	2.975548e-01	4.879510e-02
1.158048e-03	2.967023e-02	3.074785e-01	5.232691e-02
1.331755e-03	3.183869e-02	3.166337e-01	5.611436e-02
1.531519e-03	3.416409e-02	3.263041e-01	6.017595e-02
1.761246e-03	3.665779e-02	3.341429e-01	6.453151e-02
2.025433e-03	3.933198e-02	3.420401e-01	6.920234e-02
2.329248e-03	4.219972e-02	3.488838e-01	7.421124e-02
2.678635e-03	4.527501e-02	3.549435e-01	7.958269e-02
3.080431e-03	4.857288e-02	3.608234e-01	8.532963e-02
3.542495e-03	5.210945e-02	3.654924e-01	9.152300e-02
4.073870e-03	5.590199e-02	3.696651e-01	9.814589e-02
4.684950e-03	5.996903e-02	3.728977e-01	1.052507e-01
5.387693e-03	6.433044e-02	3.758541e-01	1.128683e-01
6.195847e-03	6.900752e-02	3.777554e-01	1.210376e-01
7.125224e-03	7.402312e-02	3.794420e-01	1.297983e-01
8.194007e-03	7.940175e-02	3.797653e-01	1.391930e-01
9.423108e-03	8.516968e-02	3.794033e-01	1.492677e-01
1.083657e-02	9.135509e-02	3.783872e-01	1.600715e-01
1.246206e-02	9.798821e-02	3.762799e-01	1.716574e-01
1.433137e-02	1.051014e-01	3.736046e-01	1.840819e-01
1.648108e-02	1.127295e-01	3.697236e-01	1.974058e-01
1.895324e-02	1.209097e-01	3.649809e-01	2.116939e-01
2.179622e-02	1.296820e-01	3.592395e-01	2.270162e-01
2.506566e-02	1.390892e-01	3.526092e-01	2.434476e-01
2.882550e-02	1.491773e-01	3.449458e-01	2.610683e-01
3.314933e-02	1.599956e-01	3.365184e-01	2.799644e-01
3.812173e-02	1.715969e-01	3.270946e-01	3.002282e-01
4.383999e-02	1.840379e-01	3.174314e-01	3.219586e-01
5.041599e-02	1.973794e-01	3.065387e-01	3.452620e-01
5.797838e-02	2.116866e-01	2.950281e-01	3.702522e-01
6.667514e-02	2.270293e-01	2.831983e-01	3.970511e-01
7.667641e-02	2.434826e-01	2.703304e-01	4.257896e-01
8.817787e-02	2.611267e-01	2.585093e-01	4.566082e-01
1.014046e-01	2.800480e-01	2.453014e-01	4.896577e-01
1.166152e-01	3.003387e-01	2.322326e-01	5.250993e-01
1.341075e-01	3.220981e-01	2.193245e-01	5.631061e-01
1.542237e-01	3.454325e-01	2.055970e-01	6.038637e-01
1.773572e-01	3.704558e-01	1.931398e-01	6.475715e-01
2.039608e-01	3.972903e-01	1.803402e-01	6.944425e-01
2.345549e-01	4.260672e-01	1.682586e-01	7.447104e-01
2.697381e-01	4.569269e-01	1.567309e-01	7.985960e-01
3.101989e-01	4.900221e-01	1.450356e-01	8.565375e-01
3.567287e-01	5.255135e-01	1.343475e-01	9.192500e-01
4.102380e-01	5.635737e-01	1.241851e-01	9.871635e-01
4.717737e-01	6.043888e-01	1.146662e-01	1.060781e+00
5.425397e-01	6.481581e-01	1.050820e-01	1.140654e+00
6.239207e-01	6.950955e-01	9.746463e-02	1.227425e+00
7.175088e-01	7.430421e-01	8.971741e-02	1.321839e+00
8.251351e-01	7.881611e-01	8.315082e-02	1.397755e+00
9.489054e-01	8.515371e-01	7.618664e-02	1.431377e+00
1.091241e+00	9.331892e-01	6.817783e-02	1.463354e+00
1.254927e+00	1.020874e+00	6.143734e-02	1.493880e+00
1.443166e+00	1.118620e+00	5.439346e-02	1.523422e+00
1.659641e+00	1.224074e+00	4.925125e-02	1.552566e+00
1.908588e+00	1.338303e+00	4.419310e-02	1.582123e+00
2.194876e+00	1.465472e+00	3.990742e-02	1.613153e+00
2.524107e+00	1.593021e+00	3.602762e-02	1.646997e+00
2.902723e+00	1.725495e+00	3.227414e-02	1.685314e+00
3.338132e+00	1.849507e+00	2.918230e-02	1.730106e+00
3.838852e+00	1.982748e+00	2.603994e-02	1.783757e+00
4.414679e+00	2.129085e+00	2.363532e-02	1.849019e+00
5.076881e+00	2.248404e+00	2.112334e-02	1.929121e+00
5.838413e+00	2.367754e+00	1.891548e-02	2.027693e+00
6.714175e+00	2.477087e+00	1.693896e-02	2.148827e+00
7.721302e+00	2.570120e+00	1.496721e-02	2.297089e+00
8.879497e+00	2.662832e+00	1.354583e-02	2.477546e+00
1.021142e+01	2.742427e+00	1.202518e-02	2.695868e+00
1.174313e+01	2.816823e+00	1.073247e-02	2.958454e+00
1.350460e+01	2.881268e+00	9.566863e-03	3.272682e+00
1.553030e+01	2.925400e+00	8.416303e-03	3.647276e+00
1.785984e+01	2.964001e+00	7.516923e-03	4.092766e+00
2.053882e+01	2.982313e+00	6.654803e-03	4.622106e+00
2.361964e+01	2.988083e+00	5.920860e-03	5.251423e+00
2.716258e+01	2.979791e+00	5.278574e-03	6.000937e+00
3.123697e+01	2.946471e+00	4.671548e-03	6.896097e+00
3.592252e+01	2.903864e+00	4.157581e-03	7.969007e+00
4.131089e+01	2.852403e+00	3.702348e-03	9.260245e+00
4.750753e+01	2.787118e+00	3.299500e-03	1.082099e+01
5.463366e+01	2.707322e+00	2.916700e-03	1.271666e+01
6.282871e+01	3.001276e+00	2.603052e-03	1.502716e+01
7.225301e+01	2.815188e+00	2.269293e-03	1.786440e+01
8.309096e+01	2.634036e+00	2.033084e-03	2.136418e+01
9.555461e+01	2.455439e+00	1.800310e-03	2.568576e+01
1.098878e+02	2.279566e+00	1.586884e-03	3.104639e+01
1.263710e+02	2.108932e+00	1.414604e-03	3.772704e+01
1.453266e+02	1.946091e+00	1.228578e-03	4.608195e+01
1.671256e+02	1.789534e+00	1.093478e-03	5.656672e+01
1.921945e+02	1.637785e+00	9.574253e-04	6.980048e+01
2.210236e+02	1.494819e+00	8.473373e-04	8.659565e+01
2.541772e+02	1.368308e+00	7.510849e-04	1.079057e+02
2.923037e+02	1.252317e+00	6.585444e-04	1.348895e+02
3.361493e+02	1.142796e+00	5.868573e-04	1.691430e+02
3.865717e+02	1.039780e+00	5.138821e-04	2.127520e+02
4.445574e+02	9.436226e-01	4.601426e-04	2.684155e+02
5.112411e+02	8.544651e-01	4.045401e-04	3.396063e+02
5.879272e+02	7.723353e-01	3.570457e-04	4.307847e+02
6.761163e+02	6.959825e-01	3.146167e-04	5.477748e+02
7.775337e+02	6.262589e-01	2.738849e-04	6.981338e+02
8.941638e+02	5.635534e-01	2.447369e-04	8.913748e+02
1.028288e+03	5.073347e-01	2.141430e-04	1.139380e+03
1.182532e+03	4.563059e-01	1.887404e-04	1.457515e+03
1.359911e+03	4.103268e-01	1.657472e-04	1.865591e+03
1.563898e+03	3.691079e-01	1.438142e-04	2.388754e+03
1.798483e+03	3.321400e-01	1.266239e-04	3.058967e+03
2.068255e+03	2.990198e-01	1.106544e-04	3.916671e+03
2.378493e+03	2.695302e-01	9.713579e-05	5.012889e+03
2.735268e+03	2.433410e-01	8.547231e-05	6.411818e+03
3.145558e+03	2.200443e-01	7.470001e-05	8.193811e+03
3.617391e+03	1.993823e-01	6.552714e-05	1.045900e+04
4.160000e+03	1.811403e-01	5.769834e-05	1.333149e+04
4.784000e+03	1.650302e-01	5.069786e-05	1.696419e+04
5.501600e+03	1.508190e-01	0.000000e+00	2.154421e+04
6.326840e+03	1.383449e-01	0.000000e+00	2.729883e+04
7.275866e+03	1.274159e-01	0.000000e+00	3.450182e+04
8.367246e+03	1.178368e-01	0.000000e+00	4.348014e+04
9.622333e+03	1.094871e-01	0.000000e+00	5.462058e+04
