# Energy_MeV	dEdx_Elec_MeV_um	dEdx_Nucl_MeV_um	Range_um
1.000000e-05	2.374497e-03	3.088189e-02	5.261640e-03
1.150000e-05	2.566449e-03	3.381729e-02	5.642481e-03
1.322500e-05	2.772145e-03	3.708256e-02	6.050886e-03
1.520875e-05	2.992591e-03	4.055273e-02	6.488853e-03
1.749006e-05	3.228867e-03	4.436010e-02	6.958519e-03
2.011357e-05	3.482130e-03	4.838599e-02	7.462181e-03
2.313061e-05	3.753619e-03	5.272088e-02	8.002297e-03
2.660020e-05	4.044662e-03	5.741712e-02	8.581508e-03
3.059023e-05	4.356681e-03	6.239425e-02	9.202642e-03
3.517876e-05	4.691202e-03	6.787493e-02	9.868734e-03
4.045558e-05	5.049861e-03	7.335679e-02	1.058304e-02
4.652391e-05	5.434410e-03	7.951552e-02	1.134904e-02
5.350250e-05	5.846728e-03	8.608851e-02	1.217049e-02
6.152788e-05	6.288831e-03	9.286389e-02	1.305140e-02
7.075706e-05	6.762879e-03	1.004954e-01	1.399607e-02
8.137062e-05	7.271188e-03	1.077274e-01	1.500911e-02
9.357621e-05	7.816242e-03	1.159470e-01	1.609548e-02
1.076126e-04	8.400703e-03	1.245230e-01	1.726048e-02
1.237545e-04	9.027428e-03	1.332506e-01	1.850980e-02
1.423177e-04	9.699479e-03	1.429805e-01	1.984955e-02
1.636654e-04	1.042014e-02	1.523370e-01	2.128627e-02
1.882152e-04	1.119293e-02	1.624826e-01	2.282698e-02
2.164475e-04	1.202162e-02	1.726653e-01	2.447921e-02
2.489146e-04	1.291027e-02	1.828991e-01	2.625103e-02
2.862518e-04	1.386321e-02	1.938901e-01	2.815109e-02
3.291895e-04	1.488511e-02	2.044076e-01	3.018868e-02
3.785680e-04	1.598094e-02	2.152156e-01	3.237376e-02
4.353531e-04	1.715608e-02	2.256669e-01	3.471698e-02
5.006561e-04	1.841625e-02	2.367465e-01	3.722982e-02
5.757545e-04	1.976761e-02	2.472848e-01	3.992453e-02
6.621177e-04	2.121677e-02	2.584014e-01	4.281429e-02
7.614354e-04	2.277081e-02	2.683783e-01	4.591321e-02
8.756507e-04	2.443732e-02	2.780936e-01	4.923644e-02
1.006998e-03	2.622443e-02	2.879959e-01	5.280019e-02
1.158048e-03	2.814088e-02	2.969093e-01	5.662190e-02
1.331755e-03	3.019604e-02	3.062213e-01	6.072022e-02
1.531519e-03	3.239994e-02	3.142866e-01	6.511519e-02
1.761246e-03	3.476335e-02	3.222422e-01	6.982826e-02
2.025433e-03	3.729781e-02	3.290111e-01	7.488246e-02
2.329248e-03	4.001571e-02	3.352578e-01	8.030250e-02
2.678635e-03	4.293033e-02	3.410220e-01	8.611483e-02
3.080431e-03	4.605590e-02	3.458415e-01	9.230297e-02
3.542495e-03	4.940769e-02	3.505186e-01	9.902529e-02
4.073870e-03	5.300208e-02	3.536620e-01	1.062025e-01
4.684950e-03	5.685663e-02	3.568047e-01	1.138897e-01
5.387693e-03	6.099017e-02	3.592255e-01	1.221326e-01
6.195847e-03	6.542289e-02	3.607199e-01	1.309725e-01
7.125224e-03	7.017645e-02	3.620832e-01	1.404521e-01
8.194007e-03	7.527407e-02	3.617660e-01	1.506179e-01
9.423108e-03	8.074065e-02	3.612603e-01	1.615196e-01
1.083657e-02	8.660290e-02	3.598280e-01	1.732103e-01
1.246206e-02	9.288947e-02	3.574659e-01	1.857471e-01
1.433137e-02	9.963105e-02	3.545272e-01	1.991914e-01
1.648108e-02	1.068606e-01	3.503426e-01	2.136088e-01
1.895324e-02	1.146134e-01	3.454313e-01	2.290698e-01
2.179622e-02	1.229274e-01	3.395440e-01	2.456498e-01
2.506566e-02	1.318431e-01	3.327926e-01	2.634298e-01
2.882550e-02	1.414042e-01	3.250955e-01	2.824968e-01
3.314933e-02	1.516572e-01	3.166613e-01	3.029439e-01
3.812173e-02	1.626524e-01	3.075876e-01	3.248710e-01
4.383999e-02	1.744435e-01	2.978378e-01	3.483851e-01
5.041599e-02	1.870880e-01	2.871051e-01	3.736012e-01
5.797838e-02	2.006477e-01	2.761460e-01	4.006424e-01
6.667514e-02	2.151888e-01	2.641185e-01	4.296410e-01
7.667641e-02	2.307825e-01	2.526090e-01	4.607386e-01
8.817787e-02	2.475048e-01	2.405889e-01	4.940868e-01
1.014046e-01	2.654375e-01	2.279492e-01	5.298487e-01
1.166152e-01	2.846682e-01	2.158391e-01	5.681993e-01
1.341075e-01	3.052908e-01	2.027129e-01	6.093259e-01
1.542237e-01	3.274060e-01	1.906512e-01	6.534291e-01
1.773572e-01	3.511220e-01	1.780860e-01	7.007241e-01
2.039608e-01	3.765546e-01	1.664926e-01	7.514428e-01
2.345549e-01	4.038280e-01	1.552397e-01	8.058335e-01
2.697381e-01	4.330754e-01	1.439448e-01	8.641512e-01
3.101989e-01	4.644409e-01	1.336843e-01	9.267619e-01
3.567287e-01	4.980778e-01	1.230498e-01	9.944466e-01
4.102380e-01	5.341493e-01	1.143030e-01	1.067749e+00
4.717737e-01	5.728317e-01	1.049542e-01	1.147187e+00
5.425397e-01	6.143140e-01	9.643034e-02	1.233353e+00
6.239207e-01	6.587988e-01	8.957435e-02	1.326927e+00
7.175088e-01	7.065036e-01	8.245499e-02	1.428698e+00
8.251351e-01	7.491501e-01	7.630037e-02	1.504049e+00
9.489054e-01	8.042159e-01	6.922255e-02	1.544340e+00
1.091241e+00	8.810301e-01	6.177673e-02	1.582940e+00
1.254927e+00	9.647293e-01	5.554386e-02	1.620061e+00
1.443166e+00	1.058353e+00	4.931239e-02	1.656097e+00
1.659641e+00	1.156567e+00	4.474061e-02	1.691618e+00
1.908588e+00	1.265108e+00	4.020026e-02	1.727433e+00
2.194876e+00	1.382558e+00	3.625205e-02	1.764624e+00
2.524107e+00	1.502849e+00	3.274028e-02	1.804590e+00
2.902723e+00	1.631824e+00	2.931623e-02	1.849080e+00
3.338132e+00	1.740917e+00	2.641871e-02	1.900238e+00
3.838852e+00	1.860766e+00	2.374117e-02	1.960619e+00
4.414679e+00	1.991216e+00	2.139571e-02	2.033250e+00
5.076881e+00	2.102580e+00	1.911448e-02	2.121653e+00
5.838413e+00	2.214329e+00	1.718521e-02	2.229852e+00
6.714175e+00	2.307165e+00	1.517444e-02	2.362410e+00
7.721302e+00	2.394479e+00	1.365868e-02	2.524440e+00
8.879497e+00	2.474666e+00	1.221263e-02	2.721662e+00
1.021142e+01	2.543600e+00	1.085606e-02	2.960476e+00
1.174313e+01	2.611858e+00	9.731821e-03	3.248112e+00
1.350460e+01	2.662758e+00	8.545982e-03	3.592894e+00
1.553030e+01	2.703099e+00	7.638642e-03	4.004619e+00
1.785984e+01	2.734522e+00	6.741221e-03	4.495078e+00
2.053882e+01	2.745808e+00	6.007014e-03	5.078739e+00
2.361964e+01	2.749802e+00	5.351935e-03	5.773584e+00
2.716258e+01	2.735293e+00	4.733077e-03	6.602161e+00
3.123697e+01	2.705144e+00	4.233606e-03	7.592864e+00
3.592252e+01	2.661763e+00	3.730042e-03	8.781557e+00
4.131089e+01	2.609760e+00	3.356850e-03	1.021360e+01
4.750753e+01	2.547617e+00	2.970244e-03	1.194638e+01
5.463366e+01	2.471154e+00	2.633785e-03	1.405313e+01
6.282871e+01	2.729447e+00	2.338513e-03	1.662419e+01
7.225301e+01	2.553672e+00	2.044287e-03	1.978146e+01
8.309096e+01	2.386837e+00	1.838353e-03	2.368378e+01
9.555461e+01	2.222129e+00	1.618909e-03	2.850908e+01
1.098878e+02	2.061334e+00	1.433429e-03	3.450073e+01
1.263710e+02	1.904677e+00	1.268852e-03	4.197465e+01
1.453266e+02	1.755047e+00	1.106633e-03	5.133308e+01
1.671256e+02	1.612726e+00	9.823528e-04	6.308724e+01
1.921945e+02	1.474276e+00	8.633914e-04	7.792456e+01
2.210236e+02	1.343782e+00	7.630622e-04	9.676658e+01
2.541772e+02	1.226049e+00	6.764601e-04	1.207244e+02
2.923037e+02	1.120633e+00	5.947229e-04	1.511052e+02
3.361493e+02	1.021489e+00	5.264656e-04	1.896880e+02
3.865717e+02	9.284627e-01	4.659086e-04	2.388275e+02
4.445574e+02	8.417682e-01	4.130755e-04	3.015678e+02
5.112411e+02	7.614693e-01	3.631704e-04	3.818351e+02
5.879272e+02	6.876648e-01	3.221940e-04	4.846631e+02
6.761163e+02	6.193944e-01	2.790260e-04	6.165905e+02
7.775337e+02	5.569223e-01	2.485981e-04	7.861514e+02
8.941638e+02	5.005160e-01	2.189423e-04	1.004159e+03
1.028288e+03	4.503826e-01	1.919468e-04	1.284081e+03
1.182532e+03	4.049240e-01	1.700760e-04	1.643170e+03
1.359911e+03	3.639335e-01	1.466822e-04	2.103815e+03
1.563898e+03	3.271982e-01	1.297497e-04	2.694431e+03
1.798483e+03	2.942986e-01	1.127651e-04	3.451170e+03
2.068255e+03	2.648427e-01	9.920750e-05	4.419817e+03
2.378493e+03	2.385936e-01	8.732299e-05	5.658171e+03
2.735268e+03	2.152869e-01	7.602420e-05	7.239035e+03
3.145558e+03	1.945726e-01	6.729019e-05	9.253660e+03
3.617391e+03	1.761878e-01	5.842065e-05	1.181589e+04
4.160000e+03	1.599449e-01	5.200545e-05	1.506704e+04
4.784000e+03	1.456065e-01	4.539120e-05	1.918149e+04
5.501600e+03	1.329517e-01	0.000000e+00	2.437305e+04
6.326840e+03	1.218297e-01	0.000000e+00	3.090186e+04
7.275866e+03	1.120846e-01	0.000000e+00	3.908203e+04
8.367246e+03	1.035432e-01	0.000000e+00	4.928946e+04
9.622333e+03	9.608472e-02	0.000000e+00	6.196995e+04
