# Energy_MeV	dEdx_Elec_MeV_um	dEdx_Nucl_MeV_um	Range_um
1.000000e-05	2.260890e-03	3.281957e-02	5.036659e-03
1.150000e-05	2.444721e-03	3.615758e-02	5.401215e-03
1.322500e-05	2.641697e-03	3.959557e-02	5.792158e-03
1.520875e-05	2.852784e-03	4.345552e-02	6.211397e-03
1.749006e-05	3.079018e-03	4.770868e-02	6.660982e-03
2.011357e-05	3.321504e-03	5.220406e-02	7.143107e-03
2.313061e-05	3.581431e-03	5.726090e-02	7.660129e-03
2.660020e-05	3.860069e-03	6.251831e-02	8.214573e-03
3.059023e-05	4.158780e-03	6.834480e-02	8.809148e-03
3.517876e-05	4.479027e-03	7.458047e-02	9.446759e-03
4.045558e-05	4.822374e-03	8.111230e-02	1.013052e-02
4.652391e-05	5.190499e-03	8.839737e-02	1.086377e-02
5.350250e-05	5.585201e-03	9.595229e-02	1.165010e-02
6.152788e-05	6.008410e-03	1.041539e-01	1.249334e-02
7.075706e-05	6.462194e-03	1.126801e-01	1.339761e-02
8.137062e-05	6.948769e-03	1.219800e-01	1.436734e-02
9.357621e-05	7.470514e-03	1.319070e-01	1.540726e-02
1.076126e-04	8.029977e-03	1.426315e-01	1.652244e-02
1.237545e-04	8.629892e-03	1.535442e-01	1.771834e-02
1.423177e-04	9.273191e-03	1.649963e-01	1.900081e-02
1.636654e-04	9.963016e-03	1.772498e-01	2.037610e-02
1.882152e-04	1.070274e-02	1.901130e-01	2.185093e-02
2.164475e-04	1.149597e-02	2.039368e-01	2.343251e-02
2.489146e-04	1.234658e-02	2.178059e-01	2.512857e-02
2.862518e-04	1.325874e-02	2.326130e-01	2.694739e-02
3.291895e-04	1.423690e-02	2.473426e-01	2.889785e-02
3.785680e-04	1.528583e-02	2.625757e-01	3.098949e-02
4.353531e-04	1.641066e-02	2.783000e-01	3.323253e-02
5.006561e-04	1.761689e-02	2.939619e-01	3.563792e-02
5.757545e-04	1.891041e-02	3.106208e-01	3.821741e-02
6.621177e-04	2.029753e-02	3.255793e-01	4.098361e-02
7.614354e-04	2.178504e-02	3.415828e-01	4.395002e-02
8.756507e-04	2.338021e-02	3.581863e-01	4.713115e-02
1.006998e-03	2.509081e-02	3.735631e-01	5.054252e-02
1.158048e-03	2.692522e-02	3.902072e-01	5.420082e-02
1.331755e-03	2.889239e-02	4.038661e-01	5.812390e-02
1.531519e-03	3.100194e-02	4.184650e-01	6.233094e-02
1.761246e-03	3.326416e-02	4.329693e-01	6.684249e-02
2.025433e-03	3.569012e-02	4.458554e-01	7.168058e-02
2.329248e-03	3.829166e-02	4.594880e-01	7.686886e-02
2.678635e-03	4.108149e-02	4.705616e-01	8.243267e-02
3.080431e-03	4.407325e-02	4.817766e-01	8.839919e-02
3.542495e-03	4.728154e-02	4.917389e-01	9.479757e-02
4.073870e-03	5.072204e-02	5.000951e-01	1.016556e-01
4.684950e-03	5.441156e-02	5.085366e-01	1.090018e-01
5.387693e-03	5.836813e-02	5.151150e-01	1.169120e-01
6.195847e-03	6.261106e-02	5.211835e-01	1.253720e-01
7.125224e-03	6.716110e-02	5.257614e-01	1.344471e-01
8.194007e-03	7.204047e-02	5.297175e-01	1.441782e-01
9.423108e-03	7.727301e-02	5.327768e-01	1.546137e-01
1.083657e-02	8.288427e-02	5.352032e-01	1.658045e-01
1.246206e-02	8.890168e-02	5.357693e-01	1.778053e-01
1.433137e-02	9.535462e-02	5.353190e-01	1.906747e-01
1.648108e-02	1.022746e-01	5.337791e-01	2.044756e-01
1.895324e-02	1.096955e-01	5.310817e-01	2.192755e-01
2.179622e-02	1.176535e-01	5.273974e-01	2.351466e-01
2.506566e-02	1.261875e-01	5.219809e-01	2.521663e-01
2.882550e-02	1.353392e-01	5.153983e-01	2.704180e-01
3.314933e-02	1.451533e-01	5.073696e-01	2.899909e-01
3.812173e-02	1.556778e-01	4.981021e-01	3.109804e-01
4.383999e-02	1.669640e-01	4.874183e-01	3.334891e-01
5.041599e-02	1.790671e-01	4.755584e-01	3.576269e-01
5.797838e-02	1.920463e-01	4.622368e-01	3.835119e-01
6.667514e-02	2.059648e-01	4.487067e-01	4.112706e-01
7.667641e-02	2.208909e-01	4.336102e-01	4.410384e-01
8.817787e-02	2.368972e-01	4.171427e-01	4.729607e-01
1.014046e-01	2.540621e-01	4.005759e-01	5.071935e-01
1.166152e-01	2.724694e-01	3.822904e-01	5.439043e-01
1.341075e-01	2.922091e-01	3.656667e-01	5.832723e-01
1.542237e-01	3.133775e-01	3.474595e-01	6.254897e-01
1.773572e-01	3.360781e-01	3.285661e-01	6.707626e-01
2.039608e-01	3.604218e-01	3.104489e-01	7.193124e-01
2.345549e-01	3.865274e-01	2.910307e-01	7.713765e-01
2.697381e-01	4.145226e-01	2.735677e-01	8.272095e-01
3.101989e-01	4.445442e-01	2.554618e-01	8.870813e-01
3.567287e-01	4.767387e-01	2.380442e-01	9.512947e-01
4.102380e-01	5.112634e-01	2.220816e-01	1.020132e+00
4.717737e-01	5.482894e-01	2.054246e-01	1.094300e+00
5.425397e-01	5.879953e-01	1.904266e-01	1.174623e+00
6.239207e-01	6.305751e-01	1.758112e-01	1.261620e+00
7.175088e-01	6.762368e-01	1.624236e-01	1.355946e+00
8.251351e-01	7.252037e-01	1.493451e-01	1.458320e+00
9.489054e-01	7.777148e-01	1.377297e-01	1.569578e+00
1.091241e+00	8.281527e-01	1.267481e-01	1.690696e+00
1.254927e+00	8.788352e-01	1.180334e-01	1.822824e+00
1.443166e+00	9.549385e-01	1.083277e-01	1.898242e+00
1.659641e+00	1.044337e+00	9.716619e-02	1.927295e+00
1.908588e+00	1.141689e+00	8.693629e-02	1.954255e+00
2.194876e+00	1.248798e+00	7.696528e-02	1.979807e+00
2.524107e+00	1.367908e+00	6.983811e-02	2.004770e+00
2.902723e+00	1.495437e+00	6.257234e-02	2.030433e+00
3.338132e+00	1.637189e+00	5.665191e-02	2.058229e+00
3.838852e+00	1.788532e+00	5.108916e-02	2.089942e+00
4.414679e+00	1.940219e+00	4.582554e-02	2.127712e+00
5.076881e+00	2.099918e+00	4.138920e-02	2.174065e+00
5.838413e+00	2.269522e+00	3.678246e-02	2.231941e+00
6.714175e+00	2.447024e+00	3.348627e-02	2.304711e+00
7.721302e+00	2.612991e+00	3.005514e-02	2.396182e+00
8.879497e+00	2.766292e+00	2.679530e-02	2.510617e+00
1.021142e+01	2.921836e+00	2.400639e-02	2.652756e+00
1.174313e+01	3.046154e+00	2.119257e-02	2.827792e+00
1.350460e+01	3.174802e+00	1.918631e-02	3.041433e+00
1.553030e+01	3.298017e+00	1.711659e-02	3.299987e+00
1.785984e+01	3.404055e+00	1.520403e-02	3.610556e+00
2.053882e+01	3.508221e+00	1.355876e-02	3.981319e+00
2.361964e+01	3.583236e+00	1.193456e-02	4.421940e+00
2.716258e+01	3.651349e+00	1.066929e-02	4.944121e+00
3.123697e+01	3.705007e+00	9.446839e-03	5.562269e+00
3.592252e+01	3.731822e+00	8.375838e-03	6.294308e+00
4.131089e+01	3.746627e+00	7.492206e-03	7.162678e+00
4.750753e+01	3.724137e+00	6.625022e-03	8.195545e+00
5.463366e+01	3.694932e+00	5.901855e-03	9.428303e+00
6.282871e+01	3.657746e+00	5.244942e-03	1.090553e+01
7.225301e+01	3.594119e+00	4.676781e-03	1.268322e+01
8.309096e+01	4.154730e+00	4.158965e-03	1.483220e+01
9.555461e+01	3.908686e+00	3.688516e-03	1.743998e+01
1.098878e+02	3.688469e+00	3.217222e-03	2.063059e+01
1.263710e+02	3.467257e+00	2.879430e-03	2.454279e+01
1.453266e+02	3.247616e+00	2.550702e-03	2.935120e+01
1.671256e+02	3.028653e+00	2.263455e-03	3.528906e+01
1.921945e+02	2.815407e+00	2.004543e-03	4.265641e+01
2.210236e+02	2.610345e+00	1.743308e-03	5.182833e+01
2.541772e+02	2.410593e+00	1.551626e-03	6.329449e+01
2.923037e+02	2.217345e+00	1.354015e-03	7.772384e+01
3.361493e+02	2.033873e+00	1.204006e-03	9.596527e+01
3.865717e+02	1.874925e+00	1.065728e-03	1.189919e+02
4.445574e+02	1.724384e+00	9.370858e-04	1.480439e+02
5.112411e+02	1.580797e+00	8.327936e-04	1.848226e+02
5.879272e+02	1.444577e+00	7.253696e-04	2.315335e+02
6.761163e+02	1.316343e+00	6.521047e-04	2.910328e+02
7.775337e+02	1.196622e+00	5.763548e-04	3.669876e+02
8.941638e+02	1.085136e+00	5.058872e-04	4.641271e+02
1.028288e+03	9.810404e-01	4.459541e-04	5.886531e+02
1.182532e+03	8.853509e-01	3.878800e-04	7.485524e+02
1.359911e+03	7.991587e-01	3.467046e-04	9.538254e+02
1.563898e+03	7.208036e-01	3.051708e-04	1.217061e+03
1.798483e+03	6.494538e-01	2.674371e-04	1.554656e+03
2.068255e+03	5.850549e-01	2.349562e-04	1.987595e+03
2.378493e+03	5.271236e-01	2.040270e-04	2.542564e+03
2.735268e+03	4.748951e-01	1.798319e-04	3.253436e+03
3.145558e+03	4.279670e-01	1.571644e-04	4.163031e+03
3.617391e+03	3.861879e-01	1.374018e-04	5.325340e+03
4.160000e+03	3.490137e-01	1.213916e-04	6.808194e+03
4.784000e+03	3.158620e-01	1.059790e-04	8.696364e+03
5.501600e+03	2.864696e-01	9.306449e-05	1.109534e+04
6.326840e+03	2.605227e-01	8.176188e-05	1.413563e+04
7.275866e+03	2.375807e-01	7.188347e-05	1.797773e+04
8.367246e+03	2.173535e-01	6.311463e-05	2.281766e+04
9.622333e+03	1.996262e-01	5.525337e-05	2.889296e+04
