# Energy_MeV	dEdx_Elec_MeV_um	dEdx_Nucl_MeV_um	Range_um
1.000000e-05	2.586280e-03	3.226141e-02	4.310057e-03
1.150000e-05	2.801610e-03	3.533496e-02	4.622022e-03
1.322500e-05	3.032256e-03	3.879919e-02	4.956566e-03
1.520875e-05	3.279351e-03	4.253402e-02	5.315325e-03
1.749006e-05	3.544107e-03	4.658536e-02	5.700051e-03
2.011357e-05	3.827824e-03	5.103946e-02	6.112624e-03
2.313061e-05	4.131891e-03	5.576303e-02	6.555058e-03
2.660020e-05	4.457796e-03	6.089638e-02	7.029517e-03
3.059023e-05	4.807136e-03	6.639270e-02	7.538317e-03
3.517876e-05	5.181619e-03	7.226283e-02	8.083945e-03
4.045558e-05	5.583076e-03	7.865153e-02	8.669065e-03
4.652391e-05	6.013471e-03	8.545338e-02	9.296536e-03
5.350250e-05	6.474907e-03	9.255387e-02	9.969425e-03
6.152788e-05	6.969641e-03	1.002440e-01	1.069102e-02
7.075706e-05	7.500089e-03	1.085880e-01	1.146484e-02
8.137062e-05	8.068845e-03	1.171856e-01	1.229467e-02
9.357621e-05	8.678688e-03	1.268544e-01	1.318456e-02
1.076126e-04	9.332598e-03	1.361766e-01	1.413887e-02
1.237545e-04	1.003377e-02	1.464976e-01	1.516225e-02
1.423177e-04	1.078563e-02	1.574663e-01	1.625970e-02
1.636654e-04	1.159185e-02	1.685225e-01	1.743659e-02
1.882152e-04	1.245637e-02	1.809783e-01	1.869866e-02
2.164475e-04	1.338342e-02	1.928860e-01	2.005207e-02
2.489146e-04	1.437751e-02	2.059920e-01	2.150345e-02
2.862518e-04	1.544352e-02	2.189796e-01	2.305988e-02
3.291895e-04	1.658665e-02	2.320671e-01	2.472897e-02
3.785680e-04	1.781248e-02	2.462206e-01	2.651887e-02
4.353531e-04	1.912700e-02	2.595786e-01	2.843832e-02
5.006561e-04	2.053664e-02	2.739886e-01	3.049670e-02
5.757545e-04	2.204827e-02	2.870188e-01	3.270406e-02
6.621177e-04	2.366929e-02	3.012295e-01	3.507120e-02
7.614354e-04	2.540762e-02	3.151750e-01	3.760967e-02
8.756507e-04	2.727174e-02	3.289764e-01	4.033188e-02
1.006998e-03	2.927076e-02	3.428183e-01	4.325113e-02
1.158048e-03	3.141446e-02	3.548816e-01	4.638167e-02
1.331755e-03	3.371330e-02	3.677558e-01	4.973879e-02
1.531519e-03	3.617851e-02	3.797278e-01	5.333891e-02
1.761246e-03	3.882214e-02	3.912917e-01	5.719961e-02
2.025433e-03	4.165709e-02	4.025481e-01	6.133975e-02
2.329248e-03	4.469724e-02	4.124454e-01	6.577956e-02
2.678635e-03	4.795741e-02	4.217340e-01	7.054071e-02
3.080431e-03	5.145354e-02	4.300934e-01	7.561285e-02
3.542495e-03	5.520272e-02	4.374461e-01	8.110802e-02
4.073870e-03	5.922325e-02	4.442622e-01	8.699598e-02
4.684950e-03	6.353478e-02	4.501608e-01	9.329214e-02
5.387693e-03	6.815837e-02	4.548185e-01	1.000446e-01
6.195847e-03	7.311661e-02	4.589068e-01	1.072858e-01
7.125224e-03	7.843372e-02	4.623245e-01	1.150510e-01
8.194007e-03	8.413568e-02	4.644273e-01	1.233783e-01
9.423108e-03	9.025034e-02	4.665674e-01	1.323083e-01
1.083657e-02	9.680758e-02	4.664438e-01	1.418847e-01
1.246206e-02	1.038394e-01	4.659975e-01	1.521543e-01
1.433137e-02	1.113802e-01	4.644876e-01	1.631671e-01
1.648108e-02	1.194669e-01	4.616610e-01	1.749771e-01
1.895324e-02	1.281388e-01	4.582734e-01	1.876418e-01
2.179622e-02	1.374384e-01	4.531498e-01	2.012233e-01
2.506566e-02	1.474111e-01	4.471586e-01	2.157879e-01
2.882550e-02	1.581056e-01	4.398468e-01	2.314065e-01
3.314933e-02	1.695742e-01	4.314866e-01	2.481556e-01
3.812173e-02	1.818729e-01	4.218308e-01	2.661171e-01
4.383999e-02	1.950618e-01	4.113069e-01	2.853787e-01
5.041599e-02	2.092053e-01	3.996211e-01	3.060344e-01
5.797838e-02	2.243725e-01	3.875236e-01	3.281852e-01
6.667514e-02	2.406375e-01	3.739917e-01	3.519391e-01
7.667641e-02	2.580798e-01	3.598210e-01	3.774126e-01
8.817787e-02	2.767846e-01	3.448943e-01	4.047298e-01
1.014046e-01	2.968432e-01	3.294722e-01	4.340242e-01
1.166152e-01	3.183537e-01	3.145521e-01	4.654389e-01
1.341075e-01	3.414211e-01	2.983648e-01	4.991274e-01
1.542237e-01	3.661581e-01	2.824273e-01	5.352545e-01
1.773572e-01	3.926857e-01	2.661327e-01	5.739963e-01
2.039608e-01	4.211332e-01	2.498207e-01	6.155426e-01
2.345549e-01	4.516399e-01	2.340993e-01	6.600945e-01
2.697381e-01	4.843546e-01	2.187551e-01	7.078734e-01
3.101989e-01	5.194380e-01	2.038956e-01	7.591168e-01
3.567287e-01	5.570631e-01	1.897144e-01	8.144228e-01
4.102380e-01	5.974115e-01	1.758080e-01	8.743242e-01
4.717737e-01	6.406803e-01	1.623164e-01	9.392200e-01
5.425397e-01	6.870809e-01	1.504316e-01	1.009595e+00
6.239207e-01	7.368401e-01	1.384102e-01	1.085998e+00
7.175088e-01	7.902011e-01	1.268426e-01	1.169060e+00
8.251351e-01	8.390914e-01	1.179501e-01	1.259521e+00
9.489054e-01	8.930731e-01	1.082797e-01	1.358263e+00
1.091241e+00	9.745373e-01	1.006462e-01	1.395093e+00
1.254927e+00	1.065368e+00	9.186767e-02	1.415981e+00
1.443166e+00	1.165880e+00	8.177237e-02	1.435436e+00
1.659641e+00	1.274539e+00	7.386400e-02	1.453969e+00
1.908588e+00	1.396127e+00	6.517824e-02	1.472298e+00
2.194876e+00	1.526939e+00	5.935346e-02	1.491347e+00
2.524107e+00	1.669918e+00	5.315737e-02	1.512235e+00
2.902723e+00	1.826182e+00	4.798118e-02	1.536326e+00
3.338132e+00	1.974774e+00	4.342452e-02	1.565252e+00
3.838852e+00	2.136923e+00	3.877722e-02	1.600931e+00
4.414679e+00	2.311657e+00	3.511950e-02	1.645584e+00
5.076881e+00	2.482968e+00	3.135084e-02	1.701757e+00
5.838413e+00	2.654339e+00	2.843769e-02	1.772306e+00
6.714175e+00	2.800343e+00	2.543141e-02	1.860442e+00
7.721302e+00	2.948782e+00	2.279220e-02	1.969705e+00
8.879497e+00	3.077149e+00	2.029439e-02	2.103983e+00
1.021142e+01	3.201522e+00	1.806647e-02	2.267548e+00
1.174313e+01	3.328751e+00	1.627008e-02	2.465135e+00
1.350460e+01	3.427530e+00	1.446475e-02	2.702109e+00
1.553030e+01	3.524497e+00	1.292180e-02	2.984675e+00
1.785984e+01	3.601955e+00	1.144867e-02	3.320216e+00
2.053882e+01	3.662994e+00	1.013887e-02	3.717707e+00
2.361964e+01	3.717446e+00	9.002987e-03	4.188233e+00
2.716258e+01	3.736405e+00	8.000401e-03	4.745606e+00
3.123697e+01	3.741745e+00	7.104555e-03	5.407138e+00
3.592252e+01	3.718522e+00	6.328372e-03	6.194562e+00
4.131089e+01	3.686858e+00	5.624321e-03	7.135198e+00
4.750753e+01	3.646588e+00	4.975178e-03	8.263442e+00
5.463366e+01	3.577383e+00	4.457447e-03	9.622670e+00
6.282871e+01	4.094090e+00	3.948399e-03	1.126690e+01
7.225301e+01	3.858192e+00	3.494173e-03	1.326554e+01
8.309096e+01	3.637700e+00	3.122217e-03	1.571420e+01
9.555461e+01	3.416410e+00	2.710253e-03	1.871649e+01
1.098878e+02	3.196948e+00	2.444869e-03	2.241068e+01
1.263710e+02	2.979058e+00	2.153008e-03	2.697777e+01
1.453266e+02	2.767669e+00	1.900119e-03	3.264928e+01
1.671256e+02	2.564219e+00	1.695655e-03	3.971545e+01
1.921945e+02	2.365426e+00	1.468633e-03	4.856103e+01
2.210236e+02	2.174379e+00	1.311909e-03	5.970919e+01
2.541772e+02	1.996387e+00	1.147394e-03	7.380447e+01
2.923037e+02	1.839833e+00	1.015166e-03	9.158656e+01
3.361493e+02	1.690798e+00	9.020489e-04	1.140364e+02
3.865717e+02	1.548820e+00	7.887683e-04	1.424793e+02
4.445574e+02	1.414453e+00	7.036825e-04	1.786289e+02
5.112411e+02	1.288122e+00	6.173919e-04	2.247018e+02
5.879272e+02	1.170353e+00	5.517633e-04	2.835415e+02
6.761163e+02	1.060501e+00	4.855743e-04	3.588291e+02
7.775337e+02	9.583536e-01	4.290351e-04	4.553926e+02
8.941638e+02	8.645531e-01	3.754035e-04	5.794015e+02
1.028288e+03	7.805599e-01	3.298734e-04	7.385564e+02
1.182532e+03	7.038148e-01	2.930291e-04	9.426324e+02
1.359911e+03	6.340744e-01	2.568874e-04	1.204374e+03
1.563898e+03	5.712293e-01	2.266654e-04	1.540007e+03
1.798483e+03	5.146664e-01	1.976010e-04	1.970185e+03
2.068255e+03	4.636635e-01	1.728374e-04	2.521089e+03
2.378493e+03	4.179398e-01	1.511245e-04	3.225795e+03
2.735268e+03	3.772786e-01	1.326711e-04	4.125982e+03
3.145558e+03	3.410663e-01	1.161789e-04	5.273951e+03
3.617391e+03	3.087956e-01	1.021451e-04	6.734999e+03
4.160000e+03	2.802300e-01	8.971844e-05	8.590281e+03
4.784000e+03	2.550087e-01	7.813157e-05	1.094007e+04
5.501600e+03	2.327081e-01	6.930027e-05	1.390748e+04
6.326840e+03	2.130757e-01	6.054096e-05	1.764264e+04
7.275866e+03	1.958804e-01	5.280839e-05	2.232714e+04
8.367246e+03	1.807991e-01	4.661015e-05	2.817880e+04
9.622333e+03	1.675950e-01	0.000000e+00	3.545654e+04
