# Energy_MeV	dEdx_Elec_MeV_um	dEdx_Nucl_MeV_um	Range_um
1.000000e-05	7.529830e-04	7.939767e-03	2.656103e-02
1.150000e-05	8.074843e-04	8.485235e-03	2.848353e-02
1.322500e-05	8.659304e-04	9.032531e-03	3.054518e-02
1.520875e-05	9.286069e-04	9.604723e-03	3.275606e-02
1.749006e-05	9.958200e-04	1.018115e-02	3.512696e-02
2.011357e-05	1.067898e-03	1.078852e-02	3.766946e-02
2.313061e-05	1.145193e-03	1.139259e-02	4.039600e-02
2.660020e-05	1.228083e-03	1.196227e-02	4.331988e-02
3.059023e-05	1.316972e-03	1.256963e-02	4.645540e-02
3.517876e-05	1.412295e-03	1.322128e-02	4.981787e-02
4.045558e-05	1.514518e-03	1.378896e-02	5.342371e-02
4.652391e-05	1.624139e-03	1.438871e-02	5.729055e-02
5.350250e-05	1.741695e-03	1.495736e-02	6.143727e-02
6.152788e-05	1.867760e-03	1.550122e-02	6.588413e-02
7.075706e-05	2.002950e-03	1.610141e-02	7.065286e-02
8.137062e-05	2.147924e-03	1.657892e-02	7.576675e-02
9.357621e-05	2.303392e-03	1.707743e-02	8.125079e-02
1.076126e-04	2.470113e-03	1.755818e-02	8.713176e-02
1.237545e-04	2.648901e-03	1.798833e-02	9.343840e-02
1.423177e-04	2.840630e-03	1.839482e-02	1.002015e-01
1.636654e-04	3.046236e-03	1.873026e-02	1.074542e-01
1.882152e-04	3.266724e-03	1.908215e-02	1.152318e-01
2.164475e-04	3.503171e-03	1.936019e-02	1.235723e-01
2.489146e-04	3.756733e-03	1.959845e-02	1.325165e-01
2.862518e-04	4.028647e-03	1.979827e-02	1.421081e-01
3.291895e-04	4.320243e-03	1.998195e-02	1.523940e-01
3.785680e-04	4.632944e-03	2.013716e-02	1.634244e-01
4.353531e-04	4.968279e-03	2.021035e-02	1.752531e-01
5.006561e-04	5.327886e-03	2.027498e-02	1.879161e-01
5.757545e-04	5.713521e-03	2.028758e-02	2.015097e-01
6.621177e-04	6.127069e-03	2.025922e-02	2.161362e-01
7.614354e-04	6.570549e-03	2.019653e-02	2.317764e-01
8.756507e-04	7.046129e-03	2.005952e-02	2.485535e-01
1.006998e-03	7.556132e-03	1.989468e-02	2.665435e-01
1.158048e-03	8.103048e-03	1.968029e-02	2.858356e-01
1.331755e-03	8.689551e-03	1.940657e-02	3.065242e-01
1.531519e-03	9.318506e-03	1.908890e-02	3.287102e-01
1.761246e-03	9.992984e-03	1.871566e-02	3.525019e-01
2.025433e-03	1.071628e-02	1.829468e-02	3.780159e-01
2.329248e-03	1.149193e-02	1.782736e-02	4.053765e-01
2.678635e-03	1.232372e-02	1.733737e-02	4.347175e-01
3.080431e-03	1.321572e-02	1.679139e-02	4.661821e-01
3.542495e-03	1.417228e-02	1.617602e-02	4.999241e-01
4.073870e-03	1.519808e-02	1.558577e-02	5.361086e-01
4.684950e-03	1.629812e-02	1.492937e-02	5.749122e-01
5.387693e-03	1.795913e-02	1.428591e-02	6.000003e-01
6.195847e-03	2.024858e-02	1.362208e-02	6.119833e-01
7.125224e-03	2.278093e-02	1.287188e-02	6.255474e-01
8.194007e-03	2.559113e-02	1.222530e-02	6.403834e-01
9.423108e-03	2.871342e-02	1.151498e-02	6.563602e-01
1.083657e-02	3.218110e-02	1.081181e-02	6.734785e-01
1.246206e-02	3.602628e-02	1.013706e-02	6.918355e-01
1.433137e-02	4.027973e-02	9.453870e-03	7.115960e-01
1.648108e-02	4.497087e-02	8.848831e-03	7.329704e-01
1.895324e-02	5.012792e-02	8.186810e-03	7.561984e-01
2.179622e-02	5.577808e-02	7.600207e-03	7.815370e-01
2.506566e-02	6.194797e-02	7.049193e-03	8.092518e-01
2.882550e-02	6.866417e-02	6.524946e-03	8.396114e-01
3.314933e-02	7.595398e-02	5.992215e-03	8.728829e-01
3.812173e-02	8.384633e-02	5.504795e-03	9.093252e-01
4.383999e-02	9.237303e-02	5.147814e-03	9.492018e-01
5.041599e-02	1.015306e-01	4.737286e-03	9.927246e-01
5.797838e-02	1.104169e-01	4.311125e-03	1.040482e+00
6.667514e-02	1.198114e-01	3.917812e-03	1.093062e+00
7.667641e-02	6.549541e-02	3.546611e-03	1.150694e+00
8.817787e-02	7.210584e-02	3.220306e-03	1.213644e+00
1.014046e-01	7.913888e-02	2.873238e-03	1.282127e+00
1.166152e-01	8.661908e-02	2.561315e-03	1.356319e+00
1.341075e-01	9.457754e-02	2.318615e-03	1.436344e+00
1.542237e-01	1.030511e-01	2.088273e-03	1.522270e+00
1.773572e-01	1.120797e-01	1.881731e-03	1.614112e+00
2.039608e-01	1.217014e-01	1.688175e-03	1.711856e+00
2.345549e-01	1.319433e-01	1.515613e-03	1.815507e+00
2.697381e-01	1.428089e-01	1.375610e-03	1.925173e+00
3.101989e-01	1.542616e-01	1.232820e-03	2.041196e+00
3.567287e-01	1.662047e-01	1.089164e-03	2.164331e+00
4.102380e-01	1.784627e-01	9.877947e-04	2.295980e+00
4.717737e-01	1.907669e-01	8.811889e-04	2.438469e+00
5.425397e-01	2.027525e-01	7.871283e-04	2.595366e+00
6.239207e-01	2.139715e-01	7.069569e-04	2.771825e+00
7.175088e-01	2.239242e-01	6.189009e-04	2.974957e+00
8.251351e-01	2.321059e-01	5.602301e-04	3.214227e+00
9.489054e-01	2.380637e-01	4.974439e-04	3.501927e+00
1.091241e+00	2.414523e-01	4.391522e-04	3.853732e+00
1.254927e+00	2.420770e-01	3.917037e-04	4.289391e+00
1.443166e+00	2.399148e-01	3.459015e-04	4.833598e+00
1.659641e+00	2.351118e-01	3.105107e-04	5.517057e+00
1.908588e+00	2.279577e-01	2.729443e-04	6.377816e+00
2.194876e+00	2.188490e-01	2.430810e-04	7.462885e+00
2.524107e+00	2.082442e-01	2.176116e-04	8.830247e+00
2.902723e+00	1.966188e-01	1.938420e-04	1.055140e+01
3.338132e+00	1.844224e-01	1.714734e-04	1.271470e+01
3.838852e+00	1.720419e-01	1.511733e-04	1.542987e+01
4.414679e+00	1.597784e-01	1.355644e-04	1.883430e+01
5.076881e+00	1.478402e-01	1.196526e-04	2.310162e+01
5.838413e+00	1.363521e-01	1.061886e-04	2.845338e+01
6.714175e+00	1.253792e-01	9.367416e-05	3.517382e+01
7.721302e+00	1.149389e-01	8.234252e-05	4.363123e+01
8.879497e+00	1.050470e-01	7.364757e-05	5.429842e+01
1.021142e+01	9.703206e-02	6.463452e-05	6.778707e+01
1.174313e+01	8.746647e-02	5.662134e-05	8.487660e+01
1.350460e+01	7.889267e-02	5.021451e-05	1.066333e+02
1.553030e+01	7.119205e-02	4.431571e-05	1.343293e+02
1.785984e+01	6.417610e-02	3.911148e-05	1.695917e+02
2.053882e+01	5.774033e-02	0.000000e+00	2.145381e+02
2.361964e+01	5.189625e-02	0.000000e+00	2.719042e+02
2.716258e+01	4.662992e-02	0.000000e+00	3.451363e+02
3.123697e+01	4.180988e-02	0.000000e+00	4.387158e+02
3.592252e+01	3.737316e-02	0.000000e+00	5.586881e+02
4.131089e+01	3.339153e-02	0.000000e+00	7.127545e+02
4.750753e+01	3.005680e-02	0.000000e+00	9.099212e+02
5.463366e+01	2.702665e-02	0.000000e+00	1.161634e+03
6.282871e+01	2.428168e-02	0.000000e+00	1.483336e+03
7.225301e+01	2.179393e-02	0.000000e+00	1.894971e+03
8.309096e+01	1.954538e-02	0.000000e+00	2.422291e+03
9.555461e+01	1.752295e-02	0.000000e+00	3.098268e+03
1.098878e+02	1.569941e-02	0.000000e+00	3.965321e+03
1.263710e+02	1.404502e-02	0.000000e+00	5.078908e+03
1.453266e+02	1.256416e-02	0.000000e+00	6.510247e+03
1.671256e+02	1.126156e-02	0.000000e+00	8.348368e+03
1.921945e+02	1.010058e-02	0.000000e+00	1.070532e+04
2.210236e+02	9.060550e-03	0.000000e+00	1.372692e+04
2.541772e+02	8.131284e-03	0.000000e+00	1.759954e+04
2.923037e+02	7.301840e-03	0.000000e+00	2.256031e+04
3.361493e+02	6.563136e-03	0.000000e+00	2.891024e+04
3.865717e+02	5.906264e-03	0.000000e+00	3.703003e+04
4.445574e+02	5.322533e-03	0.000000e+00	4.739983e+04
5.112411e+02	4.804441e-03	0.000000e+00	6.062313e+04
5.879272e+02	4.345121e-03	0.000000e+00	7.745429e+04
6.761163e+02	3.938708e-03	0.000000e+00	9.883215e+04
7.775337e+02	3.579731e-03	0.000000e+00	1.259183e+05
8.941638e+02	3.262993e-03	0.000000e+00	1.601410e+05
1.028288e+03	2.984053e-03	0.000000e+00	2.032441e+05
1.182532e+03	2.739060e-03	0.000000e+00	2.573407e+05
1.359911e+03	2.524548e-03	0.000000e+00	3.249697e+05
1.563898e+03	2.337367e-03	0.000000e+00	4.091543e+05
1.798483e+03	2.174633e-03	0.000000e+00	5.134601e+05
2.068255e+03	2.033754e-03	0.000000e+00	6.420505e+05
2.378493e+03	1.912419e-03	0.000000e+00	7.997374e+05
2.735268e+03	1.808615e-03	0.000000e+00	9.920251e+05
3.145558e+03	1.720571e-03	0.000000e+00	1.225144e+06
3.617391e+03	1.646688e-03	0.000000e+00	1.506082e+06
4.160000e+03	1.585104e-03	0.000000e+00	1.842631e+06
4.784000e+03	1.532241e-03	0.000000e+00	2.243863e+06
5.501600e+03	1.489501e-03	0.000000e+00	2.369047e+06
6.326840e+03	1.455800e-03	0.000000e+00	2.369047e+06
7.275866e+03	1.430139e-03	0.000000e+00	2.369047e+06
8.367246e+03	1.411599e-03	0.000000e+00	2.369047e+06
9.622333e+03	1.399353e-03	0.000000e+00	2.369047e+06
