# Energy_MeV	dEdx_Elec_MeV_um	dEdx_Nucl_MeV_um	Range_um
1.000000e-05	2.583151e-03	3.115777e-02	4.516294e-03
1.150000e-05	2.796580e-03	3.421153e-02	4.843186e-03
1.322500e-05	3.025218e-03	3.744210e-02	5.193738e-03
1.520875e-05	3.270187e-03	4.107750e-02	5.569664e-03
1.749006e-05	3.532689e-03	4.488783e-02	5.972799e-03
2.011357e-05	3.814010e-03	4.910362e-02	6.405113e-03
2.313061e-05	4.115528e-03	5.355970e-02	6.868719e-03
2.660020e-05	4.438718e-03	5.832589e-02	7.365880e-03
3.059023e-05	4.785163e-03	6.355493e-02	7.899027e-03
3.517876e-05	5.156556e-03	6.901773e-02	8.470762e-03
4.045558e-05	5.554714e-03	7.503636e-02	9.083881e-03
4.652391e-05	5.981583e-03	8.111016e-02	9.741377e-03
5.350250e-05	6.439250e-03	8.792633e-02	1.044646e-02
6.152788e-05	6.929951e-03	9.512784e-02	1.120258e-02
7.075706e-05	7.456086e-03	1.026698e-01	1.201343e-02
8.137062e-05	8.020225e-03	1.109646e-01	1.288297e-02
9.357621e-05	8.625124e-03	1.190143e-01	1.381545e-02
1.076126e-04	9.273740e-03	1.280949e-01	1.481542e-02
1.237545e-04	9.969242e-03	1.374658e-01	1.588776e-02
1.423177e-04	1.071503e-02	1.471797e-01	1.703773e-02
1.636654e-04	1.151474e-02	1.577670e-01	1.827093e-02
1.882152e-04	1.237229e-02	1.681826e-01	1.959339e-02
2.164475e-04	1.329186e-02	1.792599e-01	2.101157e-02
2.489146e-04	1.427795e-02	1.904208e-01	2.253240e-02
2.862518e-04	1.533538e-02	2.017425e-01	2.416330e-02
3.291895e-04	1.646930e-02	2.136754e-01	2.591226e-02
3.785680e-04	1.768527e-02	2.253814e-01	2.778780e-02
4.353531e-04	1.898921e-02	2.370184e-01	2.979909e-02
5.006561e-04	2.038751e-02	2.486475e-01	3.195597e-02
5.757545e-04	2.188699e-02	2.608473e-01	3.426896e-02
6.621177e-04	2.349498e-02	2.722220e-01	3.674936e-02
7.614354e-04	2.521933e-02	2.845887e-01	3.940930e-02
8.756507e-04	2.706847e-02	2.951605e-01	4.226177e-02
1.006998e-03	2.905144e-02	3.059664e-01	4.532070e-02
1.158048e-03	3.117791e-02	3.168181e-01	4.860103e-02
1.331755e-03	3.345828e-02	3.263651e-01	5.211880e-02
1.531519e-03	3.590368e-02	3.367209e-01	5.589119e-02
1.761246e-03	3.852608e-02	3.452558e-01	5.993662e-02
2.025433e-03	4.133826e-02	3.539105e-01	6.427487e-02
2.329248e-03	4.435399e-02	3.613135e-01	6.892712e-02
2.678635e-03	4.758798e-02	3.679695e-01	7.391610e-02
3.080431e-03	5.105603e-02	3.743813e-01	7.925558e-02
3.542495e-03	5.477510e-02	3.794389e-01	8.500653e-02
4.073870e-03	5.876334e-02	3.844370e-01	9.115768e-02
4.684950e-03	6.304025e-02	3.878261e-01	9.775623e-02
5.387693e-03	6.762671e-02	3.912210e-01	1.048317e-01
6.195847e-03	7.254514e-02	3.937089e-01	1.124193e-01
7.125224e-03	7.781955e-02	3.953648e-01	1.205561e-01
8.194007e-03	8.347573e-02	3.966257e-01	1.292819e-01
9.423108e-03	8.954129e-02	3.962662e-01	1.386392e-01
1.083657e-02	9.604588e-02	3.956250e-01	1.486738e-01
1.246206e-02	1.030213e-01	3.939083e-01	1.594348e-01
1.433137e-02	1.105015e-01	3.912722e-01	1.709746e-01
1.648108e-02	1.185232e-01	3.878872e-01	1.833496e-01
1.895324e-02	1.271255e-01	3.832241e-01	1.966204e-01
2.179622e-02	1.363504e-01	3.777167e-01	2.108517e-01
2.506566e-02	1.462431e-01	3.711687e-01	2.261132e-01
2.882550e-02	1.568517e-01	3.636433e-01	2.424792e-01
3.314933e-02	1.682282e-01	3.551378e-01	2.600298e-01
3.812173e-02	1.804282e-01	3.457457e-01	2.788507e-01
4.383999e-02	1.935112e-01	3.358069e-01	2.990340e-01
5.041599e-02	2.075411e-01	3.249528e-01	3.206781e-01
5.797838e-02	2.225866e-01	3.130642e-01	3.438888e-01
6.667514e-02	2.387210e-01	3.010977e-01	3.687794e-01
7.667641e-02	2.560232e-01	2.877111e-01	3.954717e-01
8.817787e-02	2.745778e-01	2.753222e-01	4.240961e-01
1.014046e-01	2.944754e-01	2.619471e-01	4.547923e-01
1.166152e-01	3.158131e-01	2.480211e-01	4.877101e-01
1.341075e-01	3.386953e-01	2.349141e-01	5.230106e-01
1.542237e-01	3.632338e-01	2.203100e-01	5.608663e-01
1.773572e-01	3.895483e-01	2.073644e-01	6.014623e-01
2.039608e-01	4.177675e-01	1.936222e-01	6.449950e-01
2.345549e-01	4.480292e-01	1.808664e-01	6.916845e-01
2.697381e-01	4.804813e-01	1.687334e-01	7.417354e-01
3.101989e-01	5.152852e-01	1.561644e-01	7.956556e-01
3.567287e-01	5.526082e-01	1.451740e-01	8.540494e-01
4.102380e-01	5.926326e-01	1.336782e-01	9.172946e-01
4.717737e-01	6.355540e-01	1.240966e-01	9.858664e-01
5.425397e-01	6.815822e-01	1.138577e-01	1.060288e+00
6.239207e-01	7.309420e-01	1.048691e-01	1.141166e+00
7.175088e-01	7.786859e-01	9.725339e-02	1.229209e+00
8.251351e-01	8.266369e-01	8.958249e-02	1.305916e+00
9.489054e-01	8.988523e-01	8.272703e-02	1.333813e+00
1.091241e+00	9.842466e-01	7.484326e-02	1.360109e+00
1.254927e+00	1.077124e+00	6.697045e-02	1.385063e+00
1.443166e+00	1.179018e+00	6.004541e-02	1.409126e+00
1.659641e+00	1.291784e+00	5.348646e-02	1.432924e+00
1.908588e+00	1.411755e+00	4.840105e-02	1.457268e+00
2.194876e+00	1.544392e+00	4.354845e-02	1.483195e+00
2.524107e+00	1.683601e+00	3.927081e-02	1.511996e+00
2.902723e+00	1.819703e+00	3.542180e-02	1.545245e+00
3.338132e+00	1.959274e+00	3.177733e-02	1.584826e+00
3.838852e+00	2.106307e+00	2.855450e-02	1.632954e+00
4.414679e+00	2.258969e+00	2.573827e-02	1.692181e+00
5.076881e+00	2.396660e+00	2.313048e-02	1.765441e+00
5.838413e+00	2.522954e+00	2.064249e-02	1.856043e+00
6.714175e+00	2.649970e+00	1.859614e-02	1.967676e+00
7.721302e+00	2.748784e+00	1.636091e-02	2.104437e+00
8.879497e+00	2.850790e+00	1.479775e-02	2.270851e+00
1.021142e+01	2.946603e+00	1.319034e-02	2.471972e+00
1.174313e+01	3.027202e+00	1.171599e-02	2.713514e+00
1.350460e+01	3.104762e+00	1.052569e-02	3.002085e+00
1.553030e+01	3.155693e+00	9.207541e-03	3.345525e+00
1.785984e+01	3.199925e+00	8.261789e-03	3.753340e+00
2.053882e+01	3.230024e+00	7.286527e-03	4.237248e+00
2.361964e+01	3.237751e+00	6.486646e-03	4.811858e+00
2.716258e+01	3.234309e+00	5.790930e-03	5.495484e+00
3.123697e+01	3.201034e+00	5.102581e-03	6.311169e+00
3.592252e+01	3.160737e+00	4.577197e-03	7.287943e+00
4.131089e+01	3.112069e+00	4.035716e-03	8.462468e+00
4.750753e+01	3.043482e+00	3.630560e-03	9.880926e+00
5.463366e+01	3.489074e+00	3.209478e-03	1.160194e+01
6.282871e+01	3.270251e+00	2.851467e-03	1.369810e+01
7.225301e+01	3.073828e+00	2.523272e-03	1.627203e+01
8.309096e+01	2.878712e+00	2.215919e-03	1.944008e+01
9.555461e+01	2.686501e+00	1.987027e-03	2.334835e+01
1.098878e+02	2.496277e+00	1.748669e-03	2.819222e+01
1.263710e+02	2.312111e+00	1.551476e-03	3.422352e+01
1.453266e+02	2.135979e+00	1.368554e-03	4.175809e+01
1.671256e+02	1.965460e+00	1.197841e-03	5.120818e+01
1.921945e+02	1.801119e+00	1.059627e-03	6.313659e+01
2.210236e+02	1.645966e+00	9.332387e-04	7.826063e+01
2.541772e+02	1.511555e+00	8.247945e-04	9.740732e+01
2.923037e+02	1.385111e+00	7.301380e-04	1.216276e+02
3.361493e+02	1.265328e+00	6.435754e-04	1.523613e+02
3.865717e+02	1.152435e+00	5.676667e-04	1.914756e+02
4.445574e+02	1.046827e+00	5.043447e-04	2.413878e+02
5.112411e+02	9.488359e-01	4.456116e-04	3.052016e+02
5.879272e+02	8.581382e-01	3.913053e-04	3.869166e+02
6.761163e+02	7.738787e-01	3.480474e-04	4.917732e+02
7.775337e+02	6.968729e-01	3.000687e-04	6.265197e+02
8.941638e+02	6.278744e-01	2.689623e-04	7.996048e+02
1.028288e+03	5.654753e-01	2.360020e-04	1.021653e+03
1.182532e+03	5.088363e-01	2.067242e-04	1.306488e+03
1.359911e+03	4.578331e-01	1.836557e-04	1.671803e+03
1.563898e+03	4.120656e-01	1.576552e-04	2.140089e+03
1.798483e+03	3.709495e-01	1.401127e-04	2.739894e+03
2.068255e+03	3.341119e-01	1.216797e-04	3.507307e+03
2.378493e+03	3.013432e-01	1.069340e-04	4.487833e+03
2.735268e+03	2.722187e-01	9.434774e-05	5.738655e+03
3.145558e+03	2.462929e-01	8.184543e-05	7.331252e+03
3.617391e+03	2.233242e-01	7.263598e-05	9.354586e+03
4.160000e+03	2.030515e-01	6.310814e-05	1.191875e+04
4.784000e+03	1.851395e-01	5.615979e-05	1.515916e+04
5.501600e+03	1.693532e-01	4.896374e-05	1.924121e+04
6.326840e+03	1.555130e-01	0.000000e+00	2.436539e+04
7.275866e+03	1.433833e-01	0.000000e+00	3.077270e+04
8.367246e+03	1.327562e-01	0.000000e+00	3.875028e+04
9.622333e+03	1.235125e-01	0.000000e+00	4.863693e+04
