# Energy_MeV	dEdx_Elec_MeV_um	dEdx_Nucl_MeV_um	Range_um
1.000000e-05	2.142544e-03	3.198327e-02	5.741493e-03
1.150000e-05	2.313918e-03	3.511029e-02	6.157065e-03
1.322500e-05	2.497586e-03	3.851102e-02	6.602717e-03
1.520875e-05	2.694447e-03	4.216774e-02	7.080625e-03
1.749006e-05	2.905465e-03	4.627004e-02	7.593124e-03
2.011357e-05	3.131672e-03	5.053047e-02	8.142718e-03
2.313061e-05	3.374174e-03	5.530057e-02	8.732093e-03
2.660020e-05	3.634157e-03	6.028830e-02	9.364126e-03
3.059023e-05	3.912892e-03	6.562790e-02	1.004191e-02
3.517876e-05	4.211742e-03	7.151946e-02	1.076874e-02
4.045558e-05	4.532166e-03	7.765438e-02	1.154819e-02
4.652391e-05	4.875731e-03	8.444845e-02	1.238406e-02
5.350250e-05	5.244117e-03	9.125486e-02	1.328042e-02
6.152788e-05	5.639122e-03	9.882299e-02	1.424167e-02
7.075706e-05	6.062677e-03	1.069617e-01	1.527248e-02
8.137062e-05	6.516851e-03	1.155223e-01	1.637792e-02
9.357621e-05	7.003864e-03	1.246912e-01	1.756336e-02
1.076126e-04	7.526095e-03	1.338321e-01	1.883460e-02
1.237545e-04	8.086096e-03	1.438595e-01	2.019786e-02
1.423177e-04	8.686602e-03	1.544507e-01	2.165979e-02
1.636654e-04	9.330547e-03	1.654841e-01	2.322754e-02
1.882152e-04	1.002108e-02	1.771401e-01	2.490876e-02
2.164475e-04	1.076157e-02	1.889601e-01	2.671167e-02
2.489146e-04	1.155563e-02	2.012299e-01	2.864508e-02
2.862518e-04	1.240715e-02	2.138869e-01	3.071842e-02
3.291895e-04	1.332029e-02	2.264841e-01	3.294184e-02
3.785680e-04	1.429950e-02	2.396704e-01	3.532618e-02
4.353531e-04	1.534958e-02	2.529667e-01	3.788311e-02
5.006561e-04	1.647564e-02	2.657726e-01	4.062511e-02
5.757545e-04	1.768320e-02	2.790035e-01	4.356558e-02
6.621177e-04	1.897815e-02	2.922836e-01	4.671888e-02
7.614354e-04	2.036681e-02	3.051804e-01	5.010042e-02
8.756507e-04	2.185598e-02	3.190630e-01	5.372671e-02
1.006998e-03	2.345292e-02	3.305924e-01	5.761548e-02
1.158048e-03	2.516544e-02	3.428442e-01	6.178572e-02
1.331755e-03	2.700191e-02	3.545291e-01	6.625780e-02
1.531519e-03	2.897129e-02	3.653648e-01	7.105358e-02
1.761246e-03	3.108322e-02	3.768705e-01	7.619647e-02
2.025433e-03	3.334799e-02	3.861641e-01	8.171161e-02
2.329248e-03	3.577669e-02	3.958944e-01	8.762594e-02
2.678635e-03	3.838117e-02	4.039576e-01	9.396835e-02
3.080431e-03	4.117415e-02	4.111805e-01	1.007698e-01
3.542495e-03	4.416929e-02	4.182726e-01	1.080636e-01
4.073870e-03	4.738122e-02	4.238633e-01	1.158257e-01
4.684950e-03	5.082562e-02	4.294134e-01	1.242568e-01
5.387693e-03	5.451932e-02	4.330611e-01	1.332715e-01
6.195847e-03	5.848038e-02	4.365598e-01	1.429175e-01
7.125224e-03	6.272813e-02	4.393673e-01	1.532615e-01
8.194007e-03	6.728333e-02	4.412961e-01	1.643546e-01
9.423108e-03	7.216824e-02	4.423600e-01	1.762503e-01
1.083657e-02	7.740672e-02	4.419938e-01	1.890072e-01
1.246206e-02	8.302435e-02	4.410150e-01	2.026874e-01
1.433137e-02	8.904860e-02	4.390716e-01	2.173578e-01
1.648108e-02	9.550888e-02	4.361235e-01	2.330901e-01
1.895324e-02	1.024368e-01	4.320863e-01	2.499609e-01
2.179622e-02	1.098661e-01	4.268265e-01	2.680530e-01
2.506566e-02	1.178331e-01	4.205158e-01	2.874546e-01
2.882550e-02	1.263768e-01	4.131144e-01	3.082605e-01
3.314933e-02	1.355389e-01	4.045815e-01	3.305724e-01
3.812173e-02	1.453642e-01	3.949823e-01	3.544990e-01
4.383999e-02	1.559006e-01	3.843448e-01	3.801576e-01
5.041599e-02	1.671997e-01	3.732023e-01	4.076735e-01
5.797838e-02	1.793165e-01	3.609244e-01	4.371809e-01
6.667514e-02	1.923105e-01	3.476910e-01	4.688240e-01
7.667641e-02	2.062449e-01	3.341335e-01	5.027574e-01
8.817787e-02	2.211878e-01	3.191393e-01	5.391470e-01
1.014046e-01	2.372124e-01	3.053278e-01	5.781706e-01
1.166152e-01	2.543968e-01	2.902745e-01	6.200187e-01
1.341075e-01	2.728251e-01	2.749371e-01	6.648957e-01
1.542237e-01	2.925872e-01	2.600708e-01	7.130208e-01
1.773572e-01	3.137797e-01	2.438826e-01	7.646295e-01
2.039608e-01	3.365061e-01	2.294773e-01	8.199738e-01
2.345549e-01	3.608775e-01	2.140977e-01	8.793235e-01
2.697381e-01	3.870128e-01	1.999320e-01	9.429694e-01
3.101989e-01	4.150399e-01	1.865814e-01	1.011221e+00
3.567287e-01	4.450956e-01	1.726751e-01	1.084410e+00
4.102380e-01	4.773274e-01	1.603347e-01	1.162940e+00
4.717737e-01	5.118933e-01	1.475761e-01	1.247767e+00
5.425397e-01	5.489611e-01	1.368978e-01	1.339640e+00
6.239207e-01	5.887119e-01	1.258888e-01	1.439189e+00
7.175088e-01	6.313399e-01	1.157321e-01	1.547155e+00
8.251351e-01	6.770533e-01	1.069831e-01	1.664385e+00
9.489054e-01	7.260757e-01	9.917642e-02	1.791858e+00
1.091241e+00	7.704358e-01	9.142424e-02	1.930409e+00
1.254927e+00	8.236366e-01	8.250924e-02	1.978203e+00
1.443166e+00	9.010988e-01	7.360868e-02	2.023622e+00
1.659641e+00	9.865614e-01	6.566323e-02	2.066890e+00
1.908588e+00	1.081802e+00	5.897531e-02	2.108515e+00
2.194876e+00	1.182613e+00	5.317935e-02	2.149242e+00
2.524107e+00	1.294822e+00	4.796887e-02	2.190080e+00
2.902723e+00	1.415459e+00	4.313456e-02	2.232369e+00
3.338132e+00	1.542882e+00	3.892767e-02	2.277825e+00
3.838852e+00	1.681947e+00	3.500691e-02	2.328588e+00
4.414679e+00	1.800712e+00	3.133231e-02	2.387266e+00
5.076881e+00	1.931778e+00	2.832863e-02	2.456976e+00
5.838413e+00	2.073070e+00	2.541097e-02	2.541357e+00
6.714175e+00	2.201431e+00	2.273358e-02	2.644657e+00
7.721302e+00	2.330320e+00	2.040725e-02	2.771722e+00
8.879497e+00	2.434031e+00	1.797338e-02	2.928012e+00
1.021142e+01	2.537272e+00	1.626298e-02	3.119642e+00
1.174313e+01	2.628250e+00	1.448663e-02	3.353396e+00
1.350460e+01	2.711070e+00	1.289518e-02	3.636851e+00
1.553030e+01	2.794743e+00	1.154109e-02	3.978508e+00
1.785984e+01	2.855874e+00	1.012311e-02	4.388091e+00
2.053882e+01	2.910456e+00	9.073439e-03	4.876983e+00
2.361964e+01	2.951822e+00	7.999836e-03	5.458826e+00
2.716258e+01	2.975096e+00	7.115641e-03	6.150293e+00
3.123697e+01	2.990925e+00	6.364441e-03	6.972058e+00
3.592252e+01	2.983060e+00	5.617738e-03	7.949985e+00
4.131089e+01	2.960842e+00	5.024035e-03	9.116594e+00
4.750753e+01	2.921072e+00	4.433919e-03	1.051288e+01
5.463366e+01	2.872690e+00	3.980928e-03	1.219061e+01
6.282871e+01	2.814472e+00	3.536337e-03	1.421518e+01
7.225301e+01	2.738781e+00	3.131538e-03	1.666969e+01
8.309096e+01	3.076579e+00	2.755846e-03	1.965727e+01
9.555461e+01	2.884330e+00	2.437428e-03	2.331388e+01
1.098878e+02	2.702256e+00	2.175387e-03	2.782198e+01
1.263710e+02	2.522161e+00	1.926144e-03	3.338262e+01
1.453266e+02	2.345609e+00	1.703083e-03	4.026861e+01
1.671256e+02	2.172606e+00	1.493659e-03	4.883520e+01
1.921945e+02	2.006548e+00	1.316981e-03	5.953633e+01
2.210236e+02	1.848118e+00	1.159270e-03	7.294551e+01
2.541772e+02	1.694092e+00	1.024995e-03	8.982884e+01
2.923037e+02	1.547792e+00	9.035021e-04	1.112216e+02
3.361493e+02	1.414030e+00	7.996987e-04	1.383870e+02
3.865717e+02	1.295356e+00	7.073154e-04	1.727940e+02
4.445574e+02	1.183399e+00	6.206880e-04	2.164184e+02
5.112411e+02	1.077911e+00	5.538024e-04	2.719000e+02
5.879272e+02	9.791649e-01	4.889901e-04	3.426510e+02
6.761163e+02	8.873078e-01	4.300761e-04	4.330793e+02
7.775337e+02	8.025500e-01	3.808426e-04	5.488362e+02
8.941638e+02	7.240450e-01	3.295251e-04	6.972477e+02
1.028288e+03	6.518265e-01	2.949356e-04	8.878993e+02
1.182532e+03	5.862154e-01	2.590862e-04	1.132984e+03
1.359911e+03	5.279414e-01	2.271166e-04	1.447697e+03
1.563898e+03	4.749807e-01	2.008450e-04	1.851404e+03
1.798483e+03	4.271157e-01	1.733705e-04	2.369301e+03
2.068255e+03	3.841561e-01	1.535415e-04	3.033399e+03
2.378493e+03	3.456374e-01	1.335001e-04	3.884430e+03
2.735268e+03	3.110927e-01	1.170227e-04	4.974002e+03
3.145558e+03	2.802599e-01	1.034915e-04	6.367283e+03
3.617391e+03	2.528743e-01	9.001168e-05	8.146383e+03
4.160000e+03	2.285254e-01	7.954372e-05	1.041428e+04
4.784000e+03	2.068907e-01	6.930832e-05	1.329952e+04
5.501600e+03	1.877654e-01	6.143296e-05	1.696176e+04
6.326840e+03	1.708832e-01	5.386952e-05	2.159816e+04
7.275866e+03	1.559750e-01	4.707884e-05	2.745066e+04
8.367246e+03	1.428640e-01	0.000000e+00	3.481394e+04
9.622333e+03	1.313766e-01	0.000000e+00	4.404416e+04
