# Energy_MeV	dEdx_Elec_MeV_um	dEdx_Nucl_MeV_um	Range_um
1.000000e-05	2.833752e-03	2.200709e-02	5.433148e-03
1.150000e-05	3.061907e-03	2.398618e-02	5.826402e-03
1.322500e-05	3.306409e-03	2.603722e-02	6.248120e-03
1.520875e-05	3.568456e-03	2.823683e-02	6.700363e-03
1.749006e-05	3.849332e-03	3.056395e-02	7.185338e-03
2.011357e-05	4.150409e-03	3.318426e-02	7.705417e-03
2.313061e-05	4.473163e-03	3.581072e-02	8.263139e-03
2.660020e-05	4.819170e-03	3.867228e-02	8.861230e-03
3.059023e-05	5.190122e-03	4.171766e-02	9.502610e-03
3.517876e-05	5.587833e-03	4.476927e-02	1.019041e-02
4.045558e-05	6.014247e-03	4.827430e-02	1.092800e-02
4.652391e-05	6.471448e-03	5.165760e-02	1.171898e-02
5.350250e-05	6.961670e-03	5.533829e-02	1.256720e-02
6.152788e-05	7.487309e-03	5.926159e-02	1.347682e-02
7.075706e-05	8.050932e-03	6.321508e-02	1.445228e-02
8.137062e-05	8.655295e-03	6.732627e-02	1.549835e-02
9.357621e-05	9.303350e-03	7.137395e-02	1.662012e-02
1.076126e-04	9.998263e-03	7.571553e-02	1.782310e-02
1.237545e-04	1.074343e-02	8.008329e-02	1.911314e-02
1.423177e-04	1.154249e-02	8.450134e-02	2.049656e-02
1.636654e-04	1.239935e-02	8.869390e-02	2.198011e-02
1.882152e-04	1.331819e-02	9.308579e-02	2.357105e-02
2.164475e-04	1.430351e-02	9.771992e-02	2.527713e-02
2.489146e-04	1.536011e-02	1.017715e-01	2.710670e-02
2.862518e-04	1.649316e-02	1.063673e-01	2.906870e-02
3.291895e-04	1.770820e-02	1.101790e-01	3.117271e-02
3.785680e-04	1.901116e-02	1.142419e-01	3.342901e-02
4.353531e-04	2.040840e-02	1.183390e-01	3.584862e-02
5.006561e-04	2.190675e-02	1.217191e-01	3.844336e-02
5.757545e-04	2.351354e-02	1.255300e-01	4.122591e-02
6.621177e-04	2.523661e-02	1.286979e-01	4.420986e-02
7.614354e-04	2.708438e-02	1.317467e-01	4.740979e-02
8.756507e-04	2.906587e-02	1.345195e-01	5.084134e-02
1.006998e-03	3.119077e-02	1.369838e-01	5.452126e-02
1.158048e-03	3.346946e-02	1.393171e-01	5.846754e-02
1.331755e-03	3.591307e-02	1.411600e-01	6.267353e-02
1.531519e-03	3.853353e-02	1.428116e-01	6.722593e-02
1.761246e-03	4.134366e-02	1.441466e-01	7.210652e-02
2.025433e-03	4.435717e-02	1.454928e-01	7.732497e-02
2.329248e-03	4.758880e-02	1.462156e-01	8.292177e-02
2.678635e-03	5.105432e-02	1.468116e-01	8.892364e-02
3.080431e-03	5.477067e-02	1.471845e-01	9.535983e-02
3.542495e-03	5.875600e-02	1.470207e-01	1.022619e-01
4.073870e-03	6.302979e-02	1.468128e-01	1.096635e-01
4.684950e-03	6.761291e-02	1.460234e-01	1.176009e-01
5.387693e-03	7.252775e-02	1.449942e-01	1.261128e-01
6.195847e-03	7.779832e-02	1.436788e-01	1.352408e-01
7.125224e-03	8.345038e-02	1.418868e-01	1.450294e-01
8.194007e-03	8.951153e-02	1.397824e-01	1.555266e-01
9.423108e-03	9.601138e-02	1.372887e-01	1.667836e-01
1.083657e-02	1.029817e-01	1.344179e-01	1.788554e-01
1.246206e-02	1.104565e-01	1.312331e-01	1.918009e-01
1.433137e-02	1.184724e-01	1.276816e-01	2.056833e-01
1.648108e-02	1.270684e-01	1.239948e-01	2.205707e-01
1.895324e-02	1.362866e-01	1.198712e-01	2.365356e-01
2.179622e-02	1.461721e-01	1.153968e-01	2.536561e-01
2.506566e-02	1.567730e-01	1.109865e-01	2.720157e-01
2.882550e-02	1.681413e-01	1.060139e-01	2.917041e-01
3.314933e-02	1.803323e-01	1.014575e-01	3.128177e-01
3.812173e-02	1.934058e-01	9.640381e-02	3.354596e-01
4.383999e-02	2.074256e-01	9.119943e-02	3.597402e-01
5.041599e-02	2.224601e-01	8.640776e-02	3.857782e-01
5.797838e-02	2.385828e-01	8.102870e-02	4.137008e-01
6.667514e-02	2.558724e-01	7.616596e-02	4.436447e-01
7.667641e-02	2.744135e-01	7.123070e-02	4.757558e-01
8.817787e-02	2.942966e-01	6.648506e-02	5.101914e-01
1.014046e-01	3.156189e-01	6.191659e-02	5.471180e-01
1.166152e-01	3.384845e-01	5.733107e-02	5.867201e-01
1.341075e-01	3.630056e-01	5.321877e-02	6.291901e-01
1.542237e-01	3.893037e-01	4.924777e-02	6.750176e-01
1.773572e-01	4.175052e-01	4.553466e-02	7.246530e-01
2.039608e-01	4.477479e-01	4.153737e-02	7.784249e-01
2.345549e-01	4.801796e-01	3.865782e-02	8.367358e-01
2.697381e-01	5.149587e-01	3.583692e-02	8.995535e-01
3.101989e-01	5.522469e-01	3.276988e-02	9.386614e-01
3.567287e-01	5.870891e-01	3.014961e-02	9.775521e-01
4.102380e-01	6.250622e-01	2.713630e-02	1.016093e+00
4.717737e-01	6.827373e-01	2.459191e-02	1.054214e+00
5.425397e-01	7.458148e-01	2.202018e-02	1.091936e+00
6.239207e-01	8.132581e-01	1.958164e-02	1.129397e+00
7.175088e-01	8.816824e-01	1.769455e-02	1.166889e+00
8.251351e-01	9.556215e-01	1.590487e-02	1.204887e+00
9.489054e-01	1.026686e+00	1.441941e-02	1.244066e+00
1.091241e+00	1.098297e+00	1.292883e-02	1.285405e+00
1.254927e+00	1.168178e+00	1.162595e-02	1.330156e+00
1.443166e+00	1.221903e+00	1.045120e-02	1.379923e+00
1.659641e+00	1.276162e+00	9.433470e-03	1.436699e+00
1.908588e+00	1.332414e+00	8.457028e-03	1.502897e+00
2.194876e+00	1.383386e+00	7.531933e-03	1.581422e+00
2.524107e+00	1.428657e+00	6.805743e-03	1.675689e+00
2.902723e+00	1.462903e+00	6.005247e-03	1.789672e+00
3.338132e+00	1.495507e+00	5.424036e-03	1.927969e+00
3.838852e+00	1.518261e+00	4.823847e-03	2.095852e+00
4.414679e+00	1.537258e+00	4.278992e-03	2.299379e+00
5.076881e+00	1.553608e+00	3.851023e-03	2.545545e+00
5.838413e+00	1.558191e+00	3.379043e-03	2.842543e+00
6.714175e+00	1.558780e+00	3.015646e-03	3.200123e+00
7.721302e+00	1.549841e+00	2.674327e-03	3.630122e+00
8.879497e+00	1.533764e+00	2.378668e-03	4.147150e+00
1.021142e+01	1.511802e+00	2.114246e-03	4.769479e+00
1.174313e+01	1.479857e+00	1.869345e-03	5.520183e+00
1.350460e+01	1.442533e+00	1.670077e-03	6.428586e+00
1.553030e+01	1.398509e+00	1.487215e-03	7.532081e+00
1.785984e+01	1.348846e+00	1.328104e-03	8.878470e+00
2.053882e+01	1.292453e+00	1.162376e-03	1.052896e+01
2.361964e+01	1.233010e+00	1.044064e-03	1.256196e+01
2.716258e+01	1.272403e+00	9.216172e-04	1.507720e+01
3.123697e+01	1.175291e+00	8.125229e-04	1.820349e+01
3.592252e+01	1.085188e+00	7.271405e-04	2.211757e+01
4.131089e+01	9.990503e-01	6.328911e-04	2.702214e+01
4.750753e+01	9.166145e-01	5.679676e-04	3.318472e+01
5.463366e+01	8.376989e-01	4.997395e-04	4.095658e+01
6.282871e+01	7.634124e-01	4.375755e-04	5.079063e+01
7.225301e+01	6.941410e-01	3.869470e-04	6.326034e+01
8.309096e+01	6.284654e-01	3.399385e-04	7.912319e+01
9.555461e+01	5.669735e-01	3.026556e-04	9.940545e+01
1.098878e+02	5.111302e-01	2.658465e-04	1.253910e+02
1.263710e+02	4.629222e-01	2.350454e-04	1.585777e+02
1.453266e+02	4.183935e-01	2.078310e-04	2.009251e+02
1.671256e+02	3.773873e-01	1.846231e-04	2.550615e+02
1.921945e+02	3.397740e-01	1.626709e-04	3.243776e+02
2.210236e+02	3.054445e-01	1.427858e-04	4.132475e+02
2.541772e+02	2.743362e-01	1.272299e-04	5.272676e+02
2.923037e+02	2.460465e-01	1.103262e-04	6.736542e+02
3.361493e+02	2.203389e-01	9.848885e-05	8.618398e+02
3.865717e+02	1.972640e-01	8.620064e-05	1.103865e+03
4.445574e+02	1.770028e-01	7.554454e-05	1.414741e+03
5.112411e+02	1.588247e-01	6.711545e-05	1.813467e+03
5.879272e+02	1.425092e-01	5.792495e-05	2.324779e+03
6.761163e+02	1.279280e-01	5.105334e-05	2.980180e+03
7.775337e+02	1.149160e-01	4.463849e-05	3.819762e+03
8.941638e+02	1.033207e-01	0.000000e+00	4.894379e+03
1.028288e+03	9.300460e-02	0.000000e+00	6.268307e+03
1.182532e+03	8.384363e-02	0.000000e+00	8.022592e+03
1.359911e+03	7.571388e-02	0.000000e+00	1.025900e+04
1.563898e+03	6.850428e-02	0.000000e+00	1.310466e+04
1.798483e+03	6.212924e-02	0.000000e+00	1.671764e+04
2.068255e+03	5.650179e-02	0.000000e+00	2.129332e+04
2.378493e+03	5.153611e-02	0.000000e+00	2.707166e+04
2.735268e+03	4.716549e-02	0.000000e+00	3.434532e+04
3.145558e+03	4.333123e-02	0.000000e+00	4.346838e+04
3.617391e+03	3.997361e-02	0.000000e+00	5.486570e+04
4.160000e+03	3.704171e-02	0.000000e+00	6.904234e+04
4.784000e+03	3.449474e-02	0.000000e+00	8.659304e+04
5.501600e+03	3.229203e-02	0.000000e+00	1.082111e+05
6.326840e+03	3.039534e-02	0.000000e+00	1.346963e+05
7.275866e+03	2.877469e-02	0.000000e+00	1.669620e+05
8.367246e+03	2.740341e-02	0.000000e+00	2.060403e+05
9.622333e+03	2.625471e-02	0.000000e+00	2.530863e+05
