# Energy_MeV	dEdx_Elec_MeV_um	dEdx_Nucl_MeV_um	Range_um
1.000000e-05	2.338219e-03	3.032700e-02	5.531025e-03
1.150000e-05	2.526067e-03	3.322078e-02	5.931363e-03
1.322500e-05	2.727380e-03	3.638900e-02	6.360678e-03
1.520875e-05	2.943145e-03	3.976342e-02	6.821068e-03
1.749006e-05	3.174416e-03	4.341742e-02	7.314780e-03
2.011357e-05	3.422327e-03	4.732568e-02	7.844228e-03
2.313061e-05	3.688088e-03	5.151924e-02	8.411997e-03
2.660020e-05	3.973001e-03	5.606060e-02	9.020862e-03
3.059023e-05	4.278458e-03	6.091933e-02	9.673797e-03
3.517876e-05	4.605951e-03	6.595675e-02	1.037399e-02
4.045558e-05	4.957083e-03	7.144889e-02	1.112487e-02
4.652391e-05	5.333568e-03	7.741312e-02	1.193009e-02
5.350250e-05	5.737247e-03	8.350525e-02	1.279360e-02
6.152788e-05	6.170093e-03	9.040969e-02	1.371960e-02
7.075706e-05	6.634220e-03	9.701081e-02	1.471264e-02
8.137062e-05	7.131895e-03	1.043802e-01	1.577754e-02
9.357621e-05	7.665552e-03	1.122211e-01	1.691953e-02
1.076126e-04	8.237796e-03	1.200430e-01	1.814418e-02
1.237545e-04	8.851425e-03	1.289361e-01	1.945746e-02
1.423177e-04	9.509435e-03	1.373803e-01	2.086580e-02
1.636654e-04	1.021504e-02	1.466817e-01	2.237608e-02
1.882152e-04	1.097169e-02	1.559593e-01	2.399567e-02
2.164475e-04	1.178308e-02	1.652325e-01	2.573249e-02
2.489146e-04	1.265318e-02	1.753419e-01	2.759502e-02
2.862518e-04	1.358623e-02	1.847923e-01	2.959237e-02
3.291895e-04	1.458680e-02	1.949628e-01	3.173428e-02
3.785680e-04	1.565976e-02	2.042648e-01	3.403122e-02
4.353531e-04	1.681037e-02	2.144160e-01	3.649442e-02
5.006561e-04	1.804425e-02	2.242343e-01	3.913590e-02
5.757545e-04	1.936742e-02	2.340812e-01	4.196858e-02
6.621177e-04	2.078634e-02	2.438199e-01	4.500629e-02
7.614354e-04	2.230796e-02	2.524246e-01	4.826387e-02
8.756507e-04	2.393970e-02	2.616197e-01	5.175723e-02
1.006998e-03	2.568953e-02	2.700197e-01	5.550345e-02
1.158048e-03	2.756600e-02	2.782664e-01	5.952082e-02
1.331755e-03	2.957828e-02	2.861983e-01	6.382896e-02
1.531519e-03	3.173621e-02	2.932595e-01	6.844894e-02
1.761246e-03	3.405032e-02	2.998086e-01	7.340331e-02
2.025433e-03	3.653191e-02	3.056908e-01	7.871628e-02
2.329248e-03	3.919312e-02	3.109375e-01	8.441381e-02
2.678635e-03	4.204694e-02	3.157186e-01	9.052372e-02
3.080431e-03	4.510731e-02	3.199243e-01	9.706037e-02
3.542495e-03	4.838919e-02	3.231613e-01	1.041056e-01
4.073870e-03	5.190861e-02	3.260728e-01	1.116390e-01
4.684950e-03	5.568276e-02	3.285171e-01	1.197206e-01
5.387693e-03	5.973008e-02	3.299276e-01	1.283855e-01
6.195847e-03	6.407034e-02	3.314462e-01	1.376779e-01
7.125224e-03	6.872475e-02	3.312944e-01	1.476429e-01
8.194007e-03	7.371605e-02	3.309675e-01	1.583292e-01
9.423108e-03	7.906861e-02	3.298898e-01	1.697890e-01
1.083657e-02	8.480859e-02	3.278156e-01	1.820782e-01
1.246206e-02	9.096403e-02	3.253898e-01	1.952569e-01
1.433137e-02	9.756500e-02	3.217058e-01	2.093895e-01
1.648108e-02	1.046437e-01	3.174164e-01	2.245451e-01
1.895324e-02	1.122349e-01	3.121910e-01	2.407976e-01
2.179622e-02	1.203754e-01	3.062192e-01	2.582264e-01
2.506566e-02	1.291052e-01	2.993181e-01	2.769167e-01
2.882550e-02	1.384668e-01	2.918242e-01	2.969600e-01
3.314933e-02	1.485060e-01	2.835298e-01	3.184540e-01
3.812173e-02	1.592719e-01	2.748896e-01	3.415036e-01
4.383999e-02	1.708170e-01	2.652202e-01	3.662215e-01
5.041599e-02	1.831978e-01	2.551908e-01	3.927287e-01
5.797838e-02	1.964747e-01	2.445337e-01	4.211545e-01
6.667514e-02	2.107125e-01	2.336433e-01	4.516377e-01
7.667641e-02	2.259809e-01	2.229944e-01	4.843272e-01
8.817787e-02	2.423545e-01	2.114296e-01	5.193828e-01
1.014046e-01	2.599131e-01	2.001961e-01	5.569759e-01
1.166152e-01	2.787427e-01	1.885682e-01	5.972900e-01
1.341075e-01	2.989352e-01	1.770395e-01	6.405219e-01
1.542237e-01	3.205892e-01	1.658175e-01	6.868829e-01
1.773572e-01	3.438105e-01	1.549603e-01	7.365996e-01
2.039608e-01	3.687126e-01	1.444664e-01	7.899145e-01
2.345549e-01	3.954171e-01	1.343420e-01	8.470932e-01
2.697381e-01	4.240546e-01	1.245315e-01	9.083871e-01
3.101989e-01	4.547663e-01	1.149034e-01	9.742935e-01
3.567287e-01	4.877016e-01	1.065608e-01	1.045626e+00
4.102380e-01	5.230206e-01	9.798628e-02	1.122875e+00
4.717737e-01	5.608961e-01	8.971480e-02	1.206612e+00
5.425397e-01	6.015131e-01	8.358399e-02	1.297463e+00
6.239207e-01	6.450701e-01	7.669087e-02	1.396160e+00
7.175088e-01	6.897474e-01	7.123486e-02	1.495943e+00
8.251351e-01	7.324222e-01	6.496046e-02	1.541632e+00
9.489054e-01	7.922674e-01	5.779689e-02	1.585739e+00
1.091241e+00	8.693590e-01	5.228021e-02	1.628353e+00
1.254927e+00	9.513410e-01	4.608684e-02	1.669711e+00
1.443166e+00	1.042377e+00	4.199807e-02	1.710215e+00
1.659641e+00	1.139779e+00	3.762442e-02	1.750490e+00
1.908588e+00	1.243927e+00	3.397339e-02	1.791424e+00
2.194876e+00	1.358976e+00	3.072713e-02	1.834209e+00
2.524107e+00	1.469887e+00	2.741081e-02	1.880386e+00
2.902723e+00	1.583052e+00	2.484448e-02	1.931890e+00
3.338132e+00	1.684402e+00	2.219976e-02	1.991073e+00
3.838852e+00	1.792635e+00	2.012289e-02	2.060776e+00
4.414679e+00	1.911044e+00	1.797581e-02	2.144361e+00
5.076881e+00	2.003901e+00	1.613187e-02	2.245721e+00
5.838413e+00	2.096066e+00	1.435157e-02	2.369331e+00
6.714175e+00	2.179038e+00	1.279154e-02	2.520263e+00
7.721302e+00	2.248023e+00	1.151127e-02	2.704238e+00
8.879497e+00	2.315772e+00	1.022191e-02	2.927670e+00
1.021142e+01	2.371800e+00	9.144774e-03	3.197783e+00
1.174313e+01	2.422489e+00	8.094888e-03	3.522805e+00
1.350460e+01	2.463722e+00	7.173843e-03	3.912296e+00
1.553030e+01	2.487738e+00	6.363699e-03	4.377595e+00
1.785984e+01	2.506010e+00	5.657566e-03	4.932458e+00
2.053882e+01	2.507490e+00	5.027672e-03	5.593845e+00
2.361964e+01	2.498427e+00	4.473735e-03	6.382926e+00
2.716258e+01	2.477408e+00	3.979129e-03	7.326313e+00
3.123697e+01	2.438322e+00	3.516158e-03	8.457605e+00
3.592252e+01	2.390797e+00	3.154502e-03	9.819324e+00
4.131089e+01	2.335149e+00	2.791642e-03	1.146540e+01
4.750753e+01	2.268911e+00	2.469778e-03	1.346411e+01
5.463366e+01	2.190990e+00	2.208369e-03	1.590295e+01
6.282871e+01	2.371668e+00	1.914499e-03	1.888944e+01
7.225301e+01	2.214701e+00	1.730082e-03	2.257364e+01
8.309096e+01	2.063313e+00	1.521921e-03	2.713892e+01
9.555461e+01	1.915367e+00	1.344944e-03	3.280186e+01
1.098878e+02	1.770808e+00	1.199243e-03	3.985725e+01
1.263710e+02	1.631512e+00	1.037658e-03	4.868691e+01
1.453266e+02	1.499353e+00	9.275930e-04	5.977360e+01
1.671256e+02	1.373262e+00	8.116128e-04	7.373897e+01
1.921945e+02	1.251589e+00	7.185412e-04	9.142689e+01
2.210236e+02	1.137707e+00	6.378900e-04	1.139458e+02
2.541772e+02	1.037309e+00	5.579466e-04	1.426026e+02
2.923037e+02	9.457154e-01	4.974972e-04	1.789877e+02
3.361493e+02	8.598599e-01	4.370152e-04	2.252844e+02
3.865717e+02	7.796868e-01	3.902367e-04	2.843439e+02
4.445574e+02	7.053505e-01	3.429615e-04	3.598540e+02
5.112411e+02	6.368732e-01	3.035395e-04	4.565566e+02
5.879272e+02	5.741905e-01	2.653234e-04	5.805380e+02
6.761163e+02	5.162271e-01	2.334819e-04	7.397369e+02
7.775337e+02	4.635887e-01	2.072281e-04	9.444479e+02
8.941638e+02	4.164928e-01	1.814132e-04	1.207625e+03
1.028288e+03	3.744660e-01	1.603498e-04	1.545438e+03
1.182532e+03	3.364469e-01	1.396397e-04	1.978786e+03
1.359911e+03	3.022685e-01	1.222400e-04	2.534610e+03
1.563898e+03	2.716854e-01	1.067555e-04	3.247105e+03
1.798483e+03	2.443263e-01	9.377339e-05	4.159734e+03
2.068255e+03	2.198790e-01	8.218392e-05	5.327498e+03
2.378493e+03	1.981309e-01	7.216769e-05	6.819799e+03
2.735268e+03	1.788252e-01	6.344810e-05	8.723977e+03
3.145558e+03	1.616736e-01	5.518548e-05	1.114936e+04
3.617391e+03	1.464741e-01	4.902455e-05	1.423222e+04
4.160000e+03	1.330546e-01	0.000000e+00	1.814145e+04
4.784000e+03	1.212076e-01	0.000000e+00	2.308517e+04
5.501600e+03	1.107620e-01	0.000000e+00	2.931803e+04
6.326840e+03	1.015912e-01	0.000000e+00	3.714936e+04
7.275866e+03	9.355546e-02	0.000000e+00	4.695179e+04
8.367246e+03	8.651620e-02	0.000000e+00	5.917034e+04
9.622333e+03	8.038108e-02	0.000000e+00	7.433142e+04
