# Energy_MeV	dEdx_Elec_MeV_um	dEdx_Nucl_MeV_um	Range_um
1.000000e-05	2.181719e-03	3.259686e-02	5.348369e-03
1.150000e-05	2.357721e-03	3.582745e-02	5.735487e-03
1.322500e-05	2.546329e-03	3.926563e-02	6.150624e-03
1.520875e-05	2.748466e-03	4.307542e-02	6.595810e-03
1.749006e-05	2.965124e-03	4.723665e-02	7.073218e-03
2.011357e-05	3.197362e-03	5.176882e-02	7.585181e-03
2.313061e-05	3.446315e-03	5.665710e-02	8.134201e-03
2.660020e-05	3.713203e-03	6.193852e-02	8.722958e-03
3.059023e-05	3.999329e-03	6.759531e-02	9.354331e-03
3.517876e-05	4.306092e-03	7.371182e-02	1.003140e-02
4.045558e-05	4.634993e-03	8.022657e-02	1.075748e-02
4.652391e-05	4.987637e-03	8.725824e-02	1.153611e-02
5.350250e-05	5.365750e-03	9.486557e-02	1.237110e-02
6.152788e-05	5.771177e-03	1.026691e-01	1.326653e-02
7.075706e-05	6.205902e-03	1.112001e-01	1.422677e-02
8.137062e-05	6.672047e-03	1.204123e-01	1.525651e-02
9.357621e-05	7.171890e-03	1.300021e-01	1.636078e-02
1.076126e-04	7.707874e-03	1.406287e-01	1.754499e-02
1.237545e-04	8.282617e-03	1.509689e-01	1.881490e-02
1.423177e-04	8.898927e-03	1.623551e-01	2.017673e-02
1.636654e-04	9.559815e-03	1.744680e-01	2.163714e-02
1.882152e-04	1.026851e-02	1.868013e-01	2.320324e-02
2.164475e-04	1.102848e-02	2.003976e-01	2.488271e-02
2.489146e-04	1.184342e-02	2.136507e-01	2.668373e-02
2.862518e-04	1.271733e-02	2.280551e-01	2.861511e-02
3.291895e-04	1.365448e-02	2.424960e-01	3.068629e-02
3.785680e-04	1.465943e-02	2.568277e-01	3.290738e-02
4.353531e-04	1.573711e-02	2.723004e-01	3.528923e-02
5.006561e-04	1.689277e-02	2.872001e-01	3.784349e-02
5.757545e-04	1.813206e-02	3.028877e-01	4.058262e-02
6.621177e-04	1.946104e-02	3.174461e-01	4.352001e-02
7.614354e-04	2.088620e-02	3.327534e-01	4.667001e-02
8.756507e-04	2.241450e-02	3.482548e-01	5.004801e-02
1.006998e-03	2.405340e-02	3.637596e-01	5.367051e-02
1.158048e-03	2.581092e-02	3.784356e-01	5.755521e-02
1.331755e-03	2.769564e-02	3.920006e-01	6.172109e-02
1.531519e-03	2.971677e-02	4.056658e-01	6.618849e-02
1.761246e-03	3.188418e-02	4.189661e-01	7.097925e-02
2.025433e-03	3.420846e-02	4.319794e-01	7.611677e-02
2.329248e-03	3.670096e-02	4.437536e-01	8.162614e-02
2.678635e-03	3.937387e-02	4.548734e-01	8.753428e-02
3.080431e-03	4.224023e-02	4.647144e-01	9.387006e-02
3.542495e-03	4.531406e-02	4.738810e-01	1.006644e-01
4.073870e-03	4.861037e-02	4.819247e-01	1.079506e-01
4.684950e-03	5.214526e-02	4.891063e-01	1.157643e-01
5.387693e-03	5.593600e-02	4.957501e-01	1.241475e-01
6.195847e-03	6.000112e-02	5.005195e-01	1.331308e-01
7.125224e-03	6.436046e-02	5.048818e-01	1.427680e-01
8.194007e-03	6.903534e-02	5.085299e-01	1.531011e-01
9.423108e-03	7.404857e-02	5.108714e-01	1.641824e-01
1.083657e-02	7.942467e-02	5.128957e-01	1.760659e-01
1.246206e-02	8.518989e-02	5.127336e-01	1.888094e-01
1.433137e-02	9.137239e-02	5.120409e-01	2.024753e-01
1.648108e-02	9.800238e-02	5.102779e-01	2.171303e-01
1.895324e-02	1.051123e-01	5.071220e-01	2.328461e-01
2.179622e-02	1.127367e-01	5.031184e-01	2.496994e-01
2.506566e-02	1.209131e-01	4.973992e-01	2.677726e-01
2.882550e-02	1.296813e-01	4.906318e-01	2.871538e-01
3.314933e-02	1.390840e-01	4.824646e-01	3.079379e-01
3.812173e-02	1.491674e-01	4.731131e-01	3.302264e-01
4.383999e-02	1.599806e-01	4.623564e-01	3.541282e-01
5.041599e-02	1.715765e-01	4.506134e-01	3.797599e-01
5.797838e-02	1.840117e-01	4.377126e-01	4.072468e-01
6.667514e-02	1.973470e-01	4.241740e-01	4.367233e-01
7.667641e-02	2.116474e-01	4.093344e-01	4.683335e-01
8.817787e-02	2.269830e-01	3.935577e-01	5.022315e-01
1.014046e-01	2.434285e-01	3.768317e-01	5.385830e-01
1.166152e-01	2.610644e-01	3.601435e-01	5.775656e-01
1.341075e-01	2.799768e-01	3.434040e-01	6.193699e-01
1.542237e-01	3.002580e-01	3.259498e-01	6.642001e-01
1.773572e-01	3.220072e-01	3.082192e-01	7.122751e-01
2.039608e-01	3.453307e-01	2.899258e-01	7.638296e-01
2.345549e-01	3.703423e-01	2.725188e-01	8.191156e-01
2.697381e-01	3.971642e-01	2.548872e-01	8.784036e-01
3.101989e-01	4.259275e-01	2.383720e-01	9.419817e-01
3.567287e-01	4.567728e-01	2.220809e-01	1.010169e+00
4.102380e-01	4.898506e-01	2.063566e-01	1.083261e+00
4.717737e-01	5.253244e-01	1.914254e-01	1.161909e+00
5.425397e-01	5.633660e-01	1.762817e-01	1.247058e+00
6.239207e-01	6.041612e-01	1.636318e-01	1.339270e+00
7.175088e-01	6.479091e-01	1.506768e-01	1.439236e+00
8.251351e-01	6.948235e-01	1.379192e-01	1.547709e+00
9.489054e-01	7.451337e-01	1.280008e-01	1.665565e+00
1.091241e+00	7.953871e-01	1.181404e-01	1.793824e+00
1.254927e+00	8.436603e-01	1.096217e-01	1.933687e+00
1.443166e+00	9.130370e-01	9.982532e-02	1.997331e+00
1.659641e+00	9.995628e-01	8.855944e-02	2.032791e+00
1.908588e+00	1.092741e+00	7.973342e-02	2.066059e+00
2.194876e+00	1.196520e+00	7.081911e-02	2.097730e+00
2.524107e+00	1.310122e+00	6.432152e-02	2.128743e+00
2.902723e+00	1.433002e+00	5.773613e-02	2.160284e+00
3.338132e+00	1.569955e+00	5.195121e-02	2.193847e+00
3.838852e+00	1.712323e+00	4.706838e-02	2.231280e+00
4.414679e+00	1.859290e+00	4.209603e-02	2.274823e+00
5.076881e+00	2.005881e+00	3.801460e-02	2.327145e+00
5.838413e+00	2.163152e+00	3.403254e-02	2.391380e+00
6.714175e+00	2.333191e+00	3.075059e-02	2.471149e+00
7.721302e+00	2.481776e+00	2.760753e-02	2.570548e+00
8.879497e+00	2.626715e+00	2.467677e-02	2.694237e+00
1.021142e+01	2.765941e+00	2.185995e-02	2.847383e+00
1.174313e+01	2.881896e+00	1.958661e-02	3.035696e+00
1.350460e+01	3.000159e+00	1.756024e-02	3.265475e+00
1.553030e+01	3.107178e+00	1.569370e-02	3.543679e+00
1.785984e+01	3.205394e+00	1.397990e-02	3.878166e+00
2.053882e+01	3.297518e+00	1.231814e-02	4.277946e+00
2.361964e+01	3.362575e+00	1.098353e-02	4.753643e+00
2.716258e+01	3.423391e+00	9.705803e-03	5.318088e+00
3.123697e+01	3.464187e+00	8.657100e-03	5.987050e+00
3.592252e+01	3.487056e+00	7.692858e-03	6.780135e+00
4.131089e+01	3.497505e+00	6.828961e-03	7.721891e+00
4.750753e+01	3.471114e+00	6.089816e-03	8.843146e+00
5.463366e+01	3.437829e+00	5.359522e-03	1.018269e+01
6.282871e+01	3.395656e+00	4.822457e-03	1.178941e+01
7.225301e+01	3.333942e+00	4.286814e-03	1.372478e+01
8.309096e+01	3.256114e+00	3.781394e-03	1.606709e+01
9.555461e+01	3.624842e+00	3.366236e-03	1.891174e+01
1.098878e+02	3.414857e+00	2.937544e-03	2.239380e+01
1.263710e+02	3.206443e+00	2.641538e-03	2.667168e+01
1.453266e+02	2.999660e+00	2.337620e-03	3.193496e+01
1.671256e+02	2.794284e+00	2.057834e-03	3.844092e+01
1.921945e+02	2.594230e+00	1.827083e-03	4.652151e+01
2.210236e+02	2.402330e+00	1.591246e-03	5.659307e+01
2.541772e+02	2.216223e+00	1.416354e-03	6.919333e+01
2.923037e+02	2.035781e+00	1.242971e-03	8.505545e+01
3.361493e+02	1.864775e+00	1.095209e-03	1.051305e+02
3.865717e+02	1.714266e+00	9.748117e-04	1.305210e+02
4.445574e+02	1.574524e+00	8.547027e-04	1.625872e+02
5.112411e+02	1.441623e+00	7.593200e-04	2.032063e+02
5.879272e+02	1.315822e+00	6.688026e-04	2.548229e+02
6.761163e+02	1.197686e+00	5.948055e-04	3.206028e+02
7.775337e+02	1.087560e+00	5.261278e-04	4.046159e+02
8.941638e+02	9.854463e-01	4.633366e-04	5.120982e+02
1.028288e+03	8.900510e-01	4.028004e-04	6.499011e+02
1.182532e+03	8.025431e-01	3.569245e-04	8.268959e+02
1.359911e+03	7.235961e-01	3.153347e-04	1.054229e+03
1.563898e+03	6.522956e-01	2.782394e-04	1.345859e+03
1.798483e+03	5.873898e-01	2.446634e-04	1.719897e+03
2.068255e+03	5.288018e-01	2.118555e-04	2.199635e+03
2.378493e+03	4.761691e-01	1.868723e-04	2.814660e+03
2.735268e+03	4.288125e-01	1.624384e-04	3.602563e+03
3.145558e+03	3.862740e-01	1.432467e-04	4.610890e+03
3.617391e+03	3.483798e-01	1.257146e-04	5.899611e+03
4.160000e+03	3.146974e-01	1.099370e-04	7.544138e+03
4.784000e+03	2.846845e-01	9.694652e-05	9.638803e+03
5.501600e+03	2.580550e-01	8.390432e-05	1.230109e+04
6.326840e+03	2.345460e-01	7.481808e-05	1.567652e+04
7.275866e+03	2.137712e-01	6.565910e-05	1.994425e+04
8.367246e+03	1.954422e-01	5.710558e-05	2.532338e+04
9.622333e+03	1.793644e-01	5.010737e-05	3.207978e+04
