# Energy_MeV	dEdx_Elec_MeV_um	dEdx_Nucl_MeV_um	Range_um
1.000000e-05	5.232182e-03	3.279959e-02	3.822497e-03
1.150000e-05	5.610890e-03	3.628094e-02	4.099172e-03
1.322500e-05	6.017009e-03	4.007791e-02	4.395872e-03
1.520875e-05	6.452523e-03	4.429219e-02	4.714047e-03
1.749006e-05	6.919560e-03	4.889930e-02	5.055253e-03
2.011357e-05	7.420402e-03	5.400457e-02	5.421154e-03
2.313061e-05	7.957494e-03	5.940089e-02	5.813541e-03
2.660020e-05	8.533462e-03	6.535172e-02	6.234328e-03
3.059023e-05	9.151118e-03	7.206144e-02	6.685572e-03
3.517876e-05	9.813481e-03	7.931647e-02	7.169477e-03
4.045558e-05	1.052379e-02	8.718121e-02	7.688407e-03
4.652391e-05	1.128550e-02	9.555939e-02	8.244898e-03
5.350250e-05	1.210235e-02	1.046929e-01	8.841668e-03
6.152788e-05	1.297833e-02	1.149486e-01	9.481633e-03
7.075706e-05	1.391771e-02	1.259934e-01	1.016792e-02
8.137062e-05	1.492508e-02	1.378435e-01	1.090388e-02
9.357621e-05	1.600536e-02	1.507036e-01	1.169311e-02
1.076126e-04	1.716384e-02	1.644385e-01	1.253946e-02
1.237545e-04	1.840617e-02	1.793553e-01	1.344707e-02
1.423177e-04	1.973842e-02	1.952142e-01	1.442038e-02
1.636654e-04	2.116709e-02	2.123403e-01	1.546413e-02
1.882152e-04	2.269918e-02	2.308724e-01	1.658344e-02
2.164475e-04	2.434216e-02	2.499514e-01	1.778375e-02
2.489146e-04	2.610406e-02	2.703764e-01	1.907095e-02
2.862518e-04	2.799348e-02	2.927390e-01	2.045132e-02
3.291895e-04	3.001966e-02	3.165646e-01	2.193159e-02
3.785680e-04	3.219250e-02	3.419417e-01	2.351901e-02
4.353531e-04	3.452261e-02	3.676882e-01	2.522133e-02
5.006561e-04	3.702138e-02	3.948353e-01	2.704687e-02
5.757545e-04	3.970100e-02	4.242395e-01	2.900453e-02
6.621177e-04	4.257458e-02	4.550131e-01	3.110390e-02
7.614354e-04	4.565616e-02	4.873762e-01	3.335521e-02
8.756507e-04	4.896077e-02	5.202591e-01	3.576948e-02
1.006998e-03	5.250458e-02	5.552266e-01	3.835849e-02
1.158048e-03	5.630489e-02	5.904362e-01	4.113490e-02
1.331755e-03	3.020092e-02	6.254870e-01	4.411227e-02
1.531519e-03	3.241223e-02	6.624207e-01	4.730514e-02
1.761246e-03	3.478356e-02	6.995952e-01	5.072911e-02
2.025433e-03	3.732652e-02	7.380200e-01	5.440091e-02
2.329248e-03	4.005352e-02	7.736748e-01	5.833847e-02
2.678635e-03	4.297789e-02	8.097042e-01	6.256104e-02
3.080431e-03	4.611391e-02	8.487727e-01	6.708925e-02
3.542495e-03	4.947691e-02	8.868109e-01	7.194520e-02
4.073870e-03	5.308330e-02	9.224019e-01	7.715263e-02
4.684950e-03	5.695072e-02	9.557305e-01	8.273698e-02
5.387693e-03	6.109806e-02	9.874577e-01	8.872553e-02
6.195847e-03	6.554557e-02	1.021267e+00	9.514753e-02
7.125224e-03	7.031498e-02	1.053167e+00	1.020137e-01
8.194007e-03	7.542960e-02	1.081357e+00	1.094013e-01
9.423108e-03	8.091441e-02	1.108641e+00	1.173435e-01
1.083657e-02	8.679620e-02	1.132343e+00	1.258350e-01
1.246206e-02	9.310372e-02	1.154734e+00	1.349434e-01
1.433137e-02	9.986777e-02	1.174274e+00	1.447104e-01
1.648108e-02	1.071214e-01	1.191952e+00	1.551845e-01
1.895324e-02	1.149000e-01	1.208317e+00	1.664166e-01
2.179622e-02	1.232417e-01	1.219937e+00	1.784617e-01
2.506566e-02	1.321871e-01	1.229830e+00	1.913786e-01
2.882550e-02	1.417800e-01	1.238686e+00	2.052305e-01
3.314933e-02	1.520673e-01	1.245330e+00	2.200850e-01
3.812173e-02	1.630991e-01	1.249505e+00	2.360146e-01
4.383999e-02	1.749294e-01	1.249793e+00	2.530972e-01
5.041599e-02	1.876160e-01	1.247589e+00	2.714163e-01
5.797838e-02	2.012209e-01	1.243309e+00	2.910614e-01
6.667514e-02	2.158104e-01	1.236211e+00	3.121284e-01
7.667641e-02	2.314560e-01	1.226058e+00	3.347202e-01
8.817787e-02	2.482340e-01	1.212401e+00	3.589471e-01
1.014046e-01	2.662264e-01	1.195843e+00	3.849277e-01
1.166152e-01	2.855211e-01	1.176030e+00	4.127889e-01
1.341075e-01	3.062124e-01	1.153237e+00	4.426665e-01
1.542237e-01	3.284013e-01	1.127162e+00	4.747067e-01
1.773572e-01	3.521962e-01	1.098365e+00	5.090659e-01
2.039608e-01	3.777135e-01	1.066741e+00	5.459122e-01
2.345549e-01	4.050777e-01	1.033727e+00	5.854256e-01
2.697381e-01	4.344225e-01	9.982426e-01	6.277987e-01
3.101989e-01	4.658913e-01	9.589822e-01	6.732387e-01
3.567287e-01	4.996378e-01	9.182253e-01	7.219679e-01
4.102380e-01	5.358270e-01	8.773360e-01	7.742242e-01
4.717737e-01	5.746355e-01	8.363538e-01	8.302633e-01
5.425397e-01	6.162530e-01	7.952486e-01	8.903559e-01
6.239207e-01	6.608828e-01	7.506652e-01	9.548056e-01
7.175088e-01	7.087432e-01	7.062969e-01	1.023903e+00
8.251351e-01	7.600706e-01	6.639262e-01	1.098391e+00
9.489054e-01	8.151131e-01	6.208279e-01	1.179066e+00
1.091241e+00	8.741395e-01	5.808529e-01	1.266451e+00
1.254927e+00	9.374384e-01	5.410135e-01	1.361202e+00
1.443166e+00	1.005319e+00	5.030766e-01	1.464047e+00
1.659641e+00	1.078113e+00	4.661996e-01	1.575829e+00
1.908588e+00	1.149335e+00	4.293686e-01	1.697533e+00
2.194876e+00	1.224506e+00	3.981158e-01	1.830325e+00
2.524107e+00	1.336587e+00	3.678423e-01	1.975605e+00
2.902723e+00	1.464095e+00	3.368732e-01	2.135084e+00
3.338132e+00	1.600932e+00	3.104442e-01	2.310872e+00
3.838852e+00	1.747374e+00	2.883252e-01	2.505619e+00
4.414679e+00	1.908995e+00	2.676462e-01	2.722684e+00
5.076881e+00	2.076149e+00	2.438654e-01	2.774975e+00
5.838413e+00	2.261247e+00	2.165174e-01	2.705350e+00
6.714175e+00	2.459800e+00	1.931192e-01	2.645265e+00
7.721302e+00	2.670834e+00	1.730084e-01	2.596693e+00
8.879497e+00	2.904972e+00	1.564590e-01	2.561718e+00
1.021142e+01	3.168063e+00	1.406063e-01	2.542552e+00
1.174313e+01	3.461496e+00	1.263726e-01	2.541467e+00
1.350460e+01	3.784040e+00	1.145087e-01	2.561021e+00
1.553030e+01	4.124314e+00	1.028608e-01	2.603824e+00
1.785984e+01	4.496808e+00	9.243386e-02	2.672613e+00
2.053882e+01	4.851104e+00	8.273609e-02	2.770244e+00
2.361964e+01	5.225606e+00	7.464867e-02	2.899713e+00
2.716258e+01	5.613869e+00	6.745871e-02	3.064218e+00
3.123697e+01	5.973456e+00	5.992924e-02	3.267281e+00
3.592252e+01	6.347609e+00	5.311954e-02	3.512934e+00
4.131089e+01	6.681330e+00	4.757750e-02	3.805976e+00
4.750753e+01	7.012675e+00	4.259775e-02	4.152325e+00
5.463366e+01	7.340202e+00	3.835254e-02	4.559326e+00
6.282871e+01	7.609435e+00	3.393954e-02	5.036185e+00
7.225301e+01	7.866073e+00	2.996884e-02	5.594420e+00
8.309096e+01	8.026133e+00	2.671166e-02	6.248403e+00
9.555461e+01	8.189342e+00	2.360805e-02	7.016004e+00
1.098878e+02	8.360169e+00	2.106631e-02	7.919414e+00
1.263710e+02	8.428812e+00	1.871435e-02	8.986049e+00
1.453266e+02	1.076489e+01	1.665640e-02	1.024983e+01
1.671256e+02	1.036265e+01	1.480794e-02	1.175214e+01
1.921945e+02	1.001482e+01	1.304932e-02	1.355276e+01
2.210236e+02	9.622911e+00	1.170825e-02	1.571233e+01
2.541772e+02	9.206416e+00	1.047361e-02	1.830814e+01
2.923037e+02	8.765992e+00	9.246707e-03	2.144288e+01
3.361493e+02	8.319029e+00	8.160189e-03	2.524635e+01
3.865717e+02	7.873302e+00	7.180571e-03	2.987655e+01
4.445574e+02	7.424271e+00	6.407039e-03	3.553931e+01
5.112411e+02	6.983529e+00	5.711725e-03	4.251656e+01
5.879272e+02	6.553523e+00	5.025587e-03	5.115328e+01
6.761163e+02	6.184276e+00	4.427840e-03	6.182422e+01
7.775337e+02	5.823722e+00	3.889987e-03	7.501285e+01
8.941638e+02	5.464836e+00	3.441038e-03	9.138864e+01
1.028288e+03	5.110378e+00	3.025318e-03	1.118122e+02
1.182532e+03	4.762956e+00	2.657576e-03	1.373915e+02
1.359911e+03	4.425716e+00	2.369406e-03	1.695401e+02
1.563898e+03	4.098321e+00	2.088631e-03	2.100783e+02
1.798483e+03	3.778780e+00	1.844420e-03	2.613981e+02
2.068255e+03	3.473715e+00	1.624621e-03	3.265678e+02
2.378493e+03	3.191838e+00	1.443326e-03	4.094150e+02
2.735268e+03	2.927445e+00	1.286173e-03	5.147778e+02
3.145558e+03	2.679060e+00	1.123999e-03	6.489998e+02
3.617391e+03	2.446132e+00	9.798937e-04	8.202129e+02
4.160000e+03	2.228819e+00	8.662870e-04	1.038798e+03
4.784000e+03	2.029214e+00	7.655236e-04	1.317971e+03
5.501600e+03	1.846419e+00	6.802446e-04	1.674485e+03
6.326840e+03	1.678849e+00	5.934086e-04	2.129518e+03
7.275866e+03	1.526956e+00	5.162777e-04	2.709716e+03
8.367246e+03	1.390555e+00	4.542337e-04	3.448417e+03
9.622333e+03	1.267793e+00	3.955322e-04	4.387120e+03
