# Energy_MeV	dEdx_Elec_MeV_um	dEdx_Nucl_MeV_um	Range_um
1.000000e-05	2.840662e-03	1.794041e-02	6.342424e-03
1.150000e-05	3.065454e-03	1.942385e-02	6.801492e-03
1.322500e-05	3.306400e-03	2.107311e-02	7.293788e-03
1.520875e-05	3.564681e-03	2.277611e-02	7.821716e-03
1.749006e-05	3.841559e-03	2.457667e-02	8.387856e-03
2.011357e-05	4.138388e-03	2.652603e-02	8.994974e-03
2.313061e-05	4.456621e-03	2.847536e-02	9.646034e-03
2.660020e-05	4.797811e-03	3.068295e-02	1.034422e-02
3.059023e-05	5.163628e-03	3.289012e-02	1.109294e-02
3.517876e-05	5.555859e-03	3.520514e-02	1.189585e-02
4.045558e-05	5.976420e-03	3.772267e-02	1.275688e-02
4.652391e-05	6.427367e-03	4.024642e-02	1.368023e-02
5.350250e-05	6.910903e-03	4.286376e-02	1.467041e-02
6.152788e-05	7.429390e-03	4.547999e-02	1.573226e-02
7.075706e-05	7.985363e-03	4.825623e-02	1.687097e-02
8.137062e-05	8.581538e-03	5.107178e-02	1.809210e-02
9.357621e-05	9.220826e-03	5.388719e-02	1.940162e-02
1.076126e-04	9.906352e-03	5.657791e-02	2.080592e-02
1.237545e-04	1.064147e-02	5.938560e-02	2.231186e-02
1.423177e-04	1.142976e-02	6.245788e-02	2.392681e-02
1.636654e-04	1.227508e-02	6.500166e-02	2.565864e-02
1.882152e-04	1.318156e-02	6.792702e-02	2.751583e-02
2.164475e-04	1.415362e-02	7.045473e-02	2.950744e-02
2.489146e-04	1.519603e-02	7.300395e-02	3.164320e-02
2.862518e-04	1.631386e-02	7.576434e-02	3.393356e-02
3.291895e-04	1.751259e-02	7.788405e-02	3.638968e-02
3.785680e-04	1.879806e-02	8.031739e-02	3.902359e-02
4.353531e-04	2.017655e-02	8.242745e-02	4.184814e-02
5.006561e-04	2.165481e-02	8.437123e-02	4.487713e-02
5.757545e-04	2.324005e-02	8.622892e-02	4.812536e-02
6.621177e-04	2.494002e-02	8.776917e-02	5.160870e-02
7.614354e-04	2.676302e-02	8.933469e-02	5.534416e-02
8.756507e-04	2.871796e-02	9.055339e-02	5.935000e-02
1.006998e-03	3.081439e-02	9.161863e-02	6.363184e-02
1.158048e-03	3.306255e-02	9.252156e-02	6.824094e-02
1.331755e-03	3.547342e-02	9.336892e-02	7.319511e-02
1.531519e-03	3.805878e-02	9.391873e-02	7.849186e-02
1.761246e-03	4.083127e-02	9.428746e-02	8.417337e-02
2.025433e-03	4.380442e-02	9.457018e-02	9.026577e-02
2.329248e-03	4.699276e-02	9.450047e-02	9.679912e-02
2.678635e-03	5.041187e-02	9.437582e-02	1.038054e-01
3.080431e-03	5.407846e-02	9.393487e-02	1.113187e-01
3.542495e-03	5.801042e-02	9.328167e-02	1.193759e-01
4.073870e-03	6.222698e-02	9.248014e-02	1.280162e-01
4.684950e-03	6.674873e-02	9.136529e-02	1.372820e-01
5.387693e-03	7.159776e-02	9.004373e-02	1.472184e-01
6.195847e-03	7.679776e-02	8.847940e-02	1.578740e-01
7.125224e-03	8.237414e-02	8.667285e-02	1.693009e-01
8.194007e-03	8.835414e-02	8.465264e-02	1.815549e-01
9.423108e-03	9.476696e-02	8.239707e-02	1.946958e-01
1.083657e-02	1.016440e-01	8.006155e-02	2.087878e-01
1.246206e-02	1.090187e-01	7.745601e-02	2.238998e-01
1.433137e-02	1.169272e-01	7.455247e-02	2.401057e-01
1.648108e-02	1.254082e-01	7.177871e-02	2.574846e-01
1.895324e-02	1.345030e-01	6.859940e-02	2.761213e-01
2.179622e-02	1.442561e-01	6.565974e-02	2.961069e-01
2.506566e-02	1.547151e-01	6.248391e-02	3.175391e-01
2.882550e-02	1.659311e-01	5.904092e-02	3.405227e-01
3.314933e-02	1.779590e-01	5.603108e-02	3.651698e-01
3.812173e-02	1.908575e-01	5.260252e-02	3.916009e-01
4.383999e-02	2.046895e-01	4.942424e-02	4.199449e-01
5.041599e-02	2.195227e-01	4.628565e-02	4.503406e-01
5.797838e-02	2.354296e-01	4.316005e-02	4.829364e-01
6.667514e-02	2.524878e-01	4.028675e-02	5.178918e-01
7.667641e-02	2.707807e-01	3.728385e-02	5.553757e-01
8.817787e-02	2.903976e-01	3.461230e-02	5.955773e-01
1.014046e-01	3.114346e-01	3.206757e-02	6.386785e-01
1.166152e-01	3.339963e-01	2.964003e-02	6.851452e-01
1.341075e-01	3.581910e-01	2.710058e-02	7.354713e-01
1.542237e-01	3.841369e-01	2.512612e-02	7.899837e-01
1.773572e-01	4.119607e-01	2.336452e-02	8.490917e-01
2.039608e-01	4.417966e-01	2.133868e-02	9.054585e-01
2.345549e-01	4.737883e-01	1.962400e-02	9.500685e-01
2.697381e-01	5.030977e-01	1.772365e-02	9.948683e-01
3.101989e-01	5.323464e-01	1.605675e-02	1.039680e+00
3.567287e-01	5.769361e-01	1.444942e-02	1.084390e+00
4.102380e-01	6.266446e-01	1.278835e-02	1.128977e+00
4.717737e-01	6.772848e-01	1.155668e-02	1.173529e+00
5.425397e-01	7.274069e-01	1.040246e-02	1.218327e+00
6.239207e-01	7.801156e-01	9.428693e-03	1.263842e+00
7.175088e-01	8.261424e-01	8.455393e-03	1.310800e+00
8.251351e-01	8.729450e-01	7.584444e-03	1.360223e+00
9.489054e-01	9.145254e-01	6.826985e-03	1.413480e+00
1.091241e+00	9.469561e-01	6.165220e-03	1.472348e+00
1.254927e+00	9.768706e-01	5.542842e-03	1.539060e+00
1.443166e+00	1.006841e+00	4.908472e-03	1.616364e+00
1.659641e+00	1.034699e+00	4.453734e-03	1.707583e+00
1.908588e+00	1.056248e+00	3.940212e-03	1.816689e+00
2.194876e+00	1.071791e+00	3.543484e-03	1.948364e+00
2.524107e+00	1.085342e+00	3.167719e-03	2.108097e+00
2.902723e+00	1.091016e+00	2.790173e-03	2.302275e+00
3.338132e+00	1.094310e+00	2.522235e-03	2.538331e+00
3.838852e+00	1.094066e+00	2.221107e-03	2.824957e+00
4.414679e+00	1.087167e+00	1.973318e-03	3.172431e+00
5.076881e+00	1.076633e+00	1.755862e-03	3.593078e+00
5.838413e+00	1.059254e+00	1.555442e-03	4.101940e+00
6.714175e+00	1.037565e+00	1.387858e-03	4.717661e+00
7.721302e+00	1.010940e+00	1.225589e-03	5.463664e+00
8.879497e+00	9.795423e-01	1.093492e-03	6.369667e+00
1.021142e+01	9.441857e-01	9.761103e-04	7.473647e+00
1.174313e+01	9.067393e-01	8.698831e-04	8.824348e+00
1.350460e+01	8.649216e-01	7.631692e-04	1.048448e+01
1.553030e+01	8.178061e-01	6.826690e-04	1.253486e+01
1.785984e+01	7.715507e-01	6.060271e-04	1.507949e+01
2.053882e+01	7.793818e-01	5.313471e-04	1.825208e+01
2.361964e+01	7.152853e-01	4.768958e-04	2.222346e+01
2.716258e+01	6.562458e-01	4.154405e-04	2.722960e+01
3.123697e+01	6.005799e-01	3.715400e-04	3.354738e+01
3.592252e+01	5.479025e-01	3.288385e-04	4.153392e+01
4.131089e+01	4.979675e-01	2.860682e-04	5.165999e+01
4.750753e+01	4.513594e-01	2.536629e-04	6.453348e+01
5.463366e+01	4.083544e-01	2.229673e-04	8.092306e+01
6.282871e+01	3.681393e-01	1.986909e-04	1.018349e+02
7.225301e+01	3.306589e-01	1.744971e-04	1.286309e+02
8.309096e+01	2.966213e-01	1.536772e-04	1.630381e+02
9.555461e+01	2.677395e-01	1.361814e-04	2.070734e+02
1.098878e+02	2.412641e-01	1.208370e-04	2.633226e+02
1.263710e+02	2.170791e-01	1.069967e-04	3.352693e+02
1.453266e+02	1.950369e-01	9.323479e-05	4.274079e+02
1.671256e+02	1.750280e-01	8.349999e-05	5.455367e+02
1.921945e+02	1.569818e-01	7.265984e-05	6.970740e+02
2.210236e+02	1.406685e-01	6.448681e-05	8.915644e+02
2.541772e+02	1.258628e-01	5.679717e-05	1.141483e+03
2.923037e+02	1.126030e-01	4.934830e-05	1.462820e+03
3.361493e+02	1.009504e-01	4.407360e-05	1.875547e+03
3.865717e+02	9.054835e-02	0.000000e+00	2.404832e+03
4.445574e+02	8.122487e-02	0.000000e+00	3.083440e+03
5.112411e+02	7.289567e-02	0.000000e+00	3.953213e+03
5.879272e+02	6.546485e-02	0.000000e+00	5.067385e+03
6.761163e+02	5.884691e-02	0.000000e+00	6.493527e+03
7.775337e+02	5.296117e-02	0.000000e+00	8.317077e+03
8.941638e+02	4.773304e-02	0.000000e+00	1.064580e+04
1.028288e+03	4.309335e-02	0.000000e+00	1.361509e+04
1.182532e+03	3.897861e-02	0.000000e+00	1.739419e+04
1.359911e+03	3.533869e-02	0.000000e+00	2.219365e+04
1.563898e+03	3.212487e-02	0.000000e+00	2.827390e+04
1.798483e+03	2.928863e-02	0.000000e+00	3.595509e+04
2.068255e+03	2.679086e-02	0.000000e+00	4.562796e+04
2.378493e+03	2.459814e-02	0.000000e+00	5.776579e+04
2.735268e+03	2.267818e-02	0.000000e+00	7.293705e+04
3.145558e+03	2.100209e-02	0.000000e+00	9.181830e+04
3.617391e+03	1.954533e-02	0.000000e+00	1.152071e+05
4.160000e+03	1.828480e-02	0.000000e+00	1.440344e+05
4.784000e+03	1.719896e-02	0.000000e+00	1.793756e+05
5.501600e+03	1.627019e-02	0.000000e+00	2.224600e+05
6.326840e+03	1.548312e-02	0.000000e+00	2.746789e+05
7.275866e+03	1.482296e-02	0.000000e+00	3.375913e+05
8.367246e+03	1.427147e-02	0.000000e+00	4.129381e+05
9.622333e+03	1.379932e-02	0.000000e+00	5.027476e+05
