# Energy_MeV	dEdx_Elec_MeV_um	dEdx_Nucl_MeV_um	Range_um
1.000000e-05	2.392834e-03	3.276894e-02	4.719099e-03
1.150000e-05	2.589208e-03	3.596614e-02	5.060670e-03
1.322500e-05	2.799598e-03	3.944469e-02	5.426964e-03
1.520875e-05	3.025034e-03	4.328158e-02	5.819770e-03
1.749006e-05	3.266623e-03	4.741881e-02	6.241008e-03
2.011357e-05	3.525547e-03	5.200410e-02	6.692736e-03
2.313061e-05	3.803075e-03	5.685548e-02	7.177159e-03
2.660020e-05	4.100564e-03	6.220006e-02	7.696646e-03
3.059023e-05	4.419470e-03	6.783474e-02	8.253733e-03
3.517876e-05	4.761352e-03	7.391318e-02	8.851143e-03
4.045558e-05	5.127882e-03	8.050571e-02	9.491793e-03
4.652391e-05	5.520851e-03	8.747771e-02	1.017881e-02
5.350250e-05	5.942181e-03	9.517502e-02	1.091556e-02
6.152788e-05	6.393931e-03	1.028618e-01	1.170564e-02
7.075706e-05	6.878307e-03	1.114331e-01	1.255290e-02
8.137062e-05	7.397678e-03	1.207057e-01	1.346148e-02
9.357621e-05	7.954581e-03	1.302267e-01	1.443583e-02
1.076126e-04	8.551738e-03	1.408924e-01	1.548070e-02
1.237545e-04	9.192065e-03	1.510669e-01	1.660121e-02
1.423177e-04	9.878691e-03	1.624815e-01	1.780281e-02
1.636654e-04	1.061497e-02	1.745932e-01	1.909139e-02
1.882152e-04	1.140450e-02	1.868626e-01	2.047323e-02
2.164475e-04	1.225114e-02	2.004379e-01	2.195509e-02
2.489146e-04	1.315903e-02	2.135843e-01	2.354422e-02
2.862518e-04	1.413260e-02	2.277653e-01	2.524836e-02
3.291895e-04	1.517660e-02	2.421554e-01	2.707585e-02
3.785680e-04	1.629614e-02	2.564170e-01	2.903561e-02
4.353531e-04	1.749668e-02	2.717957e-01	3.113723e-02
5.006561e-04	1.878410e-02	2.865815e-01	3.339095e-02
5.757545e-04	2.016468e-02	3.017233e-01	3.580781e-02
6.621177e-04	2.164517e-02	3.164317e-01	3.839960e-02
7.614354e-04	2.323279e-02	3.317219e-01	4.117898e-02
8.756507e-04	2.493531e-02	3.467021e-01	4.415954e-02
1.006998e-03	2.676104e-02	3.623587e-01	4.735583e-02
1.158048e-03	2.871891e-02	3.762375e-01	5.078347e-02
1.331755e-03	3.081847e-02	3.899295e-01	5.445920e-02
1.531519e-03	3.306998e-02	4.035022e-01	5.840099e-02
1.761246e-03	3.548445e-02	4.162171e-01	6.262808e-02
2.025433e-03	3.807366e-02	4.293477e-01	6.716114e-02
2.329248e-03	4.085028e-02	4.404745e-01	7.202230e-02
2.678635e-03	4.382785e-02	4.517027e-01	7.723531e-02
3.080431e-03	4.702094e-02	4.610713e-01	8.282564e-02
3.542495e-03	5.044513e-02	4.697981e-01	8.882060e-02
4.073870e-03	5.411716e-02	4.779190e-01	9.523995e-02
4.684950e-03	5.805496e-02	4.846245e-01	1.021474e-01
5.387693e-03	6.227778e-02	4.913208e-01	1.095387e-01
6.195847e-03	6.680624e-02	4.955802e-01	1.174679e-01
7.125224e-03	7.166247e-02	4.998327e-01	1.259700e-01
8.194007e-03	7.687019e-02	5.033293e-01	1.350876e-01
9.423108e-03	8.245484e-02	5.054639e-01	1.448652e-01
1.083657e-02	8.844370e-02	5.072861e-01	1.553504e-01
1.246206e-02	9.486604e-02	5.068699e-01	1.665945e-01
1.433137e-02	1.017532e-01	5.060464e-01	1.786525e-01
1.648108e-02	1.091389e-01	5.040991e-01	1.915833e-01
1.895324e-02	1.170592e-01	5.008109e-01	2.054501e-01
2.179622e-02	1.255527e-01	4.966206e-01	2.203204e-01
2.506566e-02	1.346610e-01	4.907637e-01	2.362671e-01
2.882550e-02	1.444285e-01	4.838471e-01	2.533681e-01
3.314933e-02	1.549030e-01	4.755909e-01	2.717069e-01
3.812173e-02	1.661357e-01	4.661148e-01	2.913730e-01
4.383999e-02	1.781814e-01	4.553012e-01	3.124625e-01
5.041599e-02	1.910990e-01	4.434655e-01	3.350784e-01
5.797838e-02	2.049515e-01	4.307181e-01	3.593314e-01
6.667514e-02	2.198067e-01	4.170232e-01	3.853399e-01
7.667641e-02	2.357371e-01	4.020926e-01	4.132308e-01
8.817787e-02	2.528206e-01	3.865904e-01	4.431404e-01
1.014046e-01	2.711406e-01	3.696811e-01	4.752149e-01
1.166152e-01	2.907866e-01	3.535758e-01	5.096112e-01
1.341075e-01	3.118546e-01	3.366623e-01	5.464970e-01
1.542237e-01	3.344474e-01	3.192129e-01	5.860525e-01
1.773572e-01	3.586756e-01	3.020131e-01	6.284709e-01
2.039608e-01	3.846574e-01	2.835349e-01	6.739598e-01
2.345549e-01	4.125198e-01	2.667837e-01	7.227416e-01
2.697381e-01	4.423989e-01	2.489924e-01	7.750525e-01
3.101989e-01	4.744407e-01	2.329594e-01	8.311566e-01
3.567287e-01	5.088016e-01	2.172038e-01	8.912977e-01
4.102380e-01	5.456521e-01	2.013139e-01	9.560620e-01
4.717737e-01	5.851699e-01	1.869945e-01	1.026195e+00
5.425397e-01	6.275480e-01	1.718616e-01	1.102150e+00
6.239207e-01	6.729935e-01	1.598035e-01	1.184500e+00
7.175088e-01	7.217284e-01	1.469550e-01	1.273869e+00
8.251351e-01	7.739909e-01	1.347523e-01	1.370983e+00
9.489054e-01	8.249282e-01	1.250443e-01	1.476690e+00
1.091241e+00	8.751295e-01	1.154597e-01	1.591989e+00
1.254927e+00	9.491720e-01	1.068317e-01	1.664607e+00
1.443166e+00	1.038151e+00	9.690947e-02	1.690253e+00
1.659641e+00	1.134577e+00	8.625800e-02	1.714029e+00
1.908588e+00	1.241233e+00	7.743948e-02	1.736522e+00
2.194876e+00	1.359211e+00	6.895257e-02	1.758441e+00
2.524107e+00	1.486188e+00	6.251152e-02	1.780891e+00
2.902723e+00	1.627585e+00	5.621035e-02	1.805119e+00
3.338132e+00	1.777491e+00	5.059280e-02	1.832669e+00
3.838852e+00	1.930092e+00	4.574852e-02	1.865399e+00
4.414679e+00	2.088275e+00	4.098401e-02	1.905500e+00
5.076881e+00	2.257190e+00	3.690075e-02	1.955530e+00
5.838413e+00	2.436511e+00	3.317232e-02	2.018421e+00
6.714175e+00	2.600906e+00	2.986245e-02	2.097491e+00
7.721302e+00	2.756346e+00	2.675829e-02	2.196451e+00
8.879497e+00	2.911992e+00	2.399364e-02	2.319436e+00
1.021142e+01	3.037110e+00	2.115411e-02	2.470977e+00
1.174313e+01	3.167010e+00	1.907521e-02	2.656052e+00
1.350460e+01	3.289059e+00	1.703276e-02	2.880158e+00
1.553030e+01	3.397214e+00	1.519690e-02	3.149476e+00
1.785984e+01	3.503481e+00	1.358419e-02	3.471111e+00
2.053882e+01	3.577785e+00	1.190926e-02	3.853446e+00
2.361964e+01	3.647959e+00	1.067132e-02	4.306612e+00
2.716258e+01	3.701109e+00	9.395023e-03	4.843076e+00
3.123697e+01	3.730488e+00	8.392372e-03	5.478336e+00
3.592252e+01	3.748047e+00	7.478258e-03	6.231792e+00
4.131089e+01	3.725770e+00	6.609420e-03	7.127786e+00
4.750753e+01	3.697280e+00	5.913645e-03	8.196914e+00
5.463366e+01	3.660446e+00	5.194442e-03	9.477699e+00
6.282871e+01	3.598985e+00	4.685777e-03	1.101851e+01
7.225301e+01	4.172835e+00	4.158138e-03	1.288070e+01
8.309096e+01	3.923202e+00	3.677944e-03	1.513949e+01
9.555461e+01	3.703440e+00	3.260788e-03	1.790175e+01
1.098878e+02	3.482336e+00	2.855666e-03	2.128889e+01
1.263710e+02	3.262686e+00	2.564709e-03	2.545059e+01
1.453266e+02	3.043355e+00	2.266326e-03	3.058815e+01
1.671256e+02	2.829660e+00	2.001460e-03	3.696077e+01
1.921945e+02	2.624148e+00	1.768928e-03	4.489256e+01
2.210236e+02	2.424068e+00	1.546391e-03	5.480475e+01
2.541772e+02	2.230192e+00	1.371166e-03	6.727270e+01
2.923037e+02	2.046041e+00	1.206531e-03	8.303278e+01
3.361493e+02	1.885393e+00	1.063544e-03	1.029312e+02
3.865717e+02	1.734419e+00	9.444996e-04	1.280324e+02
4.445574e+02	1.590330e+00	8.309782e-04	1.598020e+02
5.112411e+02	1.453574e+00	7.347333e-04	2.001427e+02
5.879272e+02	1.324803e+00	6.506005e-04	2.515185e+02
6.761163e+02	1.204509e+00	5.760010e-04	3.170947e+02
7.775337e+02	1.092535e+00	5.083487e-04	4.009495e+02
8.941638e+02	9.878574e-01	4.494900e-04	5.084279e+02
1.028288e+03	8.916022e-01	3.884909e-04	6.464291e+02
1.182532e+03	8.047495e-01	3.469777e-04	8.236029e+02
1.359911e+03	7.259151e-01	3.050707e-04	1.050815e+03
1.563898e+03	6.540871e-01	2.686726e-04	1.342203e+03
1.798483e+03	5.892225e-01	2.372368e-04	1.715894e+03
2.068255e+03	5.308782e-01	2.044536e-04	2.194933e+03
2.378493e+03	4.782810e-01	1.811763e-04	2.808581e+03
2.735268e+03	4.309941e-01	1.569981e-04	3.593840e+03
3.145558e+03	3.888772e-01	1.385295e-04	4.597367e+03
3.617391e+03	3.514115e-01	1.219680e-04	5.877802e+03
4.160000e+03	3.179965e-01	1.062534e-04	7.508454e+03
4.784000e+03	2.883555e-01	9.394320e-05	9.580573e+03
5.501600e+03	2.621887e-01	8.129590e-05	1.220711e+04
6.326840e+03	2.390537e-01	7.255027e-05	1.552702e+04
7.275866e+03	2.186481e-01	6.353972e-05	1.971008e+04
8.367246e+03	2.007595e-01	5.545939e-05	2.496220e+04
9.622333e+03	1.850819e-01	4.840857e-05	3.153097e+04
