# Energy_MeV	dEdx_Elec_MeV_um	dEdx_Nucl_MeV_um	Range_um
1.000000e-05	2.272827e-03	3.125413e-02	5.527996e-03
1.150000e-05	2.455434e-03	3.427904e-02	5.928115e-03
1.322500e-05	2.651130e-03	3.752768e-02	6.357195e-03
1.520875e-05	2.860874e-03	4.114347e-02	6.817332e-03
1.749006e-05	3.085692e-03	4.493086e-02	7.310774e-03
2.011357e-05	3.326684e-03	4.908839e-02	7.839932e-03
2.313061e-05	3.585030e-03	5.353105e-02	8.407390e-03
2.660020e-05	3.861992e-03	5.825185e-02	9.015922e-03
3.059023e-05	4.158924e-03	6.343941e-02	9.668499e-03
3.517876e-05	4.477279e-03	6.889342e-02	1.036831e-02
4.045558e-05	4.818612e-03	7.467973e-02	1.111877e-02
4.652391e-05	5.184591e-03	8.084672e-02	1.192356e-02
5.350250e-05	5.577004e-03	8.757061e-02	1.278659e-02
6.152788e-05	5.997771e-03	9.456158e-02	1.371209e-02
7.075706e-05	6.448945e-03	1.023159e-01	1.470458e-02
8.137062e-05	6.932732e-03	1.099576e-01	1.576890e-02
9.357621e-05	7.451496e-03	1.182354e-01	1.691026e-02
1.076126e-04	8.007771e-03	1.270884e-01	1.813424e-02
1.237545e-04	8.604274e-03	1.361013e-01	1.944680e-02
1.423177e-04	9.243921e-03	1.460917e-01	2.085437e-02
1.636654e-04	9.929837e-03	1.558424e-01	2.236383e-02
1.882152e-04	1.066537e-02	1.664665e-01	2.398253e-02
2.164475e-04	1.145412e-02	1.769473e-01	2.571840e-02
2.489146e-04	1.229993e-02	1.876450e-01	2.757991e-02
2.862518e-04	1.320694e-02	1.990142e-01	2.957616e-02
3.291895e-04	1.417959e-02	2.099583e-01	3.171690e-02
3.785680e-04	1.522261e-02	2.217462e-01	3.401258e-02
4.353531e-04	1.634111e-02	2.322917e-01	3.647443e-02
5.006561e-04	1.754055e-02	2.438074e-01	3.911447e-02
5.757545e-04	1.882679e-02	2.552757e-01	4.194560e-02
6.621177e-04	2.020612e-02	2.663497e-01	4.498164e-02
7.614354e-04	2.168527e-02	2.778917e-01	4.823744e-02
8.756507e-04	2.327147e-02	2.875725e-01	5.172889e-02
1.006998e-03	2.497247e-02	2.980494e-01	5.547305e-02
1.158048e-03	2.679657e-02	3.079499e-01	5.948822e-02
1.331755e-03	2.875270e-02	3.172310e-01	6.379401e-02
1.531519e-03	3.085040e-02	3.266277e-01	6.841145e-02
1.761246e-03	3.309993e-02	3.345691e-01	7.336311e-02
2.025433e-03	3.551227e-02	3.422902e-01	7.867317e-02
2.329248e-03	3.809921e-02	3.491564e-01	8.436758e-02
2.678635e-03	4.087338e-02	3.551393e-01	9.047415e-02
3.080431e-03	4.384835e-02	3.608591e-01	9.702271e-02
3.542495e-03	4.703864e-02	3.655940e-01	1.040379e-01
4.073870e-03	5.045984e-02	3.695868e-01	1.115799e-01
4.684950e-03	5.412866e-02	3.728707e-01	1.196539e-01
5.387693e-03	5.806303e-02	3.756958e-01	1.283157e-01
6.195847e-03	6.228216e-02	3.775542e-01	1.376027e-01
7.125224e-03	6.680668e-02	3.792767e-01	1.475622e-01
8.194007e-03	7.165868e-02	3.793891e-01	1.582427e-01
9.423108e-03	7.686186e-02	3.790364e-01	1.696962e-01
1.083657e-02	8.244165e-02	3.778893e-01	1.819787e-01
1.246206e-02	8.842530e-02	3.757240e-01	1.951502e-01
1.433137e-02	9.484206e-02	3.730315e-01	2.092750e-01
1.648108e-02	1.017233e-01	3.689971e-01	2.244223e-01
1.895324e-02	1.091025e-01	3.642054e-01	2.406659e-01
2.179622e-02	1.170159e-01	3.583655e-01	2.580852e-01
2.506566e-02	1.255020e-01	3.516607e-01	2.767653e-01
2.882550e-02	1.346024e-01	3.439167e-01	2.967975e-01
3.314933e-02	1.443615e-01	3.354286e-01	3.182797e-01
3.812173e-02	1.548269e-01	3.259474e-01	3.413168e-01
4.383999e-02	1.660498e-01	3.162237e-01	3.660212e-01
5.041599e-02	1.780850e-01	3.053184e-01	3.925137e-01
5.797838e-02	1.909914e-01	2.937677e-01	4.209240e-01
6.667514e-02	2.048319e-01	2.817955e-01	4.513906e-01
7.667641e-02	2.196742e-01	2.690796e-01	4.840622e-01
8.817787e-02	2.355908e-01	2.571103e-01	5.190985e-01
1.014046e-01	2.526594e-01	2.439999e-01	5.566709e-01
1.166152e-01	2.709635e-01	2.309202e-01	5.969630e-01
1.341075e-01	2.905925e-01	2.178470e-01	6.401714e-01
1.542237e-01	3.116421e-01	2.043653e-01	6.865070e-01
1.773572e-01	3.342154e-01	1.917540e-01	7.361964e-01
2.039608e-01	3.584226e-01	1.791245e-01	7.894826e-01
2.345549e-01	3.843818e-01	1.669856e-01	8.466249e-01
2.697381e-01	4.122200e-01	1.555082e-01	9.079092e-01
3.101989e-01	4.420732e-01	1.440000e-01	9.736026e-01
3.567287e-01	4.740887e-01	1.331760e-01	1.044261e+00
4.102380e-01	5.084220e-01	1.232405e-01	1.120748e+00
4.717737e-01	5.452404e-01	1.135932e-01	1.203579e+00
5.425397e-01	5.847236e-01	1.041795e-01	1.293371e+00
6.239207e-01	6.270647e-01	9.663250e-02	1.390797e+00
7.175088e-01	6.724706e-01	8.876015e-02	1.496642e+00
8.251351e-01	7.185662e-01	8.253486e-02	1.611819e+00
9.489054e-01	7.627864e-01	7.549822e-02	1.673422e+00
1.091241e+00	8.256758e-01	6.740608e-02	1.717344e+00
1.254927e+00	9.057082e-01	6.071837e-02	1.759431e+00
1.443166e+00	9.909793e-01	5.356785e-02	1.800003e+00
1.659641e+00	1.085787e+00	4.876003e-02	1.839537e+00
1.908588e+00	1.188115e+00	4.367476e-02	1.878735e+00
2.194876e+00	1.297911e+00	3.947058e-02	1.918574e+00
2.524107e+00	1.419579e+00	3.567174e-02	1.960348e+00
2.902723e+00	1.539954e+00	3.189536e-02	2.005709e+00
3.338132e+00	1.662287e+00	2.887136e-02	2.056711e+00
3.838852e+00	1.775948e+00	2.572320e-02	2.115855e+00
4.414679e+00	1.897188e+00	2.337499e-02	2.186095e+00
5.076881e+00	2.028717e+00	2.091839e-02	2.270946e+00
5.838413e+00	2.135477e+00	1.872108e-02	2.374451e+00
6.714175e+00	2.240244e+00	1.671572e-02	2.501220e+00
7.721302e+00	2.336965e+00	1.482575e-02	2.656469e+00
8.879497e+00	2.416860e+00	1.338346e-02	2.846024e+00
1.021142e+01	2.496442e+00	1.190390e-02	3.076418e+00
1.174313e+01	2.564594e+00	1.061776e-02	3.354956e+00
1.350460e+01	2.626063e+00	9.435004e-03	3.689938e+00
1.553030e+01	2.679094e+00	8.330750e-03	4.090979e+00
1.785984e+01	2.711868e+00	7.419158e-03	4.569471e+00
2.053882e+01	2.739153e+00	6.581586e-03	5.139211e+00
2.361964e+01	2.748771e+00	5.845093e-03	5.817201e+00
2.716258e+01	2.745753e+00	5.212655e-03	6.624639e+00
3.123697e+01	2.730637e+00	4.622691e-03	7.588144e+00
3.592252e+01	2.693040e+00	4.101719e-03	8.741271e+00
4.131089e+01	2.647288e+00	3.662725e-03	1.012642e+01
4.750753e+01	2.593058e+00	3.254063e-03	1.179727e+01
5.463366e+01	2.526283e+00	2.882223e-03	1.382165e+01
6.282871e+01	2.446620e+00	2.570191e-03	1.628635e+01
7.225301e+01	2.676064e+00	2.232484e-03	1.929776e+01
8.309096e+01	2.504844e+00	2.009948e-03	2.300521e+01
9.555461e+01	2.338332e+00	1.773710e-03	2.758845e+01
1.098878e+02	2.175021e+00	1.567649e-03	3.326132e+01
1.263710e+02	2.014774e+00	1.396279e-03	4.031446e+01
1.453266e+02	1.859969e+00	1.210119e-03	4.912396e+01
1.671256e+02	1.712697e+00	1.080176e-03	6.016415e+01
1.921945e+02	1.571435e+00	9.434042e-04	7.404693e+01
2.210236e+02	1.435129e+00	8.361263e-04	9.160440e+01
2.541772e+02	1.307087e+00	7.423476e-04	1.139245e+02
2.923037e+02	1.194376e+00	6.501457e-04	1.422829e+02
3.361493e+02	1.090920e+00	5.795493e-04	1.782414e+02
3.865717e+02	9.935818e-01	5.069695e-04	2.239482e+02
4.445574e+02	9.023722e-01	4.542814e-04	2.822043e+02
5.112411e+02	8.175325e-01	4.000922e-04	3.566346e+02
5.879272e+02	7.391558e-01	3.528719e-04	4.518995e+02
6.761163e+02	6.671935e-01	3.098082e-04	5.739855e+02
7.775337e+02	6.004481e-01	2.709906e-04	7.307098e+02
8.941638e+02	5.397182e-01	2.414060e-04	9.322009e+02
1.028288e+03	4.853031e-01	2.117348e-04	1.191193e+03
1.182532e+03	4.365815e-01	1.864798e-04	1.523598e+03
1.359911e+03	3.924435e-01	1.631422e-04	1.950015e+03
1.563898e+03	3.527315e-01	1.421870e-04	2.496964e+03
1.798483e+03	3.171678e-01	1.247606e-04	3.198112e+03
2.068255e+03	2.853145e-01	1.092937e-04	4.096243e+03
2.378493e+03	2.568205e-01	9.572619e-05	5.245485e+03
2.735268e+03	2.314676e-01	8.427420e-05	6.714127e+03
3.145558e+03	2.089572e-01	7.383043e-05	8.588084e+03
3.617391e+03	1.889464e-01	6.453061e-05	1.097487e+04
4.160000e+03	1.712103e-01	5.701191e-05	1.400847e+04
4.784000e+03	1.555528e-01	4.990914e-05	1.785488e+04
5.501600e+03	1.417274e-01	0.000000e+00	2.271860e+04
6.326840e+03	1.295365e-01	0.000000e+00	2.884980e+04
7.275866e+03	1.188366e-01	0.000000e+00	3.655221e+04
8.367246e+03	1.094613e-01	0.000000e+00	4.619163e+04
9.622333e+03	1.012471e-01	0.000000e+00	5.820475e+04
