# Energy_MeV	dEdx_Elec_MeV_um	dEdx_Nucl_MeV_um	Range_um
1.000000e-05	1.192087e-03	0.000000e+00	1.677731e-02
1.150000e-05	1.278370e-03	0.000000e+00	1.799166e-02
1.322500e-05	1.370900e-03	0.000000e+00	1.929390e-02
1.520875e-05	1.470126e-03	0.000000e+00	2.069040e-02
1.749006e-05	1.576534e-03	0.000000e+00	2.218799e-02
2.011357e-05	1.690645e-03	0.000000e+00	2.379396e-02
2.313061e-05	1.813015e-03	0.000000e+00	2.551618e-02
2.660020e-05	1.944242e-03	0.000000e+00	2.736306e-02
3.059023e-05	2.084967e-03	0.000000e+00	2.934361e-02
3.517876e-05	2.235878e-03	0.000000e+00	3.146752e-02
4.045558e-05	2.397712e-03	0.000000e+00	3.374515e-02
4.652391e-05	2.571260e-03	0.000000e+00	3.618765e-02
5.350250e-05	2.757369e-03	0.000000e+00	3.880693e-02
6.152788e-05	2.956948e-03	0.000000e+00	4.161579e-02
7.075706e-05	3.170974e-03	0.000000e+00	4.462797e-02
8.137062e-05	3.400491e-03	0.000000e+00	4.785816e-02
9.357621e-05	3.646620e-03	0.000000e+00	5.132216e-02
1.076126e-04	3.910564e-03	0.000000e+00	5.503688e-02
1.237545e-04	4.193613e-03	0.000000e+00	5.902048e-02
1.423177e-04	4.497149e-03	0.000000e+00	6.329242e-02
1.636654e-04	4.822655e-03	0.000000e+00	6.787356e-02
1.882152e-04	5.171721e-03	0.000000e+00	7.278628e-02
2.164475e-04	5.546053e-03	0.000000e+00	7.802176e-02
2.489146e-04	5.947480e-03	0.000000e+00	8.370239e-02
2.862518e-04	6.377961e-03	0.000000e+00	8.976451e-02
3.291895e-04	6.839601e-03	0.000000e+00	9.626225e-02
3.785680e-04	7.334655e-03	0.000000e+00	1.032293e-01
4.353531e-04	7.865542e-03	0.000000e+00	1.107010e-01
5.006561e-04	8.434854e-03	0.000000e+00	1.187134e-01
5.757545e-04	9.045373e-03	0.000000e+00	1.273058e-01
6.621177e-04	9.700082e-03	0.000000e+00	1.365202e-01
7.614354e-04	1.040218e-02	0.000000e+00	1.464014e-01
8.756507e-04	1.115509e-02	0.000000e+00	1.569978e-01
1.006998e-03	1.196251e-02	0.000000e+00	1.683612e-01
1.158048e-03	1.282836e-02	0.000000e+00	1.805472e-01
1.331755e-03	1.375688e-02	0.000000e+00	1.936152e-01
1.531519e-03	1.475261e-02	0.000000e+00	2.076289e-01
1.761246e-03	1.582041e-02	0.000000e+00	2.226570e-01
2.025433e-03	1.696550e-02	0.000000e+00	2.387729e-01
2.329248e-03	1.819348e-02	0.000000e+00	2.560553e-01
2.678635e-03	1.951033e-02	0.000000e+00	2.745886e-01
3.080431e-03	2.092250e-02	0.000000e+00	2.944633e-01
3.542495e-03	2.243688e-02	0.000000e+00	3.157764e-01
4.073870e-03	2.406087e-02	0.000000e+00	3.386324e-01
4.684950e-03	2.580241e-02	0.000000e+00	3.631427e-01
5.387693e-03	2.767000e-02	0.000000e+00	3.894270e-01
6.195847e-03	2.967277e-02	0.000000e+00	4.176137e-01
7.125224e-03	3.182050e-02	0.000000e+00	4.478406e-01
8.194007e-03	3.412369e-02	0.000000e+00	4.802555e-01
9.423108e-03	3.659358e-02	0.000000e+00	5.150166e-01
1.083657e-02	3.924224e-02	0.000000e+00	5.522935e-01
1.246206e-02	4.208262e-02	0.000000e+00	5.922684e-01
1.433137e-02	4.512858e-02	0.000000e+00	6.351370e-01
1.648108e-02	4.839501e-02	0.000000e+00	6.811102e-01
1.895324e-02	5.189786e-02	0.000000e+00	7.303988e-01
2.179622e-02	5.536910e-02	0.000000e+00	7.833386e-01
2.506566e-02	5.881634e-02	0.000000e+00	8.405936e-01
2.882550e-02	6.243676e-02	0.000000e+00	9.025985e-01
3.314933e-02	6.622433e-02	0.000000e+00	9.698000e-01
3.812173e-02	7.016690e-02	0.000000e+00	1.042698e+00
4.383999e-02	7.424416e-02	0.000000e+00	1.121872e+00
5.041599e-02	7.842498e-02	0.000000e+00	1.207993e+00
5.797838e-02	8.266441e-02	0.000000e+00	1.301851e+00
6.667514e-02	8.690021e-02	0.000000e+00	1.404386e+00
7.667641e-02	9.104941e-02	0.000000e+00	1.516737e+00
8.817787e-02	9.500552e-02	0.000000e+00	1.640301e+00
1.014046e-01	9.863731e-02	0.000000e+00	1.776820e+00
1.166152e-01	1.017908e-01	0.000000e+00	1.928488e+00
1.341075e-01	1.042962e-01	0.000000e+00	2.098104e+00
1.542237e-01	1.059806e-01	0.000000e+00	2.289265e+00
1.773572e-01	1.066874e-01	0.000000e+00	2.506626e+00
2.039608e-01	1.063001e-01	0.000000e+00	2.756229e+00
2.345549e-01	1.047654e-01	0.000000e+00	3.045922e+00
2.697381e-01	1.021093e-01	0.000000e+00	3.385887e+00
3.101989e-01	9.844097e-02	0.000000e+00	3.789287e+00
3.567287e-01	9.394080e-02	0.000000e+00	4.273059e+00
4.102380e-01	8.883632e-02	0.000000e+00	4.858849e+00
4.717737e-01	8.337078e-02	0.000000e+00	5.574122e+00
5.425397e-01	7.777260e-02	0.000000e+00	6.453459e+00
6.239207e-01	7.223179e-02	0.000000e+00	7.540099e+00
7.175088e-01	6.688699e-02	0.000000e+00	8.887810e+00
8.251351e-01	6.182380e-02	0.000000e+00	1.056325e+01
9.489054e-01	5.708189e-02	0.000000e+00	1.264908e+01
1.091241e+00	5.266704e-02	0.000000e+00	1.524803e+01
1.254927e+00	4.856422e-02	0.000000e+00	1.848838e+01
1.443166e+00	4.474863e-02	0.000000e+00	2.253104e+01
1.659641e+00	4.119352e-02	0.000000e+00	2.757890e+01
1.908588e+00	3.787469e-02	0.000000e+00	3.388877e+01
2.194876e+00	3.477235e-02	0.000000e+00	4.178683e+01
2.524107e+00	3.187120e-02	0.000000e+00	5.168832e+01
2.902723e+00	2.915972e-02	0.000000e+00	6.412294e+01
3.338132e+00	2.662903e-02	0.000000e+00	7.976819e+01
3.838852e+00	2.427190e-02	0.000000e+00	9.948619e+01
4.414679e+00	2.208187e-02	0.000000e+00	1.244156e+02
5.076881e+00	2.005269e-02	0.000000e+00	1.560755e+02
5.838413e+00	1.817791e-02	0.000000e+00	1.962452e+02
6.714175e+00	1.645077e-02	0.000000e+00	2.471874e+02
7.721302e+00	1.486412e-02	0.000000e+00	3.118835e+02
8.879497e+00	1.341608e-02	0.000000e+00	3.942196e+02
1.021142e+01	1.209840e-02	0.000000e+00	4.991413e+02
1.174313e+01	1.090350e-02	0.000000e+00	6.329623e+02
1.350460e+01	9.775065e-03	0.000000e+00	8.041207e+02
1.553030e+01	8.752997e-03	0.000000e+00	1.023815e+03
1.785984e+01	7.864393e-03	0.000000e+00	1.305562e+03
2.053882e+01	7.083119e-03	0.000000e+00	1.665446e+03
2.361964e+01	6.371730e-03	0.000000e+00	2.125164e+03
2.716258e+01	5.725196e-03	0.000000e+00	2.713146e+03
3.123697e+01	5.138890e-03	0.000000e+00	3.466048e+03
3.592252e+01	4.609327e-03	0.000000e+00	4.430997e+03
4.131089e+01	4.132996e-03	0.000000e+00	5.668317e+03
4.750753e+01	3.699786e-03	0.000000e+00	7.256349e+03
5.463366e+01	3.310299e-03	0.000000e+00	9.297060e+03
6.282871e+01	2.963835e-03	0.000000e+00	1.191933e+04
7.225301e+01	2.658646e-03	0.000000e+00	1.528371e+04
8.309096e+01	2.384826e-03	0.000000e+00	1.959646e+04
9.555461e+01	2.139859e-03	0.000000e+00	2.512485e+04
1.098878e+02	1.921084e-03	0.000000e+00	3.220817e+04
1.263710e+02	1.725937e-03	0.000000e+00	4.127821e+04
1.453266e+02	1.552221e-03	0.000000e+00	5.288184e+04
1.671256e+02	1.397756e-03	0.000000e+00	6.770960e+04
1.921945e+02	1.260573e-03	0.000000e+00	8.663121e+04
2.210236e+02	1.138934e-03	0.000000e+00	1.107365e+05
2.541772e+02	1.031230e-03	0.000000e+00	1.413845e+05
2.923037e+02	9.360091e-04	0.000000e+00	1.802618e+05
3.361493e+02	8.519642e-04	0.000000e+00	2.294483e+05
3.865717e+02	7.779214e-04	0.000000e+00	2.914923e+05
4.445574e+02	7.128281e-04	0.000000e+00	3.694928e+05
5.112411e+02	6.557430e-04	0.000000e+00	4.671883e+05
5.879272e+02	6.058246e-04	0.000000e+00	5.890503e+05
6.761163e+02	5.623222e-04	0.000000e+00	7.403769e+05
7.775337e+02	5.245670e-04	0.000000e+00	9.273842e+05
8.941638e+02	4.919626e-04	0.000000e+00	1.157291e+06
1.028288e+03	4.639786e-04	0.000000e+00	1.438396e+06
1.182532e+03	4.401418e-04	0.000000e+00	1.780137e+06
1.359911e+03	4.200304e-04	0.000000e+00	2.193161e+06
1.563898e+03	4.032672e-04	0.000000e+00	2.689304e+06
1.798483e+03	3.889997e-04	0.000000e+00	3.282068e+06
2.068255e+03	3.771458e-04	0.000000e+00	3.804038e+06
2.378493e+03	3.676774e-04	0.000000e+00	3.804038e+06
2.735268e+03	3.603358e-04	0.000000e+00	3.804038e+06
3.145558e+03	3.548837e-04	0.000000e+00	3.804038e+06
3.617391e+03	3.511035e-04	0.000000e+00	3.804038e+06
4.160000e+03	3.487951e-04	0.000000e+00	3.804038e+06
4.784000e+03	3.477744e-04	0.000000e+00	3.804038e+06
5.501600e+03	3.478725e-04	0.000000e+00	3.804038e+06
6.326840e+03	3.489349e-04	0.000000e+00	3.804038e+06
7.275866e+03	3.508214e-04	0.000000e+00	3.804038e+06
8.367246e+03	3.534051e-04	0.000000e+00	3.804038e+06
9.622333e+03	3.565723e-04	0.000000e+00	3.804038e+06
