# Energy_MeV	dEdx_Elec_MeV_um	dEdx_Nucl_MeV_um	Range_um
1.000000e-05	2.229409e-03	3.262534e-02	5.219023e-03
1.150000e-05	2.409823e-03	3.579510e-02	5.596779e-03
1.322500e-05	2.603150e-03	3.926588e-02	6.001877e-03
1.520875e-05	2.810339e-03	4.307236e-02	6.436296e-03
1.749006e-05	3.032404e-03	4.719365e-02	6.902158e-03
2.011357e-05	3.270432e-03	5.176875e-02	7.401740e-03
2.313061e-05	3.525588e-03	5.657660e-02	7.937482e-03
2.660020e-05	3.799119e-03	6.190846e-02	8.512001e-03
3.059023e-05	4.092363e-03	6.750079e-02	9.128104e-03
3.517876e-05	4.406754e-03	7.353706e-02	9.788801e-03
4.045558e-05	4.743828e-03	8.011398e-02	1.049732e-02
4.652391e-05	5.105234e-03	8.703007e-02	1.125712e-02
5.350250e-05	5.492736e-03	9.470973e-02	1.207192e-02
6.152788e-05	5.908230e-03	1.023297e-01	1.294569e-02
7.075706e-05	6.353745e-03	1.108243e-01	1.388271e-02
8.137062e-05	6.831458e-03	1.200529e-01	1.488754e-02
9.357621e-05	7.343704e-03	1.295556e-01	1.596511e-02
1.076126e-04	7.892984e-03	1.401040e-01	1.712067e-02
1.237545e-04	8.481983e-03	1.502511e-01	1.835988e-02
1.423177e-04	9.113579e-03	1.615434e-01	1.968878e-02
1.636654e-04	9.790857e-03	1.735948e-01	2.111386e-02
1.882152e-04	1.051713e-02	1.858430e-01	2.264209e-02
2.164475e-04	1.129593e-02	1.992431e-01	2.428094e-02
2.489146e-04	1.213109e-02	2.123635e-01	2.603841e-02
2.862518e-04	1.302666e-02	2.263905e-01	2.792308e-02
3.291895e-04	1.398704e-02	2.407274e-01	2.994417e-02
3.785680e-04	1.501691e-02	2.548696e-01	3.211154e-02
4.353531e-04	1.612130e-02	2.700634e-01	3.443579e-02
5.006561e-04	1.730561e-02	2.848236e-01	3.692827e-02
5.757545e-04	1.857562e-02	2.997548e-01	3.960116e-02
6.621177e-04	1.993754e-02	3.144445e-01	4.246751e-02
7.614354e-04	2.139802e-02	3.295026e-01	4.554133e-02
8.756507e-04	2.296420e-02	3.444045e-01	4.883764e-02
1.006998e-03	2.464373e-02	3.600466e-01	5.237253e-02
1.158048e-03	2.644481e-02	3.736103e-01	5.616328e-02
1.331755e-03	2.837625e-02	3.872935e-01	6.022841e-02
1.531519e-03	3.044747e-02	4.005883e-01	6.458778e-02
1.761246e-03	3.266860e-02	4.132313e-01	6.926268e-02
2.025433e-03	3.505048e-02	4.263566e-01	7.427594e-02
2.329248e-03	3.760476e-02	4.371745e-01	7.965208e-02
2.678635e-03	4.034391e-02	4.483926e-01	8.541734e-02
3.080431e-03	4.328132e-02	4.575479e-01	9.159989e-02
3.542495e-03	4.643133e-02	4.661118e-01	9.822994e-02
4.073870e-03	4.980934e-02	4.742072e-01	1.052996e-01
4.684950e-03	5.343183e-02	4.807604e-01	1.129444e-01
5.387693e-03	5.731653e-02	4.874272e-01	1.211446e-01
6.195847e-03	6.148239e-02	4.915495e-01	1.299118e-01
7.125224e-03	6.594978e-02	4.956646e-01	1.393149e-01
8.194007e-03	7.074051e-02	4.991230e-01	1.493985e-01
9.423108e-03	7.587800e-02	5.012688e-01	1.602118e-01
1.083657e-02	8.138733e-02	5.029348e-01	1.718078e-01
1.246206e-02	8.729543e-02	5.025323e-01	1.842431e-01
1.433137e-02	9.363116e-02	5.016182e-01	1.975785e-01
1.648108e-02	1.004255e-01	4.996610e-01	2.118791e-01
1.895324e-02	1.077116e-01	4.963928e-01	2.272149e-01
2.179622e-02	1.155250e-01	4.921323e-01	2.436605e-01
2.506566e-02	1.239040e-01	4.862969e-01	2.612965e-01
2.882550e-02	1.328895e-01	4.793690e-01	2.802091e-01
3.314933e-02	1.425253e-01	4.711396e-01	3.004907e-01
3.812173e-02	1.528586e-01	4.616834e-01	3.222401e-01
4.383999e-02	1.639398e-01	4.509165e-01	3.455637e-01
5.041599e-02	1.758230e-01	4.391106e-01	3.705756e-01
5.797838e-02	1.885664e-01	4.264535e-01	3.973979e-01
6.667514e-02	2.022322e-01	4.127875e-01	4.261616e-01
7.667641e-02	2.168871e-01	3.979896e-01	4.570071e-01
8.817787e-02	2.326027e-01	3.825548e-01	4.900852e-01
1.014046e-01	2.494558e-01	3.656745e-01	5.255577e-01
1.166152e-01	2.675287e-01	3.498049e-01	5.635977e-01
1.341075e-01	2.869098e-01	3.329139e-01	6.043910e-01
1.542237e-01	3.076937e-01	3.157228e-01	6.481368e-01
1.773572e-01	3.299820e-01	2.986065e-01	6.950490e-01
2.039608e-01	3.538834e-01	2.802115e-01	7.453569e-01
2.345549e-01	3.795149e-01	2.637281e-01	7.993061e-01
2.697381e-01	4.070016e-01	2.459965e-01	8.571605e-01
3.101989e-01	4.364778e-01	2.301926e-01	9.192000e-01
3.567287e-01	4.680875e-01	2.146548e-01	9.857353e-01
4.102380e-01	5.019855e-01	1.989126e-01	1.057084e+00
4.717737e-01	5.383388e-01	1.847204e-01	1.134060e+00
5.425397e-01	5.773234e-01	1.696620e-01	1.217432e+00
6.239207e-01	6.191297e-01	1.578038e-01	1.307749e+00
7.175088e-01	6.639620e-01	1.452019e-01	1.405687e+00
8.251351e-01	7.120393e-01	1.331007e-01	1.512007e+00
9.489054e-01	7.635965e-01	1.233790e-01	1.627583e+00
1.091241e+00	8.115278e-01	1.141397e-01	1.753443e+00
1.254927e+00	8.628359e-01	1.055373e-01	1.878631e+00
1.443166e+00	9.420392e-01	9.564460e-02	1.913988e+00
1.659641e+00	1.030721e+00	8.507757e-02	1.946966e+00
1.908588e+00	1.128574e+00	7.624966e-02	1.978049e+00
2.194876e+00	1.234508e+00	6.807465e-02	2.007857e+00
2.524107e+00	1.352911e+00	6.163864e-02	2.037422e+00
2.902723e+00	1.479279e+00	5.547245e-02	2.067953e+00
3.338132e+00	1.617565e+00	4.987524e-02	2.100985e+00
3.838852e+00	1.767078e+00	4.511301e-02	2.138403e+00
4.414679e+00	1.908315e+00	4.044945e-02	2.182483e+00
5.076881e+00	2.060258e+00	3.636893e-02	2.235917e+00
5.838413e+00	2.222614e+00	3.273157e-02	2.301848e+00
6.714175e+00	2.382887e+00	2.942191e-02	2.383892e+00
7.721302e+00	2.538929e+00	2.639864e-02	2.486105e+00
8.879497e+00	2.673283e+00	2.365085e-02	2.613125e+00
1.021142e+01	2.809333e+00	2.083423e-02	2.770039e+00
1.174313e+01	2.923837e+00	1.881264e-02	2.962473e+00
1.350460e+01	3.035957e+00	1.676954e-02	3.196633e+00
1.553030e+01	3.148347e+00	1.498922e-02	3.479421e+00
1.785984e+01	3.236210e+00	1.338631e-02	3.818660e+00
2.053882e+01	3.321664e+00	1.174310e-02	4.223417e+00
2.361964e+01	3.386223e+00	1.052079e-02	4.704471e+00
2.716258e+01	3.437038e+00	9.251860e-03	5.274936e+00
3.123697e+01	3.479882e+00	8.270101e-03	5.950998e+00
3.592252e+01	3.490552e+00	7.374567e-03	6.752845e+00
4.131089e+01	3.489366e+00	6.521106e-03	7.705785e+00
4.750753e+01	3.460562e+00	5.829086e-03	8.841636e+00
5.463366e+01	3.423721e+00	5.120704e-03	1.020043e+01
6.282871e+01	3.378923e+00	4.617549e-03	1.183266e+01
7.225301e+01	3.307937e+00	4.103025e-03	1.380199e+01
8.309096e+01	3.776121e+00	3.626347e-03	1.618819e+01
9.555461e+01	3.550752e+00	3.209011e-03	1.909282e+01
1.098878e+02	3.341909e+00	2.817185e-03	2.265691e+01
1.263710e+02	3.133439e+00	2.526095e-03	2.703483e+01
1.453266e+02	2.927430e+00	2.236013e-03	3.243017e+01
1.671256e+02	2.723478e+00	1.973076e-03	3.911060e+01
1.921945e+02	2.525990e+00	1.740435e-03	4.741942e+01
2.210236e+02	2.336500e+00	1.525168e-03	5.778716e+01
2.541772e+02	2.151994e+00	1.350023e-03	7.078260e+01
2.923037e+02	1.974785e+00	1.189473e-03	8.718046e+01
3.361493e+02	1.809222e+00	1.046979e-03	1.079433e+02
3.865717e+02	1.664518e+00	9.302874e-04	1.341770e+02
4.445574e+02	1.527159e+00	8.194651e-04	1.673346e+02
5.112411e+02	1.396720e+00	7.232608e-04	2.093854e+02
5.879272e+02	1.273607e+00	6.414389e-04	2.628769e+02
6.761163e+02	1.158171e+00	5.668258e-04	3.311049e+02
7.775337e+02	1.050871e+00	5.011280e-04	4.182978e+02
8.941638e+02	9.511062e-01	4.426350e-04	5.299225e+02
1.028288e+03	8.585042e-01	3.830070e-04	6.731484e+02
1.182532e+03	7.737019e-01	3.419414e-04	8.571511e+02
1.359911e+03	6.978727e-01	3.002919e-04	1.093387e+03
1.563898e+03	6.288294e-01	2.648162e-04	1.396366e+03
1.798483e+03	5.661551e-01	2.335727e-04	1.784997e+03
2.068255e+03	5.097244e-01	2.016347e-04	2.283379e+03
2.378493e+03	4.590107e-01	1.784842e-04	2.922171e+03
2.735268e+03	4.133686e-01	1.547005e-04	3.740255e+03
3.145558e+03	3.724836e-01	1.363931e-04	4.786750e+03
3.617391e+03	3.361314e-01	1.201950e-04	6.123565e+03
4.160000e+03	3.037856e-01	1.047696e-04	7.828413e+03
4.784000e+03	2.749812e-01	9.252619e-05	9.998347e+03
5.501600e+03	2.494836e-01	8.018342e-05	1.275403e+04
6.326840e+03	2.269756e-01	7.143559e-05	1.624460e+04
7.275866e+03	2.070815e-01	6.266145e-05	2.065328e+04
8.367246e+03	1.895644e-01	5.464082e-05	2.620351e+04
9.622333e+03	1.742177e-01	4.758574e-05	3.316575e+04
