# Energy_MeV	dEdx_Elec_MeV_um	dEdx_Nucl_MeV_um	Range_um
1.000000e-05	2.211939e-03	3.143499e-02	5.698950e-03
1.150000e-05	2.389015e-03	3.450028e-02	6.111443e-03
1.322500e-05	2.578793e-03	3.774270e-02	6.553792e-03
1.520875e-05	2.782200e-03	4.142179e-02	7.028159e-03
1.749006e-05	3.000234e-03	4.521349e-02	7.536861e-03
2.011357e-05	3.233960e-03	4.944933e-02	8.082383e-03
2.313061e-05	3.484522e-03	5.394685e-02	8.667390e-03
2.660020e-05	3.753145e-03	5.868075e-02	9.294741e-03
3.059023e-05	4.041141e-03	6.397114e-02	9.967499e-03
3.517876e-05	4.349919e-03	6.942007e-02	1.068895e-02
4.045558e-05	4.680988e-03	7.539569e-02	1.146262e-02
4.652391e-05	5.035966e-03	8.152954e-02	1.229229e-02
5.350250e-05	5.416588e-03	8.831224e-02	1.318202e-02
6.152788e-05	5.824713e-03	9.548266e-02	1.413614e-02
7.075706e-05	6.262335e-03	1.031959e-01	1.515932e-02
8.137062e-05	6.731593e-03	1.111973e-01	1.625656e-02
9.357621e-05	7.234780e-03	1.194320e-01	1.743322e-02
1.076126e-04	7.774354e-03	1.284013e-01	1.869504e-02
1.237545e-04	8.352951e-03	1.376952e-01	2.004820e-02
1.423177e-04	8.973398e-03	1.476339e-01	2.149930e-02
1.636654e-04	9.638726e-03	1.578276e-01	2.305543e-02
1.882152e-04	1.035219e-02	1.684784e-01	2.472420e-02
2.164475e-04	1.111726e-02	1.792575e-01	2.651375e-02
2.489146e-04	1.193770e-02	1.903816e-01	2.843282e-02
2.862518e-04	1.281749e-02	2.016907e-01	3.049081e-02
3.291895e-04	1.376095e-02	2.131783e-01	3.269775e-02
3.785680e-04	1.477268e-02	2.251553e-01	3.506443e-02
4.353531e-04	1.585762e-02	2.361718e-01	3.760241e-02
5.006561e-04	1.702107e-02	2.479580e-01	4.032409e-02
5.757545e-04	1.826872e-02	2.599244e-01	4.324277e-02
6.621177e-04	1.960667e-02	2.710299e-01	4.637271e-02
7.614354e-04	2.104144e-02	2.833473e-01	4.972919e-02
8.756507e-04	2.258005e-02	2.932177e-01	5.332861e-02
1.006998e-03	2.423002e-02	3.040603e-01	5.718857e-02
1.158048e-03	2.599941e-02	3.145828e-01	6.132790e-02
1.331755e-03	2.789685e-02	3.238232e-01	6.576685e-02
1.531519e-03	2.993162e-02	3.339875e-01	7.052709e-02
1.761246e-03	3.211366e-02	3.419859e-01	7.563188e-02
2.025433e-03	3.445364e-02	3.503311e-01	8.110615e-02
2.329248e-03	3.696297e-02	3.575205e-01	8.697666e-02
2.678635e-03	3.965393e-02	3.637058e-01	9.327208e-02
3.080431e-03	4.253965e-02	3.699922e-01	1.000232e-01
3.542495e-03	4.563424e-02	3.747222e-01	1.072081e-01
4.073870e-03	4.895281e-02	3.793149e-01	1.150107e-01
4.684950e-03	5.251157e-02	3.825875e-01	1.233555e-01
5.387693e-03	5.632792e-02	3.856337e-01	1.322837e-01
6.195847e-03	6.042049e-02	3.878651e-01	1.418581e-01
7.125224e-03	6.480928e-02	3.895858e-01	1.521258e-01
8.194007e-03	6.951572e-02	3.902174e-01	1.631365e-01
9.423108e-03	7.456282e-02	3.898728e-01	1.749441e-01
1.083657e-02	7.997523e-02	3.889083e-01	1.876065e-01
1.246206e-02	8.577939e-02	3.869790e-01	2.011854e-01
1.433137e-02	9.200366e-02	3.843074e-01	2.157471e-01
1.648108e-02	9.867843e-02	3.805288e-01	2.313627e-01
1.895324e-02	1.058363e-01	3.757781e-01	2.481085e-01
2.179622e-02	1.135123e-01	3.700406e-01	2.660666e-01
2.506566e-02	1.217439e-01	3.633702e-01	2.853245e-01
2.882550e-02	1.305713e-01	3.556717e-01	3.059762e-01
3.314933e-02	1.400376e-01	3.471064e-01	3.281226e-01
3.812173e-02	1.501891e-01	3.375138e-01	3.518720e-01
4.383999e-02	1.610753e-01	3.276914e-01	3.773406e-01
5.041599e-02	1.727495e-01	3.166917e-01	4.046526e-01
5.797838e-02	1.852687e-01	3.047800e-01	4.339413e-01
6.667514e-02	1.986941e-01	2.928697e-01	4.653498e-01
7.667641e-02	2.130911e-01	2.794770e-01	4.990319e-01
8.817787e-02	2.285303e-01	2.674756e-01	5.351520e-01
1.014046e-01	2.450869e-01	2.540744e-01	5.738864e-01
1.166152e-01	2.628419e-01	2.403909e-01	6.154243e-01
1.341075e-01	2.818820e-01	2.273807e-01	6.599686e-01
1.542237e-01	3.023003e-01	2.129895e-01	7.077374e-01
1.773572e-01	3.241964e-01	2.004401e-01	7.589638e-01
2.039608e-01	3.476774e-01	1.870852e-01	8.138976e-01
2.345549e-01	3.728579e-01	1.745171e-01	8.728080e-01
2.697381e-01	3.998611e-01	1.628148e-01	9.359812e-01
3.101989e-01	4.288187e-01	1.505077e-01	1.003725e+00
3.567287e-01	4.598730e-01	1.397363e-01	1.076408e+00
4.102380e-01	4.931762e-01	1.288840e-01	1.154911e+00
4.717737e-01	5.288900e-01	1.192802e-01	1.239934e+00
5.425397e-01	5.671887e-01	1.095284e-01	1.332058e+00
6.239207e-01	6.082595e-01	1.010963e-01	1.431971e+00
7.175088e-01	6.523031e-01	9.324980e-02	1.540455e+00
8.251351e-01	6.995347e-01	8.647333e-02	1.658413e+00
9.489054e-01	7.427632e-01	7.947833e-02	1.757549e+00
1.091241e+00	7.941621e-01	7.143409e-02	1.805103e+00
1.254927e+00	8.694660e-01	6.401297e-02	1.850692e+00
1.443166e+00	9.524258e-01	5.688362e-02	1.894433e+00
1.659641e+00	1.044548e+00	5.131221e-02	1.936853e+00
1.908588e+00	1.141774e+00	4.609820e-02	1.978559e+00
2.194876e+00	1.249722e+00	4.165912e-02	2.020456e+00
2.524107e+00	1.364860e+00	3.753273e-02	2.063766e+00
2.902723e+00	1.485436e+00	3.374774e-02	2.110072e+00
3.338132e+00	1.615690e+00	3.043074e-02	2.161365e+00
3.838852e+00	1.724468e+00	2.712560e-02	2.220093e+00
4.414679e+00	1.843659e+00	2.463379e-02	2.289185e+00
5.076881e+00	1.971538e+00	2.206407e-02	2.372103e+00
5.838413e+00	2.087119e+00	1.969681e-02	2.472901e+00
6.714175e+00	2.202146e+00	1.769946e-02	2.596212e+00
7.721302e+00	2.293152e+00	1.556589e-02	2.747296e+00
8.879497e+00	2.383952e+00	1.412930e-02	2.932059e+00
1.021142e+01	2.462558e+00	1.256991e-02	3.157105e+00
1.174313e+01	2.533721e+00	1.118102e-02	3.429819e+00
1.350460e+01	2.605172e+00	1.000293e-02	3.758532e+00
1.553030e+01	2.655069e+00	8.770432e-03	4.152797e+00
1.785984e+01	2.698971e+00	7.862904e-03	4.623830e+00
2.053882e+01	2.729774e+00	6.947189e-03	5.185087e+00
2.361964e+01	2.744413e+00	6.174712e-03	5.853039e+00
2.716258e+01	2.751708e+00	5.518496e-03	6.648122e+00
3.123697e+01	2.737485e+00	4.870006e-03	7.595939e+00
3.592252e+01	2.710845e+00	4.351346e-03	8.728719e+00
4.131089e+01	2.668320e+00	3.857173e-03	1.008715e+01
4.750753e+01	2.617627e+00	3.450174e-03	1.172269e+01
5.463366e+01	2.557667e+00	3.058920e-03	1.370047e+01
6.282871e+01	2.482712e+00	2.717959e-03	1.610335e+01
7.225301e+01	2.756285e+00	2.380559e-03	1.903452e+01
8.309096e+01	2.578414e+00	2.119159e-03	2.262960e+01
9.555461e+01	2.410575e+00	1.883834e-03	2.707132e+01
1.098878e+02	2.245446e+00	1.665215e-03	3.256211e+01
1.263710e+02	2.084137e+00	1.477595e-03	3.937581e+01
1.453266e+02	1.926627e+00	1.289526e-03	4.786946e+01
1.671256e+02	1.775854e+00	1.142535e-03	5.850009e+01
1.921945e+02	1.632482e+00	1.000724e-03	7.184546e+01
2.210236e+02	1.493549e+00	8.873620e-04	8.867652e+01
2.541772e+02	1.361868e+00	7.843115e-04	1.100357e+02
2.923037e+02	1.241598e+00	6.909502e-04	1.372000e+02
3.361493e+02	1.135247e+00	6.134043e-04	1.716556e+02
3.865717e+02	1.035242e+00	5.358549e-04	2.153946e+02
4.445574e+02	9.413505e-01	4.805641e-04	2.710802e+02
5.112411e+02	8.537465e-01	4.235994e-04	3.421541e+02
5.879272e+02	7.725114e-01	3.724122e-04	4.330617e+02
6.761163e+02	6.977895e-01	3.295133e-04	5.495005e+02
7.775337e+02	6.287847e-01	2.852238e-04	6.988511e+02
8.941638e+02	5.654606e-01	2.557522e-04	8.907681e+02
1.028288e+03	5.080619e-01	2.243390e-04	1.137535e+03
1.182532e+03	4.572312e-01	1.969333e-04	1.454460e+03
1.359911e+03	4.111259e-01	1.736847e-04	1.861028e+03
1.563898e+03	3.695079e-01	1.501053e-04	2.382597e+03
1.798483e+03	3.321897e-01	1.327552e-04	3.051381e+03
2.068255e+03	2.987681e-01	1.157258e-04	3.908376e+03
2.378493e+03	2.688395e-01	1.014777e-04	5.005522e+03
2.735268e+03	2.421467e-01	8.954754e-05	6.408422e+03
3.145558e+03	2.184420e-01	7.799656e-05	8.199737e+03
3.617391e+03	1.973778e-01	6.873711e-05	1.048316e+04
4.160000e+03	1.786723e-01	6.020138e-05	1.338814e+04
4.784000e+03	1.621372e-01	5.312693e-05	1.707548e+04
5.501600e+03	1.475427e-01	4.647923e-05	2.174381e+04
6.326840e+03	1.346581e-01	0.000000e+00	2.763684e+04
7.275866e+03	1.233263e-01	0.000000e+00	3.505151e+04
8.367246e+03	1.133961e-01	0.000000e+00	4.434672e+04
9.622333e+03	1.046921e-01	0.000000e+00	5.595256e+04
