# Energy_MeV	dEdx_Elec_MeV_um	dEdx_Nucl_MeV_um	Range_um
1.000000e-05	2.072163e-03	3.203276e-02	5.959341e-03
1.150000e-05	2.237218e-03	3.511648e-02	6.390682e-03
1.322500e-05	2.414122e-03	3.852197e-02	6.853242e-03
1.520875e-05	2.603741e-03	4.223348e-02	7.349284e-03
1.749006e-05	2.807003e-03	4.629840e-02	7.881229e-03
2.011357e-05	3.024902e-03	5.064817e-02	8.451676e-03
2.313061e-05	3.258504e-03	5.538514e-02	9.063413e-03
2.660020e-05	3.508950e-03	6.042659e-02	9.719428e-03
3.059023e-05	3.777466e-03	6.587531e-02	1.042293e-02
3.517876e-05	4.065363e-03	7.171846e-02	1.117734e-02
4.045558e-05	4.374049e-03	7.797597e-02	1.198636e-02
4.652391e-05	4.705031e-03	8.479905e-02	1.285394e-02
5.350250e-05	5.059928e-03	9.172901e-02	1.378432e-02
6.152788e-05	5.440473e-03	9.934663e-02	1.478203e-02
7.075706e-05	5.848526e-03	1.076095e-01	1.585197e-02
8.137062e-05	6.286081e-03	1.161453e-01	1.699934e-02
9.357621e-05	6.755275e-03	1.256281e-01	1.822976e-02
1.076126e-04	7.258400e-03	1.348240e-01	1.954924e-02
1.237545e-04	7.797916e-03	1.449783e-01	2.096423e-02
1.423177e-04	8.376457e-03	1.558429e-01	2.248163e-02
1.636654e-04	8.996850e-03	1.668058e-01	2.410886e-02
1.882152e-04	9.662126e-03	1.789272e-01	2.585387e-02
2.164475e-04	1.037554e-02	1.907287e-01	2.772519e-02
2.489146e-04	1.114056e-02	2.035087e-01	2.973195e-02
2.862518e-04	1.196095e-02	2.164607e-01	3.188397e-02
3.291895e-04	1.284070e-02	2.291631e-01	3.419174e-02
3.785680e-04	1.378411e-02	2.429702e-01	3.666656e-02
4.353531e-04	1.479579e-02	2.562143e-01	3.932051e-02
5.006561e-04	1.588068e-02	2.700415e-01	4.216655e-02
5.757545e-04	1.704409e-02	2.830983e-01	4.521858e-02
6.621177e-04	1.829169e-02	2.967135e-01	4.849153e-02
7.614354e-04	1.962959e-02	3.104232e-01	5.200137e-02
8.756507e-04	2.106431e-02	3.243284e-01	5.576526e-02
1.006998e-03	2.260287e-02	3.371528e-01	5.980157e-02
1.158048e-03	2.425279e-02	3.493181e-01	6.413004e-02
1.331755e-03	2.602212e-02	3.614302e-01	6.877181e-02
1.531519e-03	2.791951e-02	3.731563e-01	7.374955e-02
1.761246e-03	2.995422e-02	3.848267e-01	7.908758e-02
2.025433e-03	3.213620e-02	3.950953e-01	8.481198e-02
2.329248e-03	3.447611e-02	4.050679e-01	9.095072e-02
2.678635e-03	3.698538e-02	4.136825e-01	9.753378e-02
3.080431e-03	3.967626e-02	4.217184e-01	1.045933e-01
3.542495e-03	4.256191e-02	4.289322e-01	1.121638e-01
4.073870e-03	4.565642e-02	4.351803e-01	1.202823e-01
4.684950e-03	4.897491e-02	4.411383e-01	1.289896e-01
5.387693e-03	5.253358e-02	4.452202e-01	1.383295e-01
6.195847e-03	5.634983e-02	4.490505e-01	1.483390e-01
7.125224e-03	6.044230e-02	4.523227e-01	1.590772e-01
8.194007e-03	6.483099e-02	4.543088e-01	1.705907e-01
9.423108e-03	6.953732e-02	4.560398e-01	1.829379e-01
1.083657e-02	7.458430e-02	4.558122e-01	1.961788e-01
1.246206e-02	7.999658e-02	4.551299e-01	2.103781e-01
1.433137e-02	8.580060e-02	4.535486e-01	2.256051e-01
1.648108e-02	9.202472e-02	4.506516e-01	2.419342e-01
1.895324e-02	9.869934e-02	4.470115e-01	2.594453e-01
2.179622e-02	1.058571e-01	4.418547e-01	2.782239e-01
2.506566e-02	1.135329e-01	4.357585e-01	2.983616e-01
2.882550e-02	1.217643e-01	4.284362e-01	3.199569e-01
3.314933e-02	1.305914e-01	4.200462e-01	3.431152e-01
3.812173e-02	1.400575e-01	4.104021e-01	3.679499e-01
4.383999e-02	1.502088e-01	3.999037e-01	3.945821e-01
5.041599e-02	1.610948e-01	3.884304e-01	4.231419e-01
5.797838e-02	1.727687e-01	3.762877e-01	4.537688e-01
6.667514e-02	1.852876e-01	3.630312e-01	4.866125e-01
7.667641e-02	1.987126e-01	3.490087e-01	5.218337e-01
8.817787e-02	2.131094e-01	3.340076e-01	5.596041e-01
1.014046e-01	2.285482e-01	3.193027e-01	6.001082e-01
1.166152e-01	2.451044e-01	3.042898e-01	6.435439e-01
1.341075e-01	2.628590e-01	2.887591e-01	6.901237e-01
1.542237e-01	2.818987e-01	2.730592e-01	7.400752e-01
1.773572e-01	3.023164e-01	2.566530e-01	7.936420e-01
2.039608e-01	3.242121e-01	2.413540e-01	8.510858e-01
2.345549e-01	3.476925e-01	2.255409e-01	9.126874e-01
2.697381e-01	3.728725e-01	2.109806e-01	9.787483e-01
3.101989e-01	3.998750e-01	1.966131e-01	1.049589e+00
3.567287e-01	4.288320e-01	1.825106e-01	1.125566e+00
4.102380e-01	4.598848e-01	1.693903e-01	1.207008e+00
4.717737e-01	4.931868e-01	1.558087e-01	1.294636e+00
5.425397e-01	5.288994e-01	1.447676e-01	1.389505e+00
6.239207e-01	5.671969e-01	1.332844e-01	1.492245e+00
7.175088e-01	6.082665e-01	1.218720e-01	1.603623e+00
8.251351e-01	6.523086e-01	1.132215e-01	1.724477e+00
9.489054e-01	6.995387e-01	1.045819e-01	1.855785e+00
1.091241e+00	7.468919e-01	9.694112e-02	1.998681e+00
1.254927e+00	7.925824e-01	8.815426e-02	2.104058e+00
1.443166e+00	8.584910e-01	7.821651e-02	2.154328e+00
1.659641e+00	9.410078e-01	7.036245e-02	2.202153e+00
1.908588e+00	1.029413e+00	6.253671e-02	2.247836e+00
2.194876e+00	1.127584e+00	5.680030e-02	2.292114e+00
2.524107e+00	1.234375e+00	5.102491e-02	2.335889e+00
2.902723e+00	1.349097e+00	4.589885e-02	2.380411e+00
3.338132e+00	1.476363e+00	4.156683e-02	2.427307e+00
3.838852e+00	1.605445e+00	3.718087e-02	2.478633e+00
4.414679e+00	1.735996e+00	3.355308e-02	2.536923e+00
5.076881e+00	1.861573e+00	3.008475e-02	2.605235e+00
5.838413e+00	1.995338e+00	2.714155e-02	2.687201e+00
6.714175e+00	2.139161e+00	2.436568e-02	2.787009e+00
7.721302e+00	2.259981e+00	2.179159e-02	2.909568e+00
8.879497e+00	2.376971e+00	1.926556e-02	3.060390e+00
1.021142e+01	2.487679e+00	1.730751e-02	3.245684e+00
1.174313e+01	2.578193e+00	1.549035e-02	3.472370e+00
1.350460e+01	2.669528e+00	1.384622e-02	3.748138e+00
1.553030e+01	2.750122e+00	1.234198e-02	4.081588e+00
1.785984e+01	2.822238e+00	1.085178e-02	4.482447e+00
2.053882e+01	2.887493e+00	9.697928e-03	4.961950e+00
2.361964e+01	2.929061e+00	8.552048e-03	5.533413e+00
2.716258e+01	2.965538e+00	7.637869e-03	6.212938e+00
3.123697e+01	2.984080e+00	6.794024e-03	7.020358e+00
3.592252e+01	2.987388e+00	6.019266e-03	7.980385e+00
4.131089e+01	2.978992e+00	5.375876e-03	9.124013e+00
4.750753e+01	2.942956e+00	4.720944e-03	1.049027e+01
5.463366e+01	2.899550e+00	4.257411e-03	1.212838e+01
6.282871e+01	2.847443e+00	3.784481e-03	1.410060e+01
7.225301e+01	2.780431e+00	3.339112e-03	1.648543e+01
8.309096e+01	2.699684e+00	2.967911e-03	1.938311e+01
9.555461e+01	2.983602e+00	2.590160e-03	2.291644e+01
1.098878e+02	2.799071e+00	2.331128e-03	2.725852e+01
1.263710e+02	2.617945e+00	2.063324e-03	3.261443e+01
1.453266e+02	2.439725e+00	1.817450e-03	3.923043e+01
1.671256e+02	2.264081e+00	1.610524e-03	4.744044e+01
1.921945e+02	2.094041e+00	1.404482e-03	5.767603e+01
2.210236e+02	1.931818e+00	1.248755e-03	7.048020e+01
2.541772e+02	1.775569e+00	1.097193e-03	8.655493e+01
2.923037e+02	1.624656e+00	9.663792e-04	1.068564e+02
3.361493e+02	1.482483e+00	8.597720e-04	1.326277e+02
3.865717e+02	1.357623e+00	7.548715e-04	1.653180e+02
4.445574e+02	1.242272e+00	6.693321e-04	2.067152e+02
5.112411e+02	1.133338e+00	5.907284e-04	2.592802e+02
5.879272e+02	1.030926e+00	5.243701e-04	3.262178e+02
6.761163e+02	9.353697e-01	4.638209e-04	4.116766e+02
7.775337e+02	8.468495e-01	4.087682e-04	5.209891e+02
8.941638e+02	7.652895e-01	3.544824e-04	6.610108e+02
1.028288e+03	6.894857e-01	3.151512e-04	8.407047e+02
1.182532e+03	6.203490e-01	2.778556e-04	1.071670e+03
1.359911e+03	5.583121e-01	2.452345e-04	1.368478e+03
1.563898e+03	5.025677e-01	2.158051e-04	1.749360e+03
1.798483e+03	4.519971e-01	1.863846e-04	2.237953e+03
2.068255e+03	4.064592e-01	1.648588e-04	2.864652e+03
2.378493e+03	3.656403e-01	1.429464e-04	3.668053e+03
2.735268e+03	3.290292e-01	1.262592e-04	4.697189e+03
3.145558e+03	2.962419e-01	1.109396e-04	6.014084e+03
3.617391e+03	2.670636e-01	9.688572e-05	7.696973e+03
4.160000e+03	2.411483e-01	8.550734e-05	9.844258e+03
4.784000e+03	2.180947e-01	7.383384e-05	1.257904e+04
5.501600e+03	1.976587e-01	6.599592e-05	1.605467e+04
6.326840e+03	1.796191e-01	5.791615e-05	2.046111e+04
7.275866e+03	1.636864e-01	5.040399e-05	2.603229e+04
8.367246e+03	1.496367e-01	0.000000e+00	3.305424e+04
9.622333e+03	1.373093e-01	0.000000e+00	4.187418e+04
