# Energy_MeV	dEdx_Elec_MeV_um	dEdx_Nucl_MeV_um	Range_um
1.000000e-05	2.450741e-03	2.517153e-02	6.387223e-03
1.150000e-05	2.644539e-03	2.740492e-02	6.849534e-03
1.322500e-05	2.852267e-03	2.987008e-02	7.345307e-03
1.520875e-05	3.074940e-03	3.241377e-02	7.876964e-03
1.749006e-05	3.313649e-03	3.515840e-02	8.447103e-03
2.011357e-05	3.569559e-03	3.804060e-02	9.058508e-03
2.313061e-05	3.843923e-03	4.127463e-02	9.714168e-03
2.660020e-05	4.138081e-03	4.453658e-02	1.041728e-02
3.059023e-05	4.453472e-03	4.813440e-02	1.117129e-02
3.517876e-05	4.791636e-03	5.183977e-02	1.197988e-02
4.045558e-05	5.154226e-03	5.567783e-02	1.284699e-02
4.652391e-05	5.543015e-03	5.997492e-02	1.377686e-02
5.350250e-05	5.959901e-03	6.417870e-02	1.477404e-02
6.152788e-05	6.406922e-03	6.880889e-02	1.584339e-02
7.075706e-05	6.886262e-03	7.357012e-02	1.699014e-02
8.137062e-05	7.400262e-03	7.851321e-02	1.821990e-02
9.357621e-05	7.951435e-03	8.356277e-02	1.953866e-02
1.076126e-04	8.542472e-03	8.861442e-02	2.095288e-02
1.237545e-04	9.176262e-03	9.397233e-02	2.246946e-02
1.423177e-04	9.855900e-03	9.928212e-02	2.409581e-02
1.636654e-04	1.058471e-02	1.047676e-01	2.583988e-02
1.882152e-04	1.136625e-02	1.098970e-01	2.771018e-02
2.164475e-04	1.220433e-02	1.154292e-01	2.971586e-02
2.489146e-04	1.310306e-02	1.209462e-01	3.186671e-02
2.862518e-04	1.406682e-02	1.260546e-01	3.417324e-02
3.291895e-04	1.510032e-02	1.317593e-01	3.664672e-02
3.785680e-04	1.620861e-02	1.363069e-01	3.929923e-02
4.353531e-04	1.739711e-02	1.414338e-01	4.214373e-02
5.006561e-04	1.867162e-02	1.462192e-01	4.519411e-02
5.757545e-04	2.003837e-02	1.504874e-01	4.846529e-02
6.621177e-04	2.150403e-02	1.552355e-01	5.197323e-02
7.614354e-04	2.307576e-02	1.589544e-01	5.573508e-02
8.756507e-04	2.476125e-02	1.627583e-01	5.976921e-02
1.006998e-03	2.656873e-02	1.660151e-01	6.409534e-02
1.158048e-03	2.850702e-02	1.689972e-01	6.873459e-02
1.331755e-03	3.058560e-02	1.718811e-01	7.370964e-02
1.531519e-03	3.281462e-02	1.740648e-01	7.904478e-02
1.761246e-03	3.520498e-02	1.761119e-01	8.476609e-02
2.025433e-03	3.776834e-02	1.776490e-01	9.089593e-02
2.329248e-03	4.051723e-02	1.792000e-01	9.748450e-02
2.678635e-03	4.346509e-02	1.800632e-01	1.045384e-01
3.080431e-03	4.662630e-02	1.808288e-01	1.121058e-01
3.542495e-03	5.001633e-02	1.811223e-01	1.202197e-01
4.073870e-03	5.365171e-02	1.809302e-01	1.289211e-01
4.684950e-03	5.755023e-02	1.805678e-01	1.382523e-01
5.387693e-03	6.173092e-02	1.795537e-01	1.482589e-01
6.195847e-03	6.621421e-02	1.782743e-01	1.589898e-01
7.125224e-03	7.102199e-02	1.765320e-01	1.704973e-01
8.194007e-03	7.617776e-02	1.742871e-01	1.828379e-01
9.423108e-03	8.170671e-02	1.716163e-01	1.960716e-01
1.083657e-02	8.763584e-02	1.684932e-01	2.102632e-01
1.246206e-02	9.399413e-02	1.648854e-01	2.254819e-01
1.433137e-02	1.008126e-01	1.609128e-01	2.418022e-01
1.648108e-02	1.081246e-01	1.564886e-01	2.593039e-01
1.895324e-02	1.159659e-01	1.518989e-01	2.780723e-01
2.179622e-02	1.243747e-01	1.467170e-01	2.981991e-01
2.506566e-02	1.333922e-01	1.412619e-01	3.197826e-01
2.882550e-02	1.430623e-01	1.357137e-01	3.429285e-01
3.314933e-02	1.534324e-01	1.295343e-01	3.677498e-01
3.812173e-02	1.645531e-01	1.239700e-01	3.943675e-01
4.383999e-02	1.764786e-01	1.176054e-01	4.229118e-01
5.041599e-02	1.892674e-01	1.113964e-01	4.535221e-01
5.797838e-02	2.029818e-01	1.053584e-01	4.863482e-01
6.667514e-02	2.176889e-01	9.865306e-02	5.215503e-01
7.667641e-02	2.334604e-01	9.280803e-02	5.593002e-01
8.817787e-02	2.503735e-01	8.664396e-02	5.997823e-01
1.014046e-01	2.685109e-01	8.095774e-02	6.431946e-01
1.166152e-01	2.879609e-01	7.537066e-02	6.897495e-01
1.341075e-01	3.088188e-01	6.968948e-02	7.396727e-01
1.542237e-01	3.311864e-01	6.468868e-02	7.932157e-01
1.773572e-01	3.551730e-01	5.975248e-02	8.506104e-01
2.039608e-01	3.808975e-01	5.528947e-02	9.123952e-01
2.345549e-01	4.084840e-01	5.050669e-02	9.792959e-01
2.697381e-01	4.380673e-01	4.699861e-02	1.051749e+00
3.101989e-01	4.697918e-01	4.341728e-02	1.130298e+00
3.567287e-01	5.038126e-01	3.991927e-02	1.215538e+00
4.102380e-01	5.402917e-01	3.663451e-02	1.280260e+00
4.717737e-01	5.764568e-01	3.285704e-02	1.334127e+00
5.425397e-01	6.120989e-01	2.975047e-02	1.387560e+00
6.239207e-01	6.637894e-01	2.648891e-02	1.440431e+00
7.175088e-01	7.265431e-01	2.375566e-02	1.492725e+00
8.251351e-01	7.910889e-01	2.140434e-02	1.544580e+00
9.489054e-01	8.600732e-01	1.926595e-02	1.596324e+00
1.091241e+00	9.324079e-01	1.741506e-02	1.648529e+00
1.254927e+00	1.003308e+00	1.562072e-02	1.702037e+00
1.443166e+00	1.078302e+00	1.408907e-02	1.758063e+00
1.659641e+00	1.145176e+00	1.263303e-02	1.818210e+00
1.908588e+00	1.206030e+00	1.142476e-02	1.884535e+00
2.194876e+00	1.259086e+00	1.019052e-02	1.959617e+00
2.524107e+00	1.313882e+00	9.133133e-03	2.046602e+00
2.902723e+00	1.370414e+00	8.214406e-03	2.149286e+00
3.338132e+00	1.413735e+00	7.219494e-03	2.272157e+00
3.838852e+00	1.452378e+00	6.558837e-03	2.420458e+00
4.414679e+00	1.487509e+00	5.799333e-03	2.600261e+00
5.076881e+00	1.510756e+00	5.185297e-03	2.818551e+00
5.838413e+00	1.532567e+00	4.643720e-03	3.083334e+00
6.714175e+00	1.548213e+00	4.060594e-03	3.403844e+00
7.721302e+00	1.556978e+00	3.641056e-03	3.790831e+00
8.879497e+00	1.561023e+00	3.214624e-03	4.257028e+00
1.021142e+01	1.552791e+00	2.872583e-03	4.817793e+00
1.174313e+01	1.540069e+00	2.554771e-03	5.491990e+00
1.350460e+01	1.519053e+00	2.254791e-03	6.303126e+00
1.553030e+01	1.490417e+00	2.015079e-03	7.280809e+00
1.785984e+01	1.455174e+00	1.788816e-03	8.462595e+00
2.053882e+01	1.413046e+00	1.601458e-03	9.896338e+00
2.361964e+01	1.365118e+00	1.406340e-03	1.164317e+01
2.716258e+01	1.310891e+00	1.261318e-03	1.378137e+01
3.123697e+01	1.252641e+00	1.106318e-03	1.641093e+01
3.592252e+01	1.305482e+00	9.834971e-04	1.966070e+01
4.131089e+01	1.204563e+00	8.754078e-04	2.369178e+01
4.750753e+01	1.113089e+00	7.653710e-04	2.872915e+01
5.463366e+01	1.025824e+00	6.857974e-04	3.504212e+01
6.282871e+01	9.423352e-01	5.994210e-04	4.296466e+01
7.225301e+01	8.620883e-01	5.290349e-04	5.294420e+01
8.309096e+01	7.862742e-01	4.659381e-04	6.556071e+01
9.555461e+01	7.154798e-01	4.103144e-04	8.154811e+01
1.098878e+02	6.488835e-01	3.638523e-04	1.018597e+02
1.263710e+02	5.858047e-01	3.199005e-04	1.277890e+02
1.453266e+02	5.277312e-01	2.840451e-04	1.610104e+02
1.671256e+02	4.776917e-01	2.503050e-04	2.034897e+02
1.921945e+02	4.320403e-01	2.229914e-04	2.576783e+02
2.210236e+02	3.899436e-01	1.952234e-04	3.269130e+02
2.541772e+02	3.512581e-01	1.727586e-04	4.155182e+02
2.923037e+02	3.159054e-01	1.530622e-04	5.290783e+02
3.361493e+02	2.838010e-01	1.323224e-04	6.747509e+02
3.865717e+02	2.547250e-01	1.187923e-04	8.617226e+02
4.445574e+02	2.281460e-01	1.032326e-04	1.101983e+03
5.112411e+02	2.042634e-01	9.136122e-05	1.410995e+03
5.879272e+02	1.831419e-01	8.068806e-05	1.808131e+03
6.761163e+02	1.643466e-01	6.949272e-05	2.317658e+03
7.775337e+02	1.474564e-01	6.147826e-05	2.971060e+03
8.941638e+02	1.323440e-01	5.351711e-05	3.808745e+03
1.028288e+03	1.188558e-01	4.725582e-05	4.882064e+03
1.182532e+03	1.068305e-01	0.000000e+00	6.256251e+03
1.359911e+03	9.612457e-02	0.000000e+00	8.013848e+03
1.563898e+03	8.661295e-02	0.000000e+00	1.025900e+04
1.798483e+03	7.817165e-02	0.000000e+00	1.312271e+04
2.068255e+03	7.068203e-02	0.000000e+00	1.676883e+04
2.378493e+03	6.405288e-02	0.000000e+00	2.140147e+04
2.735268e+03	5.819980e-02	0.000000e+00	2.727336e+04
3.145558e+03	5.303373e-02	0.000000e+00	3.469559e+04
3.617391e+03	4.848197e-02	0.000000e+00	4.404838e+04
4.160000e+03	4.448518e-02	0.000000e+00	5.579298e+04
4.784000e+03	4.098353e-02	0.000000e+00	7.048435e+04
5.501600e+03	3.792214e-02	0.000000e+00	8.878417e+04
6.326840e+03	3.525814e-02	0.000000e+00	1.114740e+05
7.275866e+03	3.295140e-02	0.000000e+00	1.394677e+05
8.367246e+03	3.096191e-02	0.000000e+00	1.738232e+05
9.622333e+03	2.925716e-02	0.000000e+00	2.157524e+05
