# Energy_MeV	dEdx_Elec_MeV_um	dEdx_Nucl_MeV_um	Range_um
1.000000e-05	2.205136e-03	3.261407e-02	5.284177e-03
1.150000e-05	2.383299e-03	3.581474e-02	5.666648e-03
1.322500e-05	2.574220e-03	3.926944e-02	6.076803e-03
1.520875e-05	2.778834e-03	4.307787e-02	6.516646e-03
1.749006e-05	2.998141e-03	4.721972e-02	6.988324e-03
2.011357e-05	3.233217e-03	5.177365e-02	7.494143e-03
2.313061e-05	3.485210e-03	5.662240e-02	8.036573e-03
2.660020e-05	3.755354e-03	6.192938e-02	8.618264e-03
3.059023e-05	4.044968e-03	6.755465e-02	9.242058e-03
3.517876e-05	4.355470e-03	7.363188e-02	9.911003e-03
4.045558e-05	4.688377e-03	8.017813e-02	1.062837e-02
4.652391e-05	5.045316e-03	8.715304e-02	1.139765e-02
5.350250e-05	5.428031e-03	9.479703e-02	1.222262e-02
6.152788e-05	5.838392e-03	1.025101e-01	1.310730e-02
7.075706e-05	6.278406e-03	1.110236e-01	1.405602e-02
8.137062e-05	6.750221e-03	1.202817e-01	1.507340e-02
9.357621e-05	7.256143e-03	1.297925e-01	1.616442e-02
1.076126e-04	7.798644e-03	1.403866e-01	1.733441e-02
1.237545e-04	8.380375e-03	1.506265e-01	1.858908e-02
1.423177e-04	9.004178e-03	1.619668e-01	1.993457e-02
1.636654e-04	9.673100e-03	1.741400e-01	2.137744e-02
1.882152e-04	1.039041e-02	1.863428e-01	2.292475e-02
2.164475e-04	1.115961e-02	1.998778e-01	2.458406e-02
2.489146e-04	1.198446e-02	2.130312e-01	2.636347e-02
2.862518e-04	1.286899e-02	2.272494e-01	2.827167e-02
3.291895e-04	1.381752e-02	2.417029e-01	3.031799e-02
3.785680e-04	1.483469e-02	2.558789e-01	3.251242e-02
4.353531e-04	1.592546e-02	2.713045e-01	3.486568e-02
5.006561e-04	1.709516e-02	2.860464e-01	3.738928e-02
5.757545e-04	1.834951e-02	3.013596e-01	4.009554e-02
6.621177e-04	1.969464e-02	3.159847e-01	4.299767e-02
7.614354e-04	2.113711e-02	3.311689e-01	4.610987e-02
8.756507e-04	2.268398e-02	3.463746e-01	4.944732e-02
1.006998e-03	2.434280e-02	3.619492e-01	5.302635e-02
1.158048e-03	2.612167e-02	3.760738e-01	5.686442e-02
1.331755e-03	2.802929e-02	3.896989e-01	6.098030e-02
1.531519e-03	3.007497e-02	4.031805e-01	6.539409e-02
1.761246e-03	3.226871e-02	4.161562e-01	7.012734e-02
2.025433e-03	3.462122e-02	4.292265e-01	7.520320e-02
2.329248e-03	3.714401e-02	4.405263e-01	8.064645e-02
2.678635e-03	3.984938e-02	4.516961e-01	8.648368e-02
3.080431e-03	4.275057e-02	4.611971e-01	9.274341e-02
3.542495e-03	4.586174e-02	4.700650e-01	9.945623e-02
4.073870e-03	4.919809e-02	4.781447e-01	1.066517e-01
4.684950e-03	5.277593e-02	4.850053e-01	1.143585e-01
5.387693e-03	5.661272e-02	4.916777e-01	1.226575e-01
6.195847e-03	6.072722e-02	4.961094e-01	1.315332e-01
7.125224e-03	6.513952e-02	5.003489e-01	1.410543e-01
8.194007e-03	6.987118e-02	5.040083e-01	1.512636e-01
9.423108e-03	7.494532e-02	5.061480e-01	1.622119e-01
1.083657e-02	8.038673e-02	5.080343e-01	1.739527e-01
1.246206e-02	8.622198e-02	5.077128e-01	1.865432e-01
1.433137e-02	9.247959e-02	5.069097e-01	2.000450e-01
1.648108e-02	9.919013e-02	5.050884e-01	2.145242e-01
1.895324e-02	1.063864e-01	5.018383e-01	2.300514e-01
2.179622e-02	1.141035e-01	4.977289e-01	2.467025e-01
2.506566e-02	1.223792e-01	4.919291e-01	2.645586e-01
2.882550e-02	1.312538e-01	4.850813e-01	2.837072e-01
3.314933e-02	1.407709e-01	4.768811e-01	3.042420e-01
3.812173e-02	1.509767e-01	4.674780e-01	3.262630e-01
4.383999e-02	1.619213e-01	4.566902e-01	3.498778e-01
5.041599e-02	1.736580e-01	4.449398e-01	3.752019e-01
5.797838e-02	1.862443e-01	4.321588e-01	4.023589e-01
6.667514e-02	1.997415e-01	4.185556e-01	4.314818e-01
7.667641e-02	2.142157e-01	4.037356e-01	4.627125e-01
8.817787e-02	2.297376e-01	3.881269e-01	4.962036e-01
1.014046e-01	2.463829e-01	3.713226e-01	5.321187e-01
1.166152e-01	2.642330e-01	3.550395e-01	5.706335e-01
1.341075e-01	2.833751e-01	3.382231e-01	6.119362e-01
1.542237e-01	3.039027e-01	3.208987e-01	6.562283e-01
1.773572e-01	3.259162e-01	3.034709e-01	7.037261e-01
2.039608e-01	3.495229e-01	2.850944e-01	7.546618e-01
2.345549e-01	3.748384e-01	2.681758e-01	8.092845e-01
2.697381e-01	4.019862e-01	2.504627e-01	8.678612e-01
3.101989e-01	4.310989e-01	2.343296e-01	9.306753e-01
3.567287e-01	4.623189e-01	2.184112e-01	9.980444e-01
4.102380e-01	4.957986e-01	2.026144e-01	1.070265e+00
4.717737e-01	5.317036e-01	1.881112e-01	1.148076e+00
5.425397e-01	5.702075e-01	1.728984e-01	1.232345e+00
6.239207e-01	6.114982e-01	1.607506e-01	1.323616e+00
7.175088e-01	6.557776e-01	1.479705e-01	1.422575e+00
8.251351e-01	7.032620e-01	1.354004e-01	1.529978e+00
9.489054e-01	7.541835e-01	1.257152e-01	1.646702e+00
1.091241e+00	8.032493e-01	1.161636e-01	1.773768e+00
1.254927e+00	8.527025e-01	1.076026e-01	1.912385e+00
1.443166e+00	9.271642e-01	9.775738e-02	1.955829e+00
1.659641e+00	1.014740e+00	8.680299e-02	1.990037e+00
1.908588e+00	1.110196e+00	7.800900e-02	2.022201e+00
2.194876e+00	1.215024e+00	6.940258e-02	2.052925e+00
2.524107e+00	1.331403e+00	6.299414e-02	2.083196e+00
2.902723e+00	1.455544e+00	5.661654e-02	2.114213e+00
3.338132e+00	1.593146e+00	5.092410e-02	2.147489e+00
3.838852e+00	1.738994e+00	4.610097e-02	2.184892e+00
4.414679e+00	1.883170e+00	4.126339e-02	2.228678e+00
5.076881e+00	2.033344e+00	3.720024e-02	2.281529e+00
5.838413e+00	2.192116e+00	3.338909e-02	2.346586e+00
6.714175e+00	2.357398e+00	3.009304e-02	2.427466e+00
7.721302e+00	2.509615e+00	2.700945e-02	2.528247e+00
8.879497e+00	2.649398e+00	2.416913e-02	2.653578e+00
1.021142e+01	2.790628e+00	2.134040e-02	2.808589e+00
1.174313e+01	2.902326e+00	1.920373e-02	2.998946e+00
1.350460e+01	3.017596e+00	1.716884e-02	3.230902e+00
1.553030e+01	3.127232e+00	1.534513e-02	3.511388e+00
1.785984e+01	3.220404e+00	1.368615e-02	3.848240e+00
2.053882e+01	3.311117e+00	1.201740e-02	4.250494e+00
2.361964e+01	3.374094e+00	1.075457e-02	4.728843e+00
2.716258e+01	3.430039e+00	9.471206e-03	5.296256e+00
3.123697e+01	3.471832e+00	8.465574e-03	5.968705e+00
3.592252e+01	3.488759e+00	7.535384e-03	6.766078e+00
4.131089e+01	3.494072e+00	6.670601e-03	7.713293e+00
4.750753e+01	3.465974e+00	5.960797e-03	8.841661e+00
5.463366e+01	3.430957e+00	5.228056e-03	1.019058e+01
6.282871e+01	3.387754e+00	4.721056e-03	1.180973e+01
7.225301e+01	3.321275e+00	4.195896e-03	1.376161e+01
8.309096e+01	3.820489e+00	3.704064e-03	1.612538e+01
9.555461e+01	3.587822e+00	3.288395e-03	1.899904e+01
1.098878e+02	3.378997e+00	2.874328e-03	2.252126e+01
1.263710e+02	3.170438e+00	2.584400e-03	2.684799e+01
1.453266e+02	2.964182e+00	2.287353e-03	3.217565e+01
1.671256e+02	2.759342e+00	2.015895e-03	3.876657e+01
1.921945e+02	2.560440e+00	1.784181e-03	4.695854e+01
2.210236e+02	2.369690e+00	1.557927e-03	5.717450e+01
2.541772e+02	2.184428e+00	1.383518e-03	6.996677e+01
2.923037e+02	2.005557e+00	1.216499e-03	8.608965e+01
3.361493e+02	1.836208e+00	1.071334e-03	1.065018e+02
3.865717e+02	1.689569e+00	9.527733e-04	1.323050e+02
4.445574e+02	1.551057e+00	8.372686e-04	1.649031e+02
5.112411e+02	1.419397e+00	7.414682e-04	2.062203e+02
5.879272e+02	1.294900e+00	6.552637e-04	2.587509e+02
6.761163e+02	1.178071e+00	5.809530e-04	3.257250e+02
7.775337e+02	1.069337e+00	5.137555e-04	4.112896e+02
8.941638e+02	9.683836e-01	4.530893e-04	5.207914e+02
1.028288e+03	8.743696e-01	3.923012e-04	6.612394e+02
1.182532e+03	7.882029e-01	3.495100e-04	8.416578e+02
1.359911e+03	7.108071e-01	3.077473e-04	1.073344e+03
1.563898e+03	6.406232e-01	2.715959e-04	1.370517e+03
1.798483e+03	5.768197e-01	2.391731e-04	1.751684e+03
2.068255e+03	5.193017e-01	2.064888e-04	2.240532e+03
2.378493e+03	4.676257e-01	1.827206e-04	2.867174e+03
2.735268e+03	4.211219e-01	1.582380e-04	3.669835e+03
3.145558e+03	3.794013e-01	1.398538e-04	4.696831e+03
3.617391e+03	3.422757e-01	1.229830e-04	6.009086e+03
4.160000e+03	3.092611e-01	1.073419e-04	7.683142e+03
4.784000e+03	2.798472e-01	9.475850e-05	9.814670e+03
5.501600e+03	2.537802e-01	8.185624e-05	1.252272e+04
6.326840e+03	2.307713e-01	7.314371e-05	1.595461e+04
7.275866e+03	2.104347e-01	6.417580e-05	2.029150e+04
8.367246e+03	1.925090e-01	5.588570e-05	2.575464e+04
9.622333e+03	1.767962e-01	4.885851e-05	3.261221e+04
