# Energy_MeV	dEdx_Elec_MeV_um	dEdx_Nucl_MeV_um	Range_um
1.000000e-05	2.118315e-03	3.200625e-02	5.814888e-03
1.150000e-05	2.287506e-03	3.511934e-02	6.235773e-03
1.322500e-05	2.468838e-03	3.852221e-02	6.687121e-03
1.520875e-05	2.663198e-03	4.219821e-02	7.171138e-03
1.749006e-05	2.871537e-03	4.630182e-02	7.690189e-03
2.011357e-05	3.094875e-03	5.058002e-02	8.246809e-03
2.313061e-05	3.334303e-03	5.536245e-02	8.843718e-03
2.660020e-05	3.590993e-03	6.034668e-02	9.483831e-03
3.059023e-05	3.866199e-03	6.572404e-02	1.017028e-02
3.517876e-05	4.161267e-03	7.161631e-02	1.090641e-02
4.045558e-05	4.477638e-03	7.777785e-02	1.169582e-02
4.652391e-05	4.816858e-03	8.464303e-02	1.254237e-02
5.350250e-05	5.180586e-03	9.143238e-02	1.345019e-02
6.152788e-05	5.570598e-03	9.901830e-02	1.442372e-02
7.075706e-05	5.988800e-03	1.072316e-01	1.546772e-02
8.137062e-05	6.437236e-03	1.157548e-01	1.658728e-02
9.357621e-05	6.918096e-03	1.250911e-01	1.778788e-02
1.076126e-04	7.433730e-03	1.341922e-01	1.907537e-02
1.237545e-04	7.986658e-03	1.442637e-01	2.045606e-02
1.423177e-04	8.579579e-03	1.549758e-01	2.193668e-02
1.636654e-04	9.215392e-03	1.659614e-01	2.352446e-02
1.882152e-04	9.897202e-03	1.778241e-01	2.522718e-02
2.164475e-04	1.062834e-02	1.895921e-01	2.705313e-02
2.489146e-04	1.141238e-02	2.020357e-01	2.901125e-02
2.862518e-04	1.225315e-02	2.148007e-01	3.111110e-02
3.291895e-04	1.315476e-02	2.274296e-01	3.336294e-02
3.785680e-04	1.412161e-02	2.408700e-01	3.577777e-02
4.353531e-04	1.515843e-02	2.541087e-01	3.836738e-02
5.006561e-04	1.627028e-02	2.672606e-01	4.114444e-02
5.757545e-04	1.746259e-02	2.804356e-01	4.412249e-02
6.621177e-04	1.874119e-02	2.938298e-01	4.731610e-02
7.614354e-04	2.011233e-02	3.070037e-01	5.074087e-02
8.756507e-04	2.158270e-02	3.210327e-01	5.441352e-02
1.006998e-03	2.315948e-02	3.328636e-01	5.835200e-02
1.158048e-03	2.485039e-02	3.451355e-01	6.257554e-02
1.331755e-03	2.666367e-02	3.569183e-01	6.710479e-02
1.531519e-03	2.860820e-02	3.680568e-01	7.196188e-02
1.761246e-03	3.069346e-02	3.797467e-01	7.717051e-02
2.025433e-03	3.292965e-02	3.892429e-01	8.275616e-02
2.329248e-03	3.532769e-02	3.992350e-01	8.874609e-02
2.678635e-03	3.789929e-02	4.073065e-01	9.516958e-02
3.080431e-03	4.065703e-02	4.148040e-01	1.020580e-01
3.542495e-03	4.361436e-02	4.219872e-01	1.094450e-01
4.073870e-03	4.678574e-02	4.277513e-01	1.173227e-01
4.684950e-03	5.018667e-02	4.335995e-01	1.258395e-01
5.387693e-03	5.383375e-02	4.372340e-01	1.349759e-01
6.195847e-03	5.774481e-02	4.408441e-01	1.447440e-01
7.125224e-03	6.193894e-02	4.438338e-01	1.552207e-01
8.194007e-03	6.643665e-02	4.457576e-01	1.664556e-01
9.423108e-03	7.125990e-02	4.470878e-01	1.785035e-01
1.083657e-02	7.643226e-02	4.467260e-01	1.914234e-01
1.246206e-02	8.197899e-02	4.458461e-01	2.052784e-01
1.433137e-02	8.792719e-02	4.440252e-01	2.201363e-01
1.648108e-02	9.430593e-02	4.410931e-01	2.360697e-01
1.895324e-02	1.011464e-01	4.371966e-01	2.531564e-01
2.179622e-02	1.084819e-01	4.319621e-01	2.714797e-01
2.506566e-02	1.163484e-01	4.257221e-01	2.911292e-01
2.882550e-02	1.247843e-01	4.183458e-01	3.122011e-01
3.314933e-02	1.338307e-01	4.098593e-01	3.347982e-01
3.812173e-02	1.435320e-01	4.002394e-01	3.590308e-01
4.383999e-02	1.539354e-01	3.896500e-01	3.850173e-01
5.041599e-02	1.650918e-01	3.783940e-01	4.128848e-01
5.797838e-02	1.770558e-01	3.661364e-01	4.427695e-01
6.667514e-02	1.898857e-01	3.529159e-01	4.748172e-01
7.667641e-02	2.036442e-01	3.391986e-01	5.091844e-01
8.817787e-02	2.183986e-01	3.241241e-01	5.460391e-01
1.014046e-01	2.342209e-01	3.100843e-01	5.855615e-01
1.166152e-01	2.511884e-01	2.949348e-01	6.279446e-01
1.341075e-01	2.693841e-01	2.796374e-01	6.733954e-01
1.542237e-01	2.888967e-01	2.644866e-01	7.221357e-01
1.773572e-01	3.098217e-01	2.481363e-01	7.744039e-01
2.039608e-01	3.322613e-01	2.335136e-01	8.304556e-01
2.345549e-01	3.563250e-01	2.177888e-01	8.905642e-01
2.697381e-01	3.821305e-01	2.036844e-01	9.550240e-01
3.101989e-01	4.098038e-01	1.899892e-01	1.024147e+00
3.567287e-01	4.394801e-01	1.759766e-01	1.098279e+00
4.102380e-01	4.713048e-01	1.634092e-01	1.177773e+00
4.717737e-01	5.054344e-01	1.502039e-01	1.263532e+00
5.425397e-01	5.420343e-01	1.395689e-01	1.356418e+00
6.239207e-01	5.812833e-01	1.283996e-01	1.457040e+00
7.175088e-01	6.233731e-01	1.178170e-01	1.566154e+00
8.251351e-01	6.685095e-01	1.090991e-01	1.684603e+00
9.489054e-01	7.169130e-01	1.010130e-01	1.813364e+00
1.091241e+00	7.622076e-01	9.329673e-02	1.953581e+00
1.254927e+00	8.106885e-01	8.442307e-02	2.020377e+00
1.443166e+00	8.862081e-01	7.517063e-02	2.067392e+00
1.659641e+00	9.706411e-01	6.725414e-02	2.112189e+00
1.908588e+00	1.063493e+00	6.017855e-02	2.155101e+00
2.194876e+00	1.163381e+00	5.440634e-02	2.196975e+00
2.524107e+00	1.274655e+00	4.900518e-02	2.238751e+00
2.902723e+00	1.392267e+00	4.404684e-02	2.281738e+00
3.338132e+00	1.519634e+00	3.982203e-02	2.327624e+00
3.838852e+00	1.655210e+00	3.574419e-02	2.378520e+00
4.414679e+00	1.778094e+00	3.208456e-02	2.437009e+00
5.076881e+00	1.908156e+00	2.892413e-02	2.506193e+00
5.838413e+00	2.045903e+00	2.595596e-02	2.589707e+00
6.714175e+00	2.179668e+00	2.328669e-02	2.691786e+00
7.721302e+00	2.306566e+00	2.087625e-02	2.817291e+00
8.879497e+00	2.414089e+00	1.839001e-02	2.971707e+00
1.021142e+01	2.522060e+00	1.661703e-02	3.161181e+00
1.174313e+01	2.610756e+00	1.480149e-02	3.392544e+00
1.350460e+01	2.696551e+00	1.321741e-02	3.673409e+00
1.553030e+01	2.781200e+00	1.181236e-02	4.012305e+00
1.785984e+01	2.844119e+00	1.036264e-02	4.418951e+00
2.053882e+01	2.903539e+00	9.285020e-03	4.904672e+00
2.361964e+01	2.943867e+00	8.173017e-03	5.482987e+00
2.716258e+01	2.971756e+00	7.292502e-03	6.170363e+00
3.123697e+01	2.991230e+00	6.510018e-03	6.987180e+00
3.592252e+01	2.984572e+00	5.753119e-03	7.958896e+00
4.131089e+01	2.967492e+00	5.143222e-03	9.117498e+00
4.750753e+01	2.928720e+00	4.525814e-03	1.050330e+01
5.463366e+01	2.882077e+00	4.074579e-03	1.216718e+01
6.282871e+01	2.827130e+00	3.620448e-03	1.417347e+01
7.225301e+01	2.753337e+00	3.201872e-03	1.660358e+01
8.309096e+01	3.115445e+00	2.827608e-03	1.955988e+01
9.555461e+01	2.918141e+00	2.489168e-03	2.317290e+01
1.098878e+02	2.735317e+00	2.228121e-03	2.762370e+01
1.263710e+02	2.554767e+00	1.972637e-03	3.311292e+01
1.453266e+02	2.377674e+00	1.741831e-03	3.990469e+01
1.671256e+02	2.203649e+00	1.533200e-03	4.834669e+01
1.921945e+02	2.036117e+00	1.346636e-03	5.888572e+01
2.210236e+02	1.876325e+00	1.189558e-03	7.208374e+01
2.541772e+02	1.721623e+00	1.049454e-03	8.868312e+01
2.923037e+02	1.573731e+00	9.234192e-04	1.096945e+02
3.361493e+02	1.436228e+00	8.200374e-04	1.363785e+02
3.865717e+02	1.316374e+00	7.234306e-04	1.701903e+02
4.445574e+02	1.203273e+00	6.371506e-04	2.130374e+02
5.112411e+02	1.096623e+00	5.663145e-04	2.675018e+02
5.879272e+02	9.966294e-01	5.001451e-04	3.369228e+02
6.761163e+02	9.034729e-01	4.415043e-04	4.256197e+02
7.775337e+02	8.174322e-01	3.902962e-04	5.391321e+02
8.941638e+02	7.378916e-01	3.377428e-04	6.846167e+02
1.028288e+03	6.644598e-01	3.017832e-04	8.714507e+02
1.182532e+03	5.975998e-01	2.650731e-04	1.111631e+03
1.359911e+03	5.381273e-01	2.332518e-04	1.420133e+03
1.563898e+03	4.842261e-01	2.059087e-04	1.815902e+03
1.798483e+03	4.354434e-01	1.777650e-04	2.323620e+03
2.068255e+03	3.916179e-01	1.573735e-04	2.974728e+03
2.378493e+03	3.523295e-01	1.365616e-04	3.809227e+03
2.735268e+03	3.170905e-01	1.201423e-04	4.877836e+03
3.145558e+03	2.855984e-01	1.060140e-04	6.244638e+03
3.617391e+03	2.576143e-01	9.234014e-05	7.990409e+03
4.160000e+03	2.327432e-01	8.156266e-05	1.021656e+04
4.784000e+03	2.106305e-01	7.082267e-05	1.304977e+04
5.501600e+03	1.910660e-01	6.297758e-05	1.664755e+04
6.326840e+03	1.737984e-01	5.524042e-05	2.120462e+04
7.275866e+03	1.585467e-01	4.820483e-05	2.696019e+04
8.367246e+03	1.451204e-01	0.000000e+00	3.420604e+04
9.622333e+03	1.333535e-01	0.000000e+00	4.329536e+04
