# Energy_MeV	dEdx_Elec_MeV_um	dEdx_Nucl_MeV_um	Range_um
1.000000e-05	2.697874e-03	2.469214e-02	5.395464e-03
1.150000e-05	2.915276e-03	2.688434e-02	5.785990e-03
1.322500e-05	3.148252e-03	2.929171e-02	6.204783e-03
1.520875e-05	3.397944e-03	3.186116e-02	6.653889e-03
1.749006e-05	3.665575e-03	3.462919e-02	7.135501e-03
2.011357e-05	3.952454e-03	3.746161e-02	7.651972e-03
2.313061e-05	4.259983e-03	4.058649e-02	8.205826e-03
2.660020e-05	4.589669e-03	4.400293e-02	8.799768e-03
3.059023e-05	4.943121e-03	4.741638e-02	9.436700e-03
3.517876e-05	5.322069e-03	5.132617e-02	1.011973e-02
4.045558e-05	5.728364e-03	5.505391e-02	1.085220e-02
4.652391e-05	6.163992e-03	5.924101e-02	1.163769e-02
5.350250e-05	6.631082e-03	6.371705e-02	1.248004e-02
6.152788e-05	7.131917e-03	6.810914e-02	1.338335e-02
7.075706e-05	7.668943e-03	7.312004e-02	1.435204e-02
8.137062e-05	8.244786e-03	7.794853e-02	1.539085e-02
9.357621e-05	8.862258e-03	8.312572e-02	1.650485e-02
1.076126e-04	9.524376e-03	8.838478e-02	1.769948e-02
1.237545e-04	1.023437e-02	9.369482e-02	1.898057e-02
1.423177e-04	1.099572e-02	9.936187e-02	2.035440e-02
1.636654e-04	1.181214e-02	1.047458e-01	2.182766e-02
1.882152e-04	1.268762e-02	1.102914e-01	2.340756e-02
2.164475e-04	1.362643e-02	1.156831e-01	2.510181e-02
2.489146e-04	1.463317e-02	1.216120e-01	2.691869e-02
2.862518e-04	1.571274e-02	1.269329e-01	2.886708e-02
3.291895e-04	1.687043e-02	1.325010e-01	3.095649e-02
3.785680e-04	1.811190e-02	1.379411e-01	3.319714e-02
4.353531e-04	1.944319e-02	1.427991e-01	3.559997e-02
5.006561e-04	2.087083e-02	1.482170e-01	3.817671e-02
5.757545e-04	2.240178e-02	1.527106e-01	4.093996e-02
6.621177e-04	2.404352e-02	1.573605e-01	4.390322e-02
7.614354e-04	2.580407e-02	1.618565e-01	4.708096e-02
8.756507e-04	2.769204e-02	1.658487e-01	5.048870e-02
1.006998e-03	2.971665e-02	1.695376e-01	5.414310e-02
1.158048e-03	3.188779e-02	1.727019e-01	5.806201e-02
1.331755e-03	3.421606e-02	1.757717e-01	6.226457e-02
1.531519e-03	3.671285e-02	1.784238e-01	6.677131e-02
1.761246e-03	3.939034e-02	1.807626e-01	7.159216e-02
2.025433e-03	4.226162e-02	1.825585e-01	7.678942e-02
2.329248e-03	4.534071e-02	1.841856e-01	8.234618e-02
2.678635e-03	4.864267e-02	1.855885e-01	8.830723e-02
3.080431e-03	5.218361e-02	1.863094e-01	9.469856e-02
3.542495e-03	5.598084e-02	1.870951e-01	1.015528e-01
4.073870e-03	6.005291e-02	1.870331e-01	1.089031e-01
4.684950e-03	6.441971e-02	1.868182e-01	1.167854e-01
5.387693e-03	6.910257e-02	1.862058e-01	1.252383e-01
6.195847e-03	7.412438e-02	1.849872e-01	1.343029e-01
7.125224e-03	7.950966e-02	1.835642e-01	1.440237e-01
8.194007e-03	8.528473e-02	1.814948e-01	1.544481e-01
9.423108e-03	9.147780e-02	1.790238e-01	1.656270e-01
1.083657e-02	9.811911e-02	1.760692e-01	1.776150e-01
1.246206e-02	1.052411e-01	1.726611e-01	1.904707e-01
1.433137e-02	1.128786e-01	1.687519e-01	2.042569e-01
1.648108e-02	1.210690e-01	1.644838e-01	2.190410e-01
1.895324e-02	1.298521e-01	1.598602e-01	2.348952e-01
2.179622e-02	1.392709e-01	1.549089e-01	2.518969e-01
2.506566e-02	1.493715e-01	1.493202e-01	2.701291e-01
2.882550e-02	1.602032e-01	1.437810e-01	2.896811e-01
3.314933e-02	1.718189e-01	1.377288e-01	3.106483e-01
3.812173e-02	1.842753e-01	1.316458e-01	3.331330e-01
4.383999e-02	1.976333e-01	1.256108e-01	3.572451e-01
5.041599e-02	2.119582e-01	1.188570e-01	3.831025e-01
5.797838e-02	2.273199e-01	1.127463e-01	4.108316e-01
6.667514e-02	2.437935e-01	1.061636e-01	4.405678e-01
7.667641e-02	2.614595e-01	9.964301e-02	4.724562e-01
8.817787e-02	2.804042e-01	9.332165e-02	5.066525e-01
1.014046e-01	3.007200e-01	8.714753e-02	5.433241e-01
1.166152e-01	3.225064e-01	8.141896e-02	5.826498e-01
1.341075e-01	3.458696e-01	7.554724e-02	6.248254e-01
1.542237e-01	3.709239e-01	7.005847e-02	6.700365e-01
1.773572e-01	3.977935e-01	6.471482e-02	7.186484e-01
2.039608e-01	4.266085e-01	5.999801e-02	7.712617e-01
2.345549e-01	4.575092e-01	5.515804e-02	8.282384e-01
2.697381e-01	4.906465e-01	5.058802e-02	8.900004e-01
3.101989e-01	5.261823e-01	4.720182e-02	9.570097e-01
3.567287e-01	5.642885e-01	4.330768e-02	1.022582e+00
4.102380e-01	6.034407e-01	3.994880e-02	1.063292e+00
4.717737e-01	6.408759e-01	3.636116e-02	1.103482e+00
5.425397e-01	6.928585e-01	3.258407e-02	1.143056e+00
6.239207e-01	7.596782e-01	2.949906e-02	1.182003e+00
7.175088e-01	8.290166e-01	2.605460e-02	1.220428e+00
8.251351e-01	9.050409e-01	2.361070e-02	1.258577e+00
9.489054e-01	9.840007e-01	2.122868e-02	1.296876e+00
1.091241e+00	1.065493e+00	1.916228e-02	1.335965e+00
1.254927e+00	1.153477e+00	1.727264e-02	1.376733e+00
1.443166e+00	1.231686e+00	1.544609e-02	1.420364e+00
1.659641e+00	1.309256e+00	1.396615e-02	1.468392e+00
1.908588e+00	1.373442e+00	1.254577e-02	1.522714e+00
2.194876e+00	1.441351e+00	1.133077e-02	1.585653e+00
2.524107e+00	1.515237e+00	1.005398e-02	1.659994e+00
2.902723e+00	1.569409e+00	9.083661e-03	1.749024e+00
3.338132e+00	1.622233e+00	8.083458e-03	1.856577e+00
3.838852e+00	1.667744e+00	7.205489e-03	1.987067e+00
4.414679e+00	1.703115e+00	6.486542e-03	2.145543e+00
5.076881e+00	1.736283e+00	5.714596e-03	2.337766e+00
5.838413e+00	1.760430e+00	5.149754e-03	2.570324e+00
6.714175e+00	1.779852e+00	4.560201e-03	2.850833e+00
7.721302e+00	1.791622e+00	4.033271e-03	3.188242e+00
8.879497e+00	1.791662e+00	3.584301e-03	3.593275e+00
1.021142e+01	1.786419e+00	3.176625e-03	4.079028e+00
1.174313e+01	1.769863e+00	2.839089e-03	4.661743e+00
1.350460e+01	1.745820e+00	2.513630e-03	5.361805e+00
1.553030e+01	1.713150e+00	2.237058e-03	6.204983e+00
1.785984e+01	1.671372e+00	1.985216e-03	7.224006e+00
2.053882e+01	1.622831e+00	1.776343e-03	8.460563e+00
2.361964e+01	1.567694e+00	1.572344e-03	9.967858e+00
2.716258e+01	1.506365e+00	1.390664e-03	1.181372e+01
3.123697e+01	1.437486e+00	1.243959e-03	1.408548e+01
3.592252e+01	1.489152e+00	1.082950e-03	1.689151e+01
4.131089e+01	1.379951e+00	9.748337e-04	2.038212e+01
4.750753e+01	1.276145e+00	8.571852e-04	2.474309e+01
5.463366e+01	1.176111e+00	7.573266e-04	3.019610e+01
6.282871e+01	1.079618e+00	6.755753e-04	3.704158e+01
7.225301e+01	9.877256e-01	5.857199e-04	4.566926e+01
8.309096e+01	9.014547e-01	5.213460e-04	5.657358e+01
9.555461e+01	8.202267e-01	4.578621e-04	7.039165e+01
1.098878e+02	7.425143e-01	4.056242e-04	8.798606e+01
1.263710e+02	6.706129e-01	3.584756e-04	1.104907e+02
1.453266e+02	6.076968e-01	3.141483e-04	1.392501e+02
1.671256e+02	5.508194e-01	2.796151e-04	1.759007e+02
1.921945e+02	4.981365e-01	2.469029e-04	2.226773e+02
2.210236e+02	4.495034e-01	2.197772e-04	2.824935e+02
2.541772e+02	4.048778e-01	1.915279e-04	3.591127e+02
2.923037e+02	3.641714e-01	1.709545e-04	4.573677e+02
3.361493e+02	3.272451e-01	1.495175e-04	5.834537e+02
3.865717e+02	2.933683e-01	1.315346e-04	7.454401e+02
4.445574e+02	2.628236e-01	1.168090e-04	9.537830e+02
5.112411e+02	2.356661e-01	1.012806e-04	1.221635e+03
5.879272e+02	2.115707e-01	9.031034e-05	1.565407e+03
6.761163e+02	1.898743e-01	7.869419e-05	2.006300e+03
7.775337e+02	1.704303e-01	6.870683e-05	2.571651e+03
8.941638e+02	1.530658e-01	6.022010e-05	3.296163e+03
1.028288e+03	1.375729e-01	5.263385e-05	4.223960e+03
1.182532e+03	1.237672e-01	4.644151e-05	5.410894e+03
1.359911e+03	1.114959e-01	0.000000e+00	6.927462e+03
1.563898e+03	1.006049e-01	0.000000e+00	8.862396e+03
1.798483e+03	9.093952e-02	0.000000e+00	1.132679e+04
2.068255e+03	8.237968e-02	0.000000e+00	1.445909e+04
2.378493e+03	7.482081e-02	0.000000e+00	1.843097e+04
2.735268e+03	6.814913e-02	0.000000e+00	2.345389e+04
3.145558e+03	6.226836e-02	0.000000e+00	2.978666e+04
3.617391e+03	5.710293e-02	0.000000e+00	3.774362e+04
4.160000e+03	5.257624e-02	0.000000e+00	4.770347e+04
4.784000e+03	4.861495e-02	0.000000e+00	6.011849e+04
5.501600e+03	4.516385e-02	0.000000e+00	7.552368e+04
6.326840e+03	4.217369e-02	0.000000e+00	9.454572e+04
7.275866e+03	3.959266e-02	0.000000e+00	1.179111e+05
8.367246e+03	3.737782e-02	0.000000e+00	1.464536e+05
9.622333e+03	3.549523e-02	0.000000e+00	1.811200e+05
