# Energy_MeV	dEdx_Elec_MeV_um	dEdx_Nucl_MeV_um	Range_um
1.000000e-05	2.285482e-03	3.282397e-02	4.974782e-03
1.150000e-05	2.471629e-03	3.616115e-02	5.334859e-03
1.322500e-05	2.671081e-03	3.958325e-02	5.720999e-03
1.520875e-05	2.884819e-03	4.344006e-02	6.135088e-03
1.749006e-05	3.113889e-03	4.767734e-02	6.579149e-03
2.011357e-05	3.359412e-03	5.218763e-02	7.055351e-03
2.313061e-05	3.622590e-03	5.722675e-02	7.566021e-03
2.660020e-05	3.904710e-03	6.248306e-02	8.113654e-03
3.059023e-05	4.207154e-03	6.827434e-02	8.700925e-03
3.517876e-05	4.531398e-03	7.449069e-02	9.330702e-03
4.045558e-05	4.879028e-03	8.102852e-02	1.000606e-02
4.652391e-05	5.251745e-03	8.827065e-02	1.073031e-02
5.350250e-05	5.651368e-03	9.584151e-02	1.150697e-02
6.152788e-05	6.079851e-03	1.039458e-01	1.233985e-02
7.075706e-05	6.539289e-03	1.125111e-01	1.323302e-02
8.137062e-05	7.031925e-03	1.217936e-01	1.419083e-02
9.357621e-05	7.560168e-03	1.316349e-01	1.521797e-02
1.076126e-04	8.126597e-03	1.424082e-01	1.631946e-02
1.237545e-04	8.733982e-03	1.531251e-01	1.750067e-02
1.423177e-04	9.385288e-03	1.646291e-01	1.876737e-02
1.636654e-04	1.008370e-02	1.768352e-01	2.012577e-02
1.882152e-04	1.083263e-02	1.895582e-01	2.158248e-02
2.164475e-04	1.163573e-02	2.034443e-01	2.314463e-02
2.489146e-04	1.249693e-02	2.170721e-01	2.481985e-02
2.862518e-04	1.342044e-02	2.319469e-01	2.661633e-02
3.291895e-04	1.441077e-02	2.464746e-01	2.854283e-02
3.785680e-04	1.547275e-02	2.614810e-01	3.060878e-02
4.353531e-04	1.661157e-02	2.772695e-01	3.282426e-02
5.006561e-04	1.783281e-02	2.926411e-01	3.520009e-02
5.757545e-04	1.914242e-02	3.093543e-01	3.774789e-02
6.621177e-04	2.054680e-02	3.239259e-01	4.048011e-02
7.614354e-04	2.205282e-02	3.397934e-01	4.341008e-02
8.756507e-04	2.366782e-02	3.561061e-01	4.655212e-02
1.006998e-03	2.539971e-02	3.715272e-01	4.992159e-02
1.158048e-03	2.725693e-02	3.878166e-01	5.353494e-02
1.331755e-03	2.924858e-02	4.013067e-01	5.740983e-02
1.531519e-03	3.138436e-02	4.157069e-01	6.156518e-02
1.761246e-03	3.367473e-02	4.298693e-01	6.602130e-02
2.025433e-03	3.613086e-02	4.428094e-01	7.079996e-02
2.329248e-03	3.876476e-02	4.560037e-01	7.592450e-02
2.678635e-03	4.158930e-02	4.670634e-01	8.141995e-02
3.080431e-03	4.461826e-02	4.779199e-01	8.731317e-02
3.542495e-03	4.786646e-02	4.877105e-01	9.363295e-02
4.073870e-03	5.134976e-02	4.959577e-01	1.003716e-01
4.684950e-03	5.508517e-02	5.040618e-01	1.076588e-01
5.387693e-03	5.909095e-02	5.106674e-01	1.154752e-01
6.195847e-03	6.338666e-02	5.163820e-01	1.238322e-01
7.125224e-03	6.799330e-02	5.209774e-01	1.327952e-01
8.194007e-03	7.293335e-02	5.248027e-01	1.424069e-01
9.423108e-03	7.823097e-02	5.276447e-01	1.527142e-01
1.083657e-02	8.391203e-02	5.300780e-01	1.637675e-01
1.246206e-02	9.000429e-02	5.303264e-01	1.756208e-01
1.433137e-02	9.653750e-02	5.298705e-01	1.883321e-01
1.648108e-02	1.035436e-01	5.282124e-01	2.019636e-01
1.895324e-02	1.110568e-01	5.253672e-01	2.165816e-01
2.179622e-02	1.191138e-01	5.216486e-01	2.322576e-01
2.506566e-02	1.277539e-01	5.160760e-01	2.490683e-01
2.882550e-02	1.370194e-01	5.094589e-01	2.670958e-01
3.314933e-02	1.469556e-01	5.013445e-01	2.864282e-01
3.812173e-02	1.576110e-01	4.920352e-01	3.071598e-01
4.383999e-02	1.690376e-01	4.813046e-01	3.293919e-01
5.041599e-02	1.812912e-01	4.694606e-01	3.532333e-01
5.797838e-02	1.944318e-01	4.561510e-01	3.788004e-01
6.667514e-02	2.085235e-01	4.426770e-01	4.062180e-01
7.667641e-02	2.236352e-01	4.276079e-01	4.356200e-01
8.817787e-02	2.398406e-01	4.113208e-01	4.671501e-01
1.014046e-01	2.572190e-01	3.946793e-01	5.009625e-01
1.166152e-01	2.758553e-01	3.767778e-01	5.372223e-01
1.341075e-01	2.958405e-01	3.601257e-01	5.761066e-01
1.542237e-01	3.172722e-01	3.420624e-01	6.178051e-01
1.773572e-01	3.402551e-01	3.234903e-01	6.625219e-01
2.039608e-01	3.649016e-01	3.052939e-01	7.104755e-01
2.345549e-01	3.913320e-01	2.863921e-01	7.618999e-01
2.697381e-01	4.196754e-01	2.688515e-01	8.170469e-01
3.101989e-01	4.500703e-01	2.511509e-01	8.761830e-01
3.567287e-01	4.826653e-01	2.339521e-01	9.396046e-01
4.102380e-01	5.176199e-01	2.180965e-01	1.007615e+00
4.717737e-01	5.551064e-01	2.018914e-01	1.080989e+00
5.425397e-01	5.953062e-01	1.868277e-01	1.160460e+00
6.239207e-01	6.384157e-01	1.727405e-01	1.246551e+00
7.175088e-01	6.846455e-01	1.592961e-01	1.339907e+00
8.251351e-01	7.342215e-01	1.464027e-01	1.441252e+00
9.489054e-01	7.873859e-01	1.352934e-01	1.551421e+00
1.091241e+00	8.366054e-01	1.243649e-01	1.671393e+00
1.254927e+00	8.891938e-01	1.158846e-01	1.802329e+00
1.443166e+00	9.700726e-01	1.061322e-01	1.857073e+00
1.659641e+00	1.060575e+00	9.491699e-02	1.885016e+00
1.908588e+00	1.160363e+00	8.510500e-02	1.911020e+00
2.194876e+00	1.268665e+00	7.530610e-02	1.935754e+00
2.524107e+00	1.389873e+00	6.842795e-02	1.960158e+00
2.902723e+00	1.519741e+00	6.121522e-02	1.985451e+00
3.338132e+00	1.662434e+00	5.543597e-02	2.013108e+00
3.838852e+00	1.817566e+00	5.006137e-02	2.044929e+00
4.414679e+00	1.966859e+00	4.485888e-02	2.083067e+00
5.076881e+00	2.128526e+00	4.052462e-02	2.130056e+00
5.838413e+00	2.301989e+00	3.605104e-02	2.188838e+00
6.714175e+00	2.474713e+00	3.278805e-02	2.262776e+00
7.721302e+00	2.644834e+00	2.942069e-02	2.355658e+00
8.879497e+00	2.792508e+00	2.625583e-02	2.471731e+00
1.021142e+01	2.942578e+00	2.345565e-02	2.615694e+00
1.174313e+01	3.070007e+00	2.078528e-02	2.792698e+00
1.350460e+01	3.195361e+00	1.877096e-02	3.008406e+00
1.553030e+01	3.321660e+00	1.674700e-02	3.269091e+00
1.785984e+01	3.422111e+00	1.489197e-02	3.581848e+00
2.053882e+01	3.520738e+00	1.324009e-02	3.954877e+00
2.361964e+01	3.597630e+00	1.169135e-02	4.397916e+00
2.716258e+01	3.660302e+00	1.042073e-02	4.922797e+00
3.123697e+01	3.715303e+00	9.243638e-03	5.544120e+00
3.592252e+01	3.735345e+00	8.191839e-03	6.280073e+00
4.131089e+01	3.742874e+00	7.321236e-03	7.153443e+00
4.750753e+01	3.719821e+00	6.488011e-03	8.192843e+00
5.463366e+01	3.688727e+00	5.761797e-03	9.434231e+00
6.282871e+01	3.649956e+00	5.137231e-03	1.092289e+01
7.225301e+01	3.581257e+00	4.566758e-03	1.271585e+01
8.309096e+01	4.107839e+00	4.060072e-03	1.488445e+01
9.555461e+01	3.869838e+00	3.605959e-03	1.751939e+01
1.098878e+02	3.649355e+00	3.142379e-03	2.074676e+01
1.263710e+02	3.428046e+00	2.818761e-03	2.470379e+01
1.453266e+02	3.208524e+00	2.490159e-03	2.957148e+01
1.671256e+02	2.990382e+00	2.208778e-03	3.558781e+01
1.921945e+02	2.778552e+00	1.959052e-03	4.305757e+01
2.210236e+02	2.574720e+00	1.703627e-03	5.236251e+01
2.541772e+02	2.375720e+00	1.516810e-03	6.400686e+01
2.923037e+02	2.184165e+00	1.324371e-03	7.867754e+01
3.361493e+02	2.004771e+00	1.175259e-03	9.722658e+01
3.865717e+02	1.847837e+00	1.042352e-03	1.206303e+02
4.445574e+02	1.698451e+00	9.154576e-04	1.501724e+02
5.112411e+02	1.556105e+00	8.138699e-04	1.875944e+02
5.879272e+02	1.421320e+00	7.109775e-04	2.351483e+02
6.761163e+02	1.294540e+00	6.374158e-04	2.957484e+02
7.775337e+02	1.176322e+00	5.632489e-04	3.731336e+02
8.941638e+02	1.066097e+00	4.950104e-04	4.721392e+02
1.028288e+03	9.635061e-01	4.348392e-04	5.991089e+02
1.182532e+03	8.692765e-01	3.800012e-04	7.621631e+02
1.359911e+03	7.847829e-01	3.386625e-04	9.714429e+02
1.563898e+03	7.076699e-01	2.981352e-04	1.239795e+03
1.798483e+03	6.375617e-01	2.616110e-04	1.583972e+03
2.068255e+03	5.743635e-01	2.290012e-04	2.025321e+03
2.378493e+03	5.174910e-01	1.996218e-04	2.591011e+03
2.735268e+03	4.662092e-01	1.753252e-04	3.315497e+03
3.145558e+03	4.202109e-01	1.535686e-04	4.242307e+03
3.617391e+03	3.792966e-01	1.341702e-04	5.426303e+03
4.160000e+03	3.428668e-01	1.184259e-04	6.936346e+03
4.784000e+03	3.103954e-01	1.036579e-04	8.858428e+03
5.501600e+03	2.816422e-01	9.068949e-05	1.129946e+04
6.326840e+03	2.562569e-01	7.998517e-05	1.439156e+04
7.275866e+03	2.338107e-01	7.013172e-05	1.829704e+04
8.367246e+03	2.140431e-01	6.150100e-05	2.321384e+04
9.622333e+03	1.967277e-01	5.393034e-05	2.938154e+04
