# Energy_MeV	dEdx_Elec_MeV_um	dEdx_Nucl_MeV_um	Range_um
1.000000e-05	2.799463e-03	2.520315e-02	4.906231e-03
1.150000e-05	3.027915e-03	2.751273e-02	5.261347e-03
1.322500e-05	3.272691e-03	2.994839e-02	5.642166e-03
1.520875e-05	3.534992e-03	3.263805e-02	6.050549e-03
1.749006e-05	3.816103e-03	3.546804e-02	6.488491e-03
2.011357e-05	4.117400e-03	3.852901e-02	6.958131e-03
2.313061e-05	4.440359e-03	4.168122e-02	7.461764e-03
2.660020e-05	4.786559e-03	4.519264e-02	8.001851e-03
3.059023e-05	5.157693e-03	4.891678e-02	8.581029e-03
3.517876e-05	5.555577e-03	5.275249e-02	9.202128e-03
4.045558e-05	5.982155e-03	5.705542e-02	9.868183e-03
4.652391e-05	6.439513e-03	6.118825e-02	1.058245e-02
5.350250e-05	6.929886e-03	6.589334e-02	1.134841e-02
6.152788e-05	7.455670e-03	7.074140e-02	1.216981e-02
7.075706e-05	8.019436e-03	7.567686e-02	1.305067e-02
8.137062e-05	8.623937e-03	8.120903e-02	1.399529e-02
9.357621e-05	9.272128e-03	8.654996e-02	1.500827e-02
1.076126e-04	9.967175e-03	9.227960e-02	1.609458e-02
1.237545e-04	1.071247e-02	9.800593e-02	1.725951e-02
1.423177e-04	1.151167e-02	1.039076e-01	1.850877e-02
1.636654e-04	1.236866e-02	1.101376e-01	1.984844e-02
1.882152e-04	1.328764e-02	1.161058e-01	2.128508e-02
2.164475e-04	1.427309e-02	1.221595e-01	2.282571e-02
2.489146e-04	1.532983e-02	1.281158e-01	2.447784e-02
2.862518e-04	1.646303e-02	1.346456e-01	2.624956e-02
3.291895e-04	1.767821e-02	1.404006e-01	2.814952e-02
3.785680e-04	1.898132e-02	1.466579e-01	3.018700e-02
4.353531e-04	2.037872e-02	1.523793e-01	3.237195e-02
5.006561e-04	2.187724e-02	1.578386e-01	3.471505e-02
5.757545e-04	2.348420e-02	1.637593e-01	3.722774e-02
6.621177e-04	2.520744e-02	1.685742e-01	3.992231e-02
7.614354e-04	2.705540e-02	1.737998e-01	4.281190e-02
8.756507e-04	2.903709e-02	1.785144e-01	4.591065e-02
1.006998e-03	3.116220e-02	1.828779e-01	4.923369e-02
1.158048e-03	3.344111e-02	1.869016e-01	5.279725e-02
1.331755e-03	3.588496e-02	1.903352e-01	5.661874e-02
1.531519e-03	3.850567e-02	1.936934e-01	6.071684e-02
1.761246e-03	4.131606e-02	1.964501e-01	6.509979e-02
2.025433e-03	4.432986e-02	1.989510e-01	6.982654e-02
2.329248e-03	4.756178e-02	2.008711e-01	7.487946e-02
2.678635e-03	5.102762e-02	2.026999e-01	8.029999e-02
3.080431e-03	5.474431e-02	2.040504e-01	8.611179e-02
3.542495e-03	5.873000e-02	2.048609e-01	9.234449e-02
4.073870e-03	6.300418e-02	2.056498e-01	9.902831e-02
4.684950e-03	6.758771e-02	2.054831e-01	1.061959e-01
5.387693e-03	7.250299e-02	2.052419e-01	1.138823e-01
6.195847e-03	7.777404e-02	2.044076e-01	1.221250e-01
7.125224e-03	8.342660e-02	2.030385e-01	1.309643e-01
8.194007e-03	8.948829e-02	2.014089e-01	1.404435e-01
9.423108e-03	9.598872e-02	1.990271e-01	1.506088e-01
1.083657e-02	1.029597e-01	1.962438e-01	1.615098e-01
1.246206e-02	1.104351e-01	1.929072e-01	1.731998e-01
1.433137e-02	1.184517e-01	1.890726e-01	1.857359e-01
1.648108e-02	1.270485e-01	1.847197e-01	1.991795e-01
1.895324e-02	1.362675e-01	1.799282e-01	2.135961e-01
2.179622e-02	1.461539e-01	1.748166e-01	2.290562e-01
2.506566e-02	1.567557e-01	1.692823e-01	2.456352e-01
2.882550e-02	1.681250e-01	1.630648e-01	2.634143e-01
3.314933e-02	1.803171e-01	1.569884e-01	2.824803e-01
3.812173e-02	1.933918e-01	1.501875e-01	3.029263e-01
4.383999e-02	2.074128e-01	1.436563e-01	3.248520e-01
5.041599e-02	2.224486e-01	1.368745e-01	3.483648e-01
5.797838e-02	2.385727e-01	1.294299e-01	3.735796e-01
6.667514e-02	2.558639e-01	1.227980e-01	4.006194e-01
7.667641e-02	2.744066e-01	1.154006e-01	4.296163e-01
8.817787e-02	2.942915e-01	1.084364e-01	4.607119e-01
1.014046e-01	3.156156e-01	1.014844e-01	4.940583e-01
1.166152e-01	3.384832e-01	9.468644e-02	5.298181e-01
1.341075e-01	3.630060e-01	8.841785e-02	5.681695e-01
1.542237e-01	3.893037e-01	8.193215e-02	6.092812e-01
1.773572e-01	4.175070e-01	7.607873e-02	6.534834e-01
2.039608e-01	4.477524e-01	7.028533e-02	7.013230e-01
2.345549e-01	4.801870e-01	6.512471e-02	7.531302e-01
2.697381e-01	5.149692e-01	5.968558e-02	8.092881e-01
3.101989e-01	5.522690e-01	5.502478e-02	8.702167e-01
3.567287e-01	5.922686e-01	5.121888e-02	9.364060e-01
4.102380e-01	6.334635e-01	4.684209e-02	9.767259e-01
4.717737e-01	6.729769e-01	4.330369e-02	1.011216e+00
5.425397e-01	7.278839e-01	3.927251e-02	1.044986e+00
6.239207e-01	7.986945e-01	3.529177e-02	1.078041e+00
7.175088e-01	8.728890e-01	3.182449e-02	1.110492e+00
8.251351e-01	9.546803e-01	2.807891e-02	1.142576e+00
9.489054e-01	1.040610e+00	2.550777e-02	1.174686e+00
1.091241e+00	1.130719e+00	2.290403e-02	1.207405e+00
1.254927e+00	1.228828e+00	2.073190e-02	1.241536e+00
1.443166e+00	1.318977e+00	1.866271e-02	1.278133e+00
1.659641e+00	1.409382e+00	1.669848e-02	1.318535e+00
1.908588e+00	1.486019e+00	1.506999e-02	1.364422e+00
2.194876e+00	1.567431e+00	1.354107e-02	1.417819e+00
2.524107e+00	1.656370e+00	1.222739e-02	1.481145e+00
2.902723e+00	1.722887e+00	1.084272e-02	1.557242e+00
3.338132e+00	1.788441e+00	9.815325e-03	1.649404e+00
3.838852e+00	1.845757e+00	8.691241e-03	1.761409e+00
4.414679e+00	1.891793e+00	7.798224e-03	1.897553e+00
5.076881e+00	1.935777e+00	6.990228e-03	2.062706e+00
5.838413e+00	1.969576e+00	6.157583e-03	2.262412e+00
6.714175e+00	1.998546e+00	5.560800e-03	2.503042e+00
7.721302e+00	2.019012e+00	4.898224e-03	2.792050e+00
8.879497e+00	2.026152e+00	4.356058e-03	3.138337e+00
1.021142e+01	2.027768e+00	3.865845e-03	3.552740e+00
1.174313e+01	2.016219e+00	3.423877e-03	4.048674e+00
1.350460e+01	1.996292e+00	3.058079e-03	4.642935e+00
1.553030e+01	1.966544e+00	2.702989e-03	5.356711e+00
1.785984e+01	1.924896e+00	2.414823e-03	6.216853e+00
2.053882e+01	1.875793e+00	2.143434e-03	7.257477e+00
2.361964e+01	1.819540e+00	1.918023e-03	8.522033e+00
2.716258e+01	1.755731e+00	1.688759e-03	1.006575e+01
3.123697e+01	1.683070e+00	1.503747e-03	1.195966e+01
3.592252e+01	1.773050e+00	1.338869e-03	1.429157e+01
4.131089e+01	1.647516e+00	1.166606e-03	1.718348e+01
4.750753e+01	1.527653e+00	1.051630e-03	2.078585e+01
5.463366e+01	1.411569e+00	9.194083e-04	2.527736e+01
6.282871e+01	1.299086e+00	8.185995e-04	3.090063e+01
7.225301e+01	1.191496e+00	7.267215e-04	3.797030e+01
8.309096e+01	1.090089e+00	6.307862e-04	4.688522e+01
9.555461e+01	9.941943e-01	5.610253e-04	5.815918e+01
1.098878e+02	9.021082e-01	4.919393e-04	7.248831e+01
1.263710e+02	8.165600e-01	4.375010e-04	9.078825e+01
1.453266e+02	7.414476e-01	3.860966e-04	1.141437e+02
1.671256e+02	6.733632e-01	3.390511e-04	1.438734e+02
1.921945e+02	6.100396e-01	3.007446e-04	1.817817e+02
2.210236e+02	5.513521e-01	2.660201e-04	2.302229e+02
2.541772e+02	4.973097e-01	2.364754e-04	2.922397e+02
2.923037e+02	4.478495e-01	2.059482e-04	3.717414e+02
3.361493e+02	4.028528e-01	1.842891e-04	4.737411e+02
3.865717e+02	3.614633e-01	1.601966e-04	6.047703e+02
4.445574e+02	3.240621e-01	1.420882e-04	7.732960e+02
5.112411e+02	2.907460e-01	1.255385e-04	9.899709e+02
5.879272e+02	2.611446e-01	1.088437e-04	1.268087e+03
6.761163e+02	2.344432e-01	9.730610e-05	1.624812e+03
7.775337e+02	2.104841e-01	8.425097e-05	2.082283e+03
8.941638e+02	1.890749e-01	7.404864e-05	2.668601e+03
1.028288e+03	1.699596e-01	6.479650e-05	3.419493e+03
1.182532e+03	1.529129e-01	5.659795e-05	4.380177e+03
1.359911e+03	1.377563e-01	4.988873e-05	5.607723e+03
1.563898e+03	1.243041e-01	4.346034e-05	7.173967e+03
1.798483e+03	1.123642e-01	0.000000e+00	9.168841e+03
2.068255e+03	1.017890e-01	0.000000e+00	1.170444e+04
2.378493e+03	9.245095e-02	0.000000e+00	1.491974e+04
2.735268e+03	8.420927e-02	0.000000e+00	1.898597e+04
3.145558e+03	7.694502e-02	0.000000e+00	2.411266e+04
3.617391e+03	7.056577e-02	0.000000e+00	3.055437e+04
4.160000e+03	6.497531e-02	0.000000e+00	3.861775e+04
4.784000e+03	6.008054e-02	0.000000e+00	4.866908e+04
5.501600e+03	5.581470e-02	0.000000e+00	6.114164e+04
6.326840e+03	5.211868e-02	0.000000e+00	7.654301e+04
7.275866e+03	4.892795e-02	0.000000e+00	9.546164e+04
8.367246e+03	4.618942e-02	0.000000e+00	1.185729e+05
9.622333e+03	4.386196e-02	0.000000e+00	1.466437e+05
