# Energy_MeV	dEdx_Elec_MeV_um	dEdx_Nucl_MeV_um	Range_um
1.000000e-05	2.434338e-03	3.176635e-02	4.837400e-03
1.150000e-05	2.633395e-03	3.488209e-02	5.187534e-03
1.322500e-05	2.846670e-03	3.825864e-02	5.563010e-03
1.520875e-05	3.075208e-03	4.188071e-02	5.965664e-03
1.749006e-05	3.320130e-03	4.592257e-02	6.397462e-03
2.011357e-05	3.582635e-03	5.014548e-02	6.860514e-03
2.313061e-05	3.864008e-03	5.479050e-02	7.357081e-03
2.660020e-05	4.165627e-03	5.974793e-02	7.889591e-03
3.059023e-05	4.488965e-03	6.501749e-02	8.460644e-03
3.517876e-05	4.835605e-03	7.081510e-02	9.073029e-03
4.045558e-05	5.207241e-03	7.689614e-02	9.729740e-03
4.652391e-05	5.605689e-03	8.336551e-02	1.043398e-02
5.350250e-05	6.032898e-03	9.024112e-02	1.118920e-02
6.152788e-05	6.490955e-03	9.775438e-02	1.199908e-02
7.075706e-05	6.982098e-03	1.055598e-01	1.286758e-02
8.137062e-05	7.508728e-03	1.142048e-01	1.379894e-02
9.357621e-05	8.073417e-03	1.227597e-01	1.479772e-02
1.076126e-04	8.678926e-03	1.319881e-01	1.586879e-02
1.237545e-04	9.328211e-03	1.418865e-01	1.701738e-02
1.423177e-04	1.002445e-02	1.519514e-01	1.824910e-02
1.636654e-04	1.077103e-02	1.630888e-01	1.956998e-02
1.882152e-04	1.157162e-02	1.740079e-01	2.098647e-02
2.164475e-04	1.243011e-02	1.858648e-01	2.250548e-02
2.489146e-04	1.335071e-02	1.975786e-01	2.413444e-02
2.862518e-04	1.433791e-02	2.095454e-01	2.588130e-02
3.291895e-04	1.539654e-02	2.222206e-01	2.775460e-02
3.785680e-04	1.653176e-02	2.344741e-01	2.976350e-02
4.353531e-04	1.774913e-02	2.476402e-01	3.191780e-02
5.006561e-04	1.905459e-02	2.594353e-01	3.422802e-02
5.757545e-04	2.045451e-02	2.723256e-01	3.670546e-02
6.621177e-04	2.195574e-02	2.851451e-01	3.936223e-02
7.614354e-04	2.356561e-02	2.974882e-01	4.221128e-02
8.756507e-04	2.529199e-02	3.104521e-01	4.526656e-02
1.006998e-03	2.714331e-02	3.212416e-01	4.854298e-02
1.158048e-03	2.912861e-02	3.329865e-01	5.205654e-02
1.331755e-03	3.125759e-02	3.440589e-01	5.582442e-02
1.531519e-03	3.354066e-02	3.544023e-01	5.986502e-02
1.761246e-03	3.598897e-02	3.649683e-01	6.419809e-02
2.025433e-03	3.861447e-02	3.738198e-01	6.884478e-02
2.329248e-03	4.143000e-02	3.824904e-01	7.382780e-02
2.678635e-03	4.444931e-02	3.901603e-01	7.917149e-02
3.080431e-03	4.768715e-02	3.968641e-01	8.489868e-02
3.542495e-03	5.115933e-02	4.032945e-01	9.103424e-02
4.073870e-03	5.488283e-02	4.085710e-01	9.764070e-02
4.684950e-03	5.887583e-02	4.130762e-01	1.047061e-01
5.387693e-03	6.315783e-02	4.167344e-01	1.122854e-01
6.195847e-03	6.774977e-02	4.199216e-01	1.204124e-01
7.125224e-03	7.267406e-02	4.220102e-01	1.291277e-01
8.194007e-03	7.795478e-02	4.239271e-01	1.384739e-01
9.423108e-03	8.361770e-02	4.241024e-01	1.484965e-01
1.083657e-02	8.969051e-02	4.237063e-01	1.592446e-01
1.246206e-02	9.620287e-02	4.224543e-01	1.707706e-01
1.433137e-02	1.031866e-01	4.200490e-01	1.831310e-01
1.648108e-02	1.106758e-01	4.170442e-01	1.963859e-01
1.895324e-02	1.187071e-01	4.125713e-01	2.106002e-01
2.179622e-02	1.273196e-01	4.072279e-01	2.258433e-01
2.506566e-02	1.365556e-01	4.007243e-01	2.421899e-01
2.882550e-02	1.464600e-01	3.932486e-01	2.597196e-01
3.314933e-02	1.570814e-01	3.846131e-01	2.785180e-01
3.812173e-02	1.684715e-01	3.751408e-01	2.986770e-01
4.383999e-02	1.806860e-01	3.645574e-01	3.202952e-01
5.041599e-02	1.937847e-01	3.537047e-01	3.434783e-01
5.797838e-02	2.078314e-01	3.415208e-01	3.683393e-01
6.667514e-02	2.228948e-01	3.286199e-01	3.949997e-01
7.667641e-02	2.390485e-01	3.152731e-01	4.235897e-01
8.817787e-02	2.563715e-01	3.010254e-01	4.542492e-01
1.014046e-01	2.749482e-01	2.876832e-01	4.871279e-01
1.166152e-01	2.948696e-01	2.730096e-01	5.223863e-01
1.341075e-01	3.162329e-01	2.583922e-01	5.601966e-01
1.542237e-01	3.391424e-01	2.438201e-01	6.007437e-01
1.773572e-01	3.637102e-01	2.286951e-01	6.442257e-01
2.039608e-01	3.900562e-01	2.146368e-01	6.908554e-01
2.345549e-01	4.183092e-01	2.004818e-01	7.408581e-01
2.697381e-01	4.486071e-01	1.869270e-01	7.944868e-01
3.101989e-01	4.810980e-01	1.740890e-01	8.519775e-01
3.567287e-01	5.159431e-01	1.611829e-01	9.139207e-01
4.102380e-01	5.533104e-01	1.491177e-01	9.810044e-01
4.717737e-01	5.933822e-01	1.379595e-01	1.053663e+00
5.425397e-01	6.363545e-01	1.272076e-01	1.132441e+00
6.239207e-01	6.824372e-01	1.166486e-01	1.217942e+00
7.175088e-01	7.318555e-01	1.081940e-01	1.310864e+00
8.251351e-01	7.794823e-01	9.942450e-02	1.412019e+00
9.489054e-01	8.275500e-01	9.238969e-02	1.498781e+00
1.091241e+00	9.002842e-01	8.454277e-02	1.530753e+00
1.254927e+00	9.857809e-01	7.551880e-02	1.560892e+00
1.443166e+00	1.078886e+00	6.802918e-02	1.589498e+00
1.659641e+00	1.180876e+00	6.005884e-02	1.617092e+00
1.908588e+00	1.293918e+00	5.461149e-02	1.644397e+00
2.194876e+00	1.414002e+00	4.893363e-02	1.672346e+00
2.524107e+00	1.546675e+00	4.421665e-02	1.702134e+00
2.902723e+00	1.686222e+00	3.995173e-02	1.735247e+00
3.338132e+00	1.821984e+00	3.572146e-02	1.773498e+00
3.838852e+00	1.961892e+00	3.234080e-02	1.819052e+00
4.414679e+00	2.109049e+00	2.882294e-02	1.874459e+00
5.076881e+00	2.261206e+00	2.618579e-02	1.942654e+00
5.838413e+00	2.399228e+00	2.342777e-02	2.027008e+00
6.714175e+00	2.525021e+00	2.096896e-02	2.131328e+00
7.721302e+00	2.651567e+00	1.873443e-02	2.259852e+00
8.879497e+00	2.750618e+00	1.660295e-02	2.417288e+00
1.021142e+01	2.852334e+00	1.499588e-02	2.608837e+00
1.174313e+01	2.948376e+00	1.333302e-02	2.840310e+00
1.350460e+01	3.028494e+00	1.189370e-02	3.118276e+00
1.553030e+01	3.105580e+00	1.057581e-02	3.450337e+00
1.785984e+01	3.156633e+00	9.330868e-03	3.845515e+00
2.053882e+01	3.200408e+00	8.314907e-03	4.314754e+00
2.361964e+01	3.230579e+00	7.373067e-03	4.871548e+00
2.716258e+01	3.237762e+00	6.550390e-03	5.532721e+00
3.123697e+01	3.233777e+00	5.841356e-03	6.319365e+00
3.592252e+01	3.200422e+00	5.177977e-03	7.258022e+00
4.131089e+01	3.159959e+00	4.597364e-03	8.382129e+00
4.750753e+01	3.111174e+00	4.102886e-03	9.733914e+00
5.463366e+01	3.042179e+00	3.647509e-03	1.136658e+01
6.282871e+01	3.485057e+00	3.229469e-03	1.334760e+01
7.225301e+01	3.266957e+00	2.880243e-03	1.576072e+01
8.309096e+01	3.070486e+00	2.502838e-03	1.872421e+01
9.555461e+01	2.875384e+00	2.251812e-03	2.237169e+01
1.098878e+02	2.683202e+00	1.988591e-03	2.687180e+01
1.263710e+02	2.493080e+00	1.756633e-03	3.244962e+01
1.453266e+02	2.309030e+00	1.564828e-03	3.939528e+01
1.671256e+02	2.133017e+00	1.355674e-03	4.807256e+01
1.921945e+02	1.962576e+00	1.210372e-03	5.895685e+01
2.210236e+02	1.798387e+00	1.057656e-03	7.269715e+01
2.541772e+02	1.643393e+00	9.371263e-04	9.011886e+01
2.923037e+02	1.509341e+00	8.317297e-04	1.121732e+02
3.361493e+02	1.383005e+00	7.283860e-04	1.400727e+02
3.865717e+02	1.263341e+00	6.494437e-04	1.754770e+02
4.445574e+02	1.150571e+00	5.678056e-04	2.205375e+02
5.112411e+02	1.045087e+00	5.090955e-04	2.780398e+02
5.879272e+02	9.472249e-01	4.482138e-04	3.515598e+02
6.761163e+02	8.566341e-01	3.953614e-04	4.457066e+02
7.775337e+02	7.725011e-01	3.473796e-04	5.665200e+02
8.941638e+02	6.956171e-01	3.035474e-04	7.217734e+02
1.028288e+03	6.267573e-01	2.705842e-04	9.211957e+02
1.182532e+03	5.644582e-01	2.372145e-04	1.177028e+03
1.359911e+03	5.079171e-01	2.089468e-04	1.505201e+03
1.563898e+03	4.570083e-01	1.829440e-04	1.926096e+03
1.798483e+03	4.113246e-01	1.592961e-04	2.465623e+03
2.068255e+03	3.702839e-01	1.398751e-04	3.156665e+03
2.378493e+03	3.335181e-01	1.224712e-04	4.040792e+03
2.735268e+03	3.008159e-01	1.073163e-04	5.170415e+03
3.145558e+03	2.717493e-01	9.446975e-05	6.611391e+03
3.617391e+03	2.458758e-01	8.272007e-05	8.446036e+03
4.160000e+03	2.229558e-01	7.235602e-05	1.077679e+04
4.784000e+03	2.027262e-01	6.387956e-05	1.373042e+04
5.501600e+03	1.848521e-01	5.596513e-05	1.746280e+04
6.326840e+03	1.691007e-01	4.888274e-05	2.216434e+04
7.275866e+03	1.552918e-01	0.000000e+00	2.806579e+04
8.367246e+03	1.431893e-01	0.000000e+00	3.544450e+04
9.622333e+03	1.325868e-01	0.000000e+00	4.463082e+04
