# Energy_MeV	dEdx_Elec_MeV_um	dEdx_Nucl_MeV_um	Range_um
1.000000e-05	2.036173e-03	3.234637e-02	5.779630e-03
1.150000e-05	2.198916e-03	3.563312e-02	6.197963e-03
1.322500e-05	2.373335e-03	3.907746e-02	6.646575e-03
1.520875e-05	2.560284e-03	4.288400e-02	7.127657e-03
1.749006e-05	2.760679e-03	4.701580e-02	7.643561e-03
2.011357e-05	2.975499e-03	5.152194e-02	8.196806e-03
2.313061e-05	3.205795e-03	5.650910e-02	8.790095e-03
2.660020e-05	3.452693e-03	6.174464e-02	9.426326e-03
3.059023e-05	3.717400e-03	6.758006e-02	1.010861e-02
3.517876e-05	4.001210e-03	7.366401e-02	1.084028e-02
4.045558e-05	4.305510e-03	8.022165e-02	1.162490e-02
4.652391e-05	4.631787e-03	8.738432e-02	1.246632e-02
5.350250e-05	4.981636e-03	9.493490e-02	1.336864e-02
6.152788e-05	5.356766e-03	1.033130e-01	1.433626e-02
7.075706e-05	5.759009e-03	1.116086e-01	1.537393e-02
8.137062e-05	6.190333e-03	1.208015e-01	1.648670e-02
9.357621e-05	6.652842e-03	1.308714e-01	1.768002e-02
1.076126e-04	7.148799e-03	1.413083e-01	1.895971e-02
1.237545e-04	7.680624e-03	1.526438e-01	2.033202e-02
1.423177e-04	8.250918e-03	1.637911e-01	2.180367e-02
1.636654e-04	8.862465e-03	1.759653e-01	2.338183e-02
1.882152e-04	9.518255e-03	1.891072e-01	2.507422e-02
2.164475e-04	1.022149e-02	2.025646e-01	2.688910e-02
2.489146e-04	1.097561e-02	2.169329e-01	2.883535e-02
2.862518e-04	1.178429e-02	2.313416e-01	3.092247e-02
3.291895e-04	1.265148e-02	2.464501e-01	3.316065e-02
3.785680e-04	1.358144e-02	2.621269e-01	3.556084e-02
4.353531e-04	1.457868e-02	2.774496e-01	3.813475e-02
5.006561e-04	1.564810e-02	2.937698e-01	4.089496e-02
5.757545e-04	1.679490e-02	3.099872e-01	4.385496e-02
6.621177e-04	1.802470e-02	3.259533e-01	4.702921e-02
7.614354e-04	1.934351e-02	3.420560e-01	5.043320e-02
8.756507e-04	2.075776e-02	3.581858e-01	5.408359e-02
1.006998e-03	2.227436e-02	3.744170e-01	5.799818e-02
1.158048e-03	2.390073e-02	3.912795e-01	6.219612e-02
1.331755e-03	2.564481e-02	4.058468e-01	6.669791e-02
1.531519e-03	2.751512e-02	4.207299e-01	7.152554e-02
1.761246e-03	2.952079e-02	4.349420e-01	7.670260e-02
2.025433e-03	3.167163e-02	4.486953e-01	8.225437e-02
2.329248e-03	3.397814e-02	4.626626e-01	8.820799e-02
2.678635e-03	3.645160e-02	4.743630e-01	9.459253e-02
3.080431e-03	3.910408e-02	4.864583e-01	1.014392e-01
3.542495e-03	4.194854e-02	4.963054e-01	1.087814e-01
4.073870e-03	4.499888e-02	5.053635e-01	1.166551e-01
4.684950e-03	4.827000e-02	5.139738e-01	1.250986e-01
5.387693e-03	5.177788e-02	5.210970e-01	1.341288e-01
6.195847e-03	5.553967e-02	5.281203e-01	1.438679e-01
7.125224e-03	5.957372e-02	5.325985e-01	1.542787e-01
8.194007e-03	6.389977e-02	5.368226e-01	1.654470e-01
9.423108e-03	6.853893e-02	5.405363e-01	1.774214e-01
1.083657e-02	7.351387e-02	5.429256e-01	1.902630e-01
1.246206e-02	7.884890e-02	5.443967e-01	2.040341e-01
1.433137e-02	8.457008e-02	5.439822e-01	2.188020e-01
1.648108e-02	9.070535e-02	5.427672e-01	2.346387e-01
1.895324e-02	9.728470e-02	5.405781e-01	2.516217e-01
2.179622e-02	1.043403e-01	5.370178e-01	2.698339e-01
2.506566e-02	1.119065e-01	5.321556e-01	2.893644e-01
2.882550e-02	1.200204e-01	5.257685e-01	3.103085e-01
3.314933e-02	1.287216e-01	5.181013e-01	3.327685e-01
3.812173e-02	1.380526e-01	5.090842e-01	3.568541e-01
4.383999e-02	1.480589e-01	4.987037e-01	3.826832e-01
5.041599e-02	1.587896e-01	4.869400e-01	4.103818e-01
5.797838e-02	1.702969e-01	4.739888e-01	4.400852e-01
6.667514e-02	1.826371e-01	4.602452e-01	4.719385e-01
7.667641e-02	1.958705e-01	4.453191e-01	5.060973e-01
8.817787e-02	2.100617e-01	4.292236e-01	5.427286e-01
1.014046e-01	2.252801e-01	4.123715e-01	5.820115e-01
1.166152e-01	2.416001e-01	3.941517e-01	6.241376e-01
1.341075e-01	2.591012e-01	3.768804e-01	6.693126e-01
1.542237e-01	2.778692e-01	3.585906e-01	7.177574e-01
1.773572e-01	2.979955e-01	3.399362e-01	7.697089e-01
2.039608e-01	3.195786e-01	3.212766e-01	8.254207e-01
2.345549e-01	3.427239e-01	3.016181e-01	8.851648e-01
2.697381e-01	3.675445e-01	2.836357e-01	9.492330e-01
3.101989e-01	3.941616e-01	2.646094e-01	1.017939e+00
3.567287e-01	4.227052e-01	2.473305e-01	1.091617e+00
4.102380e-01	4.533149e-01	2.307114e-01	1.170634e+00
4.717737e-01	4.861401e-01	2.138219e-01	1.255339e+00
5.425397e-01	5.213424e-01	1.983485e-01	1.346411e+00
6.239207e-01	5.590932e-01	1.823746e-01	1.444977e+00
7.175088e-01	5.995765e-01	1.693174e-01	1.551717e+00
8.251351e-01	6.429899e-01	1.559831e-01	1.667421e+00
9.489054e-01	6.895456e-01	1.429011e-01	1.792955e+00
1.091241e+00	7.394711e-01	1.321544e-01	1.929327e+00
1.254927e+00	7.905140e-01	1.227538e-01	2.077706e+00
1.443166e+00	8.380537e-01	1.133251e-01	2.239471e+00
1.659641e+00	9.042756e-01	1.024820e-01	2.327700e+00
1.908588e+00	9.896936e-01	9.104798e-02	2.369426e+00
2.194876e+00	1.081914e+00	8.129592e-02	2.408524e+00
2.524107e+00	1.185040e+00	7.300294e-02	2.445669e+00
2.902723e+00	1.296917e+00	6.591853e-02	2.481906e+00
3.338132e+00	1.419013e+00	5.943445e-02	2.518594e+00
3.838852e+00	1.555295e+00	5.339409e-02	2.557431e+00
4.414679e+00	1.695765e+00	4.825316e-02	2.600528e+00
5.076881e+00	1.844463e+00	4.334751e-02	2.650451e+00
5.838413e+00	1.988825e+00	3.885493e-02	2.710259e+00
6.714175e+00	2.145160e+00	3.505882e-02	2.783548e+00
7.721302e+00	2.318151e+00	3.151698e-02	2.874484e+00
8.879497e+00	2.464476e+00	2.826053e-02	2.987791e+00
1.021142e+01	2.612616e+00	2.527571e-02	3.128836e+00
1.174313e+01	2.749724e+00	2.232389e-02	3.303588e+00
1.350460e+01	2.869194e+00	2.012891e-02	3.518643e+00
1.553030e+01	2.989315e+00	1.797375e-02	3.781275e+00
1.785984e+01	3.094707e+00	1.603811e-02	4.099524e+00
2.053882e+01	3.196057e+00	1.429700e-02	4.482431e+00
2.361964e+01	3.286779e+00	1.257796e-02	4.940350e+00
2.716258e+01	3.355408e+00	1.124765e-02	5.485450e+00
3.123697e+01	3.419255e+00	9.912098e-03	6.132393e+00
3.592252e+01	3.459430e+00	8.831960e-03	6.899167e+00
4.131089e+01	3.485997e+00	7.888321e-03	7.808121e+00
4.750753e+01	3.496287e+00	6.982311e-03	8.887217e+00
5.463366e+01	3.474313e+00	6.229103e-03	1.017156e+01
6.282871e+01	3.442106e+00	5.486588e-03	1.170532e+01
7.225301e+01	3.400575e+00	4.931778e-03	1.354416e+01
8.309096e+01	3.341826e+00	4.394298e-03	1.575805e+01
9.555461e+01	3.265275e+00	3.877698e-03	1.843621e+01
1.098878e+02	3.649698e+00	3.417238e-03	2.168702e+01
1.263710e+02	3.437482e+00	3.016223e-03	2.566255e+01
1.453266e+02	3.229288e+00	2.695039e-03	3.054689e+01
1.671256e+02	3.022137e+00	2.394082e-03	3.655352e+01
1.921945e+02	2.816598e+00	2.109111e-03	4.397460e+01
2.210236e+02	2.615815e+00	1.852412e-03	5.318731e+01
2.541772e+02	2.423131e+00	1.631934e-03	6.466603e+01
2.923037e+02	2.236734e+00	1.439022e-03	7.901931e+01
3.361493e+02	2.055130e+00	1.271522e-03	9.707456e+01
3.865717e+02	1.883066e+00	1.119369e-03	1.199177e+02
4.445574e+02	1.730140e+00	9.924471e-04	1.488184e+02
5.112411e+02	1.589530e+00	8.765719e-04	1.853132e+02
5.879272e+02	1.455853e+00	7.706015e-04	2.315246e+02
6.761163e+02	1.329230e+00	6.858214e-04	2.902285e+02
7.775337e+02	1.210267e+00	6.071848e-04	3.650186e+02
8.941638e+02	1.099242e+00	5.355293e-04	4.605201e+02
1.028288e+03	9.963143e-01	4.720205e-04	5.826766e+02
1.182532e+03	9.001323e-01	4.098244e-04	7.392528e+02
1.359911e+03	8.117660e-01	3.652507e-04	9.403359e+02
1.563898e+03	7.318196e-01	3.217813e-04	1.198633e+03
1.798483e+03	6.598073e-01	2.828976e-04	1.530022e+03
2.068255e+03	5.941994e-01	2.489700e-04	1.955039e+03
2.378493e+03	5.349275e-01	2.156835e-04	2.500183e+03
2.735268e+03	4.816753e-01	1.904907e-04	3.199101e+03
3.145558e+03	4.337699e-01	1.655255e-04	4.094561e+03
3.617391e+03	3.907104e-01	1.453779e-04	5.240684e+03
4.160000e+03	3.523207e-01	1.283732e-04	6.705745e+03
4.784000e+03	3.182052e-01	1.120235e-04	8.575646e+03
5.501600e+03	2.878085e-01	9.870045e-05	1.095789e+04
6.326840e+03	2.608180e-01	8.580712e-05	1.398645e+04
7.275866e+03	2.369850e-01	7.615868e-05	1.782736e+04
8.367246e+03	2.159275e-01	6.702203e-05	2.268518e+04
9.622333e+03	1.973396e-01	5.833196e-05	2.881026e+04
