# Energy_MeV	dEdx_Elec_MeV_um	dEdx_Nucl_MeV_um	Range_um
1.000000e-05	2.382362e-03	2.394912e-02	7.068650e-03
1.150000e-05	2.568967e-03	2.607631e-02	7.580282e-03
1.322500e-05	2.769003e-03	2.831889e-02	8.128947e-03
1.520875e-05	2.983448e-03	3.067805e-02	8.717325e-03
1.749006e-05	3.213352e-03	3.320999e-02	9.348289e-03
2.011357e-05	3.459838e-03	3.603540e-02	1.002492e-02
2.313061e-05	3.724112e-03	3.883479e-02	1.075053e-02
2.660020e-05	4.007463e-03	4.201559e-02	1.152866e-02
3.059023e-05	4.311279e-03	4.513964e-02	1.236311e-02
3.517876e-05	4.637042e-03	4.853260e-02	1.325796e-02
4.045558e-05	4.986345e-03	5.227315e-02	1.421758e-02
4.652391e-05	5.360895e-03	5.586141e-02	1.524666e-02
5.350250e-05	5.762521e-03	5.995445e-02	1.635022e-02
6.152788e-05	6.193186e-03	6.397733e-02	1.753365e-02
7.075706e-05	6.654995e-03	6.824821e-02	1.880275e-02
8.137062e-05	7.150203e-03	7.264696e-02	2.016370e-02
9.357621e-05	7.681229e-03	7.698760e-02	2.162316e-02
1.076126e-04	8.250669e-03	8.166644e-02	2.318826e-02
1.237545e-04	8.861304e-03	8.613233e-02	2.486664e-02
1.423177e-04	9.516117e-03	9.078008e-02	2.666650e-02
1.636654e-04	1.021831e-02	9.522098e-02	2.859663e-02
1.882152e-04	1.097131e-02	1.001100e-01	3.066647e-02
2.164475e-04	1.177879e-02	1.046197e-01	3.288613e-02
2.489146e-04	1.264471e-02	1.091334e-01	3.526644e-02
2.862518e-04	1.357329e-02	1.138511e-01	3.781904e-02
3.291895e-04	1.456906e-02	1.177896e-01	4.055641e-02
3.785680e-04	1.563690e-02	1.222959e-01	4.349190e-02
4.353531e-04	1.678202e-02	1.261382e-01	4.663987e-02
5.006561e-04	1.801002e-02	1.299084e-01	5.001569e-02
5.757545e-04	1.932689e-02	1.338134e-01	5.363585e-02
6.621177e-04	2.073906e-02	1.370497e-01	5.751804e-02
7.614354e-04	2.225344e-02	1.402302e-01	6.168122e-02
8.756507e-04	2.387743e-02	1.429013e-01	6.614574e-02
1.006998e-03	2.561895e-02	1.454534e-01	7.093341e-02
1.158048e-03	2.748651e-02	1.477797e-01	7.606761e-02
1.331755e-03	2.948925e-02	1.496998e-01	8.157342e-02
1.531519e-03	3.163694e-02	1.513111e-01	8.747775e-02
1.761246e-03	3.394008e-02	1.526313e-01	9.376331e-02
2.025433e-03	3.640991e-02	1.539177e-01	1.005838e-01
2.329248e-03	3.905851e-02	1.545313e-01	1.078838e-01
2.678635e-03	4.189881e-02	1.552052e-01	1.156920e-01
3.080431e-03	4.494468e-02	1.552693e-01	1.240656e-01
3.542495e-03	4.821102e-02	1.550970e-01	1.330454e-01
4.073870e-03	5.171377e-02	1.547131e-01	1.426751e-01
4.684950e-03	5.547005e-02	1.537288e-01	1.530018e-01
5.387693e-03	5.949821e-02	1.525951e-01	1.640759e-01
6.195847e-03	6.381792e-02	1.509676e-01	1.759517e-01
7.125224e-03	6.845029e-02	1.489728e-01	1.886870e-01
8.194007e-03	7.341796e-02	1.465903e-01	2.023440e-01
9.423108e-03	7.874519e-02	1.438336e-01	2.169895e-01
1.083657e-02	8.445800e-02	1.406376e-01	2.326952e-01
1.246206e-02	9.058430e-02	1.371726e-01	2.495376e-01
1.433137e-02	9.715403e-02	1.333547e-01	2.675991e-01
1.648108e-02	1.041993e-01	1.293228e-01	2.869678e-01
1.895324e-02	1.117545e-01	1.247523e-01	3.077385e-01
2.179622e-02	1.198565e-01	1.201380e-01	3.300126e-01
2.506566e-02	1.285450e-01	1.152335e-01	3.538990e-01
2.882550e-02	1.378623e-01	1.100615e-01	3.795142e-01
3.314933e-02	1.478540e-01	1.051702e-01	4.069833e-01
3.812173e-02	1.585690e-01	9.959833e-02	4.364408e-01
4.383999e-02	1.700594e-01	9.444608e-02	4.680305e-01
5.041599e-02	1.823816e-01	8.911042e-02	5.019067e-01
5.797838e-02	1.955957e-01	8.354368e-02	5.382347e-01
6.667514e-02	2.097662e-01	7.838604e-02	5.771920e-01
7.667641e-02	2.249623e-01	7.318933e-02	6.189694e-01
8.817787e-02	2.412584e-01	6.840041e-02	6.637707e-01
1.014046e-01	2.587340e-01	6.356376e-02	7.118145e-01
1.166152e-01	2.774744e-01	5.886692e-02	7.633361e-01
1.341075e-01	2.975714e-01	5.444766e-02	8.185854e-01
1.542237e-01	3.191229e-01	5.043254e-02	8.778341e-01
1.773572e-01	3.422348e-01	4.650858e-02	9.413918e-01
2.039608e-01	3.670208e-01	4.242679e-02	1.010018e+00
2.345549e-01	3.936008e-01	3.967906e-02	1.084345e+00
2.697381e-01	4.221046e-01	3.651917e-02	1.164876e+00
3.101989e-01	4.526715e-01	3.363638e-02	1.252211e+00
3.567287e-01	4.854492e-01	3.073058e-02	1.333082e+00
4.102380e-01	5.205963e-01	2.744553e-02	1.394403e+00
4.717737e-01	5.520967e-01	2.494260e-02	1.455660e+00
5.425397e-01	5.881044e-01	2.206422e-02	1.516638e+00
6.239207e-01	6.410555e-01	1.994215e-02	1.577220e+00
7.175088e-01	6.978152e-01	1.794769e-02	1.637427e+00
8.251351e-01	7.586197e-01	1.615728e-02	1.697471e+00
9.489054e-01	8.177758e-01	1.458725e-02	1.757786e+00
1.091241e+00	8.807938e-01	1.304684e-02	1.819110e+00
1.254927e+00	9.407259e-01	1.181038e-02	1.882548e+00
1.443166e+00	9.983985e-01	1.060045e-02	1.949605e+00
1.659641e+00	1.055111e+00	9.579618e-03	2.022281e+00
1.908588e+00	1.095052e+00	8.510234e-03	2.103126e+00
2.194876e+00	1.136800e+00	7.669852e-03	2.195321e+00
2.524107e+00	1.180322e+00	6.858655e-03	2.302750e+00
2.902723e+00	1.217197e+00	6.074255e-03	2.430072e+00
3.338132e+00	1.250764e+00	5.491145e-03	2.582800e+00
3.838852e+00	1.273493e+00	4.841452e-03	2.767400e+00
4.414679e+00	1.294530e+00	4.351102e-03	2.991368e+00
5.076881e+00	1.308412e+00	3.872937e-03	3.263369e+00
5.838413e+00	1.317872e+00	3.407570e-03	3.593423e+00
6.714175e+00	1.325087e+00	3.036963e-03	3.993190e+00
7.721302e+00	1.322005e+00	2.689510e-03	4.476409e+00
8.879497e+00	1.314971e+00	2.404127e-03	5.059544e+00
1.021142e+01	1.300744e+00	2.132922e-03	5.762679e+00
1.174313e+01	1.279939e+00	1.890999e-03	6.610709e+00
1.350460e+01	1.253979e+00	1.679250e-03	7.634887e+00
1.553030e+01	1.220789e+00	1.500942e-03	8.874814e+00
1.785984e+01	1.183261e+00	1.335501e-03	1.038097e+01
2.053882e+01	1.140989e+00	1.173395e-03	1.221798e+01
2.361964e+01	1.093852e+00	1.054402e-03	1.446867e+01
2.716258e+01	1.041057e+00	9.175599e-04	1.723943e+01
3.123697e+01	9.867806e-01	8.243945e-04	2.066709e+01
3.592252e+01	1.003861e+00	7.289688e-04	2.492524e+01
4.131089e+01	9.245786e-01	6.392439e-04	3.024116e+01
4.750753e+01	8.508674e-01	5.729344e-04	3.692253e+01
5.463366e+01	7.807475e-01	4.972490e-04	4.532321e+01
6.282871e+01	7.139608e-01	4.420600e-04	5.591508e+01
7.225301e+01	6.504543e-01	3.887407e-04	6.931465e+01
8.309096e+01	5.910362e-01	3.430344e-04	8.631476e+01
9.555461e+01	5.359291e-01	3.037006e-04	1.079210e+02
1.098878e+02	4.837910e-01	2.662112e-04	1.354665e+02
1.263710e+02	4.353690e-01	2.372087e-04	1.707499e+02
1.453266e+02	3.919020e-01	2.092644e-04	2.160005e+02
1.671256e+02	3.542016e-01	1.863439e-04	2.738268e+02
1.921945e+02	3.195409e-01	1.626087e-04	3.476755e+02
2.210236e+02	2.877618e-01	1.446810e-04	4.421395e+02
2.541772e+02	2.587334e-01	1.272928e-04	5.631389e+02
2.923037e+02	2.323396e-01	1.110895e-04	7.183030e+02
3.361493e+02	2.084952e-01	9.914509e-05	9.173890e+02
3.865717e+02	1.868357e-01	8.603849e-05	1.172996e+03
4.445574e+02	1.672229e-01	7.646828e-05	1.501583e+03
5.112411e+02	1.496473e-01	6.704601e-05	1.924103e+03
5.879272e+02	1.342641e-01	5.817071e-05	2.466657e+03
6.761163e+02	1.204455e-01	5.109151e-05	3.162402e+03
7.775337e+02	1.080602e-01	4.467025e-05	4.054500e+03
8.941638e+02	9.699901e-02	0.000000e+00	5.197841e+03
1.028288e+03	8.713110e-02	0.000000e+00	6.662304e+03
1.182532e+03	7.834287e-02	0.000000e+00	8.536493e+03
1.359911e+03	7.052796e-02	0.000000e+00	1.093237e+04
1.563898e+03	6.358870e-02	0.000000e+00	1.399107e+04
1.798483e+03	5.743067e-02	0.000000e+00	1.788975e+04
2.068255e+03	5.197119e-02	0.000000e+00	2.284959e+04
2.378493e+03	4.714468e-02	0.000000e+00	2.914548e+04
2.735268e+03	4.288399e-02	0.000000e+00	3.711700e+04
3.145558e+03	3.912475e-02	0.000000e+00	4.718097e+04
3.617391e+03	3.581665e-02	0.000000e+00	5.984539e+04
4.160000e+03	3.291471e-02	0.000000e+00	7.572447e+04
4.784000e+03	3.037456e-02	0.000000e+00	9.555450e+04
5.501600e+03	2.815820e-02	0.000000e+00	1.202102e+05
6.326840e+03	2.623379e-02	0.000000e+00	1.507204e+05
7.275866e+03	2.457004e-02	0.000000e+00	1.882838e+05
8.367246e+03	2.313841e-02	0.000000e+00	2.342814e+05
9.622333e+03	2.191615e-02	0.000000e+00	2.902888e+05
