# Energy_MeV	dEdx_Elec_MeV_um	dEdx_Nucl_MeV_um	Range_um
1.000000e-05	2.310973e-03	3.282174e-02	4.911990e-03
1.150000e-05	2.499530e-03	3.612585e-02	5.267523e-03
1.322500e-05	2.701562e-03	3.956273e-02	5.648789e-03
1.520875e-05	2.918058e-03	4.341572e-02	6.057651e-03
1.749006e-05	3.150079e-03	4.762996e-02	6.496107e-03
2.011357e-05	3.398763e-03	5.216037e-02	6.966299e-03
2.313061e-05	3.665325e-03	5.715475e-02	7.470523e-03
2.660020e-05	3.951071e-03	6.243470e-02	8.011244e-03
3.059023e-05	4.257397e-03	6.818922e-02	8.591102e-03
3.517876e-05	4.585802e-03	7.438457e-02	9.212930e-03
4.045558e-05	4.937890e-03	8.092729e-02	9.879767e-03
4.652391e-05	5.315384e-03	8.810518e-02	1.059487e-02
5.350250e-05	5.720128e-03	9.570993e-02	1.136173e-02
6.152788e-05	6.154100e-03	1.037139e-01	1.218410e-02
7.075706e-05	6.619421e-03	1.123170e-01	1.306599e-02
8.137062e-05	7.118365e-03	1.215806e-01	1.401172e-02
9.357621e-05	7.653369e-03	1.313326e-01	1.502589e-02
1.076126e-04	8.227047e-03	1.421347e-01	1.611347e-02
1.237545e-04	8.842204e-03	1.526697e-01	1.727977e-02
1.423177e-04	9.501843e-03	1.642237e-01	1.853049e-02
1.636654e-04	1.020919e-02	1.763801e-01	1.987174e-02
1.882152e-04	1.096770e-02	1.889579e-01	2.131007e-02
2.164475e-04	1.178107e-02	2.028199e-01	2.285250e-02
2.489146e-04	1.265329e-02	2.162852e-01	2.450658e-02
2.862518e-04	1.358860e-02	2.311118e-01	2.628038e-02
3.291895e-04	1.459159e-02	2.455461e-01	2.818256e-02
3.785680e-04	1.566716e-02	2.603198e-01	3.022243e-02
4.353531e-04	1.682055e-02	2.760490e-01	3.240995e-02
5.006561e-04	1.805740e-02	2.912449e-01	3.475580e-02
5.757545e-04	1.938375e-02	3.076431e-01	3.727144e-02
6.621177e-04	2.080609e-02	3.221863e-01	3.996917e-02
7.614354e-04	2.233136e-02	3.379144e-01	4.286216e-02
8.756507e-04	2.396701e-02	3.539057e-01	4.596454e-02
1.006998e-03	2.572104e-02	3.693906e-01	4.929148e-02
1.158048e-03	2.760201e-02	3.850895e-01	5.285923e-02
1.331755e-03	2.961911e-02	3.986344e-01	5.668520e-02
1.531519e-03	3.178220e-02	4.128323e-01	6.078811e-02
1.761246e-03	3.410185e-02	4.266442e-01	6.518798e-02
2.025433e-03	3.658938e-02	4.396362e-01	6.990633e-02
2.329248e-03	3.925695e-02	4.523229e-01	7.496618e-02
2.678635e-03	4.211760e-02	4.634282e-01	8.039227e-02
3.080431e-03	4.518528e-02	4.739201e-01	8.621111e-02
3.542495e-03	4.847501e-02	4.835340e-01	9.245112e-02
4.073870e-03	5.200283e-02	4.916700e-01	9.909169e-02
4.684950e-03	5.578600e-02	4.994311e-01	1.063051e-01
5.387693e-03	5.984298e-02	5.060628e-01	1.140171e-01
6.195847e-03	6.419361e-02	5.114183e-01	1.222695e-01
7.125224e-03	6.885913e-02	5.160303e-01	1.311190e-01
8.194007e-03	7.386234e-02	5.197235e-01	1.406094e-01
9.423108e-03	7.922769e-02	5.223441e-01	1.507866e-01
1.083657e-02	8.498137e-02	5.246718e-01	1.617003e-01
1.246206e-02	9.115150e-02	5.247110e-01	1.734041e-01
1.433137e-02	9.776823e-02	5.242360e-01	1.859550e-01
1.648108e-02	1.048639e-01	5.224729e-01	1.994144e-01
1.895324e-02	1.124731e-01	5.194781e-01	2.138478e-01
2.179622e-02	1.206331e-01	5.156503e-01	2.293260e-01
2.506566e-02	1.293837e-01	5.099963e-01	2.459246e-01
2.882550e-02	1.387677e-01	5.033151e-01	2.637246e-01
3.314933e-02	1.488309e-01	4.951462e-01	2.828129e-01
3.812173e-02	1.596224e-01	4.857966e-01	3.032828e-01
4.383999e-02	1.711951e-01	4.750238e-01	3.252343e-01
5.041599e-02	1.836054e-01	4.631955e-01	3.487748e-01
5.797838e-02	1.969140e-01	4.500187e-01	3.740192e-01
6.667514e-02	2.111858e-01	4.364865e-01	4.010906e-01
7.667641e-02	2.264906e-01	4.214475e-01	4.301215e-01
8.817787e-02	2.429032e-01	4.053473e-01	4.612537e-01
1.014046e-01	2.605038e-01	3.886337e-01	4.946394e-01
1.166152e-01	2.793783e-01	3.711698e-01	5.304415e-01
1.341075e-01	2.996190e-01	3.544471e-01	5.688348e-01
1.542237e-01	3.213246e-01	3.365317e-01	6.100071e-01
1.773572e-01	3.446014e-01	3.182899e-01	6.541596e-01
2.039608e-01	3.695629e-01	3.000173e-01	7.015080e-01
2.345549e-01	3.963312e-01	2.816415e-01	7.522832e-01
2.697381e-01	4.250369e-01	2.640261e-01	8.067339e-01
3.101989e-01	4.558204e-01	2.467387e-01	8.651249e-01
3.567287e-01	4.888320e-01	2.297662e-01	9.277393e-01
4.102380e-01	5.242339e-01	2.140209e-01	9.949252e-01
4.717737e-01	5.621997e-01	1.982764e-01	1.067502e+00
5.425397e-01	6.029134e-01	1.831494e-01	1.146107e+00
6.239207e-01	6.465741e-01	1.695996e-01	1.231280e+00
7.175088e-01	6.933949e-01	1.561548e-01	1.323654e+00
8.251351e-01	7.436047e-01	1.433955e-01	1.423957e+00
9.489054e-01	7.974488e-01	1.328028e-01	1.533024e+00
1.091241e+00	8.455117e-01	1.222064e-01	1.651839e+00
1.254927e+00	9.030623e-01	1.136866e-01	1.781572e+00
1.443166e+00	9.860185e-01	1.038890e-01	1.815606e+00
1.659641e+00	1.077683e+00	9.262163e-02	1.842462e+00
1.908588e+00	1.180038e+00	8.323644e-02	1.867538e+00
2.194876e+00	1.289598e+00	7.370959e-02	1.891512e+00
2.524107e+00	1.412140e+00	6.698782e-02	1.915368e+00
2.902723e+00	1.545349e+00	5.999835e-02	1.940329e+00
3.338132e+00	1.689034e+00	5.419481e-02	1.967890e+00
3.838852e+00	1.848157e+00	4.901168e-02	1.999865e+00
4.414679e+00	1.994929e+00	4.387157e-02	2.038421e+00
5.076881e+00	2.158271e+00	3.964199e-02	2.086097e+00
5.838413e+00	2.336197e+00	3.535114e-02	2.145832e+00
6.714175e+00	2.503886e+00	3.207534e-02	2.220988e+00
7.721302e+00	2.676470e+00	2.877270e-02	2.315326e+00
8.879497e+00	2.820131e+00	2.570500e-02	2.433078e+00
1.021142e+01	2.964432e+00	2.289404e-02	2.578898e+00
1.174313e+01	3.095140e+00	2.036922e-02	2.757893e+00
1.350460e+01	3.217022e+00	1.834719e-02	2.975688e+00
1.553030e+01	3.342199e+00	1.636960e-02	3.238518e+00
1.785984e+01	3.441136e+00	1.457342e-02	3.553478e+00
2.053882e+01	3.533927e+00	1.291522e-02	3.928799e+00
2.361964e+01	3.612797e+00	1.144300e-02	4.374300e+00
2.716258e+01	3.669736e+00	1.016725e-02	4.901957e+00
3.123697e+01	3.719753e+00	9.036235e-03	5.526570e+00
3.592252e+01	3.739057e+00	8.009493e-03	6.266613e+00
4.131089e+01	3.738920e+00	7.146840e-03	7.145235e+00
4.750753e+01	3.715273e+00	6.348132e-03	8.191514e+00
5.463366e+01	3.682189e+00	5.618990e-03	9.442000e+00
6.282871e+01	3.638172e+00	5.027272e-03	1.094269e+01
7.225301e+01	3.567705e+00	4.464658e-03	1.275178e+01
8.309096e+01	4.060285e+00	3.959173e-03	1.494099e+01
9.555461e+01	3.829309e+00	3.521758e-03	1.760494e+01
1.098878e+02	3.609065e+00	3.068662e-03	2.087040e+01
1.263710e+02	3.387754e+00	2.756848e-03	2.487465e+01
1.453266e+02	3.168485e+00	2.435687e-03	2.980474e+01
1.671256e+02	2.951255e+00	2.152998e-03	3.590370e+01
1.921945e+02	2.740999e+00	1.912663e-03	4.348095e+01
2.210236e+02	2.538547e+00	1.663125e-03	5.292589e+01
2.541772e+02	2.340187e+00	1.481293e-03	6.475908e+01
2.923037e+02	2.150393e+00	1.295675e-03	7.968379e+01
3.361493e+02	1.975809e+00	1.145945e-03	9.855255e+01
3.865717e+02	1.820197e+00	1.018500e-03	1.223506e+02
4.445574e+02	1.672035e+00	8.933851e-04	1.524088e+02
5.112411e+02	1.530975e+00	7.945677e-04	1.905074e+02
5.879272e+02	1.397642e+00	6.962801e-04	2.389479e+02
6.761163e+02	1.272418e+00	6.224343e-04	3.007045e+02
7.775337e+02	1.155762e+00	5.498721e-04	3.795918e+02
8.941638e+02	1.046822e+00	4.839129e-04	4.805611e+02
1.028288e+03	9.457636e-01	4.235143e-04	6.100977e+02
1.182532e+03	8.531646e-01	3.719581e-04	7.764550e+02
1.359911e+03	7.702444e-01	3.304632e-04	9.899258e+02
1.563898e+03	6.944038e-01	2.909550e-04	1.263644e+03
1.798483e+03	6.255677e-01	2.556675e-04	1.614713e+03
2.068255e+03	5.635815e-01	2.229345e-04	2.064868e+03
2.378493e+03	5.077744e-01	1.951263e-04	2.641777e+03
2.735268e+03	4.574566e-01	1.707323e-04	3.380496e+03
3.145558e+03	4.124079e-01	1.499008e-04	4.325293e+03
3.617391e+03	3.723609e-01	1.311567e-04	5.531930e+03
4.160000e+03	3.366781e-01	1.154027e-04	7.070332e+03
4.784000e+03	3.048995e-01	1.012897e-04	9.027752e+03
5.501600e+03	2.767913e-01	8.826949e-05	1.151255e+04
6.326840e+03	2.519687e-01	7.817249e-05	1.465852e+04
7.275866e+03	2.300240e-01	6.852638e-05	1.862978e+04
8.367246e+03	2.107221e-01	5.985558e-05	2.362627e+04
9.622333e+03	1.938185e-01	5.258187e-05	2.988957e+04
