# Energy_MeV	dEdx_Elec_MeV_um	dEdx_Nucl_MeV_um	Range_um
1.000000e-05	2.549990e-03	2.912841e-02	5.013592e-03
1.150000e-05	2.757457e-03	3.198070e-02	5.376479e-03
1.322500e-05	2.979758e-03	3.489497e-02	5.765631e-03
1.520875e-05	3.217983e-03	3.815463e-02	6.182951e-03
1.749006e-05	3.473299e-03	4.159586e-02	6.630476e-03
2.011357e-05	3.746957e-03	4.527275e-02	7.110393e-03
2.313061e-05	4.040295e-03	4.935408e-02	7.625047e-03
2.660020e-05	4.354748e-03	5.354954e-02	8.176952e-03
3.059023e-05	4.691855e-03	5.811614e-02	8.768804e-03
3.517876e-05	5.053263e-03	6.285640e-02	9.403495e-03
4.045558e-05	5.440740e-03	6.815375e-02	1.008412e-02
4.652391e-05	5.856179e-03	7.358580e-02	1.081402e-02
5.350250e-05	6.301610e-03	7.954343e-02	1.159674e-02
6.152788e-05	6.779211e-03	8.565145e-02	1.243612e-02
7.075706e-05	7.291316e-03	9.200882e-02	1.333626e-02
8.137062e-05	7.840426e-03	9.902976e-02	1.430154e-02
9.357621e-05	8.429225e-03	1.060412e-01	1.533669e-02
1.076126e-04	9.060590e-03	1.137120e-01	1.644677e-02
1.237545e-04	9.737605e-03	1.215354e-01	1.763720e-02
1.423177e-04	1.046358e-02	1.297618e-01	1.891379e-02
1.636654e-04	1.124206e-02	1.380345e-01	2.028278e-02
1.882152e-04	1.207684e-02	1.464639e-01	2.175086e-02
2.164475e-04	1.297202e-02	1.552530e-01	2.332519e-02
2.489146e-04	1.393195e-02	1.640094e-01	2.501348e-02
2.862518e-04	1.496134e-02	1.731846e-01	2.682397e-02
3.291895e-04	1.606520e-02	1.815719e-01	2.876551e-02
3.785680e-04	1.724893e-02	1.907478e-01	3.084757e-02
4.353531e-04	1.851832e-02	1.998033e-01	3.308033e-02
5.006561e-04	1.987957e-02	2.082837e-01	3.547470e-02
5.757545e-04	2.133932e-02	2.177965e-01	3.804238e-02
6.621177e-04	2.290471e-02	2.252029e-01	4.079591e-02
7.614354e-04	2.458339e-02	2.337202e-01	4.374874e-02
8.756507e-04	2.638355e-02	2.415274e-01	4.691530e-02
1.006998e-03	2.831399e-02	2.486225e-01	5.031105e-02
1.158048e-03	3.038415e-02	2.564611e-01	5.395259e-02
1.331755e-03	3.260413e-02	2.625420e-01	5.785771e-02
1.531519e-03	3.498478e-02	2.689003e-01	6.204548e-02
1.761246e-03	3.753773e-02	2.742414e-01	6.653636e-02
2.025433e-03	4.027545e-02	2.790880e-01	7.135230e-02
2.329248e-03	4.321133e-02	2.838403e-01	7.649243e-02
2.678635e-03	4.635969e-02	2.874568e-01	8.204063e-02
3.080431e-03	4.973592e-02	2.908801e-01	8.799716e-02
3.542495e-03	5.335652e-02	2.933773e-01	9.436530e-02
4.073870e-03	5.723917e-02	2.958316e-01	1.011956e-01
4.684950e-03	6.140285e-02	2.973362e-01	1.085201e-01
5.387693e-03	6.586788e-02	2.986282e-01	1.163747e-01
6.195847e-03	7.065609e-02	2.990557e-01	1.247978e-01
7.125224e-03	7.579087e-02	2.987581e-01	1.338306e-01
8.194007e-03	8.129730e-02	2.980794e-01	1.435171e-01
9.423108e-03	8.720228e-02	2.964511e-01	1.539049e-01
1.083657e-02	9.353467e-02	2.943543e-01	1.650444e-01
1.246206e-02	1.003254e-01	2.914290e-01	1.769902e-01
1.433137e-02	1.076076e-01	2.877313e-01	1.898007e-01
1.648108e-02	1.154169e-01	2.832951e-01	2.035384e-01
1.895324e-02	1.237915e-01	2.781349e-01	2.182705e-01
2.179622e-02	1.327722e-01	2.721685e-01	2.340689e-01
2.506566e-02	1.424030e-01	2.655891e-01	2.510107e-01
2.882550e-02	1.527308e-01	2.582325e-01	2.691788e-01
3.314933e-02	1.638061e-01	2.506704e-01	2.886620e-01
3.812173e-02	1.756831e-01	2.420938e-01	3.095554e-01
4.383999e-02	1.884197e-01	2.330890e-01	3.319611e-01
5.041599e-02	2.020783e-01	2.238969e-01	3.559883e-01
5.797838e-02	2.167254e-01	2.136566e-01	3.817548e-01
6.667514e-02	2.324327e-01	2.044784e-01	4.093863e-01
7.667641e-02	2.492769e-01	1.939734e-01	4.390178e-01
8.817787e-02	2.673403e-01	1.837356e-01	4.707939e-01
1.014046e-01	2.867111e-01	1.737174e-01	5.048700e-01
1.166152e-01	3.074840e-01	1.627112e-01	5.414126e-01
1.341075e-01	3.297604e-01	1.530368e-01	5.806003e-01
1.542237e-01	3.536493e-01	1.428255e-01	6.226246e-01
1.773572e-01	3.792672e-01	1.333987e-01	6.676888e-01
2.039608e-01	4.067393e-01	1.242656e-01	7.160196e-01
2.345549e-01	4.362003e-01	1.149164e-01	7.678417e-01
2.697381e-01	4.677959e-01	1.066202e-01	8.237330e-01
3.101989e-01	5.016783e-01	9.845162e-02	8.842679e-01
3.567287e-01	5.380132e-01	9.107170e-02	9.498422e-01
4.102380e-01	5.769780e-01	8.335291e-02	1.020948e+00
4.717737e-01	6.187631e-01	7.736467e-02	1.098134e+00
5.425397e-01	6.635728e-01	7.138306e-02	1.182035e+00
6.239207e-01	7.062978e-01	6.588307e-02	1.244518e+00
7.175088e-01	7.514575e-01	6.045816e-02	1.281543e+00
8.251351e-01	8.221715e-01	5.421953e-02	1.317261e+00
9.489054e-01	9.014256e-01	4.892524e-02	1.351827e+00
1.091241e+00	9.877287e-01	4.348275e-02	1.385475e+00
1.254927e+00	1.080170e+00	3.913717e-02	1.418605e+00
1.443166e+00	1.182708e+00	3.519527e-02	1.451815e+00
1.659641e+00	1.288577e+00	3.174089e-02	1.485932e+00
1.908588e+00	1.402100e+00	2.862602e-02	1.522047e+00
2.194876e+00	1.519345e+00	2.571437e-02	1.561552e+00
2.524107e+00	1.622398e+00	2.320591e-02	1.606178e+00
2.902723e+00	1.728464e+00	2.075241e-02	1.658002e+00
3.338132e+00	1.839482e+00	1.880496e-02	1.719543e+00
3.838852e+00	1.947106e+00	1.677305e-02	1.793732e+00
4.414679e+00	2.045379e+00	1.503783e-02	1.883956e+00
5.076881e+00	2.128297e+00	1.350808e-02	1.994096e+00
5.838413e+00	2.210647e+00	1.188907e-02	2.128519e+00
6.714175e+00	2.275333e+00	1.078916e-02	2.292160e+00
7.721302e+00	2.337542e+00	9.552087e-03	2.490541e+00
8.879497e+00	2.396838e+00	8.536068e-03	2.729905e+00
1.021142e+01	2.438513e+00	7.634093e-03	3.017422e+00
1.174313e+01	2.476058e+00	6.689273e-03	3.361484e+00
1.350460e+01	2.496277e+00	5.992098e-03	3.772147e+00
1.553030e+01	2.506585e+00	5.293291e-03	4.261691e+00
1.785984e+01	2.508152e+00	4.720805e-03	4.845346e+00
2.053882e+01	2.490257e+00	4.205463e-03	5.542182e+00
2.361964e+01	2.463440e+00	3.714074e-03	6.376224e+00
2.716258e+01	2.419954e+00	3.315690e-03	7.377843e+00
3.123697e+01	2.369165e+00	2.944723e-03	8.585494e+00
3.592252e+01	2.310272e+00	2.632856e-03	1.004798e+01
4.131089e+01	2.238620e+00	2.320649e-03	1.182723e+01
4.750753e+01	2.473629e+00	2.074605e-03	1.400158e+01
5.463366e+01	2.306948e+00	1.816389e-03	1.667068e+01
6.282871e+01	2.153075e+00	1.618283e-03	1.997302e+01
7.225301e+01	2.002732e+00	1.438204e-03	2.406453e+01
8.309096e+01	1.856391e+00	1.262950e-03	2.914883e+01
9.555461e+01	1.713631e+00	1.127821e-03	3.549472e+01
1.098878e+02	1.576966e+00	9.839120e-04	4.344861e+01
1.263710e+02	1.447474e+00	8.709002e-04	5.344716e+01
1.453266e+02	1.322982e+00	7.649217e-04	6.606592e+01
1.671256e+02	1.204470e+00	6.755173e-04	8.208843e+01
1.921945e+02	1.094593e+00	5.978627e-04	1.024990e+02
2.210236e+02	9.994332e-01	5.261133e-04	1.284383e+02
2.541772e+02	9.102035e-01	4.675431e-04	1.613910e+02
2.923037e+02	8.266748e-01	4.105926e-04	2.033667e+02
3.361493e+02	7.488801e-01	3.667705e-04	2.569641e+02
3.865717e+02	6.768670e-01	3.216185e-04	3.255435e+02
4.445574e+02	6.107715e-01	2.842762e-04	4.134119e+02
5.112411e+02	5.500451e-01	2.514563e-04	5.261261e+02
5.879272e+02	4.942456e-01	2.178141e-04	6.709603e+02
6.761163e+02	4.437096e-01	1.952682e-04	8.572271e+02
7.775337e+02	3.989421e-01	1.702888e-04	1.096550e+03
8.941638e+02	3.585738e-01	1.503185e-04	1.403608e+03
1.028288e+03	3.221338e-01	1.325333e-04	1.797513e+03
1.182532e+03	2.894552e-01	1.144381e-04	2.302629e+03
1.359911e+03	2.602207e-01	1.011159e-04	2.949944e+03
1.563898e+03	2.340730e-01	8.813203e-05	3.778764e+03
1.798483e+03	2.107468e-01	7.759184e-05	4.838760e+03
2.068255e+03	1.900245e-01	6.820283e-05	6.192561e+03
2.378493e+03	1.716239e-01	5.946218e-05	7.918822e+03
2.735268e+03	1.552835e-01	5.235445e-05	1.011582e+04
3.145558e+03	1.408289e-01	4.594870e-05	1.290579e+04
3.617391e+03	1.280719e-01	0.000000e+00	1.643988e+04
4.160000e+03	1.168100e-01	0.000000e+00	2.090384e+04
4.784000e+03	1.068963e-01	0.000000e+00	2.652428e+04
5.501600e+03	9.820415e-02	0.000000e+00	3.357559e+04
6.326840e+03	9.058683e-02	0.000000e+00	4.238717e+04
7.275866e+03	8.392349e-02	0.000000e+00	5.335086e+04
8.367246e+03	7.813279e-02	0.000000e+00	6.692837e+04
9.622333e+03	7.312497e-02	0.000000e+00	8.365831e+04
