# Energy_MeV	dEdx_Elec_MeV_um	dEdx_Nucl_MeV_um	Range_um
1.000000e-05	1.998076e-03	2.938405e-02	7.515266e-03
1.150000e-05	2.153768e-03	3.209464e-02	8.059225e-03
1.322500e-05	2.320674e-03	3.505862e-02	8.642556e-03
1.520875e-05	2.499611e-03	3.822600e-02	9.268108e-03
1.749006e-05	2.691453e-03	4.160221e-02	9.938939e-03
2.011357e-05	2.897138e-03	4.529620e-02	1.065832e-02
2.313061e-05	3.117671e-03	4.919940e-02	1.142978e-02
2.660020e-05	3.354130e-03	5.331295e-02	1.225707e-02
3.059023e-05	3.607671e-03	5.772590e-02	1.314425e-02
3.517876e-05	3.879532e-03	6.253349e-02	1.409563e-02
4.045558e-05	4.171042e-03	6.750356e-02	1.511588e-02
4.652391e-05	4.483625e-03	7.305198e-02	1.620998e-02
5.350250e-05	4.818809e-03	7.847291e-02	1.738327e-02
6.152788e-05	5.178230e-03	8.439560e-02	1.864148e-02
7.075706e-05	5.563646e-03	9.072325e-02	1.999076e-02
8.137062e-05	5.976939e-03	9.712287e-02	2.143770e-02
9.357621e-05	6.420128e-03	1.042706e-01	2.298937e-02
1.076126e-04	6.895378e-03	1.111934e-01	2.465335e-02
1.237545e-04	7.405012e-03	1.187567e-01	2.643778e-02
1.423177e-04	7.951519e-03	1.262460e-01	2.835136e-02
1.636654e-04	8.537568e-03	1.338417e-01	3.040344e-02
1.882152e-04	9.166024e-03	1.419767e-01	3.260406e-02
2.164475e-04	9.839957e-03	1.497362e-01	3.496396e-02
2.489146e-04	1.056266e-02	1.580913e-01	3.749467e-02
2.862518e-04	1.133766e-02	1.656196e-01	4.020855e-02
3.291895e-04	1.216874e-02	1.738401e-01	4.311887e-02
3.785680e-04	1.305998e-02	1.819507e-01	4.623983e-02
4.353531e-04	1.401571e-02	1.898707e-01	4.958670e-02
5.006561e-04	1.504061e-02	1.980052e-01	5.317581e-02
5.757545e-04	1.613968e-02	2.049278e-01	5.702470e-02
6.621177e-04	1.731831e-02	2.123987e-01	6.115218e-02
7.614354e-04	1.858223e-02	2.193819e-01	6.557841e-02
8.756507e-04	1.993763e-02	2.260179e-01	7.032501e-02
1.006998e-03	2.139114e-02	2.326428e-01	7.541517e-02
1.158048e-03	2.294984e-02	2.383223e-01	8.087376e-02
1.331755e-03	2.462136e-02	2.437724e-01	8.672744e-02
1.531519e-03	2.641385e-02	2.486286e-01	9.300482e-02
1.761246e-03	2.833609e-02	2.528934e-01	9.973656e-02
2.025433e-03	3.039746e-02	2.569140e-01	1.069555e-01
2.329248e-03	3.260802e-02	2.602989e-01	1.146970e-01
2.678635e-03	3.497858e-02	2.630821e-01	1.229989e-01
3.080431e-03	3.752073e-02	2.654283e-01	1.319016e-01
3.542495e-03	4.024687e-02	2.674365e-01	1.414301e-01
4.073870e-03	4.317033e-02	2.687065e-01	1.516922e-01
4.684950e-03	4.630539e-02	2.699346e-01	1.626688e-01
5.387693e-03	4.966736e-02	2.699576e-01	1.744438e-01
6.195847e-03	5.327267e-02	2.697016e-01	1.870697e-01
7.125224e-03	5.713894e-02	2.688700e-01	2.006097e-01
8.194007e-03	6.128504e-02	2.672847e-01	2.151297e-01
9.423108e-03	6.573125e-02	2.653542e-01	2.307006e-01
1.083657e-02	7.049926e-02	2.624437e-01	2.473985e-01
1.246206e-02	7.561239e-02	2.590091e-01	2.653050e-01
1.433137e-02	8.109561e-02	2.548247e-01	2.845077e-01
1.648108e-02	8.697570e-02	2.500268e-01	3.051003e-01
1.895324e-02	9.328140e-02	2.444836e-01	3.271833e-01
2.179622e-02	1.000435e-01	2.384256e-01	3.508646e-01
2.506566e-02	1.072951e-01	2.316766e-01	3.762602e-01
2.882550e-02	1.150715e-01	2.247226e-01	4.034939e-01
3.314933e-02	1.234108e-01	2.169265e-01	4.326987e-01
3.812173e-02	1.323536e-01	2.087234e-01	4.640173e-01
4.383999e-02	1.419438e-01	2.001578e-01	4.976028e-01
5.041599e-02	1.522281e-01	1.911595e-01	5.336194e-01
5.797838e-02	1.632568e-01	1.825976e-01	5.722428e-01
6.667514e-02	1.750838e-01	1.732369e-01	6.136617e-01
7.667641e-02	1.877668e-01	1.639781e-01	6.580784e-01
8.817787e-02	2.013678e-01	1.546275e-01	7.057103e-01
1.014046e-01	2.159532e-01	1.450893e-01	7.567899e-01
1.166152e-01	2.315944e-01	1.360676e-01	8.115665e-01
1.341075e-01	2.483676e-01	1.271196e-01	8.703077e-01
1.542237e-01	2.663550e-01	1.185109e-01	9.333005e-01
1.773572e-01	2.856442e-01	1.103172e-01	1.000853e+00
2.039608e-01	3.063296e-01	1.021836e-01	1.073296e+00
2.345549e-01	3.285123e-01	9.444147e-02	1.150979e+00
2.697381e-01	3.523005e-01	8.744967e-02	1.234295e+00
3.101989e-01	3.778105e-01	8.055121e-02	1.323610e+00
3.567287e-01	4.051683e-01	7.383515e-02	1.419826e+00
4.102380e-01	4.345062e-01	6.857925e-02	1.524025e+00
4.717737e-01	4.659676e-01	6.295553e-02	1.636881e+00
5.425397e-01	4.997062e-01	5.853238e-02	1.759241e+00
6.239207e-01	5.358868e-01	5.349491e-02	1.892038e+00
7.175088e-01	5.746842e-01	4.770181e-02	2.004401e+00
8.251351e-01	6.127119e-01	4.303655e-02	2.083148e+00
9.489054e-01	6.515320e-01	3.795497e-02	2.160824e+00
1.091241e+00	7.093887e-01	3.456174e-02	2.237283e+00
1.254927e+00	7.772227e-01	3.095764e-02	2.312556e+00
1.443166e+00	8.485718e-01	2.796162e-02	2.386909e+00
1.659641e+00	9.245440e-01	2.528506e-02	2.460903e+00
1.908588e+00	1.006419e+00	2.259170e-02	2.535465e+00
2.194876e+00	1.087202e+00	2.045915e-02	2.611960e+00
2.524107e+00	1.172957e+00	1.823829e-02	2.692241e+00
2.902723e+00	1.253782e+00	1.656657e-02	2.778781e+00
3.338132e+00	1.325067e+00	1.481654e-02	2.874726e+00
3.838852e+00	1.391615e+00	1.327166e-02	2.983963e+00
4.414679e+00	1.459880e+00	1.183828e-02	3.111228e+00
5.076881e+00	1.528559e+00	1.051395e-02	3.262158e+00
5.838413e+00	1.584721e+00	9.483082e-03	3.443404e+00
6.714175e+00	1.633413e+00	8.429803e-03	3.662682e+00
7.721302e+00	1.680342e+00	7.526086e-03	3.928866e+00
8.879497e+00	1.711635e+00	6.680718e-03	4.252092e+00
1.021142e+01	1.742207e+00	5.904578e-03	4.643923e+00
1.174313e+01	1.767240e+00	5.252748e-03	5.117608e+00
1.350460e+01	1.782738e+00	4.662459e-03	5.688528e+00
1.553030e+01	1.793839e+00	4.141841e-03	6.374838e+00
1.785984e+01	1.790849e+00	3.691136e-03	7.198407e+00
2.053882e+01	1.782363e+00	3.276056e-03	8.186058e+00
2.361964e+01	1.765199e+00	2.903545e-03	9.371177e+00
2.716258e+01	1.737817e+00	2.596193e-03	1.079575e+01
3.123697e+01	1.703363e+00	2.304074e-03	1.251293e+01
3.592252e+01	1.659440e+00	2.039128e-03	1.459030e+01
4.131089e+01	1.609330e+00	1.820624e-03	1.711397e+01
4.750753e+01	1.552169e+00	1.580348e-03	2.019390e+01
5.463366e+01	1.489501e+00	1.424475e-03	2.397032e+01
6.282871e+01	1.577754e+00	1.255635e-03	2.862300e+01
7.225301e+01	1.460138e+00	1.108905e-03	3.437775e+01
8.309096e+01	1.352924e+00	9.889643e-04	4.155029e+01
9.555461e+01	1.249947e+00	8.565184e-04	5.051025e+01
1.098878e+02	1.150995e+00	7.650086e-04	6.172511e+01
1.263710e+02	1.055463e+00	6.683689e-04	7.581793e+01
1.453266e+02	9.648996e-01	5.917818e-04	9.359538e+01
1.671256e+02	8.800147e-01	5.258405e-04	1.160770e+02
1.921945e+02	7.996142e-01	4.601075e-04	1.445942e+02
2.210236e+02	7.234181e-01	4.104098e-04	1.809573e+02
2.541772e+02	6.529900e-01	3.594349e-04	2.274861e+02
2.923037e+02	5.925880e-01	3.217737e-04	2.868893e+02
3.361493e+02	5.368305e-01	2.831867e-04	3.625989e+02
3.865717e+02	4.852217e-01	2.500376e-04	4.592790e+02
4.445574e+02	4.376292e-01	2.192608e-04	5.829648e+02
5.112411e+02	3.940027e-01	1.921043e-04	7.414537e+02
5.879272e+02	3.542956e-01	1.709610e-04	9.447360e+02
6.761163e+02	3.181938e-01	1.498462e-04	1.205654e+03
7.775337e+02	2.851751e-01	1.321222e-04	1.540990e+03
8.941638e+02	2.554621e-01	1.154434e-04	1.972320e+03
1.028288e+03	2.292059e-01	1.007318e-04	2.526629e+03
1.182532e+03	2.057498e-01	8.827178e-05	3.237809e+03
1.359911e+03	1.846488e-01	7.738444e-05	4.149911e+03
1.563898e+03	1.657607e-01	6.779739e-05	5.319312e+03
1.798483e+03	1.488973e-01	5.963881e-05	6.817683e+03
2.068255e+03	1.338562e-01	5.229927e-05	8.736025e+03
2.378493e+03	1.204609e-01	4.565012e-05	1.118943e+04
2.735268e+03	1.085608e-01	0.000000e+00	1.432309e+04
3.145558e+03	9.799991e-02	0.000000e+00	1.831953e+04
3.617391e+03	8.862968e-02	0.000000e+00	2.340697e+04
4.160000e+03	8.033845e-02	0.000000e+00	2.986952e+04
4.784000e+03	7.301921e-02	0.000000e+00	3.805884e+04
5.501600e+03	6.655956e-02	0.000000e+00	4.840744e+04
6.326840e+03	6.087028e-02	0.000000e+00	6.144365e+04
7.275866e+03	5.587722e-02	0.000000e+00	7.780788e+04
8.367246e+03	5.150278e-02	0.000000e+00	9.827000e+04
9.622333e+03	4.767778e-02	0.000000e+00	1.237472e+05
