# Energy_MeV	dEdx_Elec_MeV_um	dEdx_Nucl_MeV_um	Range_um
1.000000e-05	2.711595e-03	1.284337e-02	8.304517e-03
1.150000e-05	2.921265e-03	1.386480e-02	8.905602e-03
1.322500e-05	3.146052e-03	1.489568e-02	9.550194e-03
1.520875e-05	3.387055e-03	1.603533e-02	1.024144e-02
1.749006e-05	3.645452e-03	1.722583e-02	1.098272e-02
2.011357e-05	3.922505e-03	1.842072e-02	1.177766e-02
2.313061e-05	4.219569e-03	1.973609e-02	1.263013e-02
2.660020e-05	4.538095e-03	2.107685e-02	1.354431e-02
3.059023e-05	4.879639e-03	2.244168e-02	1.452465e-02
3.517876e-05	5.245871e-03	2.384292e-02	1.557595e-02
4.045558e-05	5.638580e-03	2.529076e-02	1.670335e-02
4.652391e-05	6.059684e-03	2.677938e-02	1.791235e-02
5.350250e-05	6.511242e-03	2.826865e-02	1.920885e-02
6.152788e-05	6.995458e-03	2.968340e-02	2.059920e-02
7.075706e-05	7.514699e-03	3.117595e-02	2.209018e-02
8.137062e-05	8.071502e-03	3.281196e-02	2.368908e-02
9.357621e-05	8.668586e-03	3.417065e-02	2.540371e-02
1.076126e-04	9.308870e-03	3.567744e-02	2.724244e-02
1.237545e-04	9.995480e-03	3.708844e-02	2.921426e-02
1.423177e-04	1.073177e-02	3.840050e-02	3.132881e-02
1.636654e-04	1.152134e-02	3.990937e-02	3.359640e-02
1.882152e-04	1.236805e-02	4.103003e-02	3.602813e-02
2.164475e-04	1.327603e-02	4.228390e-02	3.863586e-02
2.489146e-04	1.424971e-02	4.347056e-02	4.143235e-02
2.862518e-04	1.529386e-02	4.449177e-02	4.443124e-02
3.291895e-04	1.641358e-02	4.551731e-02	4.764720e-02
3.785680e-04	1.761433e-02	4.631027e-02	5.109593e-02
4.353531e-04	1.890199e-02	4.716611e-02	5.479428e-02
5.006561e-04	2.028284e-02	4.784443e-02	5.876032e-02
5.757545e-04	2.176362e-02	4.841238e-02	6.301342e-02
6.621177e-04	2.335158e-02	4.891646e-02	6.757436e-02
7.614354e-04	2.505447e-02	4.935046e-02	7.244127e-02
8.756507e-04	2.688061e-02	4.969755e-02	7.771210e-02
1.006998e-03	2.883893e-02	4.988417e-02	8.333668e-02
1.158048e-03	3.093898e-02	5.004109e-02	8.936932e-02
1.331755e-03	3.319102e-02	5.004477e-02	9.583750e-02
1.531519e-03	3.560607e-02	4.997670e-02	1.027742e-01
1.761246e-03	3.819592e-02	4.979128e-02	1.102128e-01
2.025433e-03	4.097321e-02	4.945057e-02	1.181900e-01
2.329248e-03	4.395153e-02	4.903774e-02	1.267445e-01
2.678635e-03	4.714541e-02	4.848450e-02	1.359182e-01
3.080431e-03	5.057047e-02	4.780014e-02	1.457558e-01
3.542495e-03	5.424343e-02	4.699905e-02	1.563056e-01
4.073870e-03	5.818223e-02	4.606540e-02	1.676190e-01
4.684950e-03	6.240613e-02	4.501393e-02	1.797512e-01
5.387693e-03	6.693575e-02	4.384529e-02	1.927615e-01
6.195847e-03	7.179323e-02	4.262508e-02	2.067135e-01
7.125224e-03	7.700229e-02	4.126601e-02	2.216754e-01
8.194007e-03	8.258838e-02	3.972384e-02	2.377203e-01
9.423108e-03	8.857880e-02	3.827947e-02	2.549265e-01
1.083657e-02	9.500281e-02	3.663312e-02	2.733780e-01
1.246206e-02	1.018918e-01	3.504225e-02	2.931650e-01
1.433137e-02	1.092794e-01	3.340473e-02	3.143844e-01
1.648108e-02	1.172017e-01	3.152264e-02	3.371396e-01
1.895324e-02	1.256974e-01	2.997037e-02	3.615418e-01
2.179622e-02	1.348081e-01	2.818656e-02	3.877101e-01
2.506566e-02	1.445782e-01	2.645765e-02	4.157726e-01
2.882550e-02	1.550555e-01	2.481429e-02	4.458664e-01
3.314933e-02	1.662911e-01	2.311340e-02	4.781384e-01
3.812173e-02	1.783399e-01	2.163659e-02	5.127461e-01
4.383999e-02	1.912609e-01	2.001017e-02	5.498586e-01
5.041599e-02	2.051170e-01	1.857566e-02	5.896574e-01
5.797838e-02	2.199761e-01	1.723018e-02	6.323394e-01
6.667514e-02	2.359107e-01	1.592179e-02	6.780965e-01
7.667641e-02	2.529997e-01	1.461487e-02	7.272639e-01
8.817787e-02	2.713261e-01	1.347295e-02	7.804573e-01
1.014046e-01	2.909790e-01	1.257132e-02	8.380624e-01
1.166152e-01	3.120544e-01	1.153444e-02	9.004999e-01
1.341075e-01	3.346552e-01	1.054237e-02	9.682347e-01
1.542237e-01	3.588901e-01	9.558442e-03	1.029792e+00
1.773572e-01	3.835637e-01	8.653437e-03	1.085346e+00
2.039608e-01	4.013059e-01	7.829957e-03	1.141349e+00
2.345549e-01	4.252635e-01	6.963035e-03	1.197598e+00
2.697381e-01	4.569534e-01	6.241722e-03	1.253981e+00
3.101989e-01	4.862392e-01	5.637213e-03	1.310535e+00
3.567287e-01	5.164864e-01	5.089730e-03	1.367488e+00
4.102380e-01	5.423740e-01	4.568655e-03	1.425311e+00
4.717737e-01	5.668343e-01	4.106529e-03	1.484783e+00
5.425397e-01	5.900826e-01	3.689922e-03	1.547042e+00
6.239207e-01	6.072262e-01	3.342871e-03	1.613649e+00
7.175088e-01	6.230636e-01	3.000028e-03	1.686671e+00
8.251351e-01	6.325668e-01	2.639908e-03	1.768740e+00
9.489054e-01	6.422467e-01	2.406407e-03	1.863148e+00
1.091241e+00	6.524762e-01	2.137880e-03	1.973943e+00
1.254927e+00	6.567900e-01	1.910981e-03	2.106035e+00
1.443166e+00	6.597700e-01	1.718074e-03	2.265324e+00
1.659641e+00	6.593427e-01	1.501577e-03	2.458839e+00
1.908588e+00	6.559173e-01	1.364028e-03	2.694914e+00
2.194876e+00	6.503065e-01	1.205845e-03	2.983405e+00
2.524107e+00	6.411203e-01	1.066193e-03	3.335980e+00
2.902723e+00	6.297149e-01	9.520332e-04	3.766539e+00
3.338132e+00	6.150065e-01	8.396521e-04	4.291810e+00
3.838852e+00	5.975702e-01	7.538433e-04	4.932222e+00
4.414679e+00	5.773508e-01	6.634620e-04	5.713073e+00
5.076881e+00	5.549314e-01	5.912109e-04	6.666173e+00
5.838413e+00	5.302916e-01	5.289978e-04	7.832011e+00
6.714175e+00	5.036505e-01	4.704680e-04	9.262635e+00
7.721302e+00	4.780606e-01	4.156539e-04	1.102541e+01
8.879497e+00	4.504882e-01	3.685042e-04	1.320789e+01
1.021142e+01	4.207390e-01	3.291702e-04	1.592399e+01
1.174313e+01	3.903921e-01	2.897100e-04	1.932165e+01
1.350460e+01	3.600311e-01	2.582922e-04	2.359381e+01
1.553030e+01	3.543552e-01	2.267543e-04	2.898438e+01
1.785984e+01	3.226326e-01	2.006575e-04	3.582491e+01
2.053882e+01	2.934168e-01	1.787446e-04	4.453804e+01
2.361964e+01	2.660784e-01	1.563048e-04	5.562773e+01
2.716258e+01	2.404813e-01	1.375596e-04	6.976707e+01
3.123697e+01	2.167707e-01	1.215988e-04	8.782405e+01
3.592252e+01	1.950978e-01	1.077182e-04	1.108986e+02
4.131089e+01	1.753959e-01	9.460373e-05	1.403939e+02
4.750753e+01	1.568977e-01	8.354600e-05	1.781869e+02
5.463366e+01	1.402339e-01	7.376298e-05	2.267547e+02
6.282871e+01	1.258491e-01	6.584340e-05	2.890674e+02
7.225301e+01	1.131853e-01	5.813566e-05	3.686869e+02
8.309096e+01	1.016977e-01	5.025212e-05	4.704367e+02
9.555461e+01	9.128630e-02	4.525720e-05	6.006174e+02
1.098878e+02	8.187263e-02	3.951910e-05	7.673575e+02
1.263710e+02	7.339018e-02	0.000000e+00	9.811007e+02
1.453266e+02	6.577339e-02	0.000000e+00	1.255221e+03
1.671256e+02	5.885146e-02	0.000000e+00	1.607112e+03
1.921945e+02	5.263836e-02	0.000000e+00	2.059372e+03
2.210236e+02	4.712612e-02	0.000000e+00	2.640517e+03
2.541772e+02	4.226566e-02	0.000000e+00	3.386091e+03
2.923037e+02	3.790721e-02	0.000000e+00	4.341878e+03
3.361493e+02	3.401030e-02	0.000000e+00	5.567103e+03
3.865717e+02	3.053191e-02	0.000000e+00	7.136951e+03
4.445574e+02	2.743142e-02	0.000000e+00	9.147082e+03
5.112411e+02	2.467313e-02	0.000000e+00	1.171863e+04
5.879272e+02	2.222184e-02	0.000000e+00	1.500454e+04
6.761163e+02	2.004538e-02	0.000000e+00	1.919738e+04
7.775337e+02	1.811449e-02	0.000000e+00	2.453837e+04
8.941638e+02	1.640433e-02	0.000000e+00	3.132828e+04
1.028288e+03	1.489322e-02	0.000000e+00	3.994017e+04
1.182532e+03	1.355926e-02	0.000000e+00	5.083395e+04
1.359911e+03	1.238314e-02	0.000000e+00	6.457284e+04
1.563898e+03	1.134900e-02	0.000000e+00	8.184141e+04
1.798483e+03	1.044242e-02	0.000000e+00	1.034651e+05
2.068255e+03	9.650126e-03	0.000000e+00	1.304305e+05
2.378493e+03	8.960235e-03	0.000000e+00	1.639059e+05
2.735268e+03	8.362047e-03	0.000000e+00	2.052610e+05
3.145558e+03	7.845663e-03	0.000000e+00	2.560854e+05
3.617391e+03	7.402487e-03	0.000000e+00	3.182051e+05
4.160000e+03	7.025223e-03	0.000000e+00	3.936955e+05
4.784000e+03	6.707198e-03	0.000000e+00	4.848960e+05
5.501600e+03	6.442317e-03	0.000000e+00	5.944059e+05
6.326840e+03	6.216116e-03	0.000000e+00	7.252012e+05
7.275866e+03	6.029067e-03	0.000000e+00	8.290946e+05
8.367246e+03	5.879932e-03	0.000000e+00	8.290946e+05
9.622333e+03	5.764573e-03	0.000000e+00	8.290946e+05
