# Energy_MeV	dEdx_Elec_MeV_um	dEdx_Nucl_MeV_um	Range_um
1.000000e-05	1.963828e-03	3.086308e-02	6.952709e-03
1.150000e-05	2.117877e-03	3.378764e-02	7.455950e-03
1.322500e-05	2.283011e-03	3.707691e-02	7.995615e-03
1.520875e-05	2.460039e-03	4.048662e-02	8.574342e-03
1.749006e-05	2.649826e-03	4.430415e-02	9.194958e-03
2.011357e-05	2.853300e-03	4.830538e-02	9.860494e-03
2.313061e-05	3.071455e-03	5.257709e-02	1.057420e-02
2.660020e-05	3.305358e-03	5.730169e-02	1.133957e-02
3.059023e-05	3.556152e-03	6.220976e-02	1.216033e-02
3.517876e-05	3.825063e-03	6.763802e-02	1.304050e-02
4.045558e-05	4.113404e-03	7.309738e-02	1.398438e-02
4.652391e-05	4.422584e-03	7.916555e-02	1.499658e-02
5.350250e-05	4.754115e-03	8.566743e-02	1.608204e-02
6.152788e-05	5.109615e-03	9.253352e-02	1.724606e-02
7.075706e-05	5.490822e-03	9.985087e-02	1.849434e-02
8.137062e-05	5.899599e-03	1.071820e-01	1.983297e-02
9.357621e-05	6.337942e-03	1.152206e-01	2.126850e-02
1.076126e-04	6.807992e-03	1.236756e-01	2.280792e-02
1.237545e-04	7.312048e-03	1.325243e-01	2.445877e-02
1.423177e-04	7.852570e-03	1.418313e-01	2.622911e-02
1.636654e-04	8.432200e-03	1.513117e-01	2.812759e-02
1.882152e-04	9.053769e-03	1.611149e-01	3.016348e-02
2.164475e-04	9.720314e-03	1.712256e-01	3.234672e-02
2.489146e-04	1.043509e-02	1.813238e-01	3.468800e-02
2.862518e-04	1.120159e-02	1.918442e-01	3.719873e-02
3.291895e-04	1.202357e-02	2.025078e-01	3.989120e-02
3.785680e-04	1.290502e-02	2.127031e-01	4.277854e-02
4.353531e-04	1.385027e-02	2.233124e-01	4.587488e-02
5.006561e-04	1.486392e-02	2.339573e-01	4.919532e-02
5.757545e-04	1.595094e-02	2.442173e-01	5.275611e-02
6.621177e-04	1.711663e-02	2.553353e-01	5.657462e-02
7.614354e-04	1.836668e-02	2.644981e-01	6.066952e-02
8.756507e-04	1.970721e-02	2.743071e-01	6.506081e-02
1.006998e-03	2.114475e-02	2.836826e-01	6.976995e-02
1.158048e-03	2.268635e-02	2.922844e-01	7.481994e-02
1.331755e-03	2.433952e-02	3.014947e-01	8.023544e-02
1.531519e-03	2.611234e-02	3.088874e-01	8.604293e-02
1.761246e-03	2.801347e-02	3.166336e-01	9.227076e-02
2.025433e-03	3.005221e-02	3.230989e-01	9.894937e-02
2.329248e-03	3.223851e-02	3.288361e-01	1.061114e-01
2.678635e-03	3.458304e-02	3.345155e-01	1.137918e-01
3.080431e-03	3.709728e-02	3.389493e-01	1.220281e-01
3.542495e-03	3.979349e-02	3.433427e-01	1.308605e-01
4.073870e-03	4.268485e-02	3.462650e-01	1.402691e-01
4.684950e-03	4.578549e-02	3.490624e-01	1.504836e-01
5.387693e-03	4.911055e-02	3.512657e-01	1.613854e-01
6.195847e-03	5.267628e-02	3.528087e-01	1.730674e-01
7.125224e-03	5.650010e-02	3.536174e-01	1.855933e-01
8.194007e-03	6.060068e-02	3.533202e-01	1.990265e-01
9.423108e-03	6.499806e-02	3.525277e-01	2.134317e-01
1.083657e-02	6.971373e-02	3.509397e-01	2.288798e-01
1.246206e-02	7.477072e-02	3.485716e-01	2.454460e-01
1.433137e-02	8.019373e-02	3.453152e-01	2.632112e-01
1.648108e-02	8.600926e-02	3.410939e-01	2.822623e-01
1.895324e-02	9.224572e-02	3.360254e-01	3.026922e-01
2.179622e-02	9.893358e-02	3.300886e-01	3.246010e-01
2.506566e-02	1.061055e-01	3.232424e-01	3.480956e-01
2.882550e-02	1.137965e-01	3.155557e-01	3.732906e-01
3.314933e-02	1.220443e-01	3.070219e-01	4.003092e-01
3.812173e-02	1.308890e-01	2.981173e-01	4.292835e-01
4.383999e-02	1.403738e-01	2.882740e-01	4.603551e-01
5.041599e-02	1.505452e-01	2.776560e-01	4.936756e-01
5.797838e-02	1.614528e-01	2.668364e-01	5.294078e-01
6.667514e-02	1.731499e-01	2.548191e-01	5.677262e-01
7.667641e-02	1.856937e-01	2.438135e-01	6.088183e-01
8.817787e-02	1.991453e-01	2.317534e-01	6.528847e-01
1.014046e-01	2.135706e-01	2.194474e-01	7.001406e-01
1.166152e-01	2.290400e-01	2.076120e-01	7.508167e-01
1.341075e-01	2.456291e-01	1.946443e-01	8.051608e-01
1.542237e-01	2.634189e-01	1.831602e-01	8.634386e-01
1.773572e-01	2.824964e-01	1.708942e-01	9.259347e-01
2.039608e-01	3.029547e-01	1.595334e-01	9.929541e-01
2.345549e-01	3.248938e-01	1.489002e-01	1.064824e+00
2.697381e-01	3.484208e-01	1.377572e-01	1.141896e+00
3.101989e-01	3.736507e-01	1.279304e-01	1.224550e+00
3.567287e-01	4.007068e-01	1.177896e-01	1.313166e+00
4.102380e-01	4.297220e-01	1.092292e-01	1.408331e+00
4.717737e-01	4.608379e-01	1.004120e-01	1.511236e+00
5.425397e-01	4.942060e-01	9.238235e-02	1.622679e+00
6.239207e-01	5.299893e-01	8.537376e-02	1.743458e+00
7.175088e-01	5.683626e-01	7.913277e-02	1.874471e+00
8.251351e-01	6.095135e-01	7.291275e-02	2.016758e+00
9.489054e-01	6.533999e-01	6.575973e-02	2.146528e+00
1.091241e+00	6.935936e-01	5.871810e-02	2.218014e+00
1.254927e+00	7.464476e-01	5.235238e-02	2.287477e+00
1.443166e+00	8.187398e-01	4.704439e-02	2.355082e+00
1.659641e+00	8.964537e-01	4.239767e-02	2.421023e+00
1.908588e+00	9.828631e-01	3.825324e-02	2.485798e+00
2.194876e+00	1.072558e+00	3.440861e-02	2.550222e+00
2.524107e+00	1.170045e+00	3.103576e-02	2.615492e+00
2.902723e+00	1.274426e+00	2.792117e-02	2.683260e+00
3.338132e+00	1.376912e+00	2.497530e-02	2.755696e+00
3.838852e+00	1.484093e+00	2.259664e-02	2.835553e+00
4.414679e+00	1.571033e+00	2.026188e-02	2.926220e+00
5.076881e+00	1.665646e+00	1.811365e-02	3.031857e+00
5.838413e+00	1.768652e+00	1.627203e-02	3.157381e+00
6.714175e+00	1.851994e+00	1.432480e-02	3.308559e+00
7.721302e+00	1.934808e+00	1.297089e-02	3.492063e+00
8.879497e+00	2.003045e+00	1.154990e-02	3.715511e+00
1.021142e+01	2.064617e+00	1.027298e-02	3.987545e+00
1.174313e+01	2.120977e+00	9.201591e-03	4.317907e+00
1.350460e+01	2.166338e+00	8.067197e-03	4.717602e+00
1.553030e+01	2.209744e+00	7.233586e-03	5.199202e+00
1.785984e+01	2.239461e+00	6.379500e-03	5.777288e+00
2.053882e+01	2.258823e+00	5.670561e-03	6.469148e+00
2.361964e+01	2.271119e+00	5.074305e-03	7.295705e+00
2.716258e+01	2.266554e+00	4.476350e-03	8.282728e+00
3.123697e+01	2.255351e+00	4.004971e-03	9.462369e+00
3.592252e+01	2.230436e+00	3.536971e-03	1.087506e+01
4.131089e+01	2.193333e+00	3.173919e-03	1.257192e+01
4.750753e+01	2.146233e+00	2.818054e-03	1.461773e+01
5.463366e+01	2.091571e+00	2.497236e-03	1.709473e+01
6.282871e+01	2.028262e+00	2.196171e-03	2.010740e+01
7.225301e+01	1.954663e+00	1.944219e-03	2.378954e+01
8.309096e+01	2.097036e+00	1.734231e-03	2.830682e+01
9.555461e+01	1.952938e+00	1.534784e-03	3.388415e+01
1.098878e+02	1.816805e+00	1.358046e-03	4.081194e+01
1.263710e+02	1.683679e+00	1.190224e-03	4.942123e+01
1.453266e+02	1.554693e+00	1.050102e-03	6.016409e+01
1.671256e+02	1.430106e+00	9.236769e-04	7.362748e+01
1.921945e+02	1.311954e+00	8.170068e-04	9.055917e+01
2.210236e+02	1.200383e+00	7.204752e-04	1.119132e+02
2.541772e+02	1.092341e+00	6.372587e-04	1.389740e+02
2.923037e+02	9.913568e-01	5.639522e-04	1.734575e+02
3.361493e+02	9.010821e-01	4.945107e-04	2.174294e+02
3.865717e+02	8.202893e-01	4.416141e-04	2.733389e+02
4.445574e+02	7.448475e-01	3.897604e-04	3.445199e+02
5.112411e+02	6.746058e-01	3.424903e-04	4.353664e+02
5.879272e+02	6.096204e-01	3.035678e-04	5.515562e+02
6.761163e+02	5.498531e-01	2.625203e-04	7.004028e+02
7.775337e+02	4.952826e-01	2.351688e-04	8.912770e+02
8.941638e+02	4.450458e-01	2.064956e-04	1.136352e+03
1.028288e+03	3.993692e-01	1.808446e-04	1.451487e+03
1.182532e+03	3.583899e-01	1.600806e-04	1.856738e+03
1.359911e+03	3.220881e-01	1.381042e-04	2.377086e+03
1.563898e+03	2.892880e-01	1.223664e-04	3.044568e+03
1.798483e+03	2.597910e-01	1.064316e-04	3.900717e+03
2.068255e+03	2.334043e-01	9.331432e-05	4.998233e+03
2.378493e+03	2.098218e-01	8.248692e-05	6.404162e+03
2.735268e+03	1.887624e-01	7.169282e-05	8.203412e+03
3.145558e+03	1.700207e-01	6.338827e-05	1.050318e+04
3.617391e+03	1.533838e-01	5.527554e-05	1.343850e+04
4.160000e+03	1.386113e-01	4.896410e-05	1.717857e+04
4.784000e+03	1.255144e-01	0.000000e+00	2.193448e+04
5.501600e+03	1.139452e-01	0.000000e+00	2.796820e+04
6.326840e+03	1.037340e-01	0.000000e+00	3.560292e+04
7.275866e+03	9.472720e-02	0.000000e+00	4.523468e+04
8.367246e+03	8.681258e-02	0.000000e+00	5.734530e+04
9.622333e+03	7.987622e-02	0.000000e+00	7.251620e+04
