# Energy_MeV	dEdx_Elec_MeV_um	dEdx_Nucl_MeV_um	Range_um
1.000000e-05	6.871114e-04	9.105844e-03	2.910736e-02
1.150000e-05	7.368449e-04	9.730994e-03	3.121417e-02
1.322500e-05	7.901781e-04	1.036458e-02	3.347347e-02
1.520875e-05	8.473716e-04	1.103899e-02	3.589629e-02
1.749006e-05	9.087048e-04	1.168933e-02	3.849449e-02
2.011357e-05	9.744773e-04	1.240757e-02	4.128074e-02
2.313061e-05	1.045011e-03	1.309852e-02	4.426866e-02
2.660020e-05	1.120649e-03	1.377460e-02	4.747285e-02
3.059023e-05	1.201762e-03	1.447210e-02	5.090896e-02
3.517876e-05	1.288746e-03	1.520715e-02	5.459378e-02
4.045558e-05	1.382026e-03	1.590454e-02	5.854530e-02
4.652391e-05	1.482058e-03	1.658126e-02	6.278284e-02
5.350250e-05	1.589330e-03	1.726575e-02	6.732710e-02
6.152788e-05	1.704367e-03	1.789902e-02	7.220027e-02
7.075706e-05	1.827730e-03	1.857643e-02	7.742616e-02
8.137062e-05	1.960022e-03	1.917839e-02	8.303031e-02
9.357621e-05	2.101889e-03	1.974116e-02	8.904009e-02
1.076126e-04	2.254025e-03	2.031505e-02	9.548485e-02
1.237545e-04	2.417173e-03	2.084201e-02	1.023961e-01
1.423177e-04	2.592129e-03	2.130323e-02	1.098076e-01
1.636654e-04	2.779749e-03	2.171925e-02	1.177555e-01
1.882152e-04	2.980948e-03	2.212581e-02	1.262787e-01
2.164475e-04	3.196711e-03	2.246652e-02	1.354188e-01
2.489146e-04	3.428091e-03	2.276997e-02	1.452205e-01
2.862518e-04	3.676218e-03	2.299654e-02	1.557317e-01
3.291895e-04	3.942304e-03	2.321568e-02	1.670036e-01
3.785680e-04	4.227650e-03	2.342655e-02	1.790914e-01
4.353531e-04	4.533650e-03	2.350967e-02	1.920541e-01
5.006561e-04	4.861798e-03	2.360086e-02	2.059551e-01
5.757545e-04	5.213698e-03	2.362738e-02	2.208623e-01
6.621177e-04	5.591068e-03	2.359599e-02	2.368082e-01
7.614354e-04	5.995752e-03	2.354818e-02	2.539996e-01
8.756507e-04	6.429728e-03	2.339427e-02	2.723799e-01
1.006998e-03	6.895115e-03	2.321488e-02	2.920975e-01
1.158048e-03	7.394187e-03	2.298043e-02	3.132384e-01
1.331755e-03	7.929382e-03	2.267368e-02	3.359104e-01
1.531519e-03	8.503315e-03	2.231756e-02	3.602233e-01
1.761246e-03	9.118790e-03	2.189721e-02	3.862961e-01
2.025433e-03	9.778812e-03	2.141628e-02	4.142559e-01
2.329248e-03	1.048661e-02	2.088919e-02	4.442394e-01
2.678635e-03	1.124563e-02	2.032125e-02	4.763931e-01
3.080431e-03	1.205960e-02	1.970232e-02	5.108744e-01
3.542495e-03	1.293248e-02	1.900873e-02	5.478513e-01
4.073870e-03	1.386854e-02	1.830860e-02	5.875046e-01
4.684950e-03	1.487235e-02	1.756849e-02	6.300279e-01
5.387693e-03	1.594882e-02	1.680605e-02	6.756291e-01
6.195847e-03	1.729313e-02	1.604449e-02	7.165738e-01
7.125224e-03	1.951445e-02	1.519833e-02	7.302574e-01
8.194007e-03	2.196773e-02	1.440867e-02	7.460098e-01
9.423108e-03	2.468808e-02	1.360733e-02	7.633784e-01
1.083657e-02	2.771001e-02	1.277810e-02	7.821468e-01
1.246206e-02	3.106712e-02	1.196859e-02	8.022721e-01
1.433137e-02	3.479191e-02	1.119713e-02	8.238385e-01
1.648108e-02	3.891557e-02	1.046630e-02	8.470217e-01
1.895324e-02	4.346794e-02	9.705976e-03	8.720601e-01
2.179622e-02	4.847759e-02	9.008399e-03	8.992330e-01
2.506566e-02	5.397201e-02	8.332720e-03	9.288434e-01
2.882550e-02	5.997793e-02	7.739950e-03	9.612077e-01
3.314933e-02	6.652189e-02	7.122353e-03	9.966479e-01
3.812173e-02	7.363087e-02	6.494934e-03	1.035486e+00
4.383999e-02	8.133317e-02	6.091207e-03	1.078037e+00
5.041599e-02	8.965958e-02	5.626921e-03	1.124618e+00
5.797838e-02	9.864468e-02	5.118454e-03	1.175484e+00
6.667514e-02	1.076078e-01	4.675487e-03	1.231158e+00
7.667641e-02	1.168442e-01	4.208102e-03	1.292477e+00
8.817787e-02	6.353009e-02	3.839199e-03	1.359769e+00
1.014046e-01	7.001345e-02	3.427046e-03	1.433359e+00
1.166152e-01	7.691312e-02	3.051581e-03	1.513516e+00
1.341075e-01	8.425166e-02	2.763751e-03	1.600470e+00
1.542237e-01	9.205815e-02	2.480984e-03	1.694391e+00
1.773572e-01	1.003678e-01	2.247511e-03	1.795381e+00
2.039608e-01	1.092202e-01	2.009648e-03	1.903474e+00
2.345549e-01	1.186545e-01	1.808508e-03	2.018662e+00
2.697381e-01	1.287024e-01	1.637644e-03	2.140934e+00
3.101989e-01	1.393764e-01	1.470201e-03	2.270368e+00
3.567287e-01	1.506544e-01	1.307973e-03	2.407268e+00
4.102380e-01	1.624604e-01	1.175985e-03	2.552358e+00
4.717737e-01	1.746451e-01	1.055562e-03	2.707048e+00
5.425397e-01	1.869697e-01	9.403365e-04	2.873749e+00
6.239207e-01	1.990986e-01	8.443402e-04	3.056243e+00
7.175088e-01	2.106071e-01	7.448629e-04	3.260080e+00
8.251351e-01	2.210071e-01	6.675083e-04	3.493021e+00
9.489054e-01	2.297897e-01	5.965779e-04	3.765502e+00
1.091241e+00	2.364797e-01	5.265449e-04	4.091169e+00
1.254927e+00	2.406931e-01	4.670394e-04	4.487503e+00
1.443166e+00	2.421849e-01	4.149499e-04	4.976606e+00
1.659641e+00	2.408784e-01	3.708316e-04	5.586163e+00
1.908588e+00	2.368689e-01	3.271472e-04	6.350659e+00
2.194876e+00	2.304053e-01	2.910371e-04	7.312861e+00
2.524107e+00	2.218554e-01	2.589450e-04	8.525653e+00
2.902723e+00	2.116634e-01	2.320307e-04	1.005429e+01
3.338132e+00	2.003043e-01	2.056845e-04	1.197923e+01
3.838852e+00	1.882400e-01	1.798082e-04	1.439980e+01
4.414679e+00	1.758800e-01	1.621729e-04	1.743912e+01
5.076881e+00	1.635537e-01	1.427990e-04	2.125093e+01
5.838413e+00	1.514976e-01	1.266568e-04	2.602894e+01
6.714175e+00	1.398608e-01	1.125173e-04	3.201964e+01
7.721302e+00	1.287273e-01	9.798516e-05	3.953836e+01
8.879497e+00	1.181171e-01	8.816100e-05	4.899462e+01
1.021142e+01	1.080550e-01	7.736279e-05	6.091193e+01
1.174313e+01	9.854369e-02	6.779584e-05	7.597225e+01
1.350460e+01	9.031453e-02	6.015676e-05	9.503487e+01
1.553030e+01	8.143187e-02	5.283872e-05	1.192693e+02
1.785984e+01	7.349952e-02	4.695306e-05	1.501404e+02
2.053882e+01	6.628322e-02	4.116953e-05	1.894266e+02
2.361964e+01	5.966783e-02	3.639140e-05	2.394829e+02
2.716258e+01	5.364448e-02	0.000000e+00	3.033527e+02
3.123697e+01	4.820504e-02	0.000000e+00	3.848856e+02
3.592252e+01	4.328432e-02	0.000000e+00	4.890146e+02
4.131089e+01	3.869761e-02	0.000000e+00	6.223604e+02
4.750753e+01	3.458004e-02	0.000000e+00	7.936028e+02
5.463366e+01	3.105777e-02	0.000000e+00	1.013067e+03
6.282871e+01	2.793462e-02	0.000000e+00	1.293291e+03
7.225301e+01	2.510345e-02	0.000000e+00	1.651286e+03
8.309096e+01	2.253777e-02	0.000000e+00	2.109197e+03
9.555461e+01	2.021746e-02	0.000000e+00	2.695605e+03
1.098878e+02	1.812693e-02	0.000000e+00	3.447206e+03
1.263710e+02	1.624858e-02	0.000000e+00	4.411032e+03
1.453266e+02	1.453867e-02	0.000000e+00	5.648354e+03
1.671256e+02	1.300569e-02	0.000000e+00	7.238596e+03
1.921945e+02	1.164788e-02	0.000000e+00	9.281714e+03
2.210236e+02	1.044724e-02	0.000000e+00	1.190249e+04
2.541772e+02	9.370626e-03	0.000000e+00	1.526219e+04
2.923037e+02	8.408190e-03	0.000000e+00	1.956876e+04
3.361493e+02	7.548896e-03	0.000000e+00	2.508639e+04
3.865717e+02	6.782991e-03	0.000000e+00	3.215095e+04
4.445574e+02	6.101685e-03	0.000000e+00	4.118769e+04
5.112411e+02	5.496144e-03	0.000000e+00	5.273331e+04
5.879272e+02	4.958478e-03	0.000000e+00	6.746339e+04
6.761163e+02	4.481605e-03	0.000000e+00	8.622369e+04
7.775337e+02	4.059378e-03	0.000000e+00	1.100683e+05
8.941638e+02	3.686277e-03	0.000000e+00	1.403040e+05
1.028288e+03	3.356957e-03	0.000000e+00	1.785407e+05
1.182532e+03	3.066731e-03	0.000000e+00	2.267486e+05
1.359911e+03	2.811601e-03	0.000000e+00	2.873206e+05
1.563898e+03	2.587988e-03	0.000000e+00	3.631397e+05
1.798483e+03	2.392655e-03	0.000000e+00	4.576488e+05
2.068255e+03	2.222631e-03	0.000000e+00	5.749208e+05
2.378493e+03	2.075238e-03	0.000000e+00	7.197264e+05
2.735268e+03	1.948073e-03	0.000000e+00	8.975961e+05
3.145558e+03	1.839032e-03	0.000000e+00	1.114877e+06
3.617391e+03	1.746281e-03	0.000000e+00	1.378777e+06
4.160000e+03	1.668169e-03	0.000000e+00	1.697411e+06
4.784000e+03	1.603211e-03	0.000000e+00	2.079794e+06
5.501600e+03	1.547495e-03	0.000000e+00	2.536297e+06
6.326840e+03	1.501736e-03	0.000000e+00	2.845049e+06
7.275866e+03	1.465343e-03	0.000000e+00	2.845049e+06
8.367246e+03	1.437292e-03	0.000000e+00	2.845049e+06
9.622333e+03	1.416636e-03	0.000000e+00	2.845049e+06
