# Energy_MeV	dEdx_Elec_MeV_um	dEdx_Nucl_MeV_um	Range_um
1.000000e-05	2.337995e-03	3.206630e-02	5.066304e-03
1.150000e-05	2.527943e-03	3.520243e-02	5.433006e-03
1.322500e-05	2.731476e-03	3.862530e-02	5.826249e-03
1.520875e-05	2.949593e-03	4.227675e-02	6.247956e-03
1.749006e-05	3.183362e-03	4.640318e-02	6.700187e-03
2.011357e-05	3.433927e-03	5.066237e-02	7.185150e-03
2.313061e-05	3.702514e-03	5.543732e-02	7.705215e-03
2.660020e-05	3.990438e-03	6.044750e-02	8.262922e-03
3.059023e-05	4.299106e-03	6.579351e-02	8.860997e-03
3.517876e-05	4.630027e-03	7.171754e-02	9.502361e-03
4.045558e-05	4.984819e-03	7.784679e-02	1.019015e-02
4.652391e-05	5.365217e-03	8.464185e-02	1.092771e-02
5.350250e-05	5.773080e-03	9.146649e-02	1.171867e-02
6.152788e-05	6.210400e-03	9.908525e-02	1.256687e-02
7.075706e-05	6.679315e-03	1.072005e-01	1.347647e-02
8.137062e-05	7.182115e-03	1.157825e-01	1.445190e-02
9.357621e-05	7.721259e-03	1.249534e-01	1.549794e-02
1.076126e-04	8.299379e-03	1.341156e-01	1.661969e-02
1.237545e-04	8.919301e-03	1.442190e-01	1.782263e-02
1.423177e-04	9.584054e-03	1.547674e-01	1.911264e-02
1.636654e-04	1.029688e-02	1.658255e-01	2.049602e-02
1.882152e-04	1.106128e-02	1.775037e-01	2.197954e-02
2.164475e-04	1.188096e-02	1.893541e-01	2.357043e-02
2.489146e-04	1.275995e-02	2.016432e-01	2.527647e-02
2.862518e-04	1.370253e-02	2.142532e-01	2.710599e-02
3.291895e-04	1.471331e-02	2.269246e-01	2.906794e-02
3.785680e-04	1.579723e-02	2.401084e-01	3.117189e-02
4.353531e-04	1.695958e-02	2.534345e-01	3.342813e-02
5.006561e-04	1.820604e-02	2.662070e-01	3.584767e-02
5.757545e-04	1.954270e-02	2.794594e-01	3.844235e-02
6.621177e-04	2.097609e-02	2.928791e-01	4.122483e-02
7.614354e-04	2.251321e-02	3.056445e-01	4.420870e-02
8.756507e-04	2.416158e-02	3.196575e-01	4.740855e-02
1.006998e-03	2.592924e-02	3.310512e-01	5.084001e-02
1.158048e-03	2.782484e-02	3.433831e-01	5.451983e-02
1.331755e-03	2.985762e-02	3.551558e-01	5.846601e-02
1.531519e-03	3.203753e-02	3.658421e-01	6.269781e-02
1.761246e-03	3.437521e-02	3.774741e-01	6.723591e-02
2.025433e-03	3.688209e-02	3.866719e-01	7.210248e-02
2.329248e-03	3.957040e-02	3.964070e-01	7.732129e-02
2.678635e-03	4.245328e-02	4.044823e-01	8.291785e-02
3.080431e-03	4.554483e-02	4.116822e-01	8.891949e-02
3.542495e-03	4.886013e-02	4.188453e-01	9.530672e-02
4.073870e-03	5.241539e-02	4.243500e-01	1.022434e-01
4.684950e-03	5.622797e-02	4.298752e-01	1.096617e-01
5.387693e-03	6.031651e-02	4.335171e-01	1.175988e-01
6.195847e-03	6.470097e-02	4.370818e-01	1.261103e-01
7.125224e-03	6.940277e-02	4.398036e-01	1.352382e-01
8.194007e-03	7.444489e-02	4.417191e-01	1.450265e-01
9.423108e-03	7.985195e-02	4.427744e-01	1.555234e-01
1.083657e-02	8.565038e-02	4.423918e-01	1.667801e-01
1.246206e-02	9.186850e-02	4.414487e-01	1.788516e-01
1.433137e-02	9.853668e-02	4.394412e-01	1.917968e-01
1.648108e-02	1.056875e-01	4.364695e-01	2.056789e-01
1.895324e-02	1.133559e-01	4.324269e-01	2.205658e-01
2.179622e-02	1.215794e-01	4.271418e-01	2.365303e-01
2.506566e-02	1.303980e-01	4.208140e-01	2.536503e-01
2.882550e-02	1.398550e-01	4.133875e-01	2.720095e-01
3.314933e-02	1.499964e-01	4.048260e-01	2.916974e-01
3.812173e-02	1.608719e-01	3.952159e-01	3.128104e-01
4.383999e-02	1.725346e-01	3.845433e-01	3.354516e-01
5.041599e-02	1.850414e-01	3.734078e-01	3.597317e-01
5.797838e-02	1.984534e-01	3.610620e-01	3.857690e-01
6.667514e-02	2.128363e-01	3.477694e-01	4.136909e-01
7.667641e-02	2.282601e-01	3.342802e-01	4.436339e-01
8.817787e-02	2.448004e-01	3.191761e-01	4.757442e-01
1.014046e-01	2.625378e-01	3.054681e-01	5.101787e-01
1.166152e-01	2.815591e-01	2.902902e-01	5.471054e-01
1.341075e-01	3.019572e-01	2.748933e-01	5.867049e-01
1.542237e-01	3.238317e-01	2.601626e-01	6.291708e-01
1.773572e-01	3.472894e-01	2.438281e-01	6.747105e-01
2.039608e-01	3.724451e-01	2.295206e-01	7.235460e-01
2.345549e-01	3.994215e-01	2.141256e-01	7.759167e-01
2.697381e-01	4.283505e-01	1.999286e-01	8.320770e-01
3.101989e-01	4.593734e-01	1.866041e-01	8.923003e-01
3.567287e-01	4.926425e-01	1.725825e-01	9.569156e-01
4.102380e-01	5.283213e-01	1.603493e-01	1.026707e+00
4.717737e-01	5.665824e-01	1.476289e-01	1.102296e+00
5.425397e-01	6.076128e-01	1.369424e-01	1.184198e+00
6.239207e-01	6.516131e-01	1.258020e-01	1.273025e+00
7.175088e-01	6.987983e-01	1.158418e-01	1.369472e+00
8.251351e-01	7.493988e-01	1.071095e-01	1.474344e+00
9.489054e-01	7.950218e-01	9.913437e-02	1.588584e+00
1.091241e+00	8.492145e-01	9.135208e-02	1.656088e+00
1.254927e+00	9.283349e-01	8.240245e-02	1.690447e+00
1.443166e+00	1.015874e+00	7.366495e-02	1.722900e+00
1.659641e+00	1.113493e+00	6.573098e-02	1.753816e+00
1.908588e+00	1.217409e+00	5.897844e-02	1.783878e+00
2.194876e+00	1.333308e+00	5.317672e-02	1.813939e+00
2.524107e+00	1.458310e+00	4.795937e-02	1.845117e+00
2.902723e+00	1.591768e+00	4.313610e-02	1.878824e+00
3.338132e+00	1.738078e+00	3.892449e-02	1.916811e+00
3.838852e+00	1.867188e+00	3.500823e-02	1.961192e+00
4.414679e+00	2.009675e+00	3.133052e-02	2.014483e+00
5.076881e+00	2.163592e+00	2.833916e-02	2.079625e+00
5.838413e+00	2.305794e+00	2.538715e-02	2.159981e+00
6.714175e+00	2.449692e+00	2.269935e-02	2.259427e+00
7.721302e+00	2.566355e+00	2.041599e-02	2.382292e+00
8.879497e+00	2.683560e+00	1.795017e-02	2.533395e+00
1.021142e+01	2.787408e+00	1.627137e-02	2.718077e+00
1.174313e+01	2.883352e+00	1.447182e-02	2.942250e+00
1.350460e+01	2.981071e+00	1.287419e-02	3.212548e+00
1.553030e+01	3.054507e+00	1.154642e-02	3.536521e+00
1.785984e+01	3.122067e+00	1.010913e-02	3.922977e+00
2.053882e+01	3.175592e+00	9.073304e-03	4.382462e+00
2.361964e+01	3.210150e+00	7.998295e-03	4.927839e+00
2.716258e+01	3.237368e+00	7.114051e-03	5.575040e+00
3.123697e+01	3.237977e+00	6.364142e-03	6.343977e+00
3.592252e+01	3.223006e+00	5.609523e-03	7.259652e+00
4.131089e+01	3.188036e+00	5.023936e-03	8.353543e+00
4.750753e+01	3.144207e+00	4.435567e-03	9.665324e+00
5.463366e+01	3.090298e+00	3.982663e-03	1.124506e+01
6.282871e+01	3.015792e+00	3.531372e-03	1.315626e+01
7.225301e+01	3.406472e+00	3.132883e-03	1.547760e+01
8.309096e+01	3.199916e+00	2.757420e-03	1.831257e+01
9.555461e+01	3.004199e+00	2.438624e-03	2.180039e+01
1.098878e+02	2.809644e+00	2.176751e-03	2.609352e+01
1.263710e+02	2.618227e+00	1.923313e-03	3.139874e+01
1.453266e+02	2.429923e+00	1.703840e-03	3.798533e+01
1.671256e+02	2.248616e+00	1.494554e-03	4.619711e+01
1.921945e+02	2.075098e+00	1.316982e-03	5.646771e+01
2.210236e+02	1.906004e+00	1.159182e-03	6.937608e+01
2.541772e+02	1.744896e+00	1.024674e-03	8.570513e+01
2.923037e+02	1.597076e+00	9.034833e-04	1.064098e+02
3.361493e+02	1.465888e+00	7.995974e-04	1.325974e+02
3.865717e+02	1.341732e+00	7.073164e-04	1.657567e+02
4.445574e+02	1.224327e+00	6.206443e-04	2.078798e+02
5.112411e+02	1.114047e+00	5.540283e-04	2.615423e+02
5.879272e+02	1.011116e+00	4.883921e-04	3.300721e+02
6.761163e+02	9.158280e-01	4.292493e-04	4.177369e+02
7.775337e+02	8.273379e-01	3.810420e-04	5.300698e+02
8.941638e+02	7.456853e-01	3.289917e-04	6.743148e+02
1.028288e+03	6.712670e-01	2.951052e-04	8.596922e+02
1.182532e+03	6.050190e-01	2.587550e-04	1.097696e+03
1.359911e+03	5.446834e-01	2.268232e-04	1.402972e+03
1.563898e+03	4.900707e-01	2.009517e-04	1.794584e+03
1.798483e+03	4.410000e-01	1.730767e-04	2.296757e+03
2.068255e+03	3.969462e-01	1.535312e-04	2.940320e+03
2.378493e+03	3.573718e-01	1.334655e-04	3.764334e+03
2.735268e+03	3.220126e-01	1.171464e-04	4.818124e+03
3.145558e+03	2.905984e-01	1.034790e-04	6.163835e+03
3.617391e+03	2.626509e-01	8.985041e-05	7.879409e+03
4.160000e+03	2.377999e-01	7.954046e-05	1.006213e+04
4.784000e+03	2.158268e-01	6.933389e-05	1.283283e+04
5.501600e+03	1.964289e-01	6.146145e-05	1.634074e+04
6.326840e+03	1.792930e-01	5.377721e-05	2.076898e+04
7.275866e+03	1.642212e-01	4.710060e-05	2.634063e+04
8.367246e+03	1.510178e-01	0.000000e+00	3.332531e+04
9.622333e+03	1.394403e-01	0.000000e+00	4.204612e+04
