# Energy_MeV	dEdx_Elec_MeV_um	dEdx_Nucl_MeV_um	Range_um
1.000000e-05	2.767971e-03	2.766285e-02	4.561363e-03
1.150000e-05	2.996314e-03	3.025036e-02	4.891517e-03
1.322500e-05	3.240934e-03	3.307461e-02	5.245567e-03
1.520875e-05	3.503032e-03	3.609675e-02	5.625244e-03
1.749006e-05	3.783894e-03	3.930189e-02	6.032402e-03
2.011357e-05	4.084895e-03	4.282500e-02	6.469031e-03
2.313061e-05	4.407510e-03	4.652332e-02	6.937263e-03
2.660020e-05	4.753318e-03	5.054813e-02	7.439385e-03
3.059023e-05	5.124010e-03	5.467055e-02	7.977852e-03
3.517876e-05	5.521400e-03	5.929538e-02	8.555293e-03
4.045558e-05	5.947431e-03	6.414147e-02	9.174530e-03
4.652391e-05	6.404185e-03	6.919459e-02	9.838587e-03
5.350250e-05	6.893896e-03	7.484418e-02	1.055071e-02
6.152788e-05	7.418957e-03	8.023520e-02	1.131438e-02
7.075706e-05	7.981934e-03	8.643487e-02	1.213332e-02
8.137062e-05	8.585577e-03	9.272355e-02	1.301153e-02
9.357621e-05	9.232838e-03	9.922753e-02	1.395331e-02
1.076126e-04	9.926877e-03	1.064654e-01	1.496326e-02
1.237545e-04	1.067109e-02	1.134453e-01	1.604631e-02
1.423177e-04	1.146910e-02	1.209860e-01	1.720775e-02
1.636654e-04	1.232483e-02	1.284373e-01	1.845326e-02
1.882152e-04	1.324244e-02	1.361428e-01	1.978891e-02
2.164475e-04	1.422641e-02	1.442698e-01	2.122124e-02
2.489146e-04	1.528157e-02	1.521076e-01	2.275725e-02
2.862518e-04	1.641306e-02	1.600416e-01	2.440443e-02
3.291895e-04	1.762640e-02	1.678152e-01	2.617084e-02
3.785680e-04	1.892754e-02	1.762627e-01	2.806510e-02
4.353531e-04	2.032282e-02	1.838245e-01	3.009646e-02
5.006561e-04	2.181906e-02	1.920815e-01	3.227486e-02
5.757545e-04	2.342357e-02	1.994186e-01	3.461093e-02
6.621177e-04	2.514419e-02	2.066261e-01	3.711609e-02
7.614354e-04	2.698932e-02	2.142342e-01	3.980257e-02
8.756507e-04	2.896798e-02	2.205605e-01	4.268350e-02
1.006998e-03	3.108984e-02	2.274621e-01	4.577296e-02
1.158048e-03	3.336526e-02	2.334685e-01	4.908603e-02
1.331755e-03	3.580536e-02	2.392153e-01	5.263890e-02
1.531519e-03	3.842205e-02	2.443909e-01	5.644893e-02
1.761246e-03	4.122813e-02	2.489202e-01	6.053474e-02
2.025433e-03	4.423730e-02	2.532471e-01	6.488506e-02
2.329248e-03	4.746426e-02	2.567697e-01	6.961053e-02
2.678635e-03	5.092478e-02	2.600633e-01	7.465538e-02
3.080431e-03	5.463576e-02	2.624970e-01	8.005917e-02
3.542495e-03	5.861533e-02	2.649189e-01	8.585354e-02
4.073870e-03	6.288293e-02	2.665747e-01	9.206761e-02
4.684950e-03	6.745941e-02	2.676560e-01	9.873134e-02
5.387693e-03	7.236714e-02	2.686449e-01	1.058774e-01
6.195847e-03	7.763008e-02	2.683801e-01	1.135408e-01
7.125224e-03	8.327395e-02	2.680670e-01	1.217588e-01
8.194007e-03	8.932631e-02	2.668908e-01	1.305716e-01
9.423108e-03	9.581674e-02	2.650993e-01	1.400223e-01
1.083657e-02	1.027770e-01	2.629118e-01	1.501571e-01
1.246206e-02	1.102409e-01	2.597685e-01	1.610254e-01
1.433137e-02	1.182452e-01	2.561016e-01	1.726804e-01
1.648108e-02	1.268287e-01	2.516984e-01	1.851789e-01
1.895324e-02	1.360336e-01	2.466492e-01	1.985821e-01
2.179622e-02	1.459047e-01	2.409326e-01	2.129555e-01
2.506566e-02	1.564903e-01	2.346267e-01	2.283693e-01
2.882550e-02	1.678420e-01	2.279248e-01	2.448986e-01
3.314933e-02	1.800154e-01	2.206479e-01	2.626243e-01
3.812173e-02	1.930699e-01	2.125376e-01	2.816330e-01
4.383999e-02	2.070693e-01	2.045501e-01	3.020177e-01
5.041599e-02	2.220820e-01	1.955875e-01	3.238779e-01
5.797838e-02	2.381813e-01	1.871234e-01	3.473201e-01
6.667514e-02	2.554459e-01	1.781805e-01	3.724591e-01
7.667641e-02	2.739601e-01	1.685450e-01	3.994178e-01
8.817787e-02	2.938143e-01	1.598278e-01	4.283278e-01
1.014046e-01	3.151056e-01	1.500698e-01	4.593303e-01
1.166152e-01	3.379380e-01	1.411061e-01	4.925766e-01
1.341075e-01	3.624230e-01	1.319539e-01	5.282295e-01
1.542237e-01	3.886803e-01	1.231480e-01	5.664637e-01
1.773572e-01	4.168381e-01	1.148865e-01	6.074581e-01
2.039608e-01	4.470354e-01	1.064656e-01	6.514721e-01
2.345549e-01	4.794201e-01	9.890972e-02	6.990556e-01
2.697381e-01	5.141487e-01	9.128569e-02	7.505879e-01
3.101989e-01	5.513910e-01	8.462696e-02	8.064348e-01
3.567287e-01	5.913289e-01	7.747683e-02	8.670112e-01
4.102380e-01	6.341576e-01	7.152368e-02	9.327970e-01
4.717737e-01	6.800865e-01	6.648121e-02	1.004347e+00
5.425397e-01	7.214637e-01	6.091742e-02	1.041062e+00
6.239207e-01	7.750593e-01	5.630748e-02	1.071339e+00
7.175088e-01	8.495759e-01	5.100606e-02	1.100537e+00
8.251351e-01	9.304198e-01	4.579028e-02	1.128851e+00
9.489054e-01	1.020656e+00	4.119926e-02	1.156506e+00
1.091241e+00	1.114809e+00	3.647885e-02	1.183887e+00
1.254927e+00	1.218289e+00	3.308519e-02	1.211552e+00
1.443166e+00	1.329502e+00	2.971592e-02	1.240260e+00
1.659641e+00	1.441516e+00	2.688065e-02	1.270998e+00
1.908588e+00	1.560493e+00	2.420900e-02	1.305014e+00
2.194876e+00	1.658468e+00	2.168521e-02	1.343840e+00
2.524107e+00	1.765804e+00	1.953535e-02	1.389320e+00
2.902723e+00	1.882432e+00	1.757838e-02	1.443656e+00
3.338132e+00	1.980170e+00	1.584253e-02	1.509406e+00
3.838852e+00	2.077635e+00	1.407538e-02	1.589515e+00
4.414679e+00	2.157850e+00	1.272538e-02	1.687335e+00
5.076881e+00	2.232420e+00	1.123912e-02	1.806645e+00
5.838413e+00	2.300375e+00	1.011700e-02	1.951689e+00
6.714175e+00	2.357505e+00	9.048517e-03	2.127237e+00
7.721302e+00	2.413344e+00	7.991163e-03	2.338703e+00
8.879497e+00	2.453207e+00	7.206834e-03	2.592346e+00
1.021142e+01	2.482867e+00	6.330642e-03	2.895551e+00
1.174313e+01	2.504107e+00	5.649099e-03	3.257231e+00
1.350460e+01	2.507113e+00	5.002920e-03	3.688336e+00
1.553030e+01	2.503085e+00	4.437649e-03	4.202502e+00
1.785984e+01	2.482765e+00	3.957698e-03	4.816845e+00
2.053882e+01	2.448792e+00	3.498477e-03	5.552960e+00
2.361964e+01	2.403108e+00	3.130849e-03	6.438165e+00
2.716258e+01	2.349326e+00	2.773315e-03	7.507073e+00
3.123697e+01	2.286172e+00	2.485757e-03	8.803561e+00
3.592252e+01	2.210840e+00	2.187875e-03	1.038372e+01
4.131089e+01	2.411770e+00	1.950270e-03	1.231688e+01
4.750753e+01	2.251357e+00	1.732195e-03	1.469669e+01
5.463366e+01	2.099575e+00	1.514091e-03	1.764507e+01
6.282871e+01	1.950436e+00	1.362013e-03	2.129949e+01
7.225301e+01	1.805365e+00	1.192249e-03	2.584779e+01
8.309096e+01	1.664590e+00	1.061462e-03	3.153388e+01
9.555461e+01	1.530567e+00	9.399323e-04	3.866861e+01
1.098878e+02	1.403539e+00	8.184432e-04	4.764758e+01
1.263710e+02	1.280289e+00	7.263146e-04	5.900271e+01
1.453266e+02	1.164521e+00	6.379581e-04	7.344667e+01
1.671256e+02	1.060413e+00	5.662241e-04	9.183945e+01
1.921945e+02	9.673237e-01	5.000901e-04	1.151953e+02
2.210236e+02	8.800816e-01	4.398429e-04	1.448933e+02
2.541772e+02	7.985300e-01	3.892510e-04	1.827565e+02
2.923037e+02	7.227946e-01	3.449826e-04	2.311413e+02
3.361493e+02	6.528844e-01	3.059221e-04	2.930854e+02
3.865717e+02	5.888372e-01	2.670945e-04	3.724822e+02
4.445574e+02	5.297468e-01	2.386282e-04	4.743876e+02
5.112411e+02	4.758333e-01	2.067578e-04	6.053964e+02
5.879272e+02	4.272932e-01	1.841581e-04	7.738606e+02
6.761163e+02	3.842428e-01	1.622650e-04	9.901817e+02
7.775337e+02	3.452780e-01	1.411331e-04	1.267682e+03
8.941638e+02	3.101882e-01	1.259657e-04	1.623649e+03
1.028288e+03	2.787700e-01	1.086955e-04	2.080019e+03
1.182532e+03	2.506632e-01	9.593596e-05	2.664704e+03
1.359911e+03	2.255325e-01	8.373664e-05	3.413051e+03
1.563898e+03	2.031524e-01	7.330468e-05	4.369688e+03
1.798483e+03	1.832839e-01	6.455772e-05	5.590828e+03
2.068255e+03	1.656344e-01	5.617648e-05	7.146935e+03
2.378493e+03	1.499779e-01	4.975692e-05	9.125913e+03
2.735268e+03	1.361463e-01	0.000000e+00	1.163688e+04
3.145558e+03	1.239376e-01	0.000000e+00	1.481450e+04
3.617391e+03	1.131654e-01	0.000000e+00	1.882382e+04
4.160000e+03	1.036981e-01	0.000000e+00	2.386571e+04
4.784000e+03	9.540185e-02	0.000000e+00	3.018263e+04
5.501600e+03	8.813192e-02	0.000000e+00	3.806476e+04
6.326840e+03	8.178521e-02	0.000000e+00	4.785619e+04
7.275866e+03	7.628203e-02	0.000000e+00	5.996090e+04
8.367246e+03	7.152733e-02	0.000000e+00	7.484843e+04
9.622333e+03	6.743731e-02	0.000000e+00	9.305883e+04
