# Energy_MeV	dEdx_Elec_MeV_um	dEdx_Nucl_MeV_um	Range_um
1.000000e-05	2.407547e-03	3.135700e-02	5.033110e-03
1.150000e-05	2.603320e-03	3.441674e-02	5.397410e-03
1.322500e-05	2.813094e-03	3.765345e-02	5.788077e-03
1.520875e-05	3.037895e-03	4.133943e-02	6.207021e-03
1.749006e-05	3.278826e-03	4.512062e-02	6.656288e-03
2.011357e-05	3.537065e-03	4.936202e-02	7.138074e-03
2.313061e-05	3.813878e-03	5.383708e-02	7.654732e-03
2.660020e-05	4.110617e-03	5.858588e-02	8.208785e-03
3.059023e-05	4.428734e-03	6.387712e-02	8.802942e-03
3.517876e-05	4.769784e-03	6.931392e-02	9.440103e-03
4.045558e-05	5.135435e-03	7.533267e-02	1.012338e-02
4.652391e-05	5.527474e-03	8.142258e-02	1.085612e-02
5.350250e-05	5.947817e-03	8.823175e-02	1.164189e-02
6.152788e-05	6.398518e-03	9.540936e-02	1.248454e-02
7.075706e-05	6.881780e-03	1.030606e-01	1.338817e-02
8.137062e-05	7.399964e-03	1.111800e-01	1.435722e-02
9.357621e-05	7.955602e-03	1.193472e-01	1.539640e-02
1.076126e-04	8.551408e-03	1.283805e-01	1.651080e-02
1.237545e-04	9.190294e-03	1.376952e-01	1.770586e-02
1.423177e-04	9.875382e-03	1.475516e-01	1.898742e-02
1.636654e-04	1.061002e-02	1.579085e-01	2.036174e-02
1.882152e-04	1.139779e-02	1.684743e-01	2.183553e-02
2.164475e-04	1.224255e-02	1.793780e-01	2.341600e-02
2.489146e-04	1.314842e-02	1.905238e-01	2.511086e-02
2.862518e-04	1.411983e-02	2.018399e-01	2.692840e-02
3.291895e-04	1.516153e-02	2.135053e-01	2.887749e-02
3.785680e-04	1.627860e-02	2.253831e-01	3.096766e-02
4.353531e-04	1.747650e-02	2.366396e-01	3.320911e-02
5.006561e-04	1.876109e-02	2.484447e-01	3.561281e-02
5.757545e-04	2.013863e-02	2.604647e-01	3.819048e-02
6.621177e-04	2.161586e-02	2.716462e-01	4.095473e-02
7.614354e-04	2.320000e-02	2.841768e-01	4.391905e-02
8.756507e-04	2.489879e-02	2.941341e-01	4.709794e-02
1.006998e-03	2.672051e-02	3.051105e-01	5.050691e-02
1.158048e-03	2.867409e-02	3.156722e-01	5.416263e-02
1.331755e-03	3.076905e-02	3.249861e-01	5.808295e-02
1.531519e-03	3.301563e-02	3.353934e-01	6.228702e-02
1.761246e-03	3.542481e-02	3.434483e-01	6.679539e-02
2.025433e-03	3.800835e-02	3.520397e-01	7.163008e-02
2.329248e-03	4.077889e-02	3.592383e-01	7.681470e-02
2.678635e-03	4.374995e-02	3.655651e-01	8.237459e-02
3.080431e-03	4.693604e-02	3.719725e-01	8.829704e-02
3.542495e-03	5.035274e-02	3.767595e-01	9.471479e-02
4.073870e-03	5.401674e-02	3.815921e-01	1.015904e-01
4.684950e-03	5.794593e-02	3.848261e-01	1.089428e-01
5.387693e-03	6.215952e-02	3.880279e-01	1.168280e-01
6.195847e-03	6.667807e-02	3.903404e-01	1.252840e-01
7.125224e-03	7.152368e-02	3.920325e-01	1.343519e-01
8.194007e-03	7.672001e-02	3.929126e-01	1.440762e-01
9.423108e-03	8.229245e-02	3.925583e-01	1.545043e-01
1.083657e-02	8.826822e-02	3.917313e-01	1.656872e-01
1.246206e-02	9.467652e-02	3.898706e-01	1.776796e-01
1.433137e-02	1.015486e-01	3.872072e-01	1.905400e-01
1.648108e-02	1.089182e-01	3.835838e-01	2.043311e-01
1.895324e-02	1.168211e-01	3.788613e-01	2.191205e-01
2.179622e-02	1.252961e-01	3.732108e-01	2.349804e-01
2.506566e-02	1.343844e-01	3.665857e-01	2.519883e-01
2.882550e-02	1.441306e-01	3.589450e-01	2.702271e-01
3.314933e-02	1.545823e-01	3.504001e-01	2.897861e-01
3.812173e-02	1.657904e-01	3.408778e-01	3.107608e-01
4.383999e-02	1.778098e-01	3.310098e-01	3.332537e-01
5.041599e-02	1.906991e-01	3.200006e-01	3.573746e-01
5.797838e-02	2.045213e-01	3.081144e-01	3.832413e-01
6.667514e-02	2.193441e-01	2.962150e-01	4.109803e-01
7.667641e-02	2.352397e-01	2.827163e-01	4.407271e-01
8.817787e-02	2.522858e-01	2.706649e-01	4.726271e-01
1.014046e-01	2.705657e-01	2.570973e-01	5.068359e-01
1.166152e-01	2.901688e-01	2.433520e-01	5.435206e-01
1.341075e-01	3.111907e-01	2.304291e-01	5.828607e-01
1.542237e-01	3.337342e-01	2.158221e-01	6.250485e-01
1.773572e-01	3.579094e-01	2.032311e-01	6.702897e-01
2.039608e-01	3.838345e-01	1.896030e-01	7.188057e-01
2.345549e-01	4.116360e-01	1.770076e-01	7.708316e-01
2.697381e-01	4.414497e-01	1.651960e-01	8.266257e-01
3.101989e-01	4.734220e-01	1.526597e-01	8.864667e-01
3.567287e-01	5.077104e-01	1.419215e-01	9.510553e-01
4.102380e-01	5.444804e-01	1.307343e-01	1.021010e+00
4.717737e-01	5.839119e-01	1.212229e-01	1.096799e+00
5.425397e-01	6.261975e-01	1.112437e-01	1.178987e+00
6.239207e-01	6.715439e-01	1.026379e-01	1.268215e+00
7.175088e-01	7.201725e-01	9.488596e-02	1.365221e+00
8.251351e-01	7.651272e-01	8.771100e-02	1.470871e+00
9.489054e-01	8.152861e-01	8.076353e-02	1.516025e+00
1.091241e+00	8.914988e-01	7.277393e-02	1.551131e+00
1.254927e+00	9.763010e-01	6.521258e-02	1.584559e+00
1.443166e+00	1.070006e+00	5.816614e-02	1.616666e+00
1.659641e+00	1.170227e+00	5.218500e-02	1.648008e+00
1.908588e+00	1.281838e+00	4.702007e-02	1.679332e+00
2.194876e+00	1.400534e+00	4.241414e-02	1.711639e+00
2.524107e+00	1.527927e+00	3.818431e-02	1.746212e+00
2.902723e+00	1.664755e+00	3.441759e-02	1.784655e+00
3.338132e+00	1.786175e+00	3.097101e-02	1.828928e+00
3.838852e+00	1.916603e+00	2.769742e-02	1.881381e+00
4.414679e+00	2.055625e+00	2.507917e-02	1.944765e+00
5.076881e+00	2.187463e+00	2.243755e-02	2.022284e+00
5.838413e+00	2.315538e+00	2.003808e-02	2.117612e+00
6.714175e+00	2.421243e+00	1.806085e-02	2.234888e+00
7.721302e+00	2.527521e+00	1.585283e-02	2.378751e+00
8.879497e+00	2.617040e+00	1.439926e-02	2.554354e+00
1.021142e+01	2.701770e+00	1.278814e-02	2.767444e+00
1.174313e+01	2.787204e+00	1.137908e-02	3.024461e+00
1.350460e+01	2.848348e+00	1.021364e-02	3.332755e+00
1.553030e+01	2.906029e+00	8.926277e-03	3.700905e+00
1.785984e+01	2.946731e+00	8.022674e-03	4.139165e+00
2.053882e+01	2.972959e+00	7.073480e-03	4.660044e+00
2.361964e+01	2.991766e+00	6.297590e-03	5.279031e+00
2.716258e+01	2.984027e+00	5.627578e-03	6.015486e+00
3.123697e+01	2.965095e+00	4.955393e-03	6.893743e+00
3.592252e+01	2.925963e+00	4.441792e-03	7.944472e+00
4.131089e+01	2.878692e+00	3.925576e-03	9.206380e+00
4.750753e+01	2.822566e+00	3.522845e-03	1.072841e+01
5.463366e+01	2.748087e+00	3.118020e-03	1.257259e+01
6.282871e+01	3.101275e+00	2.771798e-03	1.481651e+01
7.225301e+01	2.905874e+00	2.438065e-03	1.756032e+01
8.309096e+01	2.723259e+00	2.158249e-03	2.094149e+01
9.555461e+01	2.542895e+00	1.925489e-03	2.511161e+01
1.098878e+02	2.365989e+00	1.697952e-03	3.027289e+01
1.263710e+02	2.192327e+00	1.507389e-03	3.669026e+01
1.453266e+02	2.025321e+00	1.321372e-03	4.470357e+01
1.671256e+02	1.866012e+00	1.164701e-03	5.474081e+01
1.921945e+02	1.711574e+00	1.024280e-03	6.736968e+01
2.210236e+02	1.564260e+00	9.056608e-04	8.336144e+01
2.541772e+02	1.428130e+00	7.990794e-04	1.036703e+02
2.923037e+02	1.308704e+00	7.066136e-04	1.293996e+02
3.361493e+02	1.196017e+00	6.254957e-04	1.620104e+02
3.865717e+02	1.089788e+00	5.483721e-04	2.034711e+02
4.445574e+02	9.902481e-01	4.901483e-04	2.563265e+02
5.112411e+02	8.975643e-01	4.313894e-04	3.238672e+02
5.879272e+02	8.119904e-01	3.794123e-04	4.103120e+02
6.761163e+02	7.328274e-01	3.369840e-04	5.211184e+02
7.775337e+02	6.598384e-01	2.903514e-04	6.634347e+02
8.941638e+02	5.934000e-01	2.610859e-04	8.463871e+02
1.028288e+03	5.344008e-01	2.285280e-04	1.081358e+03
1.182532e+03	4.808428e-01	2.006964e-04	1.382786e+03
1.359911e+03	4.323947e-01	1.777033e-04	1.769477e+03
1.563898e+03	3.888866e-01	1.528781e-04	2.265360e+03
1.798483e+03	3.498796e-01	1.356990e-04	2.900883e+03
2.068255e+03	3.148941e-01	1.179935e-04	3.714640e+03
2.378493e+03	2.836426e-01	1.036829e-04	4.755384e+03
2.735268e+03	2.558780e-01	9.146695e-05	6.084561e+03
3.145558e+03	2.311982e-01	7.946479e-05	7.779283e+03
3.617391e+03	2.092602e-01	7.029745e-05	9.935845e+03
4.160000e+03	1.898565e-01	6.134717e-05	1.267394e+04
4.784000e+03	1.727302e-01	5.434809e-05	1.614149e+04
5.501600e+03	1.576041e-01	4.745155e-05	2.052010e+04
6.326840e+03	1.442932e-01	0.000000e+00	2.603122e+04
7.275866e+03	1.326288e-01	0.000000e+00	3.294273e+04
8.367246e+03	1.224037e-01	0.000000e+00	4.157590e+04
9.622333e+03	1.134593e-01	0.000000e+00	5.231263e+04
