# Energy_MeV	dEdx_Elec_MeV_um	dEdx_Nucl_MeV_um	Range_um
1.000000e-05	2.434031e-03	2.795155e-02	5.747583e-03
1.150000e-05	2.628696e-03	3.056720e-02	6.163596e-03
1.322500e-05	2.837327e-03	3.335281e-02	6.609721e-03
1.520875e-05	3.060944e-03	3.632348e-02	7.088136e-03
1.749006e-05	3.300642e-03	3.957225e-02	7.601179e-03
2.011357e-05	3.557594e-03	4.298961e-02	8.151356e-03
2.313061e-05	3.833056e-03	4.672354e-02	8.741356e-03
2.660020e-05	4.128375e-03	5.052309e-02	9.374060e-03
3.059023e-05	4.444994e-03	5.479959e-02	1.005256e-02
3.517876e-05	4.784462e-03	5.927537e-02	1.078017e-02
4.045558e-05	5.148438e-03	6.394873e-02	1.156044e-02
4.652391e-05	5.538700e-03	6.916803e-02	1.239719e-02
5.350250e-05	5.957156e-03	7.415466e-02	1.329451e-02
6.152788e-05	6.405850e-03	7.987218e-02	1.425677e-02
7.075706e-05	6.886974e-03	8.569338e-02	1.528869e-02
8.137062e-05	7.402879e-03	9.171002e-02	1.639529e-02
9.357621e-05	7.956087e-03	9.838711e-02	1.758199e-02
1.076126e-04	8.549299e-03	1.048419e-01	1.885458e-02
1.237545e-04	9.185415e-03	1.118038e-01	2.021929e-02
1.423177e-04	9.867541e-03	1.187228e-01	2.168277e-02
1.636654e-04	1.059901e-02	1.258203e-01	2.325218e-02
1.882152e-04	1.138340e-02	1.333300e-01	2.493518e-02
2.164475e-04	1.222453e-02	1.405806e-01	2.674001e-02
2.489146e-04	1.312653e-02	1.479206e-01	2.867546e-02
2.862518e-04	1.409379e-02	1.551161e-01	3.075101e-02
3.291895e-04	1.513104e-02	1.628598e-01	3.297678e-02
3.785680e-04	1.624335e-02	1.699115e-01	3.536366e-02
4.353531e-04	1.743615e-02	1.775577e-01	3.792330e-02
5.006561e-04	1.871527e-02	1.843257e-01	4.066821e-02
5.757545e-04	2.008695e-02	1.910025e-01	4.361179e-02
6.621177e-04	2.155791e-02	1.979545e-01	4.676844e-02
7.614354e-04	2.313533e-02	2.038691e-01	5.015356e-02
8.756507e-04	2.482690e-02	2.102645e-01	5.378370e-02
1.006998e-03	2.664090e-02	2.157811e-01	5.767660e-02
1.158048e-03	2.858619e-02	2.211346e-01	6.185126e-02
1.331755e-03	3.067227e-02	2.258699e-01	6.632809e-02
1.531519e-03	3.290933e-02	2.301006e-01	7.112895e-02
1.761246e-03	3.530831e-02	2.340638e-01	7.627730e-02
2.025433e-03	3.788091e-02	2.373151e-01	8.179829e-02
2.329248e-03	4.063972e-02	2.404016e-01	8.767506e-02
2.678635e-03	4.359820e-02	2.426148e-01	9.406027e-02
3.080431e-03	4.677081e-02	2.448330e-01	1.008791e-01
3.542495e-03	5.017305e-02	2.463792e-01	1.081809e-01
4.073870e-03	5.382154e-02	2.473888e-01	1.160106e-01
4.684950e-03	5.773410e-02	2.482881e-01	1.244075e-01
5.387693e-03	6.192986e-02	2.480513e-01	1.334119e-01
6.195847e-03	6.642930e-02	2.477348e-01	1.430682e-01
7.125224e-03	7.125441e-02	2.466688e-01	1.534234e-01
8.194007e-03	7.642875e-02	2.450205e-01	1.645281e-01
9.423108e-03	8.197762e-02	2.429856e-01	1.764365e-01
1.083657e-02	8.792811e-02	2.400849e-01	1.892068e-01
1.246206e-02	9.430930e-02	2.366911e-01	2.029016e-01
1.433137e-02	1.011524e-01	2.326231e-01	2.175876e-01
1.648108e-02	1.084907e-01	2.279568e-01	2.333365e-01
1.895324e-02	1.163602e-01	2.226683e-01	2.502253e-01
2.179622e-02	1.247994e-01	2.168408e-01	2.683365e-01
2.506566e-02	1.338493e-01	2.106375e-01	2.877587e-01
2.882550e-02	1.435543e-01	2.039091e-01	3.085867e-01
3.314933e-02	1.539617e-01	1.964462e-01	3.309222e-01
3.812173e-02	1.651224e-01	1.890236e-01	3.548743e-01
4.383999e-02	1.770909e-01	1.807324e-01	3.805600e-01
5.041599e-02	1.899258e-01	1.729069e-01	4.081051e-01
5.797838e-02	2.036896e-01	1.646298e-01	4.376439e-01
6.667514e-02	2.184496e-01	1.557959e-01	4.693205e-01
7.667641e-02	2.342780e-01	1.476720e-01	5.032899e-01
8.817787e-02	2.512520e-01	1.386383e-01	5.397181e-01
1.014046e-01	2.694547e-01	1.303831e-01	5.787831e-01
1.166152e-01	2.889748e-01	1.218742e-01	6.206757e-01
1.341075e-01	3.099078e-01	1.137929e-01	6.656001e-01
1.542237e-01	3.323560e-01	1.061397e-01	7.137765e-01
1.773572e-01	3.564290e-01	9.835994e-02	7.654405e-01
2.039608e-01	3.822444e-01	9.138234e-02	8.208361e-01
2.345549e-01	4.099293e-01	8.426878e-02	8.803018e-01
2.697381e-01	4.396192e-01	7.816630e-02	9.445771e-01
3.101989e-01	4.714580e-01	7.162359e-02	1.014188e+00
3.567287e-01	5.056013e-01	6.604035e-02	1.089623e+00
4.102380e-01	5.422159e-01	6.135653e-02	1.171445e+00
4.717737e-01	5.814808e-01	5.631236e-02	1.260298e+00
5.425397e-01	6.235831e-01	5.205455e-02	1.327762e+00
6.239207e-01	6.620398e-01	4.715806e-02	1.375329e+00
7.175088e-01	7.108357e-01	4.226940e-02	1.421939e+00
8.251351e-01	7.790826e-01	3.800691e-02	1.467555e+00
9.489054e-01	8.524905e-01	3.369866e-02	1.512287e+00
1.091241e+00	9.339740e-01	3.055545e-02	1.556408e+00
1.254927e+00	1.016790e+00	2.745288e-02	1.600399e+00
1.443166e+00	1.107064e+00	2.480803e-02	1.644987e+00
1.659641e+00	1.201615e+00	2.235884e-02	1.691188e+00
1.908588e+00	1.294074e+00	2.003106e-02	1.740360e+00
2.194876e+00	1.390887e+00	1.803958e-02	1.794212e+00
2.524107e+00	1.464742e+00	1.623266e-02	1.854943e+00
2.902723e+00	1.545611e+00	1.462342e-02	1.925194e+00
3.338132e+00	1.632682e+00	1.301403e-02	2.008137e+00
3.838852e+00	1.704401e+00	1.174763e-02	2.107516e+00
4.414679e+00	1.774586e+00	1.036922e-02	2.227678e+00
5.076881e+00	1.829819e+00	9.340394e-03	2.373634e+00
5.838413e+00	1.880737e+00	8.349342e-03	2.551084e+00
6.714175e+00	1.924788e+00	7.388760e-03	2.766491e+00
7.721302e+00	1.960170e+00	6.652446e-03	3.027202e+00
8.879497e+00	1.993593e+00	5.839745e-03	3.341633e+00
1.021142e+01	2.013315e+00	5.216873e-03	3.719577e+00
1.174313e+01	2.025194e+00	4.614360e-03	4.172665e+00
1.350460e+01	2.029008e+00	4.098610e-03	4.714992e+00
1.553030e+01	2.019435e+00	3.655193e-03	5.363932e+00
1.785984e+01	2.003496e+00	3.229816e-03	6.141181e+00
2.053882e+01	1.974829e+00	2.891161e-03	7.074070e+00
2.361964e+01	1.936803e+00	2.556734e-03	8.197195e+00
2.716258e+01	1.889431e+00	2.294567e-03	9.554497e+00
3.123697e+01	1.835210e+00	2.022860e-03	1.120188e+01
3.592252e+01	1.773333e+00	1.800558e-03	1.321050e+01
4.131089e+01	1.703313e+00	1.598258e-03	1.567159e+01
4.750753e+01	1.808068e+00	1.398008e-03	1.869880e+01
5.463366e+01	1.679761e+00	1.256927e-03	2.244459e+01
6.282871e+01	1.559009e+00	1.102340e-03	2.710944e+01
7.225301e+01	1.441729e+00	9.799294e-04	3.292117e+01
8.309096e+01	1.328483e+00	8.671852e-04	4.018960e+01
9.555461e+01	1.219441e+00	7.558963e-04	4.931773e+01
1.098878e+02	1.116292e+00	6.705307e-04	6.082075e+01
1.263710e+02	1.019282e+00	5.892619e-04	7.535449e+01
1.453266e+02	9.258627e-01	5.222706e-04	9.379835e+01
1.671256e+02	8.385925e-01	4.617422e-04	1.173324e+02
1.921945e+02	7.603506e-01	4.062147e-04	1.473905e+02
2.210236e+02	6.909282e-01	3.593347e-04	1.856627e+02
2.541772e+02	6.263512e-01	3.184976e-04	2.344322e+02
2.923037e+02	5.664439e-01	2.822743e-04	2.967198e+02
3.361493e+02	5.111863e-01	2.469736e-04	3.764259e+02
3.865717e+02	4.605072e-01	2.202229e-04	4.785761e+02
4.445574e+02	4.143635e-01	1.906545e-04	6.096055e+02
5.112411e+02	3.720357e-01	1.699811e-04	7.778574e+02
5.879272e+02	3.335908e-01	1.496690e-04	9.942138e+02
6.761163e+02	2.991129e-01	1.305032e-04	1.272463e+03
7.775337e+02	2.686902e-01	1.162433e-04	1.629770e+03
8.941638e+02	2.412431e-01	1.002202e-04	2.088086e+03
1.028288e+03	2.165730e-01	8.858108e-05	2.675909e+03
1.182532e+03	1.945138e-01	7.719890e-05	3.429415e+03
1.359911e+03	1.748137e-01	6.765954e-05	4.394640e+03
1.563898e+03	1.572371e-01	5.961560e-05	5.629903e+03
1.798483e+03	1.415971e-01	5.185118e-05	7.208857e+03
2.068255e+03	1.277128e-01	4.593874e-05	9.224298e+03
2.378493e+03	1.153891e-01	0.000000e+00	1.179258e+04
2.735268e+03	1.044645e-01	0.000000e+00	1.505888e+04
3.145558e+03	9.481216e-02	0.000000e+00	1.920348e+04
3.617391e+03	8.629320e-02	0.000000e+00	2.444885e+04
4.160000e+03	7.877949e-02	0.000000e+00	3.106779e+04
4.784000e+03	7.217464e-02	0.000000e+00	3.939233e+04
5.501600e+03	6.638503e-02	0.000000e+00	4.982343e+04
6.326840e+03	6.131357e-02	0.000000e+00	6.284103e+04
7.275866e+03	5.688665e-02	0.000000e+00	7.901442e+04
8.367246e+03	5.304600e-02	0.000000e+00	9.901227e+04
9.622333e+03	4.972732e-02	0.000000e+00	1.236120e+05
