# Energy_MeV	dEdx_Elec_MeV_um	dEdx_Nucl_MeV_um	Range_um
1.000000e-05	2.292752e-03	2.774507e-02	6.467420e-03
1.150000e-05	2.473832e-03	3.030061e-02	6.935535e-03
1.322500e-05	2.667930e-03	3.301636e-02	7.437533e-03
1.520875e-05	2.875996e-03	3.595092e-02	7.975866e-03
1.749006e-05	3.099047e-03	3.912594e-02	8.553163e-03
2.011357e-05	3.338173e-03	4.250963e-02	9.172246e-03
2.313061e-05	3.594544e-03	4.602920e-02	9.836137e-03
2.660020e-05	3.869413e-03	4.985215e-02	1.054808e-02
3.059023e-05	4.164124e-03	5.404640e-02	1.131156e-02
3.517876e-05	4.480116e-03	5.827174e-02	1.213029e-02
4.045558e-05	4.818935e-03	6.307637e-02	1.300829e-02
4.652391e-05	5.182235e-03	6.770371e-02	1.394984e-02
5.350250e-05	5.571791e-03	7.283064e-02	1.495954e-02
6.152788e-05	5.989508e-03	7.835906e-02	1.604231e-02
7.075706e-05	6.437426e-03	8.377822e-02	1.720347e-02
8.137062e-05	6.917733e-03	8.996431e-02	1.844866e-02
9.357621e-05	7.432776e-03	9.590082e-02	1.978399e-02
1.076126e-04	7.985072e-03	1.023535e-01	2.121596e-02
1.237545e-04	8.577319e-03	1.088787e-01	2.275158e-02
1.423177e-04	9.212409e-03	1.153626e-01	2.439836e-02
1.636654e-04	9.893447e-03	1.224069e-01	2.616432e-02
1.882152e-04	1.062376e-02	1.290206e-01	2.805811e-02
2.164475e-04	1.140691e-02	1.360520e-01	3.008897e-02
2.489146e-04	1.224673e-02	1.426102e-01	3.226682e-02
2.862518e-04	1.314733e-02	1.497954e-01	3.460231e-02
3.291895e-04	1.411309e-02	1.565867e-01	3.710685e-02
3.785680e-04	1.514874e-02	1.634249e-01	3.979266e-02
4.353531e-04	1.625934e-02	1.702982e-01	4.267288e-02
5.006561e-04	1.745032e-02	1.762701e-01	4.576156e-02
5.757545e-04	1.872748e-02	1.828178e-01	4.907381e-02
6.621177e-04	2.009708e-02	1.886163e-01	5.262580e-02
7.614354e-04	2.156580e-02	1.943370e-01	5.643488e-02
8.756507e-04	2.314082e-02	1.999721e-01	6.051966e-02
1.006998e-03	2.482983e-02	2.048755e-01	6.490011e-02
1.158048e-03	2.664109e-02	2.095050e-01	6.959761e-02
1.331755e-03	2.858344e-02	2.135587e-01	7.463513e-02
1.531519e-03	3.066637e-02	2.172833e-01	8.003726e-02
1.761246e-03	3.290005e-02	2.206602e-01	8.583040e-02
2.025433e-03	3.529541e-02	2.235760e-01	9.204285e-02
2.329248e-03	3.786414e-02	2.258759e-01	9.867406e-02
2.678635e-03	4.061879e-02	2.278888e-01	1.058306e-01
3.080431e-03	4.357281e-02	2.296787e-01	1.135143e-01
3.542495e-03	4.674065e-02	2.306212e-01	1.217291e-01
4.073870e-03	5.013777e-02	2.316620e-01	1.305401e-01
4.684950e-03	5.378078e-02	2.316167e-01	1.399885e-01
5.387693e-03	5.768746e-02	2.313757e-01	1.501207e-01
6.195847e-03	6.187691e-02	2.306879e-01	1.609864e-01
7.125224e-03	6.636959e-02	2.292170e-01	1.726384e-01
8.194007e-03	7.118745e-02	2.275250e-01	1.851338e-01
9.423108e-03	7.635402e-02	2.249882e-01	1.985338e-01
1.083657e-02	8.189455e-02	2.219909e-01	2.129036e-01
1.246206e-02	8.783611e-02	2.183683e-01	2.283134e-01
1.433137e-02	9.420772e-02	2.142086e-01	2.448386e-01
1.648108e-02	1.010405e-01	2.093946e-01	2.625599e-01
1.895324e-02	1.083678e-01	2.041787e-01	2.815640e-01
2.179622e-02	1.162255e-01	1.984185e-01	3.019436e-01
2.506566e-02	1.246520e-01	1.923783e-01	3.237981e-01
2.882550e-02	1.336883e-01	1.855846e-01	3.472346e-01
3.314933e-02	1.433787e-01	1.786280e-01	3.723675e-01
3.812173e-02	1.537706e-01	1.712151e-01	3.993195e-01
4.383999e-02	1.649145e-01	1.635776e-01	4.282222e-01
5.041599e-02	1.768651e-01	1.561763e-01	4.592168e-01
5.797838e-02	1.896806e-01	1.479932e-01	4.924550e-01
6.667514e-02	2.034238e-01	1.402201e-01	5.280990e-01
7.667641e-02	2.181617e-01	1.321416e-01	5.663230e-01
8.817787e-02	2.339663e-01	1.240039e-01	6.073135e-01
1.014046e-01	2.509149e-01	1.162023e-01	6.512708e-01
1.166152e-01	2.690902e-01	1.085610e-01	6.984100e-01
1.341075e-01	2.885810e-01	1.013082e-01	7.489611e-01
1.542237e-01	3.094827e-01	9.416841e-02	8.031716e-01
1.773572e-01	3.318971e-01	8.726949e-02	8.613034e-01
2.039608e-01	3.559340e-01	8.057962e-02	9.236490e-01
2.345549e-01	3.817109e-01	7.471007e-02	9.904980e-01
2.697381e-01	4.093550e-01	6.875955e-02	1.062594e+00
3.101989e-01	4.390001e-01	6.286707e-02	1.140680e+00
3.567287e-01	4.707908e-01	5.867438e-02	1.225267e+00
4.102380e-01	5.048826e-01	5.385278e-02	1.316988e+00
4.717737e-01	5.414419e-01	4.988773e-02	1.416551e+00
5.425397e-01	5.806438e-01	4.551205e-02	1.493144e+00
6.239207e-01	6.181086e-01	4.056992e-02	1.551356e+00
7.175088e-01	6.577405e-01	3.675491e-02	1.608751e+00
8.251351e-01	7.190281e-01	3.236765e-02	1.665240e+00
9.489054e-01	7.871520e-01	2.947139e-02	1.720868e+00
1.091241e+00	8.599945e-01	2.644419e-02	1.775860e+00
1.254927e+00	9.359456e-01	2.385973e-02	1.830670e+00
1.443166e+00	1.018925e+00	2.156056e-02	1.886029e+00
1.659641e+00	1.099915e+00	1.922786e-02	1.943003e+00
1.908588e+00	1.184224e+00	1.744030e-02	2.003018e+00
2.194876e+00	1.266745e+00	1.560123e-02	2.067984e+00
2.524107e+00	1.334350e+00	1.413449e-02	2.140307e+00
2.902723e+00	1.401464e+00	1.259617e-02	2.222955e+00
3.338132e+00	1.470780e+00	1.132666e-02	2.319532e+00
3.838852e+00	1.536402e+00	1.009335e-02	2.434317e+00
4.414679e+00	1.593744e+00	8.978152e-03	2.572353e+00
5.076881e+00	1.640006e+00	8.091398e-03	2.739477e+00
5.838413e+00	1.684716e+00	7.163473e-03	2.942394e+00
6.714175e+00	1.716667e+00	6.422387e-03	3.188760e+00
7.721302e+00	1.745709e+00	5.695213e-03	3.487307e+00
8.879497e+00	1.771268e+00	5.034712e-03	3.848059e+00
1.021142e+01	1.784445e+00	4.472577e-03	4.282677e+00
1.174313e+01	1.793421e+00	3.971076e-03	4.804967e+00
1.350460e+01	1.790368e+00	3.537448e-03	5.431607e+00
1.553030e+01	1.779960e+00	3.143226e-03	6.183101e+00
1.785984e+01	1.762436e+00	2.793032e-03	7.085019e+00
2.053882e+01	1.733076e+00	2.471815e-03	8.169552e+00
2.361964e+01	1.697213e+00	2.215406e-03	9.477490e+00
2.716258e+01	1.652367e+00	1.963971e-03	1.106072e+01
3.123697e+01	1.601325e+00	1.733706e-03	1.298534e+01
3.592252e+01	1.542963e+00	1.552688e-03	1.533583e+01
4.131089e+01	1.479501e+00	1.344523e-03	1.822001e+01
4.750753e+01	1.559284e+00	1.215672e-03	2.177522e+01
5.463366e+01	1.443933e+00	1.070495e-03	2.617689e+01
6.282871e+01	1.337358e+00	9.442325e-04	3.166795e+01
7.225301e+01	1.234932e+00	8.433476e-04	3.852702e+01
8.309096e+01	1.136473e+00	7.282511e-04	4.711758e+01
9.555461e+01	1.041661e+00	6.516586e-04	5.791913e+01
1.098878e+02	9.519082e-01	5.706104e-04	7.155091e+01
1.263710e+02	8.678297e-01	5.052888e-04	8.879586e+01
1.453266e+02	7.879097e-01	4.479899e-04	1.106849e+02
1.671256e+02	7.125769e-01	3.914947e-04	1.386185e+02
1.921945e+02	6.434787e-01	3.495603e-04	1.743614e+02
2.210236e+02	5.840331e-01	3.070255e-04	2.199693e+02
2.541772e+02	5.288882e-01	2.743773e-04	2.781078e+02
2.923037e+02	4.778818e-01	2.404013e-04	3.523723e+02
3.361493e+02	4.308980e-01	2.132988e-04	4.474053e+02
3.865717e+02	3.878499e-01	1.868402e-04	5.692022e+02
4.445574e+02	3.487136e-01	1.639802e-04	7.254379e+02
5.112411e+02	3.130627e-01	1.458042e-04	9.260003e+02
5.879272e+02	2.805503e-01	1.271709e-04	1.183818e+03
6.761163e+02	2.513092e-01	1.126966e-04	1.515435e+03
7.775337e+02	2.255586e-01	9.835859e-05	1.941489e+03
8.941638e+02	2.024643e-01	8.583774e-05	2.488037e+03
1.028288e+03	1.817022e-01	7.509614e-05	3.188993e+03
1.182532e+03	1.631295e-01	6.586097e-05	4.087604e+03
1.359911e+03	1.465488e-01	5.788897e-05	5.238890e+03
1.563898e+03	1.317626e-01	5.074246e-05	6.712656e+03
1.798483e+03	1.185996e-01	4.456238e-05	8.597145e+03
2.068255e+03	1.069086e-01	0.000000e+00	1.100364e+04
2.378493e+03	9.653343e-02	0.000000e+00	1.407193e+04
2.735268e+03	8.733024e-02	0.000000e+00	1.797669e+04
3.145558e+03	7.919079e-02	0.000000e+00	2.293518e+04
3.617391e+03	7.200619e-02	0.000000e+00	2.921609e+04
4.160000e+03	6.566614e-02	0.000000e+00	3.714957e+04
4.784000e+03	6.008512e-02	0.000000e+00	4.713845e+04
5.501600e+03	5.518908e-02	0.000000e+00	5.967046e+04
6.326840e+03	5.090027e-02	0.000000e+00	7.533112e+04
7.275866e+03	4.715237e-02	0.000000e+00	9.481699e+04
8.367246e+03	4.389500e-02	0.000000e+00	1.189488e+05
9.622333e+03	4.107723e-02	0.000000e+00	1.486841e+05
