# Energy_MeV	dEdx_Elec_MeV_um	dEdx_Nucl_MeV_um	Range_um
1.000000e-05	2.708438e-03	2.808156e-02	4.677900e-03
1.150000e-05	2.931006e-03	3.073946e-02	5.016489e-03
1.322500e-05	3.169453e-03	3.360750e-02	5.379585e-03
1.520875e-05	3.424950e-03	3.667939e-02	5.768962e-03
1.749006e-05	3.698750e-03	3.994890e-02	6.186522e-03
2.011357e-05	3.992193e-03	4.351695e-02	6.634306e-03
2.313061e-05	4.306716e-03	4.731715e-02	7.114501e-03
2.660020e-05	4.643859e-03	5.144559e-02	7.629452e-03
3.059023e-05	5.005270e-03	5.563278e-02	8.181676e-03
3.517876e-05	5.392718e-03	6.029587e-02	8.773870e-03
4.045558e-05	5.808097e-03	6.532475e-02	9.408927e-03
4.652391e-05	6.253437e-03	7.042001e-02	1.008995e-02
5.350250e-05	6.730915e-03	7.625143e-02	1.082027e-02
6.152788e-05	7.242865e-03	8.173574e-02	1.160344e-02
7.075706e-05	7.791789e-03	8.798747e-02	1.244331e-02
8.137062e-05	8.380368e-03	9.455280e-02	1.334396e-02
9.357621e-05	9.011480e-03	1.011116e-01	1.430980e-02
1.076126e-04	9.688208e-03	1.085900e-01	1.534555e-02
1.237545e-04	1.041386e-02	1.156725e-01	1.645627e-02
1.423177e-04	1.119198e-02	1.234014e-01	1.764739e-02
1.636654e-04	1.202636e-02	1.311386e-01	1.892471e-02
1.882152e-04	1.292110e-02	1.389790e-01	2.029449e-02
2.164475e-04	1.388055e-02	1.474330e-01	2.176342e-02
2.489146e-04	1.490940e-02	1.553526e-01	2.333867e-02
2.862518e-04	1.601269e-02	1.636395e-01	2.502793e-02
3.291895e-04	1.719579e-02	1.715493e-01	2.683947e-02
3.785680e-04	1.846450e-02	1.802060e-01	2.878212e-02
4.353531e-04	1.982501e-02	1.881380e-01	3.086539e-02
5.006561e-04	2.128397e-02	1.964678e-01	3.309944e-02
5.757545e-04	2.284850e-02	2.043538e-01	3.549520e-02
6.621177e-04	2.452624e-02	2.116258e-01	3.806436e-02
7.614354e-04	2.632540e-02	2.194741e-01	4.081948e-02
8.756507e-04	2.825476e-02	2.261759e-01	4.377401e-02
1.006998e-03	3.032375e-02	2.331401e-01	4.694240e-02
1.158048e-03	3.254248e-02	2.396073e-01	5.034011e-02
1.331755e-03	3.492179e-02	2.455737e-01	5.398376e-02
1.531519e-03	3.747329e-02	2.509245e-01	5.789113e-02
1.761246e-03	4.020946e-02	2.556644e-01	6.208132e-02
2.025433e-03	4.314366e-02	2.601263e-01	6.655450e-02
2.329248e-03	4.629022e-02	2.639579e-01	7.138093e-02
2.678635e-03	4.966452e-02	2.674567e-01	7.656349e-02
3.080431e-03	5.328305e-02	2.700194e-01	8.210418e-02
3.542495e-03	5.716348e-02	2.724652e-01	8.804705e-02
4.073870e-03	6.132476e-02	2.744135e-01	9.441985e-02
4.684950e-03	6.578723e-02	2.755076e-01	1.012539e-01
5.387693e-03	7.057269e-02	2.766969e-01	1.085825e-01
6.195847e-03	7.570452e-02	2.764769e-01	1.164416e-01
7.125224e-03	8.120778e-02	2.761736e-01	1.248696e-01
8.194007e-03	8.710937e-02	2.751577e-01	1.339076e-01
9.423108e-03	9.343811e-02	2.733547e-01	1.435998e-01
1.083657e-02	1.002249e-01	2.712480e-01	1.539935e-01
1.246206e-02	1.075030e-01	2.680876e-01	1.651394e-01
1.433137e-02	1.153078e-01	2.644133e-01	1.770922e-01
1.648108e-02	1.236775e-01	2.599808e-01	1.899101e-01
1.895324e-02	1.326530e-01	2.548975e-01	2.036558e-01
2.179622e-02	1.422782e-01	2.490768e-01	2.183963e-01
2.506566e-02	1.526001e-01	2.427201e-01	2.342038e-01
2.882550e-02	1.636690e-01	2.358249e-01	2.511555e-01
3.314933e-02	1.755392e-01	2.284803e-01	2.693341e-01
3.812173e-02	1.882685e-01	2.202393e-01	2.888285e-01
4.383999e-02	2.019191e-01	2.119836e-01	3.097339e-01
5.041599e-02	2.165578e-01	2.029454e-01	3.321524e-01
5.797838e-02	2.322560e-01	1.940273e-01	3.561938e-01
6.667514e-02	2.490905e-01	1.850072e-01	3.819752e-01
7.667641e-02	2.671435e-01	1.751409e-01	4.096225e-01
8.817787e-02	2.865031e-01	1.660290e-01	4.392710e-01
1.014046e-01	3.072640e-01	1.561860e-01	4.710655e-01
1.166152e-01	3.295276e-01	1.467033e-01	5.051615e-01
1.341075e-01	3.534026e-01	1.372651e-01	5.417255e-01
1.542237e-01	3.790057e-01	1.282345e-01	5.809344e-01
1.773572e-01	4.064620e-01	1.196670e-01	6.229855e-01
2.039608e-01	4.359060e-01	1.110556e-01	6.680736e-01
2.345549e-01	4.674838e-01	1.030439e-01	7.166991e-01
2.697381e-01	5.013470e-01	9.506327e-02	7.693644e-01
3.101989e-01	5.376614e-01	8.819506e-02	8.264134e-01
3.567287e-01	5.766041e-01	8.094936e-02	8.882743e-01
4.102380e-01	6.183657e-01	7.438045e-02	9.554242e-01
4.717737e-01	6.631501e-01	6.928770e-02	1.028415e+00
5.425397e-01	7.059167e-01	6.343104e-02	1.083169e+00
6.239207e-01	7.510209e-01	5.877608e-02	1.115411e+00
7.175088e-01	8.214880e-01	5.343308e-02	1.146515e+00
8.251351e-01	9.007051e-01	4.781420e-02	1.176615e+00
9.489054e-01	9.869030e-01	4.317822e-02	1.205913e+00
1.091241e+00	1.079316e+00	3.806239e-02	1.234757e+00
1.254927e+00	1.181833e+00	3.463857e-02	1.263666e+00
1.443166e+00	1.287575e+00	3.107008e-02	1.293357e+00
1.659641e+00	1.401139e+00	2.809658e-02	1.324779e+00
1.908588e+00	1.518245e+00	2.534291e-02	1.359140e+00
2.194876e+00	1.621527e+00	2.264534e-02	1.397947e+00
2.524107e+00	1.727566e+00	2.047626e-02	1.443002e+00
2.902723e+00	1.838454e+00	1.835375e-02	1.496499e+00
3.338132e+00	1.946319e+00	1.660187e-02	1.560983e+00
3.838852e+00	2.044477e+00	1.476704e-02	1.639401e+00
4.414679e+00	2.127599e+00	1.331883e-02	1.735127e+00
5.076881e+00	2.210135e+00	1.181861e-02	1.851960e+00
5.838413e+00	2.274746e+00	1.057257e-02	1.994192e+00
6.714175e+00	2.337076e+00	9.494015e-03	2.166625e+00
7.721302e+00	2.396303e+00	8.391044e-03	2.374689e+00
8.879497e+00	2.438171e+00	7.547700e-03	2.624618e+00
1.021142e+01	2.475900e+00	6.663246e-03	2.923708e+00
1.174313e+01	2.496096e+00	5.915969e-03	3.280699e+00
1.350460e+01	2.506573e+00	5.244271e-03	3.706263e+00
1.553030e+01	2.508138e+00	4.656767e-03	4.213636e+00
1.785984e+01	2.490429e+00	4.150678e-03	4.819387e+00
2.053882e+01	2.463777e+00	3.679126e-03	5.544393e+00
2.361964e+01	2.420341e+00	3.280399e-03	6.415041e+00
2.716258e+01	2.369620e+00	2.903637e-03	7.464743e+00
3.123697e+01	2.310795e+00	2.603459e-03	8.735903e+00
3.592252e+01	2.239257e+00	2.297563e-03	1.028232e+01
4.131089e+01	2.475119e+00	2.039861e-03	1.217209e+01
4.750753e+01	2.308241e+00	1.819719e-03	1.449172e+01
5.463366e+01	2.154335e+00	1.581187e-03	1.736154e+01
6.282871e+01	2.003963e+00	1.427665e-03	2.091716e+01
7.225301e+01	1.857594e+00	1.251116e-03	2.533539e+01
8.309096e+01	1.714793e+00	1.110618e-03	3.084971e+01
9.555461e+01	1.578066e+00	9.879341e-04	3.776113e+01
1.098878e+02	1.448518e+00	8.562402e-04	4.644902e+01
1.263710e+02	1.323993e+00	7.632782e-04	5.741316e+01
1.453266e+02	1.205418e+00	6.686170e-04	7.133408e+01
1.671256e+02	1.095401e+00	5.935289e-04	8.906746e+01
1.921945e+02	1.000194e+00	5.251079e-04	1.116050e+02
2.210236e+02	9.109178e-01	4.603076e-04	1.402357e+02
2.541772e+02	8.273431e-01	4.092572e-04	1.767051e+02
2.923037e+02	7.495002e-01	3.608995e-04	2.232708e+02
3.361493e+02	6.774377e-01	3.214734e-04	2.828520e+02
3.865717e+02	6.112939e-01	2.810369e-04	3.591908e+02
4.445574e+02	5.505290e-01	2.503131e-04	4.571141e+02
5.112411e+02	4.946848e-01	2.181391e-04	5.829406e+02
5.879272e+02	4.441065e-01	1.927917e-04	7.447624e+02
6.761163e+02	3.992927e-01	1.706899e-04	9.526801e+02
7.775337e+02	3.588912e-01	1.485850e-04	1.219446e+03
8.941638e+02	3.224192e-01	1.321964e-04	1.561664e+03
1.028288e+03	2.897106e-01	1.147616e-04	2.000500e+03
1.182532e+03	2.604491e-01	1.006726e-04	2.562882e+03
1.359911e+03	2.342772e-01	8.797001e-05	3.282958e+03
1.563898e+03	2.109286e-01	7.706687e-05	4.203890e+03
1.798483e+03	1.901858e-01	6.777555e-05	5.380095e+03
2.068255e+03	1.717672e-01	5.924194e-05	6.879922e+03
2.378493e+03	1.554106e-01	5.224015e-05	8.788771e+03
2.735268e+03	1.409411e-01	4.561147e-05	1.121287e+04
3.145558e+03	1.281709e-01	0.000000e+00	1.428357e+04
3.617391e+03	1.168974e-01	0.000000e+00	1.816232e+04
4.160000e+03	1.069730e-01	0.000000e+00	2.304607e+04
4.784000e+03	9.827138e-02	0.000000e+00	2.917332e+04
5.501600e+03	9.064575e-02	0.000000e+00	3.683044e+04
6.326840e+03	8.397487e-02	0.000000e+00	4.635806e+04
7.275866e+03	7.817730e-02	0.000000e+00	5.815761e+04
8.367246e+03	7.316341e-02	0.000000e+00	7.269739e+04
9.622333e+03	6.884117e-02	0.000000e+00	9.051812e+04
