# Energy_MeV	dEdx_Elec_MeV_um	dEdx_Nucl_MeV_um	Range_um
1.000000e-05	2.368854e-03	3.197883e-02	4.991021e-03
1.150000e-05	2.561704e-03	3.511762e-02	5.352274e-03
1.322500e-05	2.768341e-03	3.853860e-02	5.739674e-03
1.520875e-05	2.989778e-03	4.216124e-02	6.155115e-03
1.749006e-05	3.227100e-03	4.627445e-02	6.600625e-03
2.011357e-05	3.481470e-03	5.050985e-02	7.078382e-03
2.313061e-05	3.754132e-03	5.524762e-02	7.590719e-03
2.660020e-05	4.046420e-03	6.026646e-02	8.140139e-03
3.059023e-05	4.359763e-03	6.556064e-02	8.729327e-03
3.517876e-05	4.695694e-03	7.147322e-02	9.361160e-03
4.045558e-05	5.055855e-03	7.756051e-02	1.003873e-02
4.652391e-05	5.442006e-03	8.425005e-02	1.076533e-02
5.350250e-05	5.856034e-03	9.109423e-02	1.154453e-02
6.152788e-05	6.299964e-03	9.868035e-02	1.238013e-02
7.075706e-05	6.775963e-03	1.066963e-01	1.327621e-02
8.137062e-05	7.286359e-03	1.153025e-01	1.423715e-02
9.357621e-05	7.833645e-03	1.242723e-01	1.526765e-02
1.076126e-04	8.420496e-03	1.334601e-01	1.637273e-02
1.237545e-04	9.049777e-03	1.434984e-01	1.755779e-02
1.423177e-04	9.724565e-03	1.538910e-01	1.882864e-02
1.636654e-04	1.044816e-02	1.649797e-01	2.019146e-02
1.882152e-04	1.122408e-02	1.764099e-01	2.165293e-02
2.164475e-04	1.205614e-02	1.882939e-01	2.322018e-02
2.489146e-04	1.294839e-02	2.003695e-01	2.490087e-02
2.862518e-04	1.390520e-02	2.128299e-01	2.670321e-02
3.291895e-04	1.493123e-02	2.254483e-01	2.863600e-02
3.785680e-04	1.603150e-02	2.383282e-01	3.070869e-02
4.353531e-04	1.721138e-02	2.516912e-01	3.293140e-02
5.006561e-04	1.847665e-02	2.640593e-01	3.531500e-02
5.757545e-04	1.983348e-02	2.772661e-01	3.787111e-02
6.621177e-04	2.128849e-02	2.906209e-01	4.061224e-02
7.614354e-04	2.284881e-02	3.030521e-01	4.355178e-02
8.756507e-04	2.452204e-02	3.168660e-01	4.670408e-02
1.006998e-03	2.631637e-02	3.279193e-01	5.008455e-02
1.158048e-03	2.824056e-02	3.400873e-01	5.370969e-02
1.331755e-03	3.030401e-02	3.518544e-01	5.759723e-02
1.531519e-03	3.251680e-02	3.621819e-01	6.176615e-02
1.761246e-03	3.488974e-02	3.735963e-01	6.623681e-02
2.025433e-03	3.743443e-02	3.825499e-01	7.103107e-02
2.329248e-03	4.016330e-02	3.919347e-01	7.617234e-02
2.678635e-03	4.308967e-02	3.999782e-01	8.168573e-02
3.080431e-03	4.622784e-02	4.069164e-01	8.759819e-02
3.542495e-03	4.959315e-02	4.139693e-01	9.389889e-02
4.073870e-03	5.320204e-02	4.192699e-01	1.007356e-01
4.684950e-03	5.707213e-02	4.244583e-01	1.080315e-01
5.387693e-03	6.122234e-02	4.281071e-01	1.158515e-01
6.195847e-03	6.567294e-02	4.315467e-01	1.242363e-01
7.125224e-03	7.044566e-02	4.340602e-01	1.332285e-01
8.194007e-03	7.556383e-02	4.359771e-01	1.428714e-01
9.423108e-03	8.105246e-02	4.367400e-01	1.532124e-01
1.083657e-02	8.693835e-02	4.363530e-01	1.643018e-01
1.246206e-02	9.325026e-02	4.353061e-01	1.761939e-01
1.433137e-02	1.000190e-01	4.331663e-01	1.889467e-01
1.648108e-02	1.072777e-01	4.301826e-01	2.026225e-01
1.895324e-02	1.150618e-01	4.259952e-01	2.172883e-01
2.179622e-02	1.234093e-01	4.206924e-01	2.330156e-01
2.506566e-02	1.323609e-01	4.143000e-01	2.498812e-01
2.882550e-02	1.419605e-01	4.068567e-01	2.679674e-01
3.314933e-02	1.522550e-01	3.982650e-01	2.873629e-01
3.812173e-02	1.632945e-01	3.886968e-01	3.081622e-01
4.383999e-02	1.751331e-01	3.779922e-01	3.304670e-01
5.041599e-02	1.878285e-01	3.670037e-01	3.543861e-01
5.797838e-02	2.014429e-01	3.547026e-01	3.800365e-01
6.667514e-02	2.160427e-01	3.413808e-01	4.075436e-01
7.667641e-02	2.316992e-01	3.280921e-01	4.370418e-01
8.817787e-02	2.484889e-01	3.131009e-01	4.686749e-01
1.014046e-01	2.664939e-01	2.996747e-01	5.025975e-01
1.166152e-01	2.858021e-01	2.846602e-01	5.389755e-01
1.341075e-01	3.065079e-01	2.693447e-01	5.779868e-01
1.542237e-01	3.287123e-01	2.548309e-01	6.198217e-01
1.773572e-01	3.525239e-01	2.386989e-01	6.646845e-01
2.039608e-01	3.780590e-01	2.246622e-01	7.127943e-01
2.345549e-01	4.054423e-01	2.096737e-01	7.643865e-01
2.697381e-01	4.348076e-01	1.956196e-01	8.197152e-01
3.101989e-01	4.662985e-01	1.825165e-01	8.790340e-01
3.567287e-01	5.000700e-01	1.686944e-01	9.427464e-01
4.102380e-01	5.362869e-01	1.566779e-01	1.011651e+00
4.717737e-01	5.751252e-01	1.444715e-01	1.086273e+00
5.425397e-01	6.167747e-01	1.337590e-01	1.167148e+00
6.239207e-01	6.614388e-01	1.228094e-01	1.254878e+00
7.175088e-01	7.093357e-01	1.133430e-01	1.350162e+00
8.251351e-01	7.600709e-01	1.045947e-01	1.453806e+00
9.489054e-01	8.052285e-01	9.693167e-02	1.566760e+00
1.091241e+00	8.652376e-01	8.912501e-02	1.614551e+00
1.254927e+00	9.467623e-01	8.014735e-02	1.647473e+00
1.443166e+00	1.035644e+00	7.181891e-02	1.678621e+00
1.659641e+00	1.135223e+00	6.386960e-02	1.708377e+00
1.908588e+00	1.241413e+00	5.754950e-02	1.737474e+00
2.194876e+00	1.358626e+00	5.173338e-02	1.766780e+00
2.524107e+00	1.487426e+00	4.673382e-02	1.797438e+00
2.902723e+00	1.621403e+00	4.209420e-02	1.830886e+00
3.338132e+00	1.765474e+00	3.787201e-02	1.868897e+00
3.838852e+00	1.896901e+00	3.413498e-02	1.913602e+00
4.414679e+00	2.040853e+00	3.044826e-02	1.967530e+00
5.076881e+00	2.199448e+00	2.763411e-02	2.033628e+00
5.838413e+00	2.335108e+00	2.474597e-02	2.115246e+00
6.714175e+00	2.473326e+00	2.209217e-02	2.216259e+00
7.721302e+00	2.593536e+00	1.986469e-02	2.340961e+00
8.879497e+00	2.704599e+00	1.745922e-02	2.494133e+00
1.021142e+01	2.811604e+00	1.585350e-02	2.681073e+00
1.174313e+01	2.903753e+00	1.409906e-02	2.907657e+00
1.350460e+01	2.995950e+00	1.254191e-02	3.180488e+00
1.553030e+01	3.071618e+00	1.122810e-02	3.507127e+00
1.785984e+01	3.132912e+00	9.836940e-03	3.896439e+00
2.053882e+01	3.188064e+00	8.824667e-03	4.359088e+00
2.361964e+01	3.216560e+00	7.793550e-03	4.908129e+00
2.716258e+01	3.237492e+00	6.929305e-03	5.559773e+00
3.123697e+01	3.238119e+00	6.192801e-03	6.334303e+00
3.592252e+01	3.215920e+00	5.462572e-03	7.257208e+00
4.131089e+01	3.179671e+00	4.884054e-03	8.360585e+00
4.750753e+01	3.133843e+00	4.326659e-03	9.684913e+00
5.463366e+01	3.075201e+00	3.872752e-03	1.128122e+01
6.282871e+01	2.998430e+00	3.432437e-03	1.321452e+01
7.225301e+01	3.360036e+00	3.050076e-03	1.556430e+01
8.309096e+01	3.157151e+00	2.673816e-03	1.843937e+01
9.555461e+01	2.962394e+00	2.377442e-03	2.197826e+01
1.098878e+02	2.768346e+00	2.115015e-03	2.633632e+01
1.263710e+02	2.577398e+00	1.868681e-03	3.172703e+01
1.453266e+02	2.390393e+00	1.658268e-03	3.842667e+01
1.671256e+02	2.210957e+00	1.448540e-03	4.678510e+01
1.921945e+02	2.039107e+00	1.282046e-03	5.724762e+01
2.210236e+02	1.870716e+00	1.123869e-03	7.041564e+01
2.541772e+02	1.711580e+00	9.959666e-04	8.709052e+01
2.923037e+02	1.568340e+00	8.799776e-04	1.082265e+02
3.361493e+02	1.438744e+00	7.758384e-04	1.349525e+02
3.865717e+02	1.316009e+00	6.883484e-04	1.688176e+02
4.445574e+02	1.200059e+00	6.015405e-04	2.118645e+02
5.112411e+02	1.091350e+00	5.393006e-04	2.667357e+02
5.879272e+02	9.900652e-01	4.752323e-04	3.368380e+02
6.761163e+02	8.964129e-01	4.178324e-04	4.265432e+02
7.775337e+02	8.092387e-01	3.699936e-04	5.415437e+02
8.941638e+02	7.291343e-01	3.199294e-04	6.892628e+02
1.028288e+03	6.565609e-01	2.870642e-04	8.790905e+02
1.182532e+03	5.916101e-01	2.516986e-04	1.122733e+03
1.359911e+03	5.325045e-01	2.209658e-04	1.435239e+03
1.563898e+03	4.791020e-01	1.950402e-04	1.836113e+03
1.798483e+03	4.311583e-01	1.684021e-04	2.350107e+03
2.068255e+03	3.881063e-01	1.490500e-04	3.008707e+03
2.378493e+03	3.494478e-01	1.298622e-04	3.851776e+03
2.735268e+03	3.149652e-01	1.139214e-04	4.929624e+03
3.145558e+03	2.843353e-01	1.005237e-04	6.305591e+03
3.617391e+03	2.570738e-01	8.751010e-05	8.059026e+03
4.160000e+03	2.328580e-01	7.718240e-05	1.028887e+04
4.784000e+03	2.114664e-01	6.754691e-05	1.311790e+04
5.501600e+03	1.925757e-01	5.965735e-05	1.669750e+04
6.326840e+03	1.758961e-01	5.217197e-05	2.121319e+04
7.275866e+03	1.612436e-01	4.578130e-05	2.689059e+04
8.367246e+03	1.484083e-01	0.000000e+00	3.400191e+04
9.622333e+03	1.371530e-01	0.000000e+00	4.287272e+04
