# Energy_MeV	dEdx_Elec_MeV_um	dEdx_Nucl_MeV_um	Range_um
1.000000e-05	2.335223e-03	3.255490e-02	4.950393e-03
1.150000e-05	2.525550e-03	3.563493e-02	5.308705e-03
1.322500e-05	2.729481e-03	3.911971e-02	5.692952e-03
1.520875e-05	2.948016e-03	4.293709e-02	6.105010e-03
1.749006e-05	3.182225e-03	4.698171e-02	6.546894e-03
2.011357e-05	3.433256e-03	5.154752e-02	7.020762e-03
2.313061e-05	3.702336e-03	5.626357e-02	7.528928e-03
2.660020e-05	3.990783e-03	6.150151e-02	8.073876e-03
3.059023e-05	4.300007e-03	6.709415e-02	8.658268e-03
3.517876e-05	4.631519e-03	7.298604e-02	9.284958e-03
4.045558e-05	4.986941e-03	7.954406e-02	9.957008e-03
4.652391e-05	5.368010e-03	8.633378e-02	1.067770e-02
5.350250e-05	5.776589e-03	9.368400e-02	1.145056e-02
6.152788e-05	6.214673e-03	1.013636e-01	1.227936e-02
7.075706e-05	6.684405e-03	1.097661e-01	1.316814e-02
8.137062e-05	7.188079e-03	1.186392e-01	1.412126e-02
9.357621e-05	7.728156e-03	1.282972e-01	1.514336e-02
1.076126e-04	8.307276e-03	1.380686e-01	1.623945e-02
1.237545e-04	8.928267e-03	1.483802e-01	1.741487e-02
1.423177e-04	9.594164e-03	1.594583e-01	1.867537e-02
1.636654e-04	1.030822e-02	1.709380e-01	2.002710e-02
1.882152e-04	1.107392e-02	1.833839e-01	2.147667e-02
2.164475e-04	1.189502e-02	1.958256e-01	2.303116e-02
2.489146e-04	1.277551e-02	2.091612e-01	2.469817e-02
2.862518e-04	1.371970e-02	2.223777e-01	2.648584e-02
3.291895e-04	1.473221e-02	2.360168e-01	2.840290e-02
3.785680e-04	1.581798e-02	2.501772e-01	3.045871e-02
4.353531e-04	1.698232e-02	2.641929e-01	3.266333e-02
5.006561e-04	1.823090e-02	2.791914e-01	3.502752e-02
5.757545e-04	1.956985e-02	2.925265e-01	3.756283e-02
6.621177e-04	2.100568e-02	3.069970e-01	4.028165e-02
7.614354e-04	2.254543e-02	3.217721e-01	4.319726e-02
8.756507e-04	2.419661e-02	3.355821e-01	4.632390e-02
1.006998e-03	2.596729e-02	3.506310e-01	4.967685e-02
1.158048e-03	2.786611e-02	3.627080e-01	5.327248e-02
1.331755e-03	2.990236e-02	3.759237e-01	5.712837e-02
1.531519e-03	3.208599e-02	3.887742e-01	6.126335e-02
1.761246e-03	3.442765e-02	4.003559e-01	6.569763e-02
2.025433e-03	3.693879e-02	4.126036e-01	7.045286e-02
2.329248e-03	3.963169e-02	4.225075e-01	7.555227e-02
2.678635e-03	4.251948e-02	4.325317e-01	8.102079e-02
3.080431e-03	4.561629e-02	4.413737e-01	8.688511e-02
3.542495e-03	4.893724e-02	4.489264e-01	9.317390e-02
4.073870e-03	5.249856e-02	4.564403e-01	9.990786e-02
4.684950e-03	5.631763e-02	4.623508e-01	1.071538e-01
5.387693e-03	6.041313e-02	4.677225e-01	1.149074e-01
6.195847e-03	6.480506e-02	4.718286e-01	1.232253e-01
7.125224e-03	6.951487e-02	4.754360e-01	1.321441e-01
8.194007e-03	7.456557e-02	4.780567e-01	1.417086e-01
9.423108e-03	7.998184e-02	4.802216e-01	1.519653e-01
1.083657e-02	8.579014e-02	4.806769e-01	1.629645e-01
1.246206e-02	9.201885e-02	4.802542e-01	1.747597e-01
1.433137e-02	9.869838e-02	4.788957e-01	1.874087e-01
1.648108e-02	1.058614e-01	4.763825e-01	2.009733e-01
1.895324e-02	1.135428e-01	4.730466e-01	2.155196e-01
2.179622e-02	1.217803e-01	4.681552e-01	2.311188e-01
2.506566e-02	1.306140e-01	4.622137e-01	2.478471e-01
2.882550e-02	1.400870e-01	4.549758e-01	2.657862e-01
3.314933e-02	1.502457e-01	4.466268e-01	2.850238e-01
3.812173e-02	1.611397e-01	4.369935e-01	3.056538e-01
4.383999e-02	1.728223e-01	4.263379e-01	3.277770e-01
5.041599e-02	1.853504e-01	4.143476e-01	3.515014e-01
5.797838e-02	1.987853e-01	4.022116e-01	3.769431e-01
6.667514e-02	2.131926e-01	3.885788e-01	4.042263e-01
7.667641e-02	2.286427e-01	3.738734e-01	4.334842e-01
8.817787e-02	2.452111e-01	3.589582e-01	4.648597e-01
1.014046e-01	2.629788e-01	3.425808e-01	4.985063e-01
1.166152e-01	2.820324e-01	3.276620e-01	5.345884e-01
1.341075e-01	3.024652e-01	3.111975e-01	5.732820e-01
1.542237e-01	3.243769e-01	2.943908e-01	6.147762e-01
1.773572e-01	3.478746e-01	2.780920e-01	6.592737e-01
2.039608e-01	3.730731e-01	2.607062e-01	7.069921e-01
2.345549e-01	4.000955e-01	2.449896e-01	7.581648e-01
2.697381e-01	4.290737e-01	2.287739e-01	8.130395e-01
3.101989e-01	4.601494e-01	2.132610e-01	8.718935e-01
3.567287e-01	4.934744e-01	1.988469e-01	9.349822e-01
4.102380e-01	5.292137e-01	1.839676e-01	1.002921e+00
4.717737e-01	5.675400e-01	1.704739e-01	1.076491e+00
5.425397e-01	6.086403e-01	1.574685e-01	1.156170e+00
6.239207e-01	6.527155e-01	1.454329e-01	1.242555e+00
7.175088e-01	6.999809e-01	1.335708e-01	1.336304e+00
8.251351e-01	7.506675e-01	1.234330e-01	1.438179e+00
9.489054e-01	8.001857e-01	1.135864e-01	1.549067e+00
1.091241e+00	8.491816e-01	1.056198e-01	1.670018e+00
1.254927e+00	9.216650e-01	9.686731e-02	1.714482e+00
1.443166e+00	1.008834e+00	8.680198e-02	1.744640e+00
1.659641e+00	1.103405e+00	7.785838e-02	1.772972e+00
1.908588e+00	1.207827e+00	6.891382e-02	1.799999e+00
2.194876e+00	1.323128e+00	6.250633e-02	1.826563e+00
2.524107e+00	1.446781e+00	5.599646e-02	1.853704e+00
2.902723e+00	1.584133e+00	5.068111e-02	1.882730e+00
3.338132e+00	1.728633e+00	4.572531e-02	1.915259e+00
3.838852e+00	1.873897e+00	4.098276e-02	1.953249e+00
4.414679e+00	2.022683e+00	3.703960e-02	1.999026e+00
5.076881e+00	2.180877e+00	3.295811e-02	2.055320e+00
5.838413e+00	2.348009e+00	2.997783e-02	2.125278e+00
6.714175e+00	2.498821e+00	2.686783e-02	2.212451e+00
7.721302e+00	2.640607e+00	2.399028e-02	2.320887e+00
8.879497e+00	2.781920e+00	2.148577e-02	2.455058e+00
1.021142e+01	2.894413e+00	1.897817e-02	2.619907e+00
1.174313e+01	3.010844e+00	1.717670e-02	2.820885e+00
1.350460e+01	3.119469e+00	1.529890e-02	3.064029e+00
1.553030e+01	3.214595e+00	1.361185e-02	3.356159e+00
1.785984e+01	3.307242e+00	1.213454e-02	3.705124e+00
2.053882e+01	3.369638e+00	1.068141e-02	4.120197e+00
2.361964e+01	3.427467e+00	9.544032e-03	4.612610e+00
2.716258e+01	3.468875e+00	8.451225e-03	5.196182e+00
3.123697e+01	3.488101e+00	7.501466e-03	5.888114e+00
3.592252e+01	3.495800e+00	6.702265e-03	6.709947e+00
4.131089e+01	3.467961e+00	5.929069e-03	7.688748e+00
4.750753e+01	3.433613e+00	5.279029e-03	8.858570e+00
5.463366e+01	3.390808e+00	4.695671e-03	1.026235e+01
6.282871e+01	3.326171e+00	4.185368e-03	1.195409e+01
7.225301e+01	3.837114e+00	3.714558e-03	1.400235e+01
8.309096e+01	3.601290e+00	3.301539e-03	1.649139e+01
9.555461e+01	3.392782e+00	2.878412e-03	1.954073e+01
1.098878e+02	3.184250e+00	2.578007e-03	2.328672e+01
1.263710e+02	2.977933e+00	2.282885e-03	2.789785e+01
1.453266e+02	2.772716e+00	2.021334e-03	3.360053e+01
1.671256e+02	2.573370e+00	1.794182e-03	4.068660e+01
1.921945e+02	2.382169e+00	1.558323e-03	4.952156e+01
2.210236e+02	2.196591e+00	1.388190e-03	6.058067e+01
2.541772e+02	2.017120e+00	1.212644e-03	7.451289e+01
2.923037e+02	1.847130e+00	1.076588e-03	9.214968e+01
3.361493e+02	1.698965e+00	9.535213e-04	1.144491e+02
3.865717e+02	1.560033e+00	8.371510e-04	1.426166e+02
4.445574e+02	1.427895e+00	7.450429e-04	1.783102e+02
5.112411e+02	1.302896e+00	6.500472e-04	2.236820e+02
5.879272e+02	1.185565e+00	5.836591e-04	2.815195e+02
6.761163e+02	1.076299e+00	5.149493e-04	3.554027e+02
7.775337e+02	9.748999e-01	4.528543e-04	4.499435e+02
8.941638e+02	8.803557e-01	3.990525e-04	5.711841e+02
1.028288e+03	7.936762e-01	3.473005e-04	7.269213e+02
1.182532e+03	7.156886e-01	3.103382e-04	9.269286e+02
1.359911e+03	6.450771e-01	2.726285e-04	1.183480e+03
1.563898e+03	5.808513e-01	2.393915e-04	1.512538e+03
1.798483e+03	5.229242e-01	2.102340e-04	1.934568e+03
2.068255e+03	4.708840e-01	1.825601e-04	2.475580e+03
2.378493e+03	4.240545e-01	1.608140e-04	3.168598e+03
2.735268e+03	3.820206e-01	1.405618e-04	4.055381e+03
3.145558e+03	3.446022e-01	1.230473e-04	5.188586e+03
3.617391e+03	3.113335e-01	1.085579e-04	6.634395e+03
4.160000e+03	2.816906e-01	9.482525e-05	8.475551e+03
4.784000e+03	2.554086e-01	8.321908e-05	1.081506e+04
5.501600e+03	2.322095e-01	7.318628e-05	1.378041e+04
6.326840e+03	2.117058e-01	6.431541e-05	1.752849e+04
7.275866e+03	1.936260e-01	5.633639e-05	2.225095e+04
8.367246e+03	1.777742e-01	4.944679e-05	2.818024e+04
9.622333e+03	1.638823e-01	0.000000e+00	3.559590e+04
