# Energy_MeV	dEdx_Elec_MeV_um	dEdx_Nucl_MeV_um	Range_um
1.000000e-05	2.254429e-03	3.263004e-02	5.153294e-03
1.150000e-05	2.437171e-03	3.576807e-02	5.526292e-03
1.322500e-05	2.632989e-03	3.925431e-02	5.926288e-03
1.520875e-05	2.842843e-03	4.305820e-02	6.355236e-03
1.749006e-05	3.067761e-03	4.715782e-02	6.815232e-03
2.011357e-05	3.308844e-03	5.174818e-02	7.308522e-03
2.313061e-05	3.567272e-03	5.651907e-02	7.837516e-03
2.660020e-05	3.844307e-03	6.186217e-02	8.404800e-03
3.059023e-05	4.141306e-03	6.743296e-02	9.013144e-03
3.517876e-05	4.459721e-03	7.342677e-02	9.665520e-03
4.045558e-05	4.801107e-03	8.001434e-02	1.036512e-02
4.652391e-05	5.167134e-03	8.688870e-02	1.111535e-02
5.350250e-05	5.559590e-03	9.453895e-02	1.191988e-02
6.152788e-05	5.980393e-03	1.021273e-01	1.278265e-02
7.075706e-05	6.431599e-03	1.106015e-01	1.370787e-02
8.137062e-05	6.915414e-03	1.197465e-01	1.470005e-02
9.357621e-05	7.434200e-03	1.292908e-01	1.576405e-02
1.076126e-04	7.990494e-03	1.396515e-01	1.690506e-02
1.237545e-04	8.587012e-03	1.498427e-01	1.812865e-02
1.423177e-04	9.226670e-03	1.610850e-01	1.944081e-02
1.636654e-04	9.912592e-03	1.730010e-01	2.084795e-02
1.882152e-04	1.064813e-02	1.853022e-01	2.235694e-02
2.164475e-04	1.143688e-02	1.984705e-01	2.397514e-02
2.489146e-04	1.228269e-02	2.116485e-01	2.571048e-02
2.862518e-04	1.318969e-02	2.254806e-01	2.757141e-02
3.291895e-04	1.416232e-02	2.396964e-01	2.956705e-02
3.785680e-04	1.520533e-02	2.538024e-01	3.170713e-02
4.353531e-04	1.632381e-02	2.687113e-01	3.400210e-02
5.006561e-04	1.752322e-02	2.835355e-01	3.646319e-02
5.757545e-04	1.880944e-02	2.980790e-01	3.910242e-02
6.621177e-04	2.018873e-02	3.128306e-01	4.193267e-02
7.614354e-04	2.166785e-02	3.277601e-01	4.496778e-02
8.756507e-04	2.325401e-02	3.423519e-01	4.822257e-02
1.006998e-03	2.495496e-02	3.579868e-01	5.171295e-02
1.158048e-03	2.677901e-02	3.710555e-01	5.545596e-02
1.331755e-03	2.873508e-02	3.847943e-01	5.946989e-02
1.531519e-03	3.083272e-02	3.979000e-01	6.377435e-02
1.761246e-03	3.308218e-02	4.102043e-01	6.839038e-02
2.025433e-03	3.549445e-02	4.231967e-01	7.334051e-02
2.329248e-03	3.808131e-02	4.337137e-01	7.864893e-02
2.678635e-03	4.085540e-02	4.447940e-01	8.434158e-02
3.080431e-03	4.383028e-02	4.537841e-01	9.044627e-02
3.542495e-03	4.702046e-02	4.620403e-01	9.699282e-02
4.073870e-03	5.044156e-02	4.700332e-01	1.039596e-01
4.684950e-03	5.411026e-02	4.763926e-01	1.115273e-01
5.387693e-03	5.804450e-02	4.827948e-01	1.196182e-01
6.195847e-03	6.226350e-02	4.868624e-01	1.282761e-01
7.125224e-03	6.678787e-02	4.908524e-01	1.375603e-01
8.194007e-03	7.163971e-02	4.941070e-01	1.475170e-01
9.423108e-03	7.684272e-02	4.962585e-01	1.581940e-01
1.083657e-02	8.242233e-02	4.976263e-01	1.696440e-01
1.246206e-02	8.840578e-02	4.972188e-01	1.819227e-01
1.433137e-02	9.482232e-02	4.961940e-01	1.950902e-01
1.648108e-02	1.017033e-01	4.940999e-01	2.092107e-01
1.895324e-02	1.090823e-01	4.908140e-01	2.243532e-01
2.179622e-02	1.169954e-01	4.863962e-01	2.405918e-01
2.506566e-02	1.254813e-01	4.805327e-01	2.580058e-01
2.882550e-02	1.345813e-01	4.735258e-01	2.766802e-01
3.314933e-02	1.443401e-01	4.652687e-01	2.967062e-01
3.812173e-02	1.548052e-01	4.557609e-01	3.181817e-01
4.383999e-02	1.660277e-01	4.450175e-01	3.412116e-01
5.041599e-02	1.780625e-01	4.331582e-01	3.659086e-01
5.797838e-02	1.909685e-01	4.206286e-01	3.923931e-01
6.667514e-02	2.048085e-01	4.069021e-01	4.207944e-01
7.667641e-02	2.196503e-01	3.921288e-01	4.512514e-01
8.817787e-02	2.355664e-01	3.768731e-01	4.839130e-01
1.014046e-01	2.526344e-01	3.600528e-01	5.189388e-01
1.166152e-01	2.709379e-01	3.444695e-01	5.564997e-01
1.341075e-01	2.905662e-01	3.275503e-01	5.967791e-01
1.542237e-01	3.116152e-01	3.104520e-01	6.399740e-01
1.773572e-01	3.341877e-01	2.936542e-01	6.862956e-01
2.039608e-01	3.583940e-01	2.754417e-01	7.359700e-01
2.345549e-01	3.843524e-01	2.592017e-01	7.892395e-01
2.697381e-01	4.121897e-01	2.417788e-01	8.463651e-01
3.101989e-01	4.420419e-01	2.259853e-01	9.076246e-01
3.567287e-01	4.740547e-01	2.108335e-01	9.733149e-01
4.102380e-01	5.083855e-01	1.952111e-01	1.043801e+00
4.717737e-01	5.452026e-01	1.812732e-01	1.119943e+00
5.425397e-01	5.846845e-01	1.667151e-01	1.202408e+00
6.239207e-01	6.270240e-01	1.548089e-01	1.291763e+00
7.175088e-01	6.724282e-01	1.423873e-01	1.388674e+00
8.251351e-01	7.211188e-01	1.307623e-01	1.493902e+00
9.489054e-01	7.733338e-01	1.210060e-01	1.608324e+00
1.091241e+00	8.201994e-01	1.120806e-01	1.732973e+00
1.254927e+00	8.763844e-01	1.034383e-01	1.838050e+00
1.443166e+00	9.576206e-01	9.349973e-02	1.872075e+00
1.659641e+00	1.047460e+00	8.332621e-02	1.903851e+00
1.908588e+00	1.147825e+00	7.446618e-02	1.933887e+00
2.194876e+00	1.254917e+00	6.672562e-02	1.962816e+00
2.524107e+00	1.374529e+00	6.026325e-02	1.991716e+00
2.902723e+00	1.504142e+00	5.431073e-02	2.021804e+00
3.338132e+00	1.643144e+00	4.881097e-02	2.054637e+00
3.838852e+00	1.796495e+00	4.411049e-02	2.092121e+00
4.414679e+00	1.934654e+00	3.962288e-02	2.136544e+00
5.076881e+00	2.088036e+00	3.552576e-02	2.190610e+00
5.838413e+00	2.254561e+00	3.206391e-02	2.257465e+00
6.714175e+00	2.409586e+00	2.876361e-02	2.340705e+00
7.721302e+00	2.567897e+00	2.577880e-02	2.444406e+00
8.879497e+00	2.698301e+00	2.312509e-02	2.573150e+00
1.021142e+01	2.828927e+00	2.036731e-02	2.731995e+00
1.174313e+01	2.946371e+00	1.841571e-02	2.926523e+00
1.350460e+01	3.055189e+00	1.640232e-02	3.162897e+00
1.553030e+01	3.166479e+00	1.462813e-02	3.447993e+00
1.785984e+01	3.252766e+00	1.308222e-02	3.789629e+00
2.053882e+01	3.332713e+00	1.147466e-02	4.196908e+00
2.361964e+01	3.398929e+00	1.028362e-02	4.680706e+00
2.716258e+01	3.444370e+00	9.057717e-03	5.254293e+00
3.123697e+01	3.482643e+00	8.071877e-03	5.934083e+00
3.592252e+01	3.492430e+00	7.211380e-03	6.740579e+00
4.131089e+01	3.484437e+00	6.369391e-03	7.699499e+00
4.750753e+01	3.454893e+00	5.695487e-03	8.843181e+00
5.463366e+01	3.416141e+00	5.017670e-03	1.021233e+01
6.282871e+01	3.366775e+00	4.512567e-03	1.185823e+01
7.225301e+01	3.293966e+00	4.008765e-03	1.384588e+01
8.309096e+01	3.731406e+00	3.547494e-03	1.625551e+01
9.555461e+01	3.512367e+00	3.128574e-03	1.919300e+01
1.098878e+02	3.303967e+00	2.759174e-03	2.280025e+01
1.263710e+02	3.095672e+00	2.466981e-03	2.723179e+01
1.453266e+02	2.890031e+00	2.183911e-03	3.269791e+01
1.671256e+02	2.687043e+00	1.929637e-03	3.947208e+01
1.921945e+02	2.491107e+00	1.696115e-03	4.790281e+01
2.210236e+02	2.303004e+00	1.491925e-03	5.842937e+01
2.541772e+02	2.119158e+00	1.316077e-03	7.163884e+01
2.923037e+02	1.943662e+00	1.162058e-03	8.832443e+01
3.361493e+02	1.782546e+00	1.023231e-03	1.094498e+02
3.865717e+02	1.639123e+00	9.074918e-04	1.361311e+02
4.445574e+02	1.502974e+00	8.013998e-04	1.698740e+02
5.112411e+02	1.373789e+00	7.048101e-04	2.126919e+02
5.879272e+02	1.252069e+00	6.274119e-04	2.671880e+02
6.761163e+02	1.138110e+00	5.540014e-04	3.367254e+02
7.775337e+02	1.032285e+00	4.883229e-04	4.256183e+02
8.941638e+02	9.337251e-01	4.320379e-04	5.394635e+02
1.028288e+03	8.425528e-01	3.737982e-04	6.855900e+02
1.182532e+03	7.592566e-01	3.342648e-04	8.733232e+02
1.359911e+03	6.848741e-01	2.935822e-04	1.114290e+03
1.563898e+03	6.169898e-01	2.579420e-04	1.423321e+03
1.798483e+03	5.554643e-01	2.278966e-04	1.819723e+03
2.068255e+03	5.001250e-01	1.967104e-04	2.328028e+03
2.378493e+03	4.503747e-01	1.741891e-04	2.979458e+03
2.735268e+03	4.056035e-01	1.512688e-04	3.813572e+03
3.145558e+03	3.655651e-01	1.328859e-04	4.880319e+03
3.617391e+03	3.299844e-01	1.173675e-04	6.242627e+03
4.160000e+03	2.983063e-01	1.021604e-04	7.979404e+03
4.784000e+03	2.701181e-01	9.026329e-05	1.018912e+04
5.501600e+03	2.451915e-01	7.848562e-05	1.299409e+04
6.326840e+03	2.231826e-01	6.970420e-05	1.654532e+04
7.275866e+03	2.037334e-01	6.112527e-05	2.102808e+04
8.367246e+03	1.866276e-01	5.337855e-05	2.666805e+04
9.622333e+03	1.716450e-01	4.629699e-05	3.373797e+04
