# Energy_MeV	dEdx_Elec_MeV_um	dEdx_Nucl_MeV_um	Range_um
1.000000e-05	2.294958e-03	1.605944e-02	9.920986e-03
1.150000e-05	2.470361e-03	1.734563e-02	1.063907e-02
1.322500e-05	2.658426e-03	1.869973e-02	1.140913e-02
1.520875e-05	2.860072e-03	2.007199e-02	1.223493e-02
1.749006e-05	3.076284e-03	2.164889e-02	1.312050e-02
2.011357e-05	3.308120e-03	2.315323e-02	1.407017e-02
2.313061e-05	3.556712e-03	2.480684e-02	1.508858e-02
2.660020e-05	3.823274e-03	2.655834e-02	1.618070e-02
3.059023e-05	4.109109e-03	2.831896e-02	1.735187e-02
3.517876e-05	4.415613e-03	3.016771e-02	1.860780e-02
4.045558e-05	4.744285e-03	3.196359e-02	1.995465e-02
4.652391e-05	5.096729e-03	3.392298e-02	2.139897e-02
5.350250e-05	5.474667e-03	3.586458e-02	2.294784e-02
6.152788e-05	5.879947e-03	3.780873e-02	2.460882e-02
7.075706e-05	6.314548e-03	3.970083e-02	2.639002e-02
8.137062e-05	6.780593e-03	4.167175e-02	2.830014e-02
9.357621e-05	7.280359e-03	4.372405e-02	3.034852e-02
1.076126e-04	7.816287e-03	4.554077e-02	3.254517e-02
1.237545e-04	8.390997e-03	4.754958e-02	3.490080e-02
1.423177e-04	9.007295e-03	4.927966e-02	3.742694e-02
1.636654e-04	9.668192e-03	5.110015e-02	4.013592e-02
1.882152e-04	1.037692e-02	5.291243e-02	4.304098e-02
2.164475e-04	1.113693e-02	5.442612e-02	4.615631e-02
2.489146e-04	1.195195e-02	5.609470e-02	4.949713e-02
2.862518e-04	1.282596e-02	5.753859e-02	5.307976e-02
3.291895e-04	1.376322e-02	5.887449e-02	5.692170e-02
3.785680e-04	1.476831e-02	6.010545e-02	6.104172e-02
4.353531e-04	1.584615e-02	6.120500e-02	6.545995e-02
5.006561e-04	1.700199e-02	6.223406e-02	7.019798e-02
5.757545e-04	1.824150e-02	6.307136e-02	7.527895e-02
6.621177e-04	1.957071e-02	6.377788e-02	8.072768e-02
7.614354e-04	2.099613e-02	6.438688e-02	8.657079e-02
8.756507e-04	2.252472e-02	6.499178e-02	9.283683e-02
1.006998e-03	2.416395e-02	6.529488e-02	9.953428e-02
1.158048e-03	2.592182e-02	6.555786e-02	1.067442e-01
1.331755e-03	2.780692e-02	6.571191e-02	1.144937e-01
1.531519e-03	2.982847e-02	6.563413e-02	1.227790e-01
1.761246e-03	3.199633e-02	6.554468e-02	1.316662e-01
2.025433e-03	3.432110e-02	6.517209e-02	1.411961e-01
2.329248e-03	3.681414e-02	6.470513e-02	1.514157e-01
2.678635e-03	3.948763e-02	6.411036e-02	1.623751e-01
3.080431e-03	4.235462e-02	6.329997e-02	1.741276e-01
3.542495e-03	4.542912e-02	6.235372e-02	1.867308e-01
4.073870e-03	4.872615e-02	6.123139e-02	2.002464e-01
4.684950e-03	5.226183e-02	5.993878e-02	2.147401e-01
5.387693e-03	5.605342e-02	5.851325e-02	2.302829e-01
6.195847e-03	6.011944e-02	5.693400e-02	2.469506e-01
7.125224e-03	6.447976e-02	5.527311e-02	2.648248e-01
8.194007e-03	6.915569e-02	5.341890e-02	2.839929e-01
9.423108e-03	7.417005e-02	5.142954e-02	3.045482e-01
1.083657e-02	7.954736e-02	4.944825e-02	3.265913e-01
1.246206e-02	8.531389e-02	4.725946e-02	3.502299e-01
1.433137e-02	9.149779e-02	4.519962e-02	3.755796e-01
1.648108e-02	9.812929e-02	4.293131e-02	4.027641e-01
1.895324e-02	1.052408e-01	4.062298e-02	4.319162e-01
2.179622e-02	1.128670e-01	3.847332e-02	4.631782e-01
2.506566e-02	1.210452e-01	3.610443e-02	4.967030e-01
2.882550e-02	1.298154e-01	3.389737e-02	5.326545e-01
3.314933e-02	1.392203e-01	3.171988e-02	5.712082e-01
3.812173e-02	1.493060e-01	2.960962e-02	6.125523e-01
4.383999e-02	1.601217e-01	2.755791e-02	6.568888e-01
5.041599e-02	1.717202e-01	2.553343e-02	7.044346e-01
5.797838e-02	1.841582e-01	2.367077e-02	7.554218e-01
6.667514e-02	1.974965e-01	2.194307e-02	8.101000e-01
7.667641e-02	2.118003e-01	2.026020e-02	8.687332e-01
8.817787e-02	2.271393e-01	1.844670e-02	9.316176e-01
1.014046e-01	2.435887e-01	1.722711e-02	9.990378e-01
1.166152e-01	2.612297e-01	1.596964e-02	1.071723e+00
1.341075e-01	2.801476e-01	1.456372e-02	1.150446e+00
1.542237e-01	3.004347e-01	1.338307e-02	1.235717e+00
1.773572e-01	3.221903e-01	1.202532e-02	1.328177e+00
2.039608e-01	3.455204e-01	1.094618e-02	1.426888e+00
2.345549e-01	3.705371e-01	9.798743e-03	1.505681e+00
2.697381e-01	3.913599e-01	8.706211e-03	1.585293e+00
3.101989e-01	4.102696e-01	7.877303e-03	1.665409e+00
3.567287e-01	4.391820e-01	7.065923e-03	1.745782e+00
4.102380e-01	4.705662e-01	6.418399e-03	1.826341e+00
4.717737e-01	5.003473e-01	5.743011e-03	1.907257e+00
5.425397e-01	5.278492e-01	5.168002e-03	1.988992e+00
6.239207e-01	5.554392e-01	4.657309e-03	2.072421e+00
7.175088e-01	5.770346e-01	4.196071e-03	2.158872e+00
8.251351e-01	5.982140e-01	3.759168e-03	2.250234e+00
9.489054e-01	6.153240e-01	3.350724e-03	2.349050e+00
1.091241e+00	6.272307e-01	3.026040e-03	2.458619e+00
1.254927e+00	6.372513e-01	2.679193e-03	2.583113e+00
1.443166e+00	6.467305e-01	2.412837e-03	2.727705e+00
1.659641e+00	6.545704e-01	2.144544e-03	2.898709e+00
1.908588e+00	6.587810e-01	1.903467e-03	3.103750e+00
2.194876e+00	6.595828e-01	1.712161e-03	3.351956e+00
2.524107e+00	6.586478e-01	1.506374e-03	3.654173e+00
2.902723e+00	6.534700e-01	1.339610e-03	4.023241e+00
3.338132e+00	6.462837e-01	1.190411e-03	4.474339e+00
3.838852e+00	6.364945e-01	1.058860e-03	5.025480e+00
4.414679e+00	6.232750e-01	9.392401e-04	5.698218e+00
5.076881e+00	6.074820e-01	8.324963e-04	6.518646e+00
5.838413e+00	5.886942e-01	7.417978e-04	7.518840e+00
6.714175e+00	5.675366e-01	6.629162e-04	8.738804e+00
7.721302e+00	5.436455e-01	5.904404e-04	1.022913e+01
8.879497e+00	5.186303e-01	5.149129e-04	1.205453e+01
1.021142e+01	4.916695e-01	4.642873e-04	1.429848e+01
1.174313e+01	4.658784e-01	4.095670e-04	1.706926e+01
1.350460e+01	4.374675e-01	3.614783e-04	2.050769e+01
1.553030e+01	4.057656e-01	3.233241e-04	2.479708e+01
1.785984e+01	3.771042e-01	2.802985e-04	3.017529e+01
2.053882e+01	3.728162e-01	2.525589e-04	3.695013e+01
2.361964e+01	3.396581e-01	2.220714e-04	4.551650e+01
2.716258e+01	3.091298e-01	1.944259e-04	5.641633e+01
3.123697e+01	2.807512e-01	1.722491e-04	7.029120e+01
3.592252e+01	2.542404e-01	1.509007e-04	8.796468e+01
4.131089e+01	2.294634e-01	1.347095e-04	1.105148e+02
4.750753e+01	2.066531e-01	1.180048e-04	1.393265e+02
5.463366e+01	1.858949e-01	1.044297e-04	1.761451e+02
6.282871e+01	1.667423e-01	9.262854e-05	2.232444e+02
7.225301e+01	1.490995e-01	8.209409e-05	2.836909e+02
8.309096e+01	1.332635e-01	7.227782e-05	3.613693e+02
9.555461e+01	1.199347e-01	6.350400e-05	4.608170e+02
1.098878e+02	1.078187e-01	5.655373e-05	5.878419e+02
1.263710e+02	9.683728e-02	4.924410e-05	7.502629e+02
1.453266e+02	8.688957e-02	4.380058e-05	9.581692e+02
1.671256e+02	7.790128e-02	0.000000e+00	1.224582e+03
1.921945e+02	6.982300e-02	0.000000e+00	1.566169e+03
2.210236e+02	6.253847e-02	0.000000e+00	2.004384e+03
2.541772e+02	5.593876e-02	0.000000e+00	2.567281e+03
2.923037e+02	5.003454e-02	0.000000e+00	3.290830e+03
3.361493e+02	4.484912e-02	0.000000e+00	4.219961e+03
3.865717e+02	4.022307e-02	0.000000e+00	5.411315e+03
4.445574e+02	3.607977e-02	0.000000e+00	6.938635e+03
5.112411e+02	3.237881e-02	0.000000e+00	8.896087e+03
5.879272e+02	2.907660e-02	0.000000e+00	1.140348e+04
6.761163e+02	2.613636e-02	0.000000e+00	1.461289e+04
7.775337e+02	2.352208e-02	0.000000e+00	1.871659e+04
8.941638e+02	2.119947e-02	0.000000e+00	2.395710e+04
1.028288e+03	1.913818e-02	0.000000e+00	3.063910e+04
1.182532e+03	1.731046e-02	0.000000e+00	3.914344e+04
1.359911e+03	1.569355e-02	0.000000e+00	4.994389e+04
1.563898e+03	1.426568e-02	0.000000e+00	6.362654e+04
1.798483e+03	1.300566e-02	0.000000e+00	8.091175e+04
2.068255e+03	1.189598e-02	0.000000e+00	1.026788e+05
2.378493e+03	1.092160e-02	0.000000e+00	1.299926e+05
2.735268e+03	1.006857e-02	0.000000e+00	1.641323e+05
3.145558e+03	9.324252e-03	0.000000e+00	2.066203e+05
3.617391e+03	8.677358e-03	0.000000e+00	2.592512e+05
4.160000e+03	8.117546e-03	0.000000e+00	3.241195e+05
4.784000e+03	7.635437e-03	0.000000e+00	4.036448e+05
5.501600e+03	7.223101e-03	0.000000e+00	5.005934e+05
6.326840e+03	6.873586e-03	0.000000e+00	6.180950e+05
7.275866e+03	6.580448e-03	0.000000e+00	7.596578e+05
8.367246e+03	6.335625e-03	0.000000e+00	9.291983e+05
9.622333e+03	6.126046e-03	0.000000e+00	1.131280e+06
