# Energy_MeV	dEdx_Elec_MeV_um	dEdx_Nucl_MeV_um	Range_um
1.000000e-05	2.465489e-03	2.876834e-02	5.402943e-03
1.150000e-05	2.664131e-03	3.143451e-02	5.794011e-03
1.322500e-05	2.877003e-03	3.437674e-02	6.213385e-03
1.520875e-05	3.105150e-03	3.750881e-02	6.663113e-03
1.749006e-05	3.349687e-03	4.083854e-02	7.145393e-03
2.011357e-05	3.611812e-03	4.450462e-02	7.662580e-03
2.313061e-05	3.892806e-03	4.832133e-02	8.217201e-03
2.660020e-05	4.194044e-03	5.250581e-02	8.811967e-03
3.059023e-05	4.516999e-03	5.677412e-02	9.449782e-03
3.517876e-05	4.863250e-03	6.157100e-02	1.013376e-02
4.045558e-05	5.234488e-03	6.657492e-02	1.086725e-02
4.652391e-05	5.632529e-03	7.185849e-02	1.165383e-02
5.350250e-05	6.059317e-03	7.764008e-02	1.249734e-02
6.152788e-05	6.516939e-03	8.327814e-02	1.340190e-02
7.075706e-05	7.007630e-03	8.967417e-02	1.437194e-02
8.137062e-05	7.533788e-03	9.617426e-02	1.541219e-02
9.357621e-05	8.097983e-03	1.029771e-01	1.652773e-02
1.076126e-04	8.702973e-03	1.103726e-01	1.772401e-02
1.237545e-04	9.351713e-03	1.176700e-01	1.900689e-02
1.423177e-04	1.004737e-02	1.254071e-01	2.038261e-02
1.636654e-04	1.079335e-02	1.331540e-01	2.185792e-02
1.882152e-04	1.159329e-02	1.411135e-01	2.344001e-02
2.164475e-04	1.245110e-02	1.494259e-01	2.513661e-02
2.489146e-04	1.337098e-02	1.576239e-01	2.695601e-02
2.862518e-04	1.435741e-02	1.656995e-01	2.890710e-02
3.291895e-04	1.541521e-02	1.738370e-01	3.099941e-02
3.785680e-04	1.654956e-02	1.824565e-01	3.324316e-02
4.353531e-04	1.776599e-02	1.902757e-01	3.564932e-02
5.006561e-04	1.907045e-02	1.989244e-01	3.822964e-02
5.757545e-04	2.046930e-02	2.062561e-01	4.099672e-02
6.621177e-04	2.196940e-02	2.138093e-01	4.396408e-02
7.614354e-04	2.357805e-02	2.214991e-01	4.714623e-02
8.756507e-04	2.530313e-02	2.280267e-01	5.055870e-02
1.006998e-03	2.715305e-02	2.352624e-01	5.421816e-02
1.158048e-03	2.913687e-02	2.412135e-01	5.814250e-02
1.331755e-03	3.126426e-02	2.471844e-01	6.235088e-02
1.531519e-03	3.354562e-02	2.524190e-01	6.686387e-02
1.761246e-03	3.599209e-02	2.570302e-01	7.170352e-02
2.025433e-03	3.861564e-02	2.615132e-01	7.689346e-02
2.329248e-03	4.142907e-02	2.650082e-01	8.243260e-02
2.678635e-03	4.444613e-02	2.684135e-01	8.841183e-02
3.080431e-03	4.768156e-02	2.708209e-01	9.483093e-02
3.542495e-03	5.115116e-02	2.732361e-01	1.016936e-01
4.073870e-03	5.487189e-02	2.748939e-01	1.090544e-01
4.684950e-03	5.886192e-02	2.760393e-01	1.169477e-01
5.387693e-03	6.314075e-02	2.768966e-01	1.254123e-01
6.195847e-03	6.772928e-02	2.766323e-01	1.344895e-01
7.125224e-03	7.264992e-02	2.762069e-01	1.442237e-01
8.194007e-03	7.792671e-02	2.749505e-01	1.546625e-01
9.423108e-03	8.358544e-02	2.730906e-01	1.658570e-01
1.083657e-02	8.965375e-02	2.707150e-01	1.778616e-01
1.246206e-02	9.616128e-02	2.674383e-01	1.907351e-01
1.433137e-02	1.031398e-01	2.635763e-01	2.045404e-01
1.648108e-02	1.106235e-01	2.589840e-01	2.193450e-01
1.895324e-02	1.186488e-01	2.537056e-01	2.352212e-01
2.179622e-02	1.272550e-01	2.477611e-01	2.522465e-01
2.506566e-02	1.364841e-01	2.411745e-01	2.705040e-01
2.882550e-02	1.463812e-01	2.342493e-01	2.900830e-01
3.314933e-02	1.569947e-01	2.266430e-01	3.110793e-01
3.812173e-02	1.683764e-01	2.182716e-01	3.335952e-01
4.383999e-02	1.805819e-01	2.099824e-01	3.577408e-01
5.041599e-02	1.936708e-01	2.006076e-01	3.836340e-01
5.797838e-02	2.077071e-01	1.920040e-01	4.114015e-01
6.667514e-02	2.227594e-01	1.826435e-01	4.411789e-01
7.667641e-02	2.389011e-01	1.728048e-01	4.731115e-01
8.817787e-02	2.562112e-01	1.637802e-01	5.073554e-01
1.014046e-01	2.747742e-01	1.535631e-01	5.440777e-01
1.166152e-01	2.946809e-01	1.445345e-01	5.834582e-01
1.341075e-01	3.160283e-01	1.350161e-01	6.256892e-01
1.542237e-01	3.389209e-01	1.260186e-01	6.709771e-01
1.773572e-01	3.634705e-01	1.175909e-01	7.195410e-01
2.039608e-01	3.897970e-01	1.087932e-01	7.716250e-01
2.345549e-01	4.180294e-01	1.011596e-01	8.274717e-01
2.697381e-01	4.483072e-01	9.325873e-02	8.877042e-01
3.101989e-01	4.807764e-01	8.649556e-02	9.529409e-01
3.567287e-01	5.155958e-01	7.925422e-02	1.023609e+00
4.102380e-01	5.529355e-01	7.316091e-02	1.100237e+00
4.717737e-01	5.929779e-01	6.785692e-02	1.183419e+00
5.425397e-01	6.359186e-01	6.238594e-02	1.273837e+00
6.239207e-01	6.771168e-01	5.757459e-02	1.322668e+00
7.175088e-01	7.208724e-01	5.204153e-02	1.365090e+00
8.251351e-01	7.891172e-01	4.669620e-02	1.406353e+00
9.489054e-01	8.653640e-01	4.187018e-02	1.446542e+00
1.091241e+00	9.479795e-01	3.726404e-02	1.485887e+00
1.254927e+00	1.035827e+00	3.370847e-02	1.524801e+00
1.443166e+00	1.132883e+00	3.032731e-02	1.563914e+00
1.659641e+00	1.231698e+00	2.738459e-02	1.604110e+00
1.908588e+00	1.336720e+00	2.466843e-02	1.646573e+00
2.194876e+00	1.443644e+00	2.213748e-02	1.692824e+00
2.524107e+00	1.535469e+00	1.988461e-02	1.744747e+00
2.902723e+00	1.629016e+00	1.793803e-02	1.804676e+00
3.338132e+00	1.726537e+00	1.611704e-02	1.875395e+00
3.838852e+00	1.820270e+00	1.434823e-02	1.960180e+00
4.414679e+00	1.904772e+00	1.295893e-02	2.062845e+00
5.076881e+00	1.975165e+00	1.139892e-02	2.187756e+00
5.838413e+00	2.044597e+00	1.031427e-02	2.339893e+00
6.714175e+00	2.097958e+00	9.192603e-03	2.524868e+00
7.721302e+00	2.148555e+00	8.141836e-03	2.749012e+00
8.879497e+00	2.195972e+00	7.334894e-03	3.019520e+00
1.021142e+01	2.227329e+00	6.415081e-03	3.344681e+00
1.174313e+01	2.254458e+00	5.753944e-03	3.734238e+00
1.350460e+01	2.266100e+00	5.082072e-03	4.199888e+00
1.553030e+01	2.268660e+00	4.516943e-03	4.755951e+00
1.785984e+01	2.263040e+00	4.033117e-03	5.420213e+00
2.053882e+01	2.240603e+00	3.551916e-03	6.214978e+00
2.361964e+01	2.210041e+00	3.187662e-03	7.168396e+00
2.716258e+01	2.165457e+00	2.817212e-03	8.316116e+00
3.123697e+01	2.113873e+00	2.529902e-03	9.703362e+00
3.592252e+01	2.054357e+00	2.231250e-03	1.138765e+01
4.131089e+01	1.984689e+00	1.987166e-03	1.344208e+01
4.750753e+01	2.158244e+00	1.758191e-03	1.595935e+01
5.463366e+01	2.008376e+00	1.544555e-03	1.905755e+01
6.282871e+01	1.869933e+00	1.384869e-03	2.290057e+01
7.225301e+01	1.735388e+00	1.215546e-03	2.767403e+01
8.309096e+01	1.604943e+00	1.081203e-03	3.362040e+01
9.555461e+01	1.478213e+00	9.535899e-04	4.105969e+01
1.098878e+02	1.357317e+00	8.343144e-04	5.040460e+01
1.263710e+02	1.243167e+00	7.377345e-04	6.217604e+01
1.453266e+02	1.133800e+00	6.496801e-04	7.706055e+01
1.671256e+02	1.030008e+00	5.752314e-04	9.599216e+01
1.921945e+02	9.341150e-01	5.083383e-04	1.201454e+02
2.210236e+02	8.512084e-01	4.482496e-04	1.508841e+02
2.541772e+02	7.737334e-01	3.952102e-04	1.899819e+02
2.923037e+02	7.014902e-01	3.514619e-04	2.398366e+02
3.361493e+02	6.344501e-01	3.104672e-04	3.035476e+02
3.865717e+02	5.726043e-01	2.717910e-04	3.851211e+02
4.445574e+02	5.160247e-01	2.425276e-04	4.896900e+02
5.112411e+02	4.641897e-01	2.090590e-04	6.238732e+02
5.879272e+02	4.166867e-01	1.874595e-04	7.963320e+02
6.761163e+02	3.737758e-01	1.644679e-04	1.018151e+03
7.775337e+02	3.358515e-01	1.437435e-04	1.303163e+03
8.941638e+02	3.017182e-01	1.279724e-04	1.668834e+03
1.028288e+03	2.709466e-01	1.098356e-04	2.137902e+03
1.182532e+03	2.433755e-01	9.756061e-05	2.739353e+03
1.359911e+03	2.187308e-01	8.487663e-05	3.510057e+03
1.563898e+03	1.967141e-01	7.455362e-05	4.496780e+03
1.798483e+03	1.770893e-01	6.569367e-05	5.758634e+03
2.068255e+03	1.596571e-01	5.692838e-05	7.370149e+03
2.378493e+03	1.441823e-01	5.057620e-05	9.424937e+03
2.735268e+03	1.304475e-01	4.406489e-05	1.203996e+04
3.145558e+03	1.182994e-01	0.000000e+00	1.536072e+04
3.617391e+03	1.075776e-01	0.000000e+00	1.956711e+04
4.160000e+03	9.811465e-02	0.000000e+00	2.488020e+04
4.784000e+03	8.978529e-02	0.000000e+00	3.156971e+04
5.501600e+03	8.248108e-02	0.000000e+00	3.996221e+04
6.326840e+03	7.608067e-02	0.000000e+00	5.044972e+04
7.275866e+03	7.048330e-02	0.000000e+00	6.349861e+04
8.367246e+03	6.561853e-02	0.000000e+00	7.965834e+04
9.622333e+03	6.141095e-02	0.000000e+00	9.956991e+04
