# Energy_MeV	dEdx_Elec_MeV_um	dEdx_Nucl_MeV_um	Range_um
1.000000e-05	2.305059e-03	1.962720e-02	8.784708e-03
1.150000e-05	2.482593e-03	2.128146e-02	9.420550e-03
1.322500e-05	2.672933e-03	2.303150e-02	1.010241e-02
1.520875e-05	2.877009e-03	2.483800e-02	1.083363e-02
1.749006e-05	3.095818e-03	2.684352e-02	1.161778e-02
2.011357e-05	3.330430e-03	2.880408e-02	1.245868e-02
2.313061e-05	3.581992e-03	3.101947e-02	1.336044e-02
2.660020e-05	3.851732e-03	3.329800e-02	1.432748e-02
3.059023e-05	4.140968e-03	3.562151e-02	1.536451e-02
3.517876e-05	4.451114e-03	3.820276e-02	1.647660e-02
4.045558e-05	4.783685e-03	4.074087e-02	1.766919e-02
4.652391e-05	5.140306e-03	4.341699e-02	1.894809e-02
5.350250e-05	5.522719e-03	4.610771e-02	2.031956e-02
6.152788e-05	5.932793e-03	4.890108e-02	2.179030e-02
7.075706e-05	6.372531e-03	5.180244e-02	2.336750e-02
8.137062e-05	6.844081e-03	5.463401e-02	2.505885e-02
9.357621e-05	7.349747e-03	5.743734e-02	2.687262e-02
1.076126e-04	7.892000e-03	6.026561e-02	2.881768e-02
1.237545e-04	8.473488e-03	6.337579e-02	3.090352e-02
1.423177e-04	9.097052e-03	6.603372e-02	3.314033e-02
1.636654e-04	9.765740e-03	6.897445e-02	3.553904e-02
1.882152e-04	1.048282e-02	7.165336e-02	3.811138e-02
2.164475e-04	1.125179e-02	7.421745e-02	4.086990e-02
2.489146e-04	1.207641e-02	7.704804e-02	4.382808e-02
2.862518e-04	1.296070e-02	7.925899e-02	4.700038e-02
3.291895e-04	1.390900e-02	8.171202e-02	5.040230e-02
3.785680e-04	1.492593e-02	8.393369e-02	5.405044e-02
4.353531e-04	1.601645e-02	8.595569e-02	5.796264e-02
5.006561e-04	1.718590e-02	8.787490e-02	6.215801e-02
5.757545e-04	1.843999e-02	8.945562e-02	6.665704e-02
6.621177e-04	1.978485e-02	9.105675e-02	7.148171e-02
7.614354e-04	2.122705e-02	9.234380e-02	7.665559e-02
8.756507e-04	2.277362e-02	9.348711e-02	8.220397e-02
1.006998e-03	2.443214e-02	9.440847e-02	8.815393e-02
1.158048e-03	2.621069e-02	9.526394e-02	9.453456e-02
1.331755e-03	2.811798e-02	9.589457e-02	1.013348e-01
1.531519e-03	3.016331e-02	9.627014e-02	1.086958e-01
1.761246e-03	3.235667e-02	9.661239e-02	1.165870e-01
2.025433e-03	3.470880e-02	9.655438e-02	1.250246e-01
2.329248e-03	3.723117e-02	9.643480e-02	1.340739e-01
2.678635e-03	3.993610e-02	9.604097e-02	1.437782e-01
3.080431e-03	4.283682e-02	9.539065e-02	1.541847e-01
3.542495e-03	4.594749e-02	9.460945e-02	1.653444e-01
4.073870e-03	4.928331e-02	9.349869e-02	1.773119e-01
4.684950e-03	5.286058e-02	9.218118e-02	1.901456e-01
5.387693e-03	5.669677e-02	9.061343e-02	2.039083e-01
6.195847e-03	6.081062e-02	8.880490e-02	2.186671e-01
7.125224e-03	6.522224e-02	8.675993e-02	2.344941e-01
8.194007e-03	6.995317e-02	8.449923e-02	2.514666e-01
9.423108e-03	7.502652e-02	8.211058e-02	2.696678e-01
1.083657e-02	8.046709e-02	7.949525e-02	2.891863e-01
1.246206e-02	8.630144e-02	7.654706e-02	3.101175e-01
1.433137e-02	9.255809e-02	7.371797e-02	3.325637e-01
1.648108e-02	9.926759e-02	7.051633e-02	3.566346e-01
1.895324e-02	1.064627e-01	6.745963e-02	3.824479e-01
2.179622e-02	1.141787e-01	6.426966e-02	4.101296e-01
2.506566e-02	1.224531e-01	6.072410e-02	4.398147e-01
2.882550e-02	1.313264e-01	5.765611e-02	4.716484e-01
3.314933e-02	1.408420e-01	5.417803e-02	5.057864e-01
3.812173e-02	1.510463e-01	5.090089e-02	5.423954e-01
4.383999e-02	1.619892e-01	4.766546e-02	5.816540e-01
5.041599e-02	1.737241e-01	4.443360e-02	6.237541e-01
5.797838e-02	1.863085e-01	4.152928e-02	6.689015e-01
6.667514e-02	1.998037e-01	3.844893e-02	7.173169e-01
7.667641e-02	2.142757e-01	3.570715e-02	7.692365e-01
8.817787e-02	2.297952e-01	3.303302e-02	8.249144e-01
1.014046e-01	2.464379e-01	3.057676e-02	8.846201e-01
1.166152e-01	2.642854e-01	2.802233e-02	9.486515e-01
1.341075e-01	2.834248e-01	2.585734e-02	1.017321e+00
1.542237e-01	3.039506e-01	2.407798e-02	1.091420e+00
1.773572e-01	3.259621e-01	2.203173e-02	1.171676e+00
2.039608e-01	3.495667e-01	2.029825e-02	1.258621e+00
2.345549e-01	3.748799e-01	1.839547e-02	1.352906e+00
2.697381e-01	4.020238e-01	1.658002e-02	1.440054e+00
3.101989e-01	4.311310e-01	1.495768e-02	1.514859e+00
3.567287e-01	4.556519e-01	1.322144e-02	1.590220e+00
4.102380e-01	4.810489e-01	1.196992e-02	1.665839e+00
4.717737e-01	5.196643e-01	1.076640e-02	1.741494e+00
5.425397e-01	5.604889e-01	9.741905e-03	1.817170e+00
6.239207e-01	6.019406e-01	8.757369e-03	1.893053e+00
7.175088e-01	6.402598e-01	7.842576e-03	1.969615e+00
8.251351e-01	6.798225e-01	7.071809e-03	2.047695e+00
9.489054e-01	7.138821e-01	6.372078e-03	2.128561e+00
1.091241e+00	7.463494e-01	5.741854e-03	2.214018e+00
1.254927e+00	7.755822e-01	5.077279e-03	2.306473e+00
1.443166e+00	7.954434e-01	4.609118e-03	2.409038e+00
1.659641e+00	8.145565e-01	4.082187e-03	2.525632e+00
1.908588e+00	8.337526e-01	3.662357e-03	2.661087e+00
2.194876e+00	8.495773e-01	3.283666e-03	2.821263e+00
2.524107e+00	8.617953e-01	2.882891e-03	3.013196e+00
2.902723e+00	8.682719e-01	2.611400e-03	3.245228e+00
3.338132e+00	8.729414e-01	2.300868e-03	3.527193e+00
3.838852e+00	8.723954e-01	2.044227e-03	3.870625e+00
4.414679e+00	8.689795e-01	1.817464e-03	4.289055e+00
5.076881e+00	8.629461e-01	1.607059e-03	4.798440e+00
5.838413e+00	8.511621e-01	1.437837e-03	5.417785e+00
6.714175e+00	8.363629e-01	1.268247e-03	6.170048e+00
7.721302e+00	8.169700e-01	1.133233e-03	7.083408e+00
8.879497e+00	7.940230e-01	1.008618e-03	8.192966e+00
1.021142e+01	7.672529e-01	9.007001e-04	9.543036e+00
1.174313e+01	7.377301e-01	7.932000e-04	1.119010e+01
1.350460e+01	7.057299e-01	7.061207e-04	1.320670e+01
1.553030e+01	6.728119e-01	6.288646e-04	1.568638e+01
1.785984e+01	6.365670e-01	5.493836e-04	1.875008e+01
2.053882e+01	5.960764e-01	4.939827e-04	2.255428e+01
2.361964e+01	5.579934e-01	4.320317e-04	2.730131e+01
2.716258e+01	5.553252e-01	3.844021e-04	3.325057e+01
3.123697e+01	5.079134e-01	3.413550e-04	4.073847e+01
3.592252e+01	4.641228e-01	2.963824e-04	5.022369e+01
4.131089e+01	4.230697e-01	2.632666e-04	6.224124e+01
4.750753e+01	3.844342e-01	2.313562e-04	7.749302e+01
5.463366e+01	3.481138e-01	2.056700e-04	9.689593e+01
6.282871e+01	3.144958e-01	1.811659e-04	1.216289e+02
7.225301e+01	2.836833e-01	1.591121e-04	1.531823e+02
8.309096e+01	2.549402e-01	1.411292e-04	1.935157e+02
9.555461e+01	2.284294e-01	1.250936e-04	2.452723e+02
1.098878e+02	2.047091e-01	1.110634e-04	3.117582e+02
1.263710e+02	1.844443e-01	9.638213e-05	3.968347e+02
1.453266e+02	1.659588e-01	8.655189e-05	5.055340e+02
1.671256e+02	1.491428e-01	7.526515e-05	6.445863e+02
1.921945e+02	1.338754e-01	6.673647e-05	8.226654e+02
2.210236e+02	1.200611e-01	5.898360e-05	1.050954e+03
2.541772e+02	1.076314e-01	5.101886e-05	1.343756e+03
2.923037e+02	9.639272e-02	4.570078e-05	1.719515e+03
3.361493e+02	8.622602e-02	0.000000e+00	2.202342e+03
3.865717e+02	7.713016e-02	0.000000e+00	2.823028e+03
4.445574e+02	6.916191e-02	0.000000e+00	3.619967e+03
5.112411e+02	6.202982e-02	0.000000e+00	4.641779e+03
5.879272e+02	5.564295e-02	0.000000e+00	5.951791e+03
6.761163e+02	4.993944e-02	0.000000e+00	7.630658e+03
7.775337e+02	4.485146e-02	0.000000e+00	9.781052e+03
8.941638e+02	4.032191e-02	0.000000e+00	1.253321e+04
1.028288e+03	3.629478e-02	0.000000e+00	1.605174e+04
1.182532e+03	3.271784e-02	0.000000e+00	2.054420e+04
1.359911e+03	2.954356e-02	0.000000e+00	2.627121e+04
1.563898e+03	2.672933e-02	0.000000e+00	3.355830e+04
1.798483e+03	2.424056e-02	0.000000e+00	4.281022e+04
2.068255e+03	2.204314e-02	0.000000e+00	5.452727e+04
2.378493e+03	2.010421e-02	0.000000e+00	6.932386e+04
2.735268e+03	1.839725e-02	0.000000e+00	8.794930e+04
3.145558e+03	1.689910e-02	0.000000e+00	1.113102e+05
3.617391e+03	1.558791e-02	0.000000e+00	1.404943e+05
4.160000e+03	1.444412e-02	0.000000e+00	1.767947e+05
4.784000e+03	1.345058e-02	0.000000e+00	2.217340e+05
5.501600e+03	1.259128e-02	0.000000e+00	2.770870e+05
6.326840e+03	1.185169e-02	0.000000e+00	3.449014e+05
7.275866e+03	1.121977e-02	0.000000e+00	4.275148e+05
8.367246e+03	1.068483e-02	0.000000e+00	5.275699e+05
9.622333e+03	1.023681e-02	0.000000e+00	6.480228e+05
