# Energy_MeV	dEdx_Elec_MeV_um	dEdx_Nucl_MeV_um	Range_um
1.000000e-05	2.147707e-03	2.742611e-02	7.378779e-03
1.150000e-05	2.315313e-03	2.989511e-02	7.912859e-03
1.322500e-05	2.494988e-03	3.254055e-02	8.485596e-03
1.520875e-05	2.687612e-03	3.545791e-02	9.099787e-03
1.749006e-05	2.894126e-03	3.848646e-02	9.758435e-03
2.011357e-05	3.115540e-03	4.174318e-02	1.046476e-02
2.313061e-05	3.352936e-03	4.516518e-02	1.122220e-02
2.660020e-05	3.607475e-03	4.896641e-02	1.203447e-02
3.059023e-05	3.880399e-03	5.285273e-02	1.290553e-02
3.517876e-05	4.173043e-03	5.715367e-02	1.383964e-02
4.045558e-05	4.486837e-03	6.148917e-02	1.484136e-02
4.652391e-05	4.823314e-03	6.607881e-02	1.591559e-02
5.350250e-05	5.184118e-03	7.110818e-02	1.706756e-02
6.152788e-05	5.571012e-03	7.611687e-02	1.830292e-02
7.075706e-05	5.985885e-03	8.165481e-02	1.962770e-02
8.137062e-05	6.430766e-03	8.720835e-02	2.104836e-02
9.357621e-05	6.907827e-03	9.310643e-02	2.257185e-02
1.076126e-04	7.419399e-03	9.903684e-02	2.420562e-02
1.237545e-04	7.967981e-03	1.050721e-01	2.595763e-02
1.423177e-04	8.556254e-03	1.113796e-01	2.783646e-02
1.636654e-04	9.187092e-03	1.175903e-01	2.985128e-02
1.882152e-04	9.863576e-03	1.241321e-01	3.201193e-02
2.164475e-04	1.058901e-02	1.301296e-01	3.432897e-02
2.489146e-04	1.136694e-02	1.367234e-01	3.681372e-02
2.862518e-04	1.220117e-02	1.431113e-01	3.947831e-02
3.291895e-04	1.309576e-02	1.492348e-01	4.233577e-02
3.785680e-04	1.405510e-02	1.559038e-01	4.540006e-02
4.353531e-04	1.508387e-02	1.612521e-01	4.868614e-02
5.006561e-04	1.618709e-02	1.673188e-01	5.221007e-02
5.757545e-04	1.737016e-02	1.728331e-01	5.598906e-02
6.621177e-04	1.863885e-02	1.779569e-01	6.004158e-02
7.614354e-04	1.999936e-02	1.834417e-01	6.438742e-02
8.756507e-04	2.145834e-02	1.878326e-01	6.904781e-02
1.006998e-03	2.302292e-02	1.922976e-01	7.404553e-02
1.158048e-03	2.470073e-02	1.960979e-01	7.940499e-02
1.331755e-03	2.649998e-02	1.995456e-01	8.515236e-02
1.531519e-03	2.842946e-02	2.028637e-01	9.131573e-02
1.761246e-03	3.049859e-02	2.054755e-01	9.792522e-02
2.025433e-03	3.271748e-02	2.078332e-01	1.050131e-01
2.329248e-03	3.509697e-02	2.096371e-01	1.126140e-01
2.678635e-03	3.764868e-02	2.113549e-01	1.207660e-01
3.080431e-03	4.038509e-02	2.123814e-01	1.295106e-01
3.542495e-03	4.331956e-02	2.133155e-01	1.388820e-01
4.073870e-03	4.646642e-02	2.135258e-01	1.489356e-01
4.684950e-03	4.984105e-02	2.133122e-01	1.597150e-01
5.387693e-03	5.345993e-02	2.127825e-01	1.712751e-01
6.195847e-03	5.734075e-02	2.115727e-01	1.836719e-01
7.125224e-03	6.150247e-02	2.100603e-01	1.969659e-01
8.194007e-03	6.596541e-02	2.079028e-01	2.112222e-01
9.423108e-03	7.075137e-02	2.052311e-01	2.265102e-01
1.083657e-02	7.588375e-02	2.020162e-01	2.429049e-01
1.246206e-02	8.138761e-02	1.982932e-01	2.604863e-01
1.433137e-02	8.728983e-02	1.939853e-01	2.793403e-01
1.648108e-02	9.361927e-02	1.892571e-01	2.995588e-01
1.895324e-02	1.004068e-01	1.839856e-01	3.212407e-01
2.179622e-02	1.076857e-01	1.785433e-01	3.444921e-01
2.506566e-02	1.154914e-01	1.723868e-01	3.694264e-01
2.882550e-02	1.238620e-01	1.659565e-01	3.961655e-01
3.314933e-02	1.328386e-01	1.593203e-01	4.248398e-01
3.812173e-02	1.424648e-01	1.520803e-01	4.555896e-01
4.383999e-02	1.527879e-01	1.454535e-01	4.885653e-01
5.041599e-02	1.638581e-01	1.379521e-01	5.239278e-01
5.797838e-02	1.757296e-01	1.306707e-01	5.618496e-01
6.667514e-02	1.884603e-01	1.234371e-01	6.025162e-01
7.667641e-02	2.021125e-01	1.156778e-01	6.461265e-01
8.817787e-02	2.167528e-01	1.086930e-01	6.928934e-01
1.014046e-01	2.324529e-01	1.014703e-01	7.430452e-01
1.166152e-01	2.492892e-01	9.474213e-02	7.968268e-01
1.341075e-01	2.673443e-01	8.821191e-02	8.545011e-01
1.542237e-01	2.867061e-01	8.162130e-02	9.163504e-01
1.773572e-01	3.074694e-01	7.563120e-02	9.826750e-01
2.039608e-01	3.297355e-01	6.991023e-02	1.053808e+00
2.345549e-01	3.536133e-01	6.458101e-02	1.130058e+00
2.697381e-01	3.792205e-01	5.909905e-02	1.212100e+00
3.101989e-01	4.066815e-01	5.492083e-02	1.300922e+00
3.567287e-01	4.361300e-01	5.059946e-02	1.397113e+00
4.102380e-01	4.677101e-01	4.676385e-02	1.501392e+00
4.717737e-01	5.015759e-01	4.284837e-02	1.614543e+00
5.425397e-01	5.378902e-01	3.834557e-02	1.703919e+00
6.239207e-01	5.743475e-01	3.464373e-02	1.775838e+00
7.175088e-01	6.096707e-01	3.071215e-02	1.847192e+00
8.251351e-01	6.600254e-01	2.773491e-02	1.917804e+00
9.489054e-01	7.227124e-01	2.492222e-02	1.987642e+00
1.091241e+00	7.866796e-01	2.247254e-02	2.056874e+00
1.254927e+00	8.557728e-01	2.028728e-02	2.125921e+00
1.443166e+00	9.274579e-01	1.818483e-02	2.195523e+00
1.659641e+00	9.986496e-01	1.643636e-02	2.266778e+00
1.908588e+00	1.074315e+00	1.469566e-02	2.341270e+00
2.194876e+00	1.140587e+00	1.331873e-02	2.421108e+00
2.524107e+00	1.202861e+00	1.188017e-02	2.508991e+00
2.902723e+00	1.255439e+00	1.065668e-02	2.608314e+00
3.338132e+00	1.310178e+00	9.551812e-03	2.723224e+00
3.838852e+00	1.367820e+00	8.431063e-03	2.858730e+00
4.414679e+00	1.410749e+00	7.636628e-03	3.020756e+00
5.076881e+00	1.450270e+00	6.763238e-03	3.216234e+00
5.838413e+00	1.485084e+00	6.047332e-03	3.453191e+00
6.714175e+00	1.509251e+00	5.395862e-03	3.740865e+00
7.721302e+00	1.531627e+00	4.739770e-03	4.089847e+00
8.879497e+00	1.547131e+00	4.236314e-03	4.512343e+00
1.021142e+01	1.556734e+00	3.747533e-03	5.022552e+00
1.174313e+01	1.560743e+00	3.340363e-03	5.637271e+00
1.350460e+01	1.553384e+00	2.974290e-03	6.376738e+00
1.553030e+01	1.541335e+00	2.631051e-03	7.265781e+00
1.785984e+01	1.520509e+00	2.343361e-03	8.335314e+00
2.053882e+01	1.492538e+00	2.086136e-03	9.624254e+00
2.361964e+01	1.457662e+00	1.860894e-03	1.118194e+01
2.716258e+01	1.415967e+00	1.640466e-03	1.307125e+01
3.123697e+01	1.368388e+00	1.467632e-03	1.537245e+01
3.592252e+01	1.314652e+00	1.281127e-03	1.818835e+01
4.131089e+01	1.256586e+00	1.145952e-03	2.165027e+01
4.750753e+01	1.192009e+00	1.015883e-03	2.592758e+01
5.463366e+01	1.210852e+00	8.925306e-04	3.123144e+01
6.282871e+01	1.118866e+00	7.976597e-04	3.785615e+01
7.225301e+01	1.031391e+00	6.937149e-04	4.615872e+01
8.309096e+01	9.476272e-01	6.161191e-04	5.657563e+01
9.555461e+01	8.671730e-01	5.405667e-04	6.969409e+01
1.098878e+02	7.910575e-01	4.773943e-04	8.627554e+01
1.263710e+02	7.199531e-01	4.231222e-04	1.072845e+02
1.453266e+02	6.531595e-01	3.713105e-04	1.339698e+02
1.671256e+02	5.897530e-01	3.306916e-04	1.680237e+02
1.921945e+02	5.313603e-01	2.903167e-04	2.116512e+02
2.210236e+02	4.807993e-01	2.594337e-04	2.674510e+02
2.541772e+02	4.349020e-01	2.275261e-04	3.386311e+02
2.923037e+02	3.925749e-01	2.012438e-04	4.295639e+02
3.361493e+02	3.536690e-01	1.775380e-04	5.459264e+02
3.865717e+02	3.181058e-01	1.543324e-04	6.950493e+02
4.445574e+02	2.857935e-01	1.380474e-04	8.863335e+02
5.112411e+02	2.565513e-01	1.204413e-04	1.131836e+03
5.879272e+02	2.297914e-01	1.063898e-04	1.447282e+03
6.761163e+02	2.057391e-01	9.354348e-05	1.852986e+03
7.775337e+02	1.844354e-01	8.101244e-05	2.374444e+03
8.941638e+02	1.655103e-01	7.139171e-05	3.043533e+03
1.028288e+03	1.484998e-01	6.233104e-05	3.901552e+03
1.182532e+03	1.332759e-01	5.483659e-05	5.001605e+03
1.359911e+03	1.196873e-01	4.817735e-05	6.411148e+03
1.563898e+03	1.075714e-01	0.000000e+00	8.215913e+03
1.798483e+03	9.678343e-02	0.000000e+00	1.052439e+04
2.068255e+03	8.719786e-02	0.000000e+00	1.347351e+04
2.378493e+03	7.869074e-02	0.000000e+00	1.723552e+04
2.735268e+03	7.114227e-02	0.000000e+00	2.202598e+04
3.145558e+03	6.445961e-02	0.000000e+00	2.811345e+04
3.617391e+03	5.855880e-02	0.000000e+00	3.583064e+04
4.160000e+03	5.335049e-02	0.000000e+00	4.558723e+04
4.784000e+03	4.876062e-02	0.000000e+00	5.788419e+04
5.501600e+03	4.472952e-02	0.000000e+00	7.332954e+04
6.326840e+03	4.119744e-02	0.000000e+00	9.265525e+04
7.275866e+03	3.810881e-02	0.000000e+00	1.167346e+05
8.367246e+03	3.542014e-02	0.000000e+00	1.465997e+05
9.622333e+03	3.309143e-02	0.000000e+00	1.834583e+05
