# Energy_MeV	dEdx_Elec_MeV_um	dEdx_Nucl_MeV_um	Range_um
1.000000e-05	2.859290e-03	2.337200e-02	5.051256e-03
1.150000e-05	3.091684e-03	2.543054e-02	5.416869e-03
1.322500e-05	3.340697e-03	2.772737e-02	5.808945e-03
1.520875e-05	3.607552e-03	3.009938e-02	6.229399e-03
1.749006e-05	3.893555e-03	3.266330e-02	6.680287e-03
2.011357e-05	4.200106e-03	3.534772e-02	7.163809e-03
2.313061e-05	4.528705e-03	3.835759e-02	7.682330e-03
2.660020e-05	4.880960e-03	4.144229e-02	8.238381e-03
3.059023e-05	5.258593e-03	4.472959e-02	8.834679e-03
3.517876e-05	5.663452e-03	4.831321e-02	9.474138e-03
4.045558e-05	6.097514e-03	5.182080e-02	1.015988e-02
4.652391e-05	6.562902e-03	5.585259e-02	1.089526e-02
5.350250e-05	7.061891e-03	5.983999e-02	1.168386e-02
6.152788e-05	7.596918e-03	6.406883e-02	1.252955e-02
7.075706e-05	8.170598e-03	6.868042e-02	1.343644e-02
8.137062e-05	8.785734e-03	7.322193e-02	1.440898e-02
9.357621e-05	9.445333e-03	7.802907e-02	1.545191e-02
1.076126e-04	1.015262e-02	8.276625e-02	1.657033e-02
1.237545e-04	1.091104e-02	8.778133e-02	1.776970e-02
1.423177e-04	1.172431e-02	9.293001e-02	1.905587e-02
1.636654e-04	1.259640e-02	9.802606e-02	2.043515e-02
1.882152e-04	1.353157e-02	1.029939e-01	2.191426e-02
2.164475e-04	1.453439e-02	1.080415e-01	2.350042e-02
2.489146e-04	1.560976e-02	1.135582e-01	2.520139e-02
2.862518e-04	1.676292e-02	1.182321e-01	2.702548e-02
3.291895e-04	1.799953e-02	1.235883e-01	2.898160e-02
3.785680e-04	1.932561e-02	1.281249e-01	3.107931e-02
4.353531e-04	2.074765e-02	1.327964e-01	3.332884e-02
5.006561e-04	2.227258e-02	1.377351e-01	3.574120e-02
5.757545e-04	2.390788e-02	1.416222e-01	3.832817e-02
6.621177e-04	2.566151e-02	1.460923e-01	4.110238e-02
7.614354e-04	2.754205e-02	1.498332e-01	4.407740e-02
8.756507e-04	2.955869e-02	1.534264e-01	4.726774e-02
1.006998e-03	3.172128e-02	1.567505e-01	5.068901e-02
1.158048e-03	3.404037e-02	1.595873e-01	5.435790e-02
1.331755e-03	3.652732e-02	1.623996e-01	5.829236e-02
1.531519e-03	3.919425e-02	1.645565e-01	6.249467e-02
1.761246e-03	4.205420e-02	1.665480e-01	6.703809e-02
2.025433e-03	4.512115e-02	1.681254e-01	7.188950e-02
2.329248e-03	4.841007e-02	1.696867e-01	7.709355e-02
2.678635e-03	5.193704e-02	1.706365e-01	8.267327e-02
3.080431e-03	5.571928e-02	1.713247e-01	8.865710e-02
3.542495e-03	5.977527e-02	1.718631e-01	9.507402e-02
4.073870e-03	6.412483e-02	1.716780e-01	1.019554e-01
4.684950e-03	6.878920e-02	1.714652e-01	1.093349e-01
5.387693e-03	7.379118e-02	1.706187e-01	1.172485e-01
6.195847e-03	7.915519e-02	1.694397e-01	1.257348e-01
7.125224e-03	8.490745e-02	1.679766e-01	1.348355e-01
8.194007e-03	9.107605e-02	1.659215e-01	1.445948e-01
9.423108e-03	9.769113e-02	1.635198e-01	1.550606e-01
1.083657e-02	1.047850e-01	1.606528e-01	1.662838e-01
1.246206e-02	1.123924e-01	1.573593e-01	1.783193e-01
1.433137e-02	1.205503e-01	1.536728e-01	1.912261e-01
1.648108e-02	1.292987e-01	1.495635e-01	2.050671e-01
1.895324e-02	1.386804e-01	1.452883e-01	2.199098e-01
2.179622e-02	1.487411e-01	1.405518e-01	2.358268e-01
2.506566e-02	1.595299e-01	1.352850e-01	2.528959e-01
2.882550e-02	1.710997e-01	1.302180e-01	2.712006e-01
3.314933e-02	1.835069e-01	1.243908e-01	2.908302e-01
3.812173e-02	1.968122e-01	1.190863e-01	3.118804e-01
4.383999e-02	2.110804e-01	1.132784e-01	3.344543e-01
5.041599e-02	2.263815e-01	1.070783e-01	3.586622e-01
5.797838e-02	2.427900e-01	1.015707e-01	3.846223e-01
6.667514e-02	2.603861e-01	9.525503e-02	4.124613e-01
7.667641e-02	2.792559e-01	8.959547e-02	4.423153e-01
8.817787e-02	2.994915e-01	8.381538e-02	4.743301e-01
1.014046e-01	3.211918e-01	7.818526e-02	5.086621e-01
1.166152e-01	3.444627e-01	7.291175e-02	5.454816e-01
1.341075e-01	3.694180e-01	6.748325e-02	5.849526e-01
1.542237e-01	3.961815e-01	6.270543e-02	6.273764e-01
1.773572e-01	4.248831e-01	5.798909e-02	6.732822e-01
2.039608e-01	4.556620e-01	5.366210e-02	7.229951e-01
2.345549e-01	4.886688e-01	4.900810e-02	7.768804e-01
2.697381e-01	5.240647e-01	4.547057e-02	8.353400e-01
3.101989e-01	5.620210e-01	4.222234e-02	8.942383e-01
3.567287e-01	6.014414e-01	3.859871e-02	9.299422e-01
4.102380e-01	6.385783e-01	3.559074e-02	9.651963e-01
4.717737e-01	6.892950e-01	3.213158e-02	9.999135e-01
5.425397e-01	7.555829e-01	2.902109e-02	1.034080e+00
6.239207e-01	8.248023e-01	2.606052e-02	1.067780e+00
7.175088e-01	9.008384e-01	2.310064e-02	1.101222e+00
8.251351e-01	9.791709e-01	2.090017e-02	1.134769e+00
9.489054e-01	1.060816e+00	1.878890e-02	1.168972e+00
1.091241e+00	1.148103e+00	1.702939e-02	1.204597e+00
1.254927e+00	1.226928e+00	1.529320e-02	1.242663e+00
1.443166e+00	1.305852e+00	1.372437e-02	1.284499e+00
1.659641e+00	1.369530e+00	1.233083e-02	1.331747e+00
1.908588e+00	1.437362e+00	1.113344e-02	1.386423e+00
2.194876e+00	1.512075e+00	1.001028e-02	1.450942e+00
2.524107e+00	1.566115e+00	8.883008e-03	1.528161e+00
2.902723e+00	1.619828e+00	8.047519e-03	1.621410e+00
3.338132e+00	1.664980e+00	7.093477e-03	1.734531e+00
3.838852e+00	1.701283e+00	6.405639e-03	1.871912e+00
4.414679e+00	1.735009e+00	5.715075e-03	2.038569e+00
5.076881e+00	1.758965e+00	5.048354e-03	2.240229e+00
5.838413e+00	1.779231e+00	4.555941e-03	2.483511e+00
6.714175e+00	1.790909e+00	3.997478e-03	2.776182e+00
7.721302e+00	1.791837e+00	3.568120e-03	3.127543e+00
8.879497e+00	1.787291e+00	3.165296e-03	3.548935e+00
1.021142e+01	1.770866e+00	2.809181e-03	4.054419e+00
1.174313e+01	1.747540e+00	2.500541e-03	4.661627e+00
1.350460e+01	1.715128e+00	2.210067e-03	5.392845e+00
1.553030e+01	1.673936e+00	1.976841e-03	6.276370e+00
1.785984e+01	1.625733e+00	1.758151e-03	7.348245e+00
2.053882e+01	1.571031e+00	1.571301e-03	8.654454e+00
2.361964e+01	1.509988e+00	1.377262e-03	1.025364e+01
2.716258e+01	1.441653e+00	1.233892e-03	1.222130e+01
3.123697e+01	1.495658e+00	1.092997e-03	1.465110e+01
3.592252e+01	1.385890e+00	9.590433e-04	1.767231e+01
4.131089e+01	1.281924e+00	8.607948e-04	2.144681e+01
4.750753e+01	1.181667e+00	7.501906e-04	2.616559e+01
5.463366e+01	1.084973e+00	6.714213e-04	3.208807e+01
6.282871e+01	9.927897e-01	5.929113e-04	3.955089e+01
7.225301e+01	9.061819e-01	5.173135e-04	4.898176e+01
8.309096e+01	8.248554e-01	4.576338e-04	6.093034e+01
9.555461e+01	7.467615e-01	4.025125e-04	7.613949e+01
1.098878e+02	6.745340e-01	3.582184e-04	9.559044e+01
1.263710e+02	6.110576e-01	3.152412e-04	1.204524e+02
1.453266e+02	5.539292e-01	2.779505e-04	1.521369e+02
1.671256e+02	5.010101e-01	2.454987e-04	1.925705e+02
1.921945e+02	4.521481e-01	2.182279e-04	2.442703e+02
2.210236e+02	4.073018e-01	1.929728e-04	3.104875e+02
2.541772e+02	3.663745e-01	1.686092e-04	3.953992e+02
2.923037e+02	3.292444e-01	1.507084e-04	5.043579e+02
3.361493e+02	2.951978e-01	1.305375e-04	6.443286e+02
3.865717e+02	2.644682e-01	1.164748e-04	8.243501e+02
4.445574e+02	2.371085e-01	1.023341e-04	1.055808e+03
5.112411e+02	2.128696e-01	8.923072e-05	1.352897e+03
5.879272e+02	1.910420e-01	7.953092e-05	1.733920e+03
6.761163e+02	1.714744e-01	6.864700e-05	2.222514e+03
7.775337e+02	1.539980e-01	6.050667e-05	2.848681e+03
8.941638e+02	1.384041e-01	5.292315e-05	3.650579e+03
1.028288e+03	1.245070e-01	4.639900e-05	4.676515e+03
1.182532e+03	1.121528e-01	0.000000e+00	5.987472e+03
1.359911e+03	1.011878e-01	0.000000e+00	7.660224e+03
1.563898e+03	9.145664e-02	0.000000e+00	9.790921e+03
1.798483e+03	8.283690e-02	0.000000e+00	1.249943e+04
2.068255e+03	7.522434e-02	0.000000e+00	1.593440e+04
2.378493e+03	6.850525e-02	0.000000e+00	2.027905e+04
2.735268e+03	6.258176e-02	0.000000e+00	2.575767e+04
3.145558e+03	5.737778e-02	0.000000e+00	3.264281e+04
3.617391e+03	5.281700e-02	0.000000e+00	4.126300e+04
4.160000e+03	4.882530e-02	0.000000e+00	5.201075e+04
4.784000e+03	4.534657e-02	0.000000e+00	6.535068e+04
5.501600e+03	4.233171e-02	0.000000e+00	8.182731e+04
6.326840e+03	3.972877e-02	0.000000e+00	1.020723e+05
7.275866e+03	3.749413e-02	0.000000e+00	1.268108e+05
8.367246e+03	3.559361e-02	0.000000e+00	1.568671e+05
9.622333e+03	3.399297e-02	0.000000e+00	1.931694e+05
