# Energy_MeV	dEdx_Elec_MeV_um	dEdx_Nucl_MeV_um	Range_um
1.000000e-05	2.400870e-03	3.187942e-02	4.914900e-03
1.150000e-05	2.596746e-03	3.500728e-02	5.270643e-03
1.322500e-05	2.806619e-03	3.841568e-02	5.652135e-03
1.520875e-05	3.031518e-03	4.202999e-02	6.061240e-03
1.749006e-05	3.272546e-03	4.612484e-02	6.499956e-03
2.011357e-05	3.530883e-03	5.033848e-02	6.970426e-03
2.313061e-05	3.807793e-03	5.503099e-02	7.474949e-03
2.660020e-05	4.104631e-03	6.002326e-02	8.015990e-03
3.059023e-05	4.422848e-03	6.530324e-02	8.596192e-03
3.517876e-05	4.764001e-03	7.117728e-02	9.218388e-03
4.045558e-05	5.129758e-03	7.724516e-02	9.885620e-03
4.652391e-05	5.521906e-03	8.382641e-02	1.060115e-02
5.350250e-05	5.942362e-03	9.068763e-02	1.136846e-02
6.152788e-05	6.393181e-03	9.823873e-02	1.219132e-02
7.075706e-05	6.876566e-03	1.061517e-01	1.307373e-02
8.137062e-05	7.394879e-03	1.147790e-01	1.402002e-02
9.357621e-05	7.950652e-03	1.235439e-01	1.503479e-02
1.076126e-04	8.546601e-03	1.327538e-01	1.612302e-02
1.237545e-04	9.185639e-03	1.427240e-01	1.729001e-02
1.423177e-04	9.870886e-03	1.529559e-01	1.854147e-02
1.636654e-04	1.060569e-02	1.640712e-01	1.988351e-02
1.882152e-04	1.139364e-02	1.752489e-01	2.132269e-02
2.164475e-04	1.223860e-02	1.871622e-01	2.286604e-02
2.489146e-04	1.314467e-02	1.990196e-01	2.452110e-02
2.862518e-04	1.411630e-02	2.112367e-01	2.629595e-02
3.291895e-04	1.515823e-02	2.238859e-01	2.819926e-02
3.785680e-04	1.627554e-02	2.364564e-01	3.024034e-02
4.353531e-04	1.747371e-02	2.498513e-01	3.242915e-02
5.006561e-04	1.875858e-02	2.618094e-01	3.477639e-02
5.757545e-04	2.013642e-02	2.748604e-01	3.729352e-02
6.621177e-04	2.161398e-02	2.880203e-01	3.999285e-02
7.614354e-04	2.319846e-02	3.003420e-01	4.288755e-02
8.756507e-04	2.489761e-02	3.138876e-01	4.599177e-02
1.006998e-03	2.671973e-02	3.246593e-01	4.932068e-02
1.158048e-03	2.867373e-02	3.366181e-01	5.289054e-02
1.331755e-03	3.076914e-02	3.480529e-01	5.671879e-02
1.531519e-03	3.301620e-02	3.583800e-01	6.082412e-02
1.761246e-03	3.542590e-02	3.694420e-01	6.522660e-02
2.025433e-03	3.801000e-02	3.782782e-01	6.994774e-02
2.329248e-03	4.078113e-02	3.873090e-01	7.501059e-02
2.678635e-03	4.375283e-02	3.951685e-01	8.043990e-02
3.080431e-03	4.693961e-02	4.019908e-01	8.626218e-02
3.542495e-03	5.035704e-02	4.087562e-01	9.250001e-02
4.073870e-03	5.402182e-02	4.140248e-01	9.920485e-02
4.684950e-03	5.795186e-02	4.188739e-01	1.063834e-01
5.387693e-03	6.216634e-02	4.225282e-01	1.140845e-01
6.195847e-03	6.668587e-02	4.258421e-01	1.223415e-01
7.125224e-03	7.153251e-02	4.281450e-01	1.311965e-01
8.194007e-03	7.672996e-02	4.300624e-01	1.406924e-01
9.423108e-03	8.230359e-02	4.305325e-01	1.508757e-01
1.083657e-02	8.828064e-02	4.301409e-01	1.617959e-01
1.246206e-02	9.469030e-02	4.289913e-01	1.735066e-01
1.433137e-02	1.015639e-01	4.267192e-01	1.860649e-01
1.648108e-02	1.089350e-01	4.237244e-01	1.995322e-01
1.895324e-02	1.168396e-01	4.193937e-01	2.139743e-01
2.179622e-02	1.253164e-01	4.140751e-01	2.294617e-01
2.506566e-02	1.344067e-01	4.076205e-01	2.460700e-01
2.882550e-02	1.441550e-01	4.001595e-01	2.638805e-01
3.314933e-02	1.546089e-01	3.915443e-01	2.829802e-01
3.812173e-02	1.658194e-01	3.820218e-01	3.034623e-01
4.383999e-02	1.778413e-01	3.713234e-01	3.254268e-01
5.041599e-02	1.907334e-01	3.604523e-01	3.489811e-01
5.797838e-02	2.045586e-01	3.482074e-01	3.742404e-01
6.667514e-02	2.193845e-01	3.350921e-01	4.013280e-01
7.667641e-02	2.352835e-01	3.217717e-01	4.303762e-01
8.817787e-02	2.523333e-01	3.070780e-01	4.615267e-01
1.014046e-01	2.706171e-01	2.937606e-01	4.949321e-01
1.166152e-01	2.902244e-01	2.789138e-01	5.307554e-01
1.341075e-01	3.112508e-01	2.639421e-01	5.691717e-01
1.542237e-01	3.337991e-01	2.493962e-01	6.103684e-01
1.773572e-01	3.579795e-01	2.337442e-01	6.545468e-01
2.039608e-01	3.839101e-01	2.197126e-01	7.019232e-01
2.345549e-01	4.117175e-01	2.051364e-01	7.527280e-01
2.697381e-01	4.415376e-01	1.913275e-01	8.072154e-01
3.101989e-01	4.735162e-01	1.783544e-01	8.656230e-01
3.567287e-01	5.078113e-01	1.649859e-01	9.284464e-01
4.102380e-01	5.445892e-01	1.529426e-01	9.964529e-01
4.717737e-01	5.840292e-01	1.412558e-01	1.070100e+00
5.425397e-01	6.263237e-01	1.305215e-01	1.149936e+00
6.239207e-01	6.716797e-01	1.197652e-01	1.236560e+00
7.175088e-01	7.203186e-01	1.107996e-01	1.330671e+00
8.251351e-01	7.694620e-01	1.020389e-01	1.433079e+00
9.489054e-01	8.160284e-01	9.468864e-02	1.539397e+00
1.091241e+00	8.821931e-01	8.686038e-02	1.572863e+00
1.254927e+00	9.662618e-01	7.785787e-02	1.604381e+00
1.443166e+00	1.056564e+00	6.994452e-02	1.634261e+00
1.659641e+00	1.157309e+00	6.198300e-02	1.662899e+00
1.908588e+00	1.266815e+00	5.609714e-02	1.691079e+00
2.194876e+00	1.385416e+00	5.030757e-02	1.719681e+00
2.524107e+00	1.517582e+00	4.548904e-02	1.749875e+00
2.902723e+00	1.652762e+00	4.103514e-02	1.783125e+00
3.338132e+00	1.792813e+00	3.680396e-02	1.821223e+00
3.838852e+00	1.928343e+00	3.324783e-02	1.866317e+00
4.414679e+00	2.073845e+00	2.962405e-02	1.920948e+00
5.076881e+00	2.232426e+00	2.691793e-02	1.988054e+00
5.838413e+00	2.366129e+00	2.409432e-02	2.071010e+00
6.714175e+00	2.498336e+00	2.153687e-02	2.173643e+00
7.721302e+00	2.622298e+00	1.930540e-02	2.300227e+00
8.879497e+00	2.726863e+00	1.703420e-02	2.455506e+00
1.021142e+01	2.832304e+00	1.542928e-02	2.644731e+00
1.174313e+01	2.925341e+00	1.372031e-02	2.873742e+00
1.350460e+01	3.011694e+00	1.222139e-02	3.149124e+00
1.553030e+01	3.089725e+00	1.090527e-02	3.478451e+00
1.785984e+01	3.144388e+00	9.586747e-03	3.870662e+00
2.053882e+01	3.194115e+00	8.572424e-03	4.336551e+00
2.361964e+01	3.223342e+00	7.585606e-03	4.889383e+00
2.716258e+01	3.237622e+00	6.741834e-03	5.545666e+00
3.123697e+01	3.238269e+00	6.018924e-03	6.326076e+00
3.592252e+01	3.208422e+00	5.321858e-03	7.256609e+00
4.131089e+01	3.170134e+00	4.742175e-03	8.370015e+00
4.750753e+01	3.122876e+00	4.216015e-03	9.707629e+00
5.463366e+01	3.059226e+00	3.761279e-03	1.132149e+01
6.282871e+01	2.980058e+00	3.332024e-03	1.327802e+01
7.225301e+01	3.313376e+00	2.966049e-03	1.565819e+01
8.309096e+01	3.114747e+00	2.589138e-03	1.857607e+01
9.555461e+01	2.919632e+00	2.315310e-03	2.216788e+01
1.098878e+02	2.726623e+00	2.052431e-03	2.659469e+01
1.263710e+02	2.535767e+00	1.813243e-03	3.207588e+01
1.453266e+02	2.350191e+00	1.612033e-03	3.889479e+01
1.671256e+02	2.172653e+00	1.401944e-03	4.740775e+01
1.921945e+02	2.001116e+00	1.246588e-03	5.807386e+01
2.210236e+02	1.834922e+00	1.090581e-03	7.151811e+01
2.541772e+02	1.677825e+00	9.668481e-04	8.855637e+01
2.923037e+02	1.539116e+00	8.561130e-04	1.101404e+02
3.361493e+02	1.411177e+00	7.517597e-04	1.374347e+02
3.865717e+02	1.289939e+00	6.691001e-04	1.720453e+02
4.445574e+02	1.175532e+00	5.848137e-04	2.160675e+02
5.112411e+02	1.068415e+00	5.243561e-04	2.722139e+02
5.879272e+02	9.688216e-01	4.618693e-04	3.439733e+02
6.761163e+02	8.768018e-01	4.067175e-04	4.358305e+02
7.775337e+02	7.909953e-01	3.587971e-04	5.536473e+02
8.941638e+02	7.124821e-01	3.118296e-04	7.050233e+02
1.028288e+03	6.417570e-01	2.789085e-04	8.995166e+02
1.182532e+03	5.781216e-01	2.445344e-04	1.149079e+03
1.359911e+03	5.202750e-01	2.150202e-04	1.469191e+03
1.563898e+03	4.681048e-01	1.890506e-04	1.879791e+03
1.798483e+03	4.212890e-01	1.638984e-04	2.406192e+03
2.068255e+03	3.792373e-01	1.445079e-04	3.080563e+03
2.378493e+03	3.415133e-01	1.262055e-04	3.943600e+03
2.735268e+03	3.079156e-01	1.106519e-04	5.046640e+03
3.145558e+03	2.780669e-01	9.752721e-05	6.454257e+03
3.617391e+03	2.514937e-01	8.514075e-05	8.247250e+03
4.160000e+03	2.279204e-01	7.479277e-05	1.052628e+04
4.784000e+03	2.071091e-01	6.573285e-05	1.341609e+04
5.501600e+03	1.887248e-01	5.782921e-05	1.707029e+04
6.326840e+03	1.725057e-01	5.054403e-05	2.167681e+04
7.275866e+03	1.582737e-01	0.000000e+00	2.746382e+04
8.367246e+03	1.458045e-01	0.000000e+00	3.470610e+04
9.622333e+03	1.348731e-01	0.000000e+00	4.373166e+04
