# Energy_MeV	dEdx_Elec_MeV_um	dEdx_Nucl_MeV_um	Range_um
1.000000e-05	6.358636e-04	1.015484e-02	3.145329e-02
1.150000e-05	6.818877e-04	1.086420e-02	3.372989e-02
1.322500e-05	7.312431e-04	1.158248e-02	3.617128e-02
1.520875e-05	7.841708e-04	1.233982e-02	3.878938e-02
1.749006e-05	8.409295e-04	1.307015e-02	4.159697e-02
2.011357e-05	9.017965e-04	1.387830e-02	4.460779e-02
2.313061e-05	9.670690e-04	1.466395e-02	4.783652e-02
2.660020e-05	1.037066e-03	1.544496e-02	5.129895e-02
3.059023e-05	1.112129e-03	1.621866e-02	5.501200e-02
3.517876e-05	1.192626e-03	1.703312e-02	5.899380e-02
4.045558e-05	1.278949e-03	1.786200e-02	6.326380e-02
4.652391e-05	1.371520e-03	1.860585e-02	6.784287e-02
5.350250e-05	1.470791e-03	1.940467e-02	7.275337e-02
6.152788e-05	1.577248e-03	2.012287e-02	7.801930e-02
7.075706e-05	1.691410e-03	2.086767e-02	8.366637e-02
8.137062e-05	1.813835e-03	2.159867e-02	8.972219e-02
9.357621e-05	1.945121e-03	2.221756e-02	9.621633e-02
1.076126e-04	2.085910e-03	2.288241e-02	1.031805e-01
1.237545e-04	2.236889e-03	2.348458e-02	1.106488e-01
1.423177e-04	2.398797e-03	2.401735e-02	1.186576e-01
1.636654e-04	2.572423e-03	2.451592e-02	1.272461e-01
1.882152e-04	2.758616e-03	2.496363e-02	1.364562e-01
2.164475e-04	2.958286e-03	2.537730e-02	1.463330e-01
2.489146e-04	3.172408e-03	2.572529e-02	1.569247e-01
2.862518e-04	3.402029e-03	2.599902e-02	1.682830e-01
3.291895e-04	3.648270e-03	2.625327e-02	1.804634e-01
3.785680e-04	3.912333e-03	2.649948e-02	1.935254e-01
4.353531e-04	4.195510e-03	2.661621e-02	2.075329e-01
5.006561e-04	4.499183e-03	2.672192e-02	2.225542e-01
5.757545e-04	4.824837e-03	2.677474e-02	2.386628e-01
6.621177e-04	5.174061e-03	2.674530e-02	2.559374e-01
7.614354e-04	5.548562e-03	2.670639e-02	2.743660e-01
8.756507e-04	5.950170e-03	2.654947e-02	2.943318e-01
1.006998e-03	6.380847e-03	2.635574e-02	3.156371e-01
1.158048e-03	6.842696e-03	2.610919e-02	3.384856e-01
1.331755e-03	7.337973e-03	2.577508e-02	3.629838e-01
1.531519e-03	7.869100e-03	2.538511e-02	3.892563e-01
1.761246e-03	8.438670e-03	2.492501e-02	4.174303e-01
2.025433e-03	9.049465e-03	2.439330e-02	4.476436e-01
2.329248e-03	9.704470e-03	2.381074e-02	4.800439e-01
2.678635e-03	1.040688e-02	2.317013e-02	5.147891e-01
3.080431e-03	1.116014e-02	2.248734e-02	5.520491e-01
3.542495e-03	1.196792e-02	2.172490e-02	5.920061e-01
4.073870e-03	1.283416e-02	2.091797e-02	6.348555e-01
4.684950e-03	1.376310e-02	2.010501e-02	6.808062e-01
5.387693e-03	1.475929e-02	1.922747e-02	7.300826e-01
6.195847e-03	1.582757e-02	1.837622e-02	7.829256e-01
7.125224e-03	1.706310e-02	1.744644e-02	8.351694e-01
8.194007e-03	1.926122e-02	1.651256e-02	8.508369e-01
9.423108e-03	2.168745e-02	1.563189e-02	8.689986e-01
1.083657e-02	2.437695e-02	1.468159e-02	8.890902e-01
1.246206e-02	2.736428e-02	1.376546e-02	9.108327e-01
1.433137e-02	3.068319e-02	1.289007e-02	9.341572e-01
1.648108e-02	3.436628e-02	1.203384e-02	9.591480e-01
1.895324e-02	3.844491e-02	1.119566e-02	9.860002e-01
2.179622e-02	4.294905e-02	1.037763e-02	1.014985e+00
2.506566e-02	4.790742e-02	9.606207e-03	1.046426e+00
2.882550e-02	5.334758e-02	8.922933e-03	1.080673e+00
3.314933e-02	5.929635e-02	8.225480e-03	1.118095e+00
3.812173e-02	6.578026e-02	7.483601e-03	1.159067e+00
4.383999e-02	7.282619e-02	7.006325e-03	1.203966e+00
5.041599e-02	8.046226e-02	6.494864e-03	1.253162e+00
5.797838e-02	8.871890e-02	5.906684e-03	1.307021e+00
6.667514e-02	9.763023e-02	5.418782e-03	1.365856e+00
7.667641e-02	1.066299e-01	4.859825e-03	1.430201e+00
8.817787e-02	1.158107e-01	4.446141e-03	1.501056e+00
1.014046e-01	6.284746e-02	3.978956e-03	1.578851e+00
1.166152e-01	6.928643e-02	3.531708e-03	1.663963e+00
1.341075e-01	7.613963e-02	3.200183e-03	1.756710e+00
1.542237e-01	8.342894e-02	2.865861e-03	1.857367e+00
1.773572e-01	9.118272e-02	2.607122e-03	1.966142e+00
2.039608e-01	9.943561e-02	2.327295e-03	2.083161e+00
2.345549e-01	1.082268e-01	2.095962e-03	2.208475e+00
2.697381e-01	1.175958e-01	1.894188e-03	2.342074e+00
3.101989e-01	1.275757e-01	1.703023e-03	2.483945e+00
3.567287e-01	1.381818e-01	1.524561e-03	2.634159e+00
4.102380e-01	1.493965e-01	1.360138e-03	2.793034e+00
4.717737e-01	1.611507e-01	1.227627e-03	2.961347e+00
5.425397e-01	1.733041e-01	1.091130e-03	3.140639e+00
6.239207e-01	1.856281e-01	9.793744e-04	3.333580e+00
7.175088e-01	1.977976e-01	8.699037e-04	3.544387e+00
8.251351e-01	2.093968e-01	7.726079e-04	3.779295e+00
9.489054e-01	2.199426e-01	6.945515e-04	4.047054e+00
1.091241e+00	2.289258e-01	6.129616e-04	4.359482e+00
1.254927e+00	2.358650e-01	5.428914e-04	4.732071e+00
1.443166e+00	2.403633e-01	4.835577e-04	5.184705e+00
1.659641e+00	2.421591e-01	4.301336e-04	5.742550e+00
1.908588e+00	2.411564e-01	3.814551e-04	6.437160e+00
2.194876e+00	2.374323e-01	3.383519e-04	7.307855e+00
2.524107e+00	2.312204e-01	3.005840e-04	8.403423e+00
2.902723e+00	2.228776e-01	2.697074e-04	9.784208e+00
3.338132e+00	2.128419e-01	2.395009e-04	1.152469e+01
3.838852e+00	2.015871e-01	2.083929e-04	1.371668e+01
4.414679e+00	1.895786e-01	1.883846e-04	1.647351e+01
5.076881e+00	1.772333e-01	1.660642e-04	1.993557e+01
5.838413e+00	1.648901e-01	1.467396e-04	2.427801e+01
6.714175e+00	1.527958e-01	1.311777e-04	2.972128e+01
7.721302e+00	1.411084e-01	1.133618e-04	3.654560e+01
8.879497e+00	1.299134e-01	1.024706e-04	4.511005e+01
1.021142e+01	1.192492e-01	9.003617e-05	5.587713e+01
1.174313e+01	1.091272e-01	7.881378e-05	6.944400e+01
1.350460e+01	9.955538e-02	6.997302e-05	8.658418e+01
1.553030e+01	9.134292e-02	6.119937e-05	1.082747e+02
1.785984e+01	8.234118e-02	5.471575e-05	1.358339e+02
2.053882e+01	7.432736e-02	4.778243e-05	1.709461e+02
2.361964e+01	6.703920e-02	4.232927e-05	2.156249e+02
2.716258e+01	6.036138e-02	3.768057e-05	2.725449e+02
3.123697e+01	5.427362e-02	0.000000e+00	3.451630e+02
3.592252e+01	4.877131e-02	0.000000e+00	4.378629e+02
4.131089e+01	4.381663e-02	0.000000e+00	5.562380e+02
4.750753e+01	3.917493e-02	0.000000e+00	7.077674e+02
5.463366e+01	3.500832e-02	0.000000e+00	9.023354e+02
6.282871e+01	3.141754e-02	0.000000e+00	1.151812e+03
7.225301e+01	2.826112e-02	0.000000e+00	1.470414e+03
8.309096e+01	2.539907e-02	0.000000e+00	1.877380e+03
9.555461e+01	2.280557e-02	0.000000e+00	2.397865e+03
1.098878e+02	2.045950e-02	0.000000e+00	3.064324e+03
1.263710e+02	1.834453e-02	0.000000e+00	3.918469e+03
1.453266e+02	1.644434e-02	0.000000e+00	5.013723e+03
1.671256e+02	1.471663e-02	0.000000e+00	6.419544e+03
1.921945e+02	1.316490e-02	0.000000e+00	8.226225e+03
2.210236e+02	1.178708e-02	0.000000e+00	1.054772e+04
2.541772e+02	1.057208e-02	0.000000e+00	1.352605e+04
2.923037e+02	9.482444e-03	0.000000e+00	1.734411e+04
3.361493e+02	8.508078e-03	0.000000e+00	2.223843e+04
3.865717e+02	7.638051e-03	0.000000e+00	2.850944e+04
4.445574e+02	6.862355e-03	0.000000e+00	3.653930e+04
5.112411e+02	6.172245e-03	0.000000e+00	4.681201e+04
5.879272e+02	5.558840e-03	0.000000e+00	5.993859e+04
6.761163e+02	5.014115e-03	0.000000e+00	7.668851e+04
7.775337e+02	4.530922e-03	0.000000e+00	9.802566e+04
8.941638e+02	4.103001e-03	0.000000e+00	1.251520e+05
1.028288e+03	3.724800e-03	0.000000e+00	1.595583e+05
1.182532e+03	3.390943e-03	0.000000e+00	2.030828e+05
1.359911e+03	3.096650e-03	0.000000e+00	2.579766e+05
1.563898e+03	2.837868e-03	0.000000e+00	3.269763e+05
1.798483e+03	2.610977e-03	0.000000e+00	4.133820e+05
2.068255e+03	2.412705e-03	0.000000e+00	5.211382e+05
2.378493e+03	2.240052e-03	0.000000e+00	6.549168e+05
2.735268e+03	2.090310e-03	0.000000e+00	8.201957e+05
3.145558e+03	1.961044e-03	0.000000e+00	1.023333e+06
3.617391e+03	1.850117e-03	0.000000e+00	1.271633e+06
4.160000e+03	1.755670e-03	0.000000e+00	1.573399e+06
4.784000e+03	1.676034e-03	0.000000e+00	1.937991e+06
5.501600e+03	1.609707e-03	0.000000e+00	2.375812e+06
6.326840e+03	1.553105e-03	0.000000e+00	2.898762e+06
7.275866e+03	1.506259e-03	0.000000e+00	3.322127e+06
8.367246e+03	1.468894e-03	0.000000e+00	3.322127e+06
9.622333e+03	1.439980e-03	0.000000e+00	3.322127e+06
