# Energy_MeV	dEdx_Elec_MeV_um	dEdx_Nucl_MeV_um	Range_um
1.000000e-05	3.136571e-03	1.570207e-02	5.681152e-03
1.150000e-05	3.387760e-03	1.701131e-02	6.092357e-03
1.322500e-05	3.656965e-03	1.848849e-02	6.533325e-03
1.520875e-05	3.945503e-03	1.990283e-02	7.006210e-03
1.749006e-05	4.254788e-03	2.151732e-02	7.513324e-03
2.011357e-05	4.586332e-03	2.314504e-02	8.057142e-03
2.313061e-05	4.941756e-03	2.486599e-02	8.640322e-03
2.660020e-05	5.322800e-03	2.683549e-02	9.265713e-03
3.059023e-05	5.731325e-03	2.864428e-02	9.936371e-03
3.517876e-05	6.169328e-03	3.071946e-02	1.065557e-02
4.045558e-05	6.638950e-03	3.283040e-02	1.142683e-02
4.652391e-05	7.142487e-03	3.498706e-02	1.225391e-02
5.350250e-05	7.682398e-03	3.728091e-02	1.314085e-02
6.152788e-05	8.261323e-03	3.946900e-02	1.409199e-02
7.075706e-05	8.882089e-03	4.190710e-02	1.511198e-02
8.137062e-05	9.547730e-03	4.423347e-02	1.620579e-02
9.357621e-05	1.026150e-02	4.656469e-02	1.737877e-02
1.076126e-04	1.102688e-02	4.890283e-02	1.863666e-02
1.237545e-04	1.184762e-02	5.137470e-02	1.998559e-02
1.423177e-04	1.272772e-02	5.377410e-02	2.143216e-02
1.636654e-04	1.367148e-02	5.605156e-02	2.298343e-02
1.882152e-04	1.468352e-02	5.843211e-02	2.464698e-02
2.164475e-04	1.576878e-02	6.054693e-02	2.643094e-02
2.489146e-04	1.693256e-02	6.282823e-02	2.834403e-02
2.862518e-04	1.818054e-02	6.490805e-02	3.039558e-02
3.291895e-04	1.951883e-02	6.680429e-02	3.259563e-02
3.785680e-04	2.095396e-02	6.879445e-02	3.495492e-02
4.353531e-04	2.249294e-02	7.054897e-02	3.748498e-02
5.006561e-04	2.414329e-02	7.214647e-02	4.019816e-02
5.757545e-04	2.591308e-02	7.357574e-02	4.310772e-02
6.621177e-04	2.781094e-02	7.494387e-02	4.622788e-02
7.614354e-04	2.984616e-02	7.613105e-02	4.957388e-02
8.756507e-04	3.202867e-02	7.715083e-02	5.314668e-02
1.006998e-03	3.436913e-02	7.795541e-02	5.701152e-02
1.158048e-03	3.687899e-02	7.868555e-02	6.113739e-02
1.331755e-03	3.957050e-02	7.942609e-02	6.556309e-02
1.531519e-03	4.245681e-02	7.971205e-02	7.030828e-02
1.761246e-03	4.555202e-02	8.003877e-02	7.539714e-02
2.025433e-03	4.887125e-02	8.014012e-02	8.085431e-02
2.329248e-03	5.243072e-02	8.003962e-02	8.670651e-02
2.678635e-03	5.624782e-02	7.989931e-02	9.298228e-02
3.080431e-03	6.034120e-02	7.938698e-02	9.971226e-02
3.542495e-03	6.473084e-02	7.879779e-02	1.069294e-01
4.073870e-03	6.943821e-02	7.801151e-02	1.146689e-01
4.684950e-03	7.448629e-02	7.698771e-02	1.229686e-01
5.387693e-03	7.989974e-02	7.579139e-02	1.318690e-01
6.195847e-03	8.570502e-02	7.438324e-02	1.414136e-01
7.125224e-03	9.193048e-02	7.275865e-02	1.516491e-01
8.194007e-03	9.860654e-02	7.099142e-02	1.626254e-01
9.423108e-03	1.057658e-01	6.905867e-02	1.743963e-01
1.083657e-02	1.134433e-01	6.698332e-02	1.870191e-01
1.246206e-02	1.216764e-01	6.465525e-02	2.005554e-01
1.433137e-02	1.305055e-01	6.226557e-02	2.150716e-01
1.648108e-02	1.399736e-01	5.977923e-02	2.306386e-01
1.895324e-02	1.501270e-01	5.715145e-02	2.473323e-01
2.179622e-02	1.610154e-01	5.460283e-02	2.652342e-01
2.506566e-02	1.726918e-01	5.175775e-02	2.844318e-01
2.882550e-02	1.852134e-01	4.904688e-02	3.050190e-01
3.314933e-02	1.986413e-01	4.635131e-02	3.270964e-01
3.812173e-02	2.130411e-01	4.349666e-02	3.507717e-01
4.383999e-02	2.284831e-01	4.078320e-02	3.761606e-01
5.041599e-02	2.450429e-01	3.814640e-02	4.033871e-01
5.797838e-02	2.628013e-01	3.564724e-02	4.325843e-01
6.667514e-02	2.818450e-01	3.309896e-02	4.638968e-01
7.667641e-02	3.022671e-01	3.068853e-02	4.974646e-01
8.817787e-02	3.241692e-01	2.839223e-02	5.335408e-01
1.014046e-01	3.476576e-01	2.635841e-02	5.725760e-01
1.166152e-01	3.728459e-01	2.429409e-02	6.148487e-01
1.341075e-01	3.998574e-01	2.210078e-02	6.606687e-01
1.542237e-01	4.288241e-01	2.073447e-02	7.103778e-01
1.773572e-01	4.598809e-01	1.916321e-02	7.470672e-01
2.039608e-01	4.918257e-01	1.747646e-02	7.829672e-01
2.345549e-01	5.193861e-01	1.599244e-02	8.189328e-01
2.697381e-01	5.568525e-01	1.434197e-02	8.548474e-01
3.101989e-01	6.059788e-01	1.309459e-02	8.906594e-01
3.567287e-01	6.548587e-01	1.166705e-02	9.264008e-01
4.102380e-01	7.071139e-01	1.041908e-02	9.622234e-01
4.717737e-01	7.567818e-01	9.424961e-03	9.984403e-01
5.425397e-01	8.058238e-01	8.456508e-03	1.035540e+00
6.239207e-01	8.555733e-01	7.667320e-03	1.074237e+00
7.175088e-01	8.961279e-01	6.849901e-03	1.115509e+00
8.251351e-01	9.353653e-01	6.177115e-03	1.160634e+00
9.489054e-01	9.637617e-01	5.578453e-03	1.211246e+00
1.091241e+00	9.935879e-01	5.018135e-03	1.269367e+00
1.254927e+00	1.026069e+00	4.471072e-03	1.337459e+00
1.443166e+00	1.046722e+00	4.012496e-03	1.418485e+00
1.659641e+00	1.066148e+00	3.606116e-03	1.515952e+00
1.908588e+00	1.079986e+00	3.200816e-03	1.633979e+00
2.194876e+00	1.088509e+00	2.882194e-03	1.777371e+00
2.524107e+00	1.094404e+00	2.546432e-03	1.951722e+00
2.902723e+00	1.094174e+00	2.277916e-03	2.163551e+00
3.338132e+00	1.090834e+00	2.038504e-03	2.420526e+00
3.838852e+00	1.081837e+00	1.794403e-03	2.731783e+00
4.414679e+00	1.066929e+00	1.594312e-03	3.108391e+00
5.076881e+00	1.047790e+00	1.416405e-03	3.563980e+00
5.838413e+00	1.022698e+00	1.264976e-03	4.115588e+00
6.714175e+00	9.934538e-01	1.118673e-03	4.784739e+00
7.721302e+00	9.593112e-01	9.926541e-04	5.598883e+00
8.879497e+00	9.232741e-01	8.821641e-04	6.593179e+00
1.021142e+01	8.830117e-01	7.906806e-04	7.812834e+00
1.174313e+01	8.386093e-01	7.028845e-04	9.316073e+00
1.350460e+01	7.917306e-01	6.134033e-04	1.117778e+01
1.553030e+01	7.421968e-01	5.538636e-04	1.349502e+01
1.785984e+01	7.416633e-01	4.860591e-04	1.638945e+01
2.053882e+01	6.806848e-01	4.322388e-04	2.002779e+01
2.361964e+01	6.238270e-01	3.844988e-04	2.462084e+01
2.716258e+01	5.699108e-01	3.343009e-04	3.041977e+01
3.123697e+01	5.187364e-01	3.011300e-04	3.776310e+01
3.592252e+01	4.706928e-01	2.636095e-04	4.708960e+01
4.131089e+01	4.261984e-01	2.317544e-04	5.895703e+01
4.750753e+01	3.851148e-01	2.052785e-04	7.408078e+01
5.463366e+01	3.461437e-01	1.802007e-04	9.342306e+01
6.282871e+01	3.106131e-01	1.602826e-04	1.182537e+02
7.225301e+01	2.797081e-01	1.403871e-04	1.500912e+02
8.309096e+01	2.522150e-01	1.244181e-04	1.907646e+02
9.555461e+01	2.270696e-01	1.106413e-04	2.427567e+02
1.098878e+02	2.041232e-01	9.789877e-05	3.093069e+02
1.263710e+02	1.832713e-01	8.561164e-05	3.945930e+02
1.453266e+02	1.644092e-01	7.587154e-05	5.039791e+02
1.671256e+02	1.474233e-01	6.717583e-05	6.443327e+02
1.921945e+02	1.319503e-01	5.865764e-05	8.245850e+02
2.210236e+02	1.180498e-01	5.218625e-05	1.056330e+03
2.541772e+02	1.057161e-01	4.531756e-05	1.354178e+03
2.923037e+02	9.482684e-02	0.000000e+00	1.736347e+03
3.361493e+02	8.505477e-02	0.000000e+00	2.226325e+03
3.865717e+02	7.631457e-02	0.000000e+00	2.854465e+03
4.445574e+02	6.851435e-02	0.000000e+00	3.659306e+03
5.112411e+02	6.156156e-02	0.000000e+00	4.689875e+03
5.879272e+02	5.537417e-02	0.000000e+00	6.008252e+03
6.761163e+02	4.987572e-02	0.000000e+00	7.692811e+03
7.775337e+02	4.499475e-02	0.000000e+00	9.842227e+03
8.941638e+02	4.066402e-02	0.000000e+00	1.258009e+04
1.028288e+03	3.682834e-02	0.000000e+00	1.606046e+04
1.182532e+03	3.343993e-02	0.000000e+00	2.047443e+04
1.359911e+03	3.044886e-02	0.000000e+00	2.605752e+04
1.563898e+03	2.781167e-02	0.000000e+00	3.309807e+04
1.798483e+03	2.549350e-02	0.000000e+00	4.194650e+04
2.068255e+03	2.346160e-02	0.000000e+00	5.302523e+04
2.378493e+03	2.168522e-02	0.000000e+00	6.683901e+04
2.735268e+03	2.013821e-02	0.000000e+00	8.398539e+04
3.145558e+03	1.879721e-02	0.000000e+00	1.051647e+05
3.617391e+03	1.763964e-02	0.000000e+00	1.311896e+05
4.160000e+03	1.664615e-02	0.000000e+00	1.629930e+05
4.784000e+03	1.580079e-02	0.000000e+00	2.016354e+05
5.501600e+03	1.508850e-02	0.000000e+00	2.483114e+05
6.326840e+03	1.449531e-02	0.000000e+00	3.043483e+05
7.275866e+03	1.398799e-02	0.000000e+00	3.712682e+05
8.367246e+03	1.356938e-02	0.000000e+00	4.220474e+05
9.622333e+03	1.323589e-02	0.000000e+00	4.220474e+05
