# Energy_MeV	dEdx_Elec_MeV_um	dEdx_Nucl_MeV_um	Range_um
1.000000e-05	2.641465e-03	3.143098e-02	4.290406e-03
1.150000e-05	2.861561e-03	3.452493e-02	4.600948e-03
1.322500e-05	3.097308e-03	3.785728e-02	4.933967e-03
1.520875e-05	3.349865e-03	4.143812e-02	5.291090e-03
1.749006e-05	3.620472e-03	4.544421e-02	5.674062e-03
2.011357e-05	3.910455e-03	4.961992e-02	6.084753e-03
2.313061e-05	4.221237e-03	5.422097e-02	6.525171e-03
2.660020e-05	4.554337e-03	5.911305e-02	6.997466e-03
3.059023e-05	4.911388e-03	6.433732e-02	7.503947e-03
3.517876e-05	5.294135e-03	7.007773e-02	8.047086e-03
4.045558e-05	5.704451e-03	7.609012e-02	8.629538e-03
4.652391e-05	6.144341e-03	8.249141e-02	9.254149e-03
5.350250e-05	6.615956e-03	8.928729e-02	9.923969e-03
6.152788e-05	7.121603e-03	9.675732e-02	1.064227e-02
7.075706e-05	7.663751e-03	1.044480e-01	1.141256e-02
8.137062e-05	8.245051e-03	1.129912e-01	1.223861e-02
9.357621e-05	8.868342e-03	1.214690e-01	1.312445e-02
1.076126e-04	9.536672e-03	1.305873e-01	1.407440e-02
1.237545e-04	1.025331e-02	1.404432e-01	1.509312e-02
1.423177e-04	1.102174e-02	1.503520e-01	1.618556e-02
1.636654e-04	1.184574e-02	1.613555e-01	1.735708e-02
1.882152e-04	1.272932e-02	1.721958e-01	1.861340e-02
2.164475e-04	1.367681e-02	1.838824e-01	1.996065e-02
2.489146e-04	1.469283e-02	1.955283e-01	2.140541e-02
2.862518e-04	1.578234e-02	2.073717e-01	2.295474e-02
3.291895e-04	1.695067e-02	2.198975e-01	2.461622e-02
3.785680e-04	1.820352e-02	2.320379e-01	2.639796e-02
4.353531e-04	1.954702e-02	2.449806e-01	2.830865e-02
5.006561e-04	2.098774e-02	2.567216e-01	3.035765e-02
5.757545e-04	2.253270e-02	2.695822e-01	3.255495e-02
6.621177e-04	2.418945e-02	2.821840e-01	3.491130e-02
7.614354e-04	2.596610e-02	2.943658e-01	3.743819e-02
8.756507e-04	2.787132e-02	3.072467e-01	4.014799e-02
1.006998e-03	2.991442e-02	3.178911e-01	4.305392e-02
1.158048e-03	3.210537e-02	3.296475e-01	4.617019e-02
1.331755e-03	3.445489e-02	3.405150e-01	4.951201e-02
1.531519e-03	3.697444e-02	3.507162e-01	5.309572e-02
1.761246e-03	3.967635e-02	3.612539e-01	5.693881e-02
2.025433e-03	4.257381e-02	3.699894e-01	6.106008e-02
2.329248e-03	4.568097e-02	3.786147e-01	6.547964e-02
2.678635e-03	4.901301e-02	3.861382e-01	7.021909e-02
3.080431e-03	5.258622e-02	3.928360e-01	7.529171e-02
3.542495e-03	5.641805e-02	3.992247e-01	8.075482e-02
4.073870e-03	6.052721e-02	4.044267e-01	8.659830e-02
4.684950e-03	6.493379e-02	4.089097e-01	9.286683e-02
5.387693e-03	6.965931e-02	4.125100e-01	9.958836e-02
6.195847e-03	7.472685e-02	4.157496e-01	1.067965e-01
7.125224e-03	8.016118e-02	4.177574e-01	1.145264e-01
8.194007e-03	8.598884e-02	4.196337e-01	1.228157e-01
9.423108e-03	9.223830e-02	4.198556e-01	1.317049e-01
1.083657e-02	9.894010e-02	4.194489e-01	1.412377e-01
1.246206e-02	1.061270e-01	4.182740e-01	1.514604e-01
1.433137e-02	1.138340e-01	4.158590e-01	1.624231e-01
1.648108e-02	1.220989e-01	4.128734e-01	1.741792e-01
1.895324e-02	1.309620e-01	4.084860e-01	1.867862e-01
2.179622e-02	1.404666e-01	4.031909e-01	2.003057e-01
2.506566e-02	1.506592e-01	3.967752e-01	2.148039e-01
2.882550e-02	1.615894e-01	3.893844e-01	2.303513e-01
3.314933e-02	1.733109e-01	3.808398e-01	2.470241e-01
3.812173e-02	1.858807e-01	3.714796e-01	2.649036e-01
4.383999e-02	1.993603e-01	3.610436e-01	2.840774e-01
5.041599e-02	2.138156e-01	3.502888e-01	3.046390e-01
5.797838e-02	2.293172e-01	3.381819e-01	3.266887e-01
6.667514e-02	2.459408e-01	3.254720e-01	3.503344e-01
7.667641e-02	2.637676e-01	3.122860e-01	3.756916e-01
8.817787e-02	2.828847e-01	2.981693e-01	4.028844e-01
1.014046e-01	3.033855e-01	2.849944e-01	4.320452e-01
1.166152e-01	3.253702e-01	2.703567e-01	4.633167e-01
1.341075e-01	3.489461e-01	2.559827e-01	4.968515e-01
1.542237e-01	3.742285e-01	2.415971e-01	5.328138e-01
1.773572e-01	4.013408e-01	2.265567e-01	5.713793e-01
2.039608e-01	4.304155e-01	2.126725e-01	6.127347e-01
2.345549e-01	4.615947e-01	1.986165e-01	6.570890e-01
2.697381e-01	4.950306e-01	1.852930e-01	7.046364e-01
3.101989e-01	5.308898e-01	1.725120e-01	7.558575e-01
3.567287e-01	5.693445e-01	1.597078e-01	8.113281e-01
4.102380e-01	6.105826e-01	1.477961e-01	8.714068e-01
4.717737e-01	6.548054e-01	1.367320e-01	9.365453e-01
5.425397e-01	7.022293e-01	1.261251e-01	1.007240e+00
6.239207e-01	7.530858e-01	1.155323e-01	1.084068e+00
7.175088e-01	8.022987e-01	1.073108e-01	1.167700e+00
8.251351e-01	8.516179e-01	9.868297e-02	1.258932e+00
9.489054e-01	9.254753e-01	9.150061e-02	1.288919e+00
1.091241e+00	1.012931e+00	8.373539e-02	1.311499e+00
1.254927e+00	1.108121e+00	7.480538e-02	1.332724e+00
1.443166e+00	1.212832e+00	6.751591e-02	1.352992e+00
1.659641e+00	1.328889e+00	5.967057e-02	1.372947e+00
1.908588e+00	1.452891e+00	5.414257e-02	1.393376e+00
2.194876e+00	1.590426e+00	4.856764e-02	1.415275e+00
2.524107e+00	1.735879e+00	4.383755e-02	1.439868e+00
2.902723e+00	1.880393e+00	3.960711e-02	1.468639e+00
3.338132e+00	2.030165e+00	3.542429e-02	1.503351e+00
3.838852e+00	2.188779e+00	3.206802e-02	1.546068e+00
4.414679e+00	2.354622e+00	2.862325e-02	1.599168e+00
5.076881e+00	2.506438e+00	2.597467e-02	1.665334e+00
5.838413e+00	2.646821e+00	2.320474e-02	1.747625e+00
6.714175e+00	2.788618e+00	2.079609e-02	1.849414e+00
7.721302e+00	2.900023e+00	1.859418e-02	1.974432e+00
8.879497e+00	3.015638e+00	1.646385e-02	2.126793e+00
1.021142e+01	3.124987e+00	1.488040e-02	2.311056e+00
1.174313e+01	3.218729e+00	1.320632e-02	2.532375e+00
1.350460e+01	3.310002e+00	1.179700e-02	2.796688e+00
1.553030e+01	3.372814e+00	1.049850e-02	3.111022e+00
1.785984e+01	3.429301e+00	9.251248e-03	3.483895e+00
2.053882e+01	3.470986e+00	8.249091e-03	3.925791e+00
2.361964e+01	3.488571e+00	7.310027e-03	4.449770e+00
2.716258e+01	3.494566e+00	6.503598e-03	5.072187e+00
3.123697e+01	3.466541e+00	5.794211e-03	5.813596e+00
3.592252e+01	3.431713e+00	5.134128e-03	6.699857e+00
4.131089e+01	3.388623e+00	4.561432e-03	7.763581e+00
4.750753e+01	3.322667e+00	4.069529e-03	9.045783e+00
5.463366e+01	3.825190e+00	3.620725e-03	1.059846e+01
6.282871e+01	3.591636e+00	3.199033e-03	1.248584e+01
7.225301e+01	3.382896e+00	2.858322e-03	1.479887e+01
8.309096e+01	3.174340e+00	2.486521e-03	1.764026e+01
9.555461e+01	2.968065e+00	2.234109e-03	2.113866e+01
1.098878e+02	2.763116e+00	1.974805e-03	2.546618e+01
1.263710e+02	2.564088e+00	1.740101e-03	3.084453e+01
1.453266e+02	2.373208e+00	1.553064e-03	3.755131e+01
1.671256e+02	2.187858e+00	1.345837e-03	4.594859e+01
1.921945e+02	2.008817e+00	1.200569e-03	5.653086e+01
2.210236e+02	1.839287e+00	1.050768e-03	6.992802e+01
2.541772e+02	1.692219e+00	9.295150e-04	8.686451e+01
2.923037e+02	1.553588e+00	8.248688e-04	1.082601e+02
3.361493e+02	1.421792e+00	7.217502e-04	1.353766e+02
3.865717e+02	1.297154e+00	6.442296e-04	1.698506e+02
4.445574e+02	1.180183e+00	5.643010e-04	2.138013e+02
5.112411e+02	1.071299e+00	5.052209e-04	2.699499e+02
5.879272e+02	9.702195e-01	4.439730e-04	3.418039e+02
6.761163e+02	8.760559e-01	3.922506e-04	4.339606e+02
7.775337e+02	7.897447e-01	3.449866e-04	5.523429e+02
8.941638e+02	7.121822e-01	3.010912e-04	7.043684e+02
1.028288e+03	6.418777e-01	2.686218e-04	8.993661e+02
1.182532e+03	5.779551e-01	2.349728e-04	1.149478e+03
1.359911e+03	5.203217e-01	2.073176e-04	1.470249e+03
1.563898e+03	4.685432e-01	1.817044e-04	1.881444e+03
1.798483e+03	4.219477e-01	1.579737e-04	2.408147e+03
2.068255e+03	3.801387e-01	1.388196e-04	3.082075e+03
2.378493e+03	3.429307e-01	1.214553e-04	3.943217e+03
2.735268e+03	3.098446e-01	1.066073e-04	5.041821e+03
3.145558e+03	2.803661e-01	9.373623e-05	6.440694e+03
3.617391e+03	2.542386e-01	8.204087e-05	8.218005e+03
4.160000e+03	2.311761e-01	7.182030e-05	1.047049e+04
4.784000e+03	2.107925e-01	6.337868e-05	1.331712e+04
5.501600e+03	1.928233e-01	5.557990e-05	1.690322e+04
6.326840e+03	1.770714e-01	4.842521e-05	2.140495e+04
7.275866e+03	1.632657e-01	0.000000e+00	2.703411e+04
8.367246e+03	1.511659e-01	0.000000e+00	3.404299e+04
9.622333e+03	1.406414e-01	0.000000e+00	4.272932e+04
