# Energy_MeV	dEdx_Elec_MeV_um	dEdx_Nucl_MeV_um	Range_um
1.000000e-05	2.301760e-03	3.050469e-02	5.629466e-03
1.150000e-05	2.486291e-03	3.339648e-02	6.036929e-03
1.322500e-05	2.684055e-03	3.661365e-02	6.473886e-03
1.520875e-05	2.896019e-03	3.998555e-02	6.942469e-03
1.749006e-05	3.123222e-03	4.368468e-02	7.444968e-03
2.011357e-05	3.366774e-03	4.762843e-02	7.983839e-03
2.313061e-05	3.627868e-03	5.183679e-02	8.561714e-03
2.660020e-05	3.907779e-03	5.644888e-02	9.181415e-03
3.059023e-05	4.207877e-03	6.130414e-02	9.845971e-03
3.517876e-05	4.529627e-03	6.644277e-02	1.055863e-02
4.045558e-05	4.874604e-03	7.193143e-02	1.132287e-02
4.652391e-05	5.244492e-03	7.793539e-02	1.214242e-02
5.350250e-05	5.641099e-03	8.412772e-02	1.302130e-02
6.152788e-05	6.066364e-03	9.102813e-02	1.396378e-02
7.075706e-05	6.522363e-03	9.781453e-02	1.497449e-02
8.137062e-05	7.011326e-03	1.051800e-01	1.605835e-02
9.357621e-05	7.535642e-03	1.130910e-01	1.722066e-02
1.076126e-04	8.097871e-03	1.210660e-01	1.846710e-02
1.237545e-04	8.700761e-03	1.299545e-01	1.980376e-02
1.423177e-04	9.347257e-03	1.386268e-01	2.123717e-02
1.636654e-04	1.004052e-02	1.480448e-01	2.277433e-02
1.882152e-04	1.078393e-02	1.574007e-01	2.442275e-02
2.164475e-04	1.158113e-02	1.668971e-01	2.619048e-02
2.489146e-04	1.243600e-02	1.770144e-01	2.808616e-02
2.862518e-04	1.335273e-02	1.867300e-01	3.011905e-02
3.291895e-04	1.433580e-02	1.971427e-01	3.229908e-02
3.785680e-04	1.539000e-02	2.065597e-01	3.463691e-02
4.353531e-04	1.652048e-02	2.168575e-01	3.714394e-02
5.006561e-04	1.773278e-02	2.269779e-01	3.983244e-02
5.757545e-04	1.903281e-02	2.368225e-01	4.271554e-02
6.621177e-04	2.042692e-02	2.470606e-01	4.580731e-02
7.614354e-04	2.192192e-02	2.556641e-01	4.912287e-02
8.756507e-04	2.352512e-02	2.650478e-01	5.267841e-02
1.006998e-03	2.524435e-02	2.737662e-01	5.649130e-02
1.158048e-03	2.708801e-02	2.820126e-01	6.058017e-02
1.331755e-03	2.906510e-02	2.903686e-01	6.496499e-02
1.531519e-03	3.118529e-02	2.974282e-01	6.966719e-02
1.761246e-03	3.345893e-02	3.042867e-01	7.470974e-02
2.025433e-03	3.589713e-02	3.103382e-01	8.011727e-02
2.329248e-03	3.851180e-02	3.156898e-01	8.591620e-02
2.678635e-03	4.131571e-02	3.207573e-01	9.213486e-02
3.080431e-03	4.432257e-02	3.249631e-01	9.875546e-02
3.542495e-03	4.754706e-02	3.284915e-01	1.059477e-01
4.073870e-03	5.100493e-02	3.314045e-01	1.136268e-01
4.684950e-03	5.471308e-02	3.339560e-01	1.218514e-01
5.387693e-03	5.868963e-02	3.355494e-01	1.306705e-01
6.195847e-03	6.295399e-02	3.370709e-01	1.401284e-01
7.125224e-03	6.752701e-02	3.371639e-01	1.502707e-01
8.194007e-03	7.243102e-02	3.368405e-01	1.611472e-01
9.423108e-03	7.768998e-02	3.358448e-01	1.728109e-01
1.083657e-02	8.332958e-02	3.338796e-01	1.853189e-01
1.246206e-02	8.937738e-02	3.314735e-01	1.987322e-01
1.433137e-02	9.586292e-02	3.278867e-01	2.131162e-01
1.648108e-02	1.028179e-01	3.236121e-01	2.285415e-01
1.895324e-02	1.102763e-01	3.184178e-01	2.450834e-01
2.179622e-02	1.182745e-01	3.124496e-01	2.628224e-01
2.506566e-02	1.268516e-01	3.055517e-01	2.818454e-01
2.882550e-02	1.360495e-01	2.980071e-01	3.022453e-01
3.314933e-02	1.459132e-01	2.896004e-01	3.241218e-01
3.812173e-02	1.564908e-01	2.809345e-01	3.475818e-01
4.383999e-02	1.678340e-01	2.712009e-01	3.727397e-01
5.041599e-02	1.799983e-01	2.609752e-01	3.997185e-01
5.797838e-02	1.930430e-01	2.503235e-01	4.286501e-01
6.667514e-02	2.070319e-01	2.390442e-01	4.596759e-01
7.667641e-02	2.220333e-01	2.283993e-01	4.929474e-01
8.817787e-02	2.381205e-01	2.166756e-01	5.286269e-01
1.014046e-01	2.553721e-01	2.051261e-01	5.668889e-01
1.166152e-01	2.738724e-01	1.935018e-01	6.079204e-01
1.341075e-01	2.937118e-01	1.815172e-01	6.519220e-01
1.542237e-01	3.149871e-01	1.702999e-01	6.991083e-01
1.773572e-01	3.378024e-01	1.590758e-01	7.497097e-01
2.039608e-01	3.622690e-01	1.483511e-01	8.039739e-01
2.345549e-01	3.885066e-01	1.381009e-01	8.621669e-01
2.697381e-01	4.166432e-01	1.278899e-01	9.245615e-01
3.101989e-01	4.468174e-01	1.182650e-01	9.915484e-01
3.567287e-01	4.791766e-01	1.094688e-01	1.063963e+00
4.102380e-01	5.138780e-01	1.008953e-01	1.142388e+00
4.717737e-01	5.510911e-01	9.245052e-02	1.227378e+00
5.425397e-01	5.909978e-01	8.587923e-02	1.319564e+00
6.239207e-01	6.337929e-01	7.889764e-02	1.419677e+00
7.175088e-01	6.796857e-01	7.326059e-02	1.528559e+00
8.251351e-01	7.210864e-01	6.699214e-02	1.585198e+00
9.489054e-01	7.744604e-01	5.978343e-02	1.631332e+00
1.091241e+00	8.488800e-01	5.395286e-02	1.675823e+00
1.254927e+00	9.296763e-01	4.760573e-02	1.718963e+00
1.443166e+00	1.019877e+00	4.329931e-02	1.761093e+00
1.659641e+00	1.113903e+00	3.881066e-02	1.802799e+00
1.908588e+00	1.217349e+00	3.504199e-02	1.844928e+00
2.194876e+00	1.328410e+00	3.167627e-02	1.888630e+00
2.524107e+00	1.440453e+00	2.829801e-02	1.935406e+00
2.902723e+00	1.559637e+00	2.563761e-02	1.987153e+00
3.338132e+00	1.657473e+00	2.286888e-02	2.046198e+00
3.838852e+00	1.764762e+00	2.076295e-02	2.115345e+00
4.414679e+00	1.881220e+00	1.855904e-02	2.197944e+00
5.076881e+00	1.979227e+00	1.662910e-02	2.297881e+00
5.838413e+00	2.076894e+00	1.484849e-02	2.419640e+00
6.714175e+00	2.156990e+00	1.316996e-02	2.568317e+00
7.721302e+00	2.231781e+00	1.188944e-02	2.749660e+00
8.879497e+00	2.299634e+00	1.056045e-02	2.970128e+00
1.021142e+01	2.356911e+00	9.431406e-03	3.236975e+00
1.174313e+01	2.412961e+00	8.381306e-03	3.558436e+00
1.350460e+01	2.452764e+00	7.397830e-03	3.944028e+00
1.553030e+01	2.482661e+00	6.587766e-03	4.404979e+00
1.785984e+01	2.503869e+00	5.843199e-03	4.954837e+00
2.053882e+01	2.507097e+00	5.194515e-03	5.610241e+00
2.361964e+01	2.503284e+00	4.628391e-03	6.391911e+00
2.716258e+01	2.482994e+00	4.104987e-03	7.325855e+00
3.123697e+01	2.449242e+00	3.642056e-03	8.444880e+00
3.592252e+01	2.403627e+00	3.253464e-03	9.790492e+00
4.131089e+01	2.349939e+00	2.890557e-03	1.141528e+01
4.750753e+01	2.286919e+00	2.556019e-03	1.338590e+01
5.463366e+01	2.211700e+00	2.283119e-03	1.578756e+01
6.282871e+01	2.413545e+00	1.982426e-03	1.872564e+01
7.225301e+01	2.253065e+00	1.785552e-03	2.234222e+01
8.309096e+01	2.101190e+00	1.575838e-03	2.682276e+01
9.555461e+01	1.952019e+00	1.390139e-03	3.237609e+01
1.098878e+02	1.806906e+00	1.240339e-03	3.928746e+01
1.263710e+02	1.666068e+00	1.073341e-03	4.792735e+01
1.453266e+02	1.531963e+00	9.591546e-04	5.876808e+01
1.671256e+02	1.404859e+00	8.385522e-04	7.241047e+01
1.921945e+02	1.281574e+00	7.422289e-04	8.966202e+01
2.210236e+02	1.165723e+00	6.591633e-04	1.116053e+02
2.541772e+02	1.061446e+00	5.766301e-04	1.395483e+02
2.923037e+02	9.682908e-01	5.146175e-04	1.750319e+02
3.361493e+02	8.809876e-01	4.503779e-04	2.201494e+02
3.865717e+02	7.993754e-01	4.035293e-04	2.776702e+02
4.445574e+02	7.235774e-01	3.548714e-04	3.511733e+02
5.112411e+02	6.536035e-01	3.134498e-04	4.452735e+02
5.879272e+02	5.894942e-01	2.752234e-04	5.658849e+02
6.761163e+02	5.303544e-01	2.407290e-04	7.206860e+02
7.775337e+02	4.763841e-01	2.144680e-04	9.196950e+02
8.941638e+02	4.277788e-01	1.877936e-04	1.175602e+03
1.028288e+03	3.846825e-01	1.656468e-04	1.504213e+03
1.182532e+03	3.456755e-01	1.449310e-04	1.925762e+03
1.359911e+03	3.105449e-01	1.262576e-04	2.466510e+03
1.563898e+03	2.790891e-01	1.107739e-04	3.159785e+03
1.798483e+03	2.509486e-01	9.702580e-05	4.047991e+03
2.068255e+03	2.257873e-01	8.508160e-05	5.184833e+03
2.378493e+03	2.033788e-01	7.482280e-05	6.638117e+03
2.735268e+03	1.834849e-01	6.555980e-05	8.493256e+03
3.145558e+03	1.658129e-01	5.729742e-05	1.085732e+04
3.617391e+03	1.501360e-01	5.064137e-05	1.386388e+04
4.160000e+03	1.362858e-01	0.000000e+00	1.767878e+04
4.784000e+03	1.240607e-01	0.000000e+00	2.250664e+04
5.501600e+03	1.132739e-01	0.000000e+00	2.859836e+04
6.326840e+03	1.037933e-01	0.000000e+00	3.625923e+04
7.275866e+03	9.548523e-02	0.000000e+00	4.585784e+04
8.367246e+03	8.820492e-02	0.000000e+00	5.783536e+04
9.622333e+03	8.184871e-02	0.000000e+00	7.271494e+04
