# Energy_MeV	dEdx_Elec_MeV_um	dEdx_Nucl_MeV_um	Range_um
1.000000e-05	2.087644e-03	3.117541e-02	6.275470e-03
1.150000e-05	2.253025e-03	3.418112e-02	6.729691e-03
1.322500e-05	2.430289e-03	3.744915e-02	7.216790e-03
1.520875e-05	2.620305e-03	4.100689e-02	7.739145e-03
1.749006e-05	2.824000e-03	4.481620e-02	8.299308e-03
2.011357e-05	3.042372e-03	4.892504e-02	8.900017e-03
2.313061e-05	3.276488e-03	5.335320e-02	9.544205e-03
2.660020e-05	3.527493e-03	5.806218e-02	1.023502e-02
3.059023e-05	3.796613e-03	6.317236e-02	1.097584e-02
3.517876e-05	4.085164e-03	6.865847e-02	1.177027e-02
4.045558e-05	4.394556e-03	7.433327e-02	1.262221e-02
4.652391e-05	4.726300e-03	8.053821e-02	1.353581e-02
5.350250e-05	5.082019e-03	8.719680e-02	1.451554e-02
6.152788e-05	5.463449e-03	9.411895e-02	1.556619e-02
7.075706e-05	5.872455e-03	1.018689e-01	1.669287e-02
8.137062e-05	6.311034e-03	1.093334e-01	1.790111e-02
9.357621e-05	6.781331e-03	1.176464e-01	1.919680e-02
1.076126e-04	7.285641e-03	1.263915e-01	2.058628e-02
1.237545e-04	7.826430e-03	1.352929e-01	2.207633e-02
1.423177e-04	8.406339e-03	1.452276e-01	2.367422e-02
1.636654e-04	9.028202e-03	1.547943e-01	2.538777e-02
1.882152e-04	9.695056e-03	1.653024e-01	2.722535e-02
2.164475e-04	1.041016e-02	1.757138e-01	2.919594e-02
2.489146e-04	1.117701e-02	1.861541e-01	3.130916e-02
2.862518e-04	1.199934e-02	1.974398e-01	3.357533e-02
3.291895e-04	1.288119e-02	2.081938e-01	3.600553e-02
3.785680e-04	1.382684e-02	2.196760e-01	3.861163e-02
4.353531e-04	1.484094e-02	2.301573e-01	4.140636e-02
5.006561e-04	1.592842e-02	2.414056e-01	4.440338e-02
5.757545e-04	1.709460e-02	2.526102e-01	4.761732e-02
6.621177e-04	1.834518e-02	2.637666e-01	5.106388e-02
7.614354e-04	1.968627e-02	2.746292e-01	5.475991e-02
8.756507e-04	2.112443e-02	2.843852e-01	5.872346e-02
1.006998e-03	2.266666e-02	2.945019e-01	6.297390e-02
1.158048e-03	2.432052e-02	3.041165e-01	6.753198e-02
1.331755e-03	2.609408e-02	3.134722e-01	7.241999e-02
1.531519e-03	2.799600e-02	3.222480e-01	7.766178e-02
1.761246e-03	3.003558e-02	3.302489e-01	8.328298e-02
2.025433e-03	3.222278e-02	3.375364e-01	8.931105e-02
2.329248e-03	3.456828e-02	3.442774e-01	9.577543e-02
2.678635e-03	3.708355e-02	3.500720e-01	1.027077e-01
3.080431e-03	3.978087e-02	3.554037e-01	1.101417e-01
3.542495e-03	4.267342e-02	3.601780e-01	1.181139e-01
4.073870e-03	4.577533e-02	3.637694e-01	1.266514e-01
4.684950e-03	4.910175e-02	3.670496e-01	1.358358e-01
5.387693e-03	5.266894e-02	3.696834e-01	1.456648e-01
6.195847e-03	5.649432e-02	3.713704e-01	1.562092e-01
7.125224e-03	6.059659e-02	3.729683e-01	1.675152e-01
8.194007e-03	6.499577e-02	3.728496e-01	1.796398e-01
9.423108e-03	6.971336e-02	3.724469e-01	1.926421e-01
1.083657e-02	7.477242e-02	3.711741e-01	2.065853e-01
1.246206e-02	8.019764e-02	3.688931e-01	2.215378e-01
1.433137e-02	8.601555e-02	3.660824e-01	2.375725e-01
1.648108e-02	9.225456e-02	3.619526e-01	2.547680e-01
1.895324e-02	9.894515e-02	3.570995e-01	2.732080e-01
2.179622e-02	1.061200e-01	3.512019e-01	2.929827e-01
2.506566e-02	1.138142e-01	3.444585e-01	3.141886e-01
2.882550e-02	1.220653e-01	3.366859e-01	3.369295e-01
3.314933e-02	1.309136e-01	3.282091e-01	3.613165e-01
3.812173e-02	1.404023e-01	3.188483e-01	3.874685e-01
4.383999e-02	1.505778e-01	3.090879e-01	4.155134e-01
5.041599e-02	1.614899e-01	2.982808e-01	4.455881e-01
5.797838e-02	1.731918e-01	2.868830e-01	4.778398e-01
6.667514e-02	1.857406e-01	2.748324e-01	5.124260e-01
7.667641e-02	1.991978e-01	2.626049e-01	5.495154e-01
8.817787e-02	2.136289e-01	2.505521e-01	5.892892e-01
1.014046e-01	2.291047e-01	2.377326e-01	6.319420e-01
1.166152e-01	2.457005e-01	2.249213e-01	6.776822e-01
1.341075e-01	2.634976e-01	2.117539e-01	7.267331e-01
1.542237e-01	2.825828e-01	1.989091e-01	7.793341e-01
1.773572e-01	3.030495e-01	1.862115e-01	8.357422e-01
2.039608e-01	3.249975e-01	1.740766e-01	8.962334e-01
2.345549e-01	3.485341e-01	1.621532e-01	9.611035e-01
2.697381e-01	3.737743e-01	1.508296e-01	1.030667e+00
3.101989e-01	4.008415e-01	1.398469e-01	1.105274e+00
3.567287e-01	4.298677e-01	1.289456e-01	1.185250e+00
4.102380e-01	4.609964e-01	1.196021e-01	1.271365e+00
4.717737e-01	4.943784e-01	1.100306e-01	1.364618e+00
5.425397e-01	5.301765e-01	1.008201e-01	1.465612e+00
6.239207e-01	5.685657e-01	9.367035e-02	1.575107e+00
7.175088e-01	6.097336e-01	8.621878e-02	1.693933e+00
8.251351e-01	6.538813e-01	8.006864e-02	1.823056e+00
9.489054e-01	6.975662e-01	7.299597e-02	1.937239e+00
1.091241e+00	7.414121e-01	6.486240e-02	1.995671e+00
1.254927e+00	8.063861e-01	5.850128e-02	2.052058e+00
1.443166e+00	8.847206e-01	5.178729e-02	2.106575e+00
1.659641e+00	9.685106e-01	4.709960e-02	2.159555e+00
1.908588e+00	1.060204e+00	4.223043e-02	2.211566e+00
2.194876e+00	1.160278e+00	3.805814e-02	2.263476e+00
2.524107e+00	1.264975e+00	3.446259e-02	2.316497e+00
2.902723e+00	1.379364e+00	3.079632e-02	2.372248e+00
3.338132e+00	1.493186e+00	2.785236e-02	2.432806e+00
3.838852e+00	1.601581e+00	2.490019e-02	2.500763e+00
4.414679e+00	1.705705e+00	2.254203e-02	2.579254e+00
5.076881e+00	1.814680e+00	2.019709e-02	2.672076e+00
5.838413e+00	1.928007e+00	1.807848e-02	2.783678e+00
6.714175e+00	2.023405e+00	1.605553e-02	2.919215e+00
7.721302e+00	2.111217e+00	1.433991e-02	3.084595e+00
8.879497e+00	2.196458e+00	1.288485e-02	3.286497e+00
1.021142e+01	2.260853e+00	1.148428e-02	3.532460e+00
1.174313e+01	2.325996e+00	1.024559e-02	3.830924e+00
1.350460e+01	2.383557e+00	9.052342e-03	4.191411e+00
1.553030e+01	2.430012e+00	8.044191e-03	4.624811e+00
1.785984e+01	2.472118e+00	7.125405e-03	5.143817e+00
2.053882e+01	2.491745e+00	6.343765e-03	5.763560e+00
2.361964e+01	2.506280e+00	5.632379e-03	6.502454e+00
2.716258e+01	2.507801e+00	5.011003e-03	7.383272e+00
3.123697e+01	2.494594e+00	4.461204e-03	8.434480e+00
3.592252e+01	2.471919e+00	3.936100e-03	9.691904e+00
4.131089e+01	2.429706e+00	3.534265e-03	1.120080e+01
4.750753e+01	2.380651e+00	3.135440e-03	1.301847e+01
5.463366e+01	2.323482e+00	2.770544e-03	1.521760e+01
6.282871e+01	2.254705e+00	2.471268e-03	1.789025e+01
7.225301e+01	2.512172e+00	2.150677e-03	2.115404e+01
8.309096e+01	2.339833e+00	1.937219e-03	2.515476e+01
9.555461e+01	2.185415e+00	1.710019e-03	3.009774e+01
1.098878e+02	2.034433e+00	1.507379e-03	3.622243e+01
1.263710e+02	1.887435e+00	1.341724e-03	4.382588e+01
1.453266e+02	1.743486e+00	1.165201e-03	5.330688e+01
1.671256e+02	1.605403e+00	1.039067e-03	6.518128e+01
1.921945e+02	1.474502e+00	9.103257e-04	8.009901e+01
2.210236e+02	1.349154e+00	8.038006e-04	9.890611e+01
2.541772e+02	1.229009e+00	7.147960e-04	1.227554e+02
2.923037e+02	1.116624e+00	6.257673e-04	1.531314e+02
3.361493e+02	1.019101e+00	5.571924e-04	1.917623e+02
3.865717e+02	9.286984e-01	4.898410e-04	2.408192e+02
4.445574e+02	8.439602e-01	4.366940e-04	3.032733e+02
5.112411e+02	7.649082e-01	3.852559e-04	3.829797e+02
5.879272e+02	6.916731e-01	3.398716e-04	4.849270e+02
6.761163e+02	6.243331e-01	2.964164e-04	6.155173e+02
7.775337e+02	5.626108e-01	2.615701e-04	7.829848e+02
8.941638e+02	5.056563e-01	2.317160e-04	9.980972e+02
1.028288e+03	4.540254e-01	2.037764e-04	1.274737e+03
1.182532e+03	4.080523e-01	1.795131e-04	1.630292e+03
1.359911e+03	3.668212e-01	1.559629e-04	2.086572e+03
1.563898e+03	3.295571e-01	1.369940e-04	2.671899e+03
1.798483e+03	2.960977e-01	1.194276e-04	3.422574e+03
2.068255e+03	2.661643e-01	1.050820e-04	4.384722e+03
2.378493e+03	2.393881e-01	9.212131e-05	5.616910e+03
2.735268e+03	2.154782e-01	8.077451e-05	7.193202e+03
3.145558e+03	1.942243e-01	7.109127e-05	9.207022e+03
3.617391e+03	1.753553e-01	6.171597e-05	1.177583e+04
4.160000e+03	1.585932e-01	5.488932e-05	1.504653e+04
4.784000e+03	1.437517e-01	4.805680e-05	1.920205e+04
5.501600e+03	1.306519e-01	0.000000e+00	2.446885e+04
6.326840e+03	1.190866e-01	0.000000e+00	3.112565e+04
7.275866e+03	1.088966e-01	0.000000e+00	3.951299e+04
8.367246e+03	9.995667e-02	0.000000e+00	5.004392e+04
9.622333e+03	9.212286e-02	0.000000e+00	6.321521e+04
