# Energy_MeV	dEdx_Elec_MeV_um	dEdx_Nucl_MeV_um	Range_um
1.000000e-05	3.022762e-03	1.867343e-02	5.430911e-03
1.150000e-05	3.266146e-03	2.027115e-02	5.824004e-03
1.322500e-05	3.526970e-03	2.194255e-02	6.245548e-03
1.520875e-05	3.806509e-03	2.378026e-02	6.697604e-03
1.749006e-05	4.106134e-03	2.576117e-02	7.182380e-03
2.011357e-05	4.427309e-03	2.776749e-02	7.702245e-03
2.313061e-05	4.771606e-03	3.000787e-02	8.259737e-03
2.660020e-05	5.140709e-03	3.221792e-02	8.857582e-03
3.059023e-05	5.536423e-03	3.467781e-02	9.498698e-03
3.517876e-05	5.960681e-03	3.726860e-02	1.018622e-02
4.045558e-05	6.415558e-03	3.984821e-02	1.092350e-02
4.652391e-05	6.903277e-03	4.272793e-02	1.171415e-02
5.350250e-05	7.426222e-03	4.559742e-02	1.256203e-02
6.152788e-05	7.986946e-03	4.858041e-02	1.347127e-02
7.075706e-05	8.588192e-03	5.162812e-02	1.444633e-02
8.137062e-05	9.232895e-03	5.475956e-02	1.549197e-02
9.357621e-05	9.924207e-03	5.800759e-02	1.661328e-02
1.076126e-04	1.066551e-02	6.119999e-02	1.781576e-02
1.237545e-04	1.146041e-02	6.433303e-02	1.910527e-02
1.423177e-04	1.231281e-02	6.753116e-02	2.048812e-02
1.636654e-04	1.322686e-02	7.106383e-02	2.197107e-02
1.882152e-04	1.420704e-02	7.404768e-02	2.356134e-02
2.164475e-04	1.525812e-02	7.730763e-02	2.526673e-02
2.489146e-04	1.638525e-02	8.040729e-02	2.709554e-02
2.862518e-04	1.759393e-02	8.324817e-02	2.905673e-02
3.291895e-04	1.889007e-02	8.648929e-02	3.115988e-02
3.785680e-04	2.028000e-02	8.897652e-02	3.341524e-02
4.353531e-04	2.177051e-02	9.169315e-02	3.583386e-02
5.006561e-04	2.336888e-02	9.428109e-02	3.842753e-02
5.757545e-04	2.508291e-02	9.654027e-02	4.120894e-02
6.621177e-04	2.692100e-02	9.873630e-02	4.419166e-02
7.614354e-04	2.889210e-02	1.005019e-01	4.739028e-02
8.756507e-04	3.100586e-02	1.023301e-01	5.082041e-02
1.006998e-03	3.327259e-02	1.038283e-01	5.448886e-02
1.158048e-03	3.570338e-02	1.051118e-01	5.843382e-02
1.331755e-03	3.831010e-02	1.061849e-01	6.267577e-02
1.531519e-03	4.110548e-02	1.071294e-01	6.721124e-02
1.761246e-03	4.410318e-02	1.079050e-01	7.207626e-02
2.025433e-03	4.731784e-02	1.083161e-01	7.729306e-02
2.329248e-03	5.076517e-02	1.087028e-01	8.288746e-02
2.678635e-03	5.446201e-02	1.086912e-01	8.888680e-02
3.080431e-03	5.842642e-02	1.085526e-01	9.532034e-02
3.542495e-03	6.267777e-02	1.081662e-01	1.022195e-01
4.073870e-03	6.723683e-02	1.074387e-01	1.096182e-01
4.684950e-03	7.212587e-02	1.065693e-01	1.175523e-01
5.387693e-03	7.736877e-02	1.053654e-01	1.260607e-01
6.195847e-03	8.299115e-02	1.038984e-01	1.351848e-01
7.125224e-03	8.902047e-02	1.021663e-01	1.449695e-01
8.194007e-03	9.548620e-02	1.001571e-01	1.554624e-01
9.423108e-03	1.024199e-01	9.787643e-02	1.667147e-01
1.083657e-02	1.098555e-01	9.536007e-02	1.787815e-01
1.246206e-02	1.178292e-01	9.269442e-02	1.917216e-01
1.433137e-02	1.263801e-01	8.977136e-02	2.055984e-01
1.648108e-02	1.355500e-01	8.645676e-02	2.204797e-01
1.895324e-02	1.453835e-01	8.329176e-02	2.364380e-01
2.179622e-02	1.559288e-01	7.973735e-02	2.535514e-01
2.506566e-02	1.672373e-01	7.625222e-02	2.719034e-01
2.882550e-02	1.793644e-01	7.271328e-02	2.915839e-01
3.314933e-02	1.923692e-01	6.868858e-02	3.126888e-01
3.812173e-02	2.063153e-01	6.524830e-02	3.353213e-01
4.383999e-02	2.212709e-01	6.139116e-02	3.595918e-01
5.041599e-02	2.373089e-01	5.762554e-02	3.856191e-01
5.797838e-02	2.545078e-01	5.401380e-02	4.135304e-01
6.667514e-02	2.729515e-01	5.034770e-02	4.434621e-01
7.667641e-02	2.927302e-01	4.710612e-02	4.755589e-01
8.817787e-02	3.139405e-01	4.362201e-02	5.099830e-01
1.014046e-01	3.366862e-01	4.047922e-02	5.468889e-01
1.166152e-01	3.610808e-01	3.748383e-02	5.866714e-01
1.341075e-01	3.872411e-01	3.468343e-02	6.297577e-01
1.542237e-01	4.152949e-01	3.185343e-02	6.764271e-01
1.773572e-01	4.453793e-01	2.930788e-02	7.270302e-01
2.039608e-01	4.776399e-01	2.734433e-02	7.786613e-01
2.345549e-01	5.122289e-01	2.508625e-02	8.148455e-01
2.697381e-01	5.448379e-01	2.301654e-02	8.510272e-01
3.101989e-01	5.779368e-01	2.089924e-02	8.870687e-01
3.567287e-01	6.281422e-01	1.884319e-02	9.228855e-01
4.102380e-01	6.849296e-01	1.705166e-02	9.584699e-01
4.717737e-01	7.438104e-01	1.512080e-02	9.939180e-01
5.425397e-01	8.038055e-01	1.361597e-02	1.029456e+00
6.239207e-01	8.677275e-01	1.227426e-02	1.065468e+00
7.175088e-01	9.261570e-01	1.108204e-02	1.102562e+00
8.251351e-01	9.864187e-01	9.960480e-03	1.141565e+00
9.489054e-01	1.041343e+00	8.937324e-03	1.183588e+00
1.091241e+00	1.085931e+00	8.050985e-03	1.230059e+00
1.254927e+00	1.127625e+00	7.268620e-03	1.282763e+00
1.443166e+00	1.169777e+00	6.540033e-03	1.343900e+00
1.659641e+00	1.210129e+00	5.772961e-03	1.416109e+00
1.908588e+00	1.242642e+00	5.244958e-03	1.502523e+00
2.194876e+00	1.268115e+00	4.662129e-03	1.606828e+00
2.524107e+00	1.291612e+00	4.163446e-03	1.733303e+00
2.902723e+00	1.305058e+00	3.744650e-03	1.886899e+00
3.338132e+00	1.316297e+00	3.279419e-03	2.073335e+00
3.838852e+00	1.323562e+00	2.973145e-03	2.299253e+00
4.414679e+00	1.322749e+00	2.629731e-03	2.572454e+00
5.076881e+00	1.317956e+00	2.325855e-03	2.902249e+00
5.838413e+00	1.304176e+00	2.072691e-03	3.299950e+00
6.714175e+00	1.285323e+00	1.829052e-03	3.779532e+00
7.721302e+00	1.260455e+00	1.641366e-03	4.358493e+00
8.879497e+00	1.228790e+00	1.447133e-03	5.058967e+00
1.021142e+01	1.192121e+00	1.289818e-03	5.909129e+00
1.174313e+01	1.151178e+00	1.150219e-03	6.945028e+00
1.350460e+01	1.105124e+00	1.025501e-03	8.212855e+00
1.553030e+01	1.053027e+00	9.065695e-04	9.771948e+00
1.785984e+01	9.998590e-01	8.031175e-04	1.169840e+01
2.053882e+01	1.023331e+00	7.176980e-04	1.408990e+01
2.361964e+01	9.421239e-01	6.288542e-04	1.707074e+01
2.716258e+01	8.674011e-01	5.629016e-04	2.081324e+01
3.123697e+01	7.964921e-01	4.944078e-04	2.551897e+01
3.592252e+01	7.290157e-01	4.373272e-04	3.144726e+01
4.131089e+01	6.646489e-01	3.897350e-04	3.894106e+01
4.750753e+01	6.042244e-01	3.395998e-04	4.844371e+01
5.463366e+01	5.481519e-01	3.002765e-04	6.051598e+01
6.282871e+01	4.954492e-01	2.647148e-04	7.589228e+01
7.225301e+01	4.460583e-01	2.345339e-04	9.556847e+01
8.309096e+01	4.009123e-01	2.064982e-04	1.208098e+02
9.555461e+01	3.625323e-01	1.817846e-04	1.530940e+02
1.098878e+02	3.271991e-01	1.610266e-04	1.943124e+02
1.263710e+02	2.947855e-01	1.431040e-04	2.470188e+02
1.453266e+02	2.651339e-01	1.267720e-04	3.145097e+02
1.671256e+02	2.381375e-01	1.097608e-04	4.010395e+02
1.921945e+02	2.137257e-01	9.866235e-05	5.120521e+02
2.210236e+02	1.916188e-01	8.618508e-05	6.545503e+02
2.541772e+02	1.715169e-01	7.597031e-05	8.376860e+02
2.923037e+02	1.534923e-01	6.739991e-05	1.073195e+03
3.361493e+02	1.376337e-01	5.801982e-05	1.375735e+03
3.865717e+02	1.234722e-01	5.211378e-05	1.763767e+03
4.445574e+02	1.107683e-01	4.535309e-05	2.261316e+03
5.112411e+02	9.941503e-02	0.000000e+00	2.899072e+03
5.879272e+02	8.928534e-02	0.000000e+00	3.716077e+03
6.761163e+02	8.026088e-02	0.000000e+00	4.761889e+03
7.775337e+02	7.223253e-02	0.000000e+00	6.099176e+03
8.941638e+02	6.510146e-02	0.000000e+00	7.806983e+03
1.028288e+03	5.877311e-02	0.000000e+00	9.984637e+03
1.182532e+03	5.316010e-02	0.000000e+00	1.275629e+04
1.359911e+03	4.819468e-02	0.000000e+00	1.627644e+04
1.563898e+03	4.381086e-02	0.000000e+00	2.073619e+04
1.798483e+03	3.994198e-02	0.000000e+00	2.637049e+04
2.068255e+03	3.653482e-02	0.000000e+00	3.346613e+04
2.378493e+03	3.354411e-02	0.000000e+00	4.237056e+04
2.735268e+03	3.092500e-02	0.000000e+00	5.350112e+04
3.145558e+03	2.863761e-02	0.000000e+00	6.735464e+04
3.617391e+03	2.664924e-02	0.000000e+00	8.451689e+04
4.160000e+03	2.492866e-02	0.000000e+00	1.056717e+05
4.784000e+03	2.344620e-02	0.000000e+00	1.316091e+05
5.501600e+03	2.217794e-02	0.000000e+00	1.632326e+05
6.326840e+03	2.110317e-02	0.000000e+00	2.015645e+05
7.275866e+03	2.020151e-02	0.000000e+00	2.477512e+05
8.367246e+03	1.944859e-02	0.000000e+00	3.030715e+05
9.622333e+03	1.880336e-02	0.000000e+00	3.690156e+05
