# Energy_MeV	dEdx_Elec_MeV_um	dEdx_Nucl_MeV_um	Range_um
1.000000e-05	2.030517e-03	2.211218e-02	1.005295e-02
1.150000e-05	2.185589e-03	2.392598e-02	1.078059e-02
1.322500e-05	2.351856e-03	2.596652e-02	1.156089e-02
1.520875e-05	2.530131e-03	2.803061e-02	1.239768e-02
1.749006e-05	2.721285e-03	3.027576e-02	1.329503e-02
2.011357e-05	2.926252e-03	3.265225e-02	1.425733e-02
2.313061e-05	3.146034e-03	3.504711e-02	1.528928e-02
2.660020e-05	3.381704e-03	3.776652e-02	1.639593e-02
3.059023e-05	3.634414e-03	4.043252e-02	1.758267e-02
3.517876e-05	3.905399e-03	4.332150e-02	1.885532e-02
4.045558e-05	4.195982e-03	4.637572e-02	2.022007e-02
4.652391e-05	4.507583e-03	4.947722e-02	2.168361e-02
5.350250e-05	4.841725e-03	5.268389e-02	2.325308e-02
6.152788e-05	5.200040e-03	5.587567e-02	2.493615e-02
7.075706e-05	5.584278e-03	5.925507e-02	2.674105e-02
8.137062e-05	5.996317e-03	6.266429e-02	2.867658e-02
9.357621e-05	6.438170e-03	6.614572e-02	3.075220e-02
1.076126e-04	6.911995e-03	6.940725e-02	3.297806e-02
1.237545e-04	7.420107e-03	7.285783e-02	3.536503e-02
1.423177e-04	7.964989e-03	7.645830e-02	3.792477e-02
1.636654e-04	8.549302e-03	7.964379e-02	4.066979e-02
1.882152e-04	9.175901e-03	8.328396e-02	4.361349e-02
2.164475e-04	9.847847e-03	8.621126e-02	4.677026e-02
2.489146e-04	1.056842e-02	8.940758e-02	5.015551e-02
2.862518e-04	1.134115e-02	9.257433e-02	5.378580e-02
3.291895e-04	1.216980e-02	9.523485e-02	5.767884e-02
3.785680e-04	1.305843e-02	9.825438e-02	6.185367e-02
4.353531e-04	1.401137e-02	1.006700e-01	6.633067e-02
5.006561e-04	1.503328e-02	1.030859e-01	7.113172e-02
5.757545e-04	1.612915e-02	1.052289e-01	7.628027e-02
6.621177e-04	1.730434e-02	1.071373e-01	8.180147e-02
7.614354e-04	1.856458e-02	1.089839e-01	8.772231e-02
8.756507e-04	1.991604e-02	1.103954e-01	9.407169e-02
1.006998e-03	2.136532e-02	1.117163e-01	1.008807e-01
1.158048e-03	2.291949e-02	1.127279e-01	1.081824e-01
1.331755e-03	2.458615e-02	1.137470e-01	1.160128e-01
1.531519e-03	2.637345e-02	1.143328e-01	1.244098e-01
1.761246e-03	2.829011e-02	1.148079e-01	1.333505e-01
2.025433e-03	3.034549e-02	1.150772e-01	1.430484e-01
2.329248e-03	3.254964e-02	1.149551e-01	1.534311e-01
2.678635e-03	3.491333e-02	1.147663e-01	1.645357e-01
3.080431e-03	3.744810e-02	1.141600e-01	1.764446e-01
3.542495e-03	4.016634e-02	1.133593e-01	1.892156e-01
4.073870e-03	4.308132e-02	1.123127e-01	2.029108e-01
4.684950e-03	4.620729e-02	1.109125e-01	2.175973e-01
5.387693e-03	4.955952e-02	1.092568e-01	2.333468e-01
6.195847e-03	5.315438e-02	1.073040e-01	2.502364e-01
7.125224e-03	5.700944e-02	1.050539e-01	2.683484e-01
8.194007e-03	6.114353e-02	1.025564e-01	2.877713e-01
9.423108e-03	6.557685e-02	9.976350e-02	3.086000e-01
1.083657e-02	7.033105e-02	9.688317e-02	3.309363e-01
1.246206e-02	7.542936e-02	9.364912e-02	3.548895e-01
1.433137e-02	8.089670e-02	9.015380e-02	3.805763e-01
1.648108e-02	8.675975e-02	8.669209e-02	4.081223e-01
1.895324e-02	9.304718e-02	8.276523e-02	4.376620e-01
2.179622e-02	9.978970e-02	7.923340e-02	4.693400e-01
2.506566e-02	1.070202e-01	7.526339e-02	5.033109e-01
2.882550e-02	1.147741e-01	7.122026e-02	5.397406e-01
3.314933e-02	1.230893e-01	6.745455e-02	5.788069e-01
3.812173e-02	1.320062e-01	6.320361e-02	6.207009e-01
4.383999e-02	1.415686e-01	5.946043e-02	6.656274e-01
5.041599e-02	1.518231e-01	5.556129e-02	7.138057e-01
5.797838e-02	1.628199e-01	5.187425e-02	7.654710e-01
6.667514e-02	1.746126e-01	4.832866e-02	8.208757e-01
7.667641e-02	1.872588e-01	4.470309e-02	8.802909e-01
8.817787e-02	2.008204e-01	4.152684e-02	9.440068e-01
1.014046e-01	2.153636e-01	3.837323e-02	1.012334e+00
1.166152e-01	2.309595e-01	3.551292e-02	1.085608e+00
1.341075e-01	2.476842e-01	3.244194e-02	1.164182e+00
1.542237e-01	2.656194e-01	3.013847e-02	1.248446e+00
1.773572e-01	2.848530e-01	2.790923e-02	1.338833e+00
2.039608e-01	3.054795e-01	2.559787e-02	1.436416e+00
2.345549e-01	3.275989e-01	2.354650e-02	1.542106e+00
2.697381e-01	3.513194e-01	2.118743e-02	1.656615e+00
3.101989e-01	3.767567e-01	1.915402e-02	1.780798e+00
3.567287e-01	4.040340e-01	1.712327e-02	1.892715e+00
4.102380e-01	4.332847e-01	1.527334e-02	1.990743e+00
4.717737e-01	4.573094e-01	1.378037e-02	2.089470e+00
5.425397e-01	4.836223e-01	1.240448e-02	2.188512e+00
6.239207e-01	5.226215e-01	1.122497e-02	2.287586e+00
7.175088e-01	5.632472e-01	1.007604e-02	2.386698e+00
8.251351e-01	6.051105e-01	9.065922e-03	2.486109e+00
9.489054e-01	6.429827e-01	8.133471e-03	2.586471e+00
1.091241e+00	6.820841e-01	7.352448e-03	2.688919e+00
1.254927e+00	7.164814e-01	6.583311e-03	2.795156e+00
1.443166e+00	7.482879e-01	5.872256e-03	2.907599e+00
1.659641e+00	7.778099e-01	5.299865e-03	3.029461e+00
1.908588e+00	7.967457e-01	4.662937e-03	3.164889e+00
2.194876e+00	8.158268e-01	4.225311e-03	3.319091e+00
2.524107e+00	8.352125e-01	3.752150e-03	3.498487e+00
2.902723e+00	8.503848e-01	3.335546e-03	3.710852e+00
3.338132e+00	8.627234e-01	2.998152e-03	3.965514e+00
3.838852e+00	8.686913e-01	2.623210e-03	4.273527e+00
4.414679e+00	8.729054e-01	2.349698e-03	4.647916e+00
5.076881e+00	8.723540e-01	2.078808e-03	5.103954e+00
5.838413e+00	8.685818e-01	1.851604e-03	5.659565e+00
6.714175e+00	8.624414e-01	1.647721e-03	6.335895e+00
7.721302e+00	8.502473e-01	1.453414e-03	7.158153e+00
8.879497e+00	8.350857e-01	1.301075e-03	8.156824e+00
1.021142e+01	8.155015e-01	1.155258e-03	9.369367e+00
1.174313e+01	7.922607e-01	1.033997e-03	1.084249e+01
1.350460e+01	7.653066e-01	9.075047e-04	1.263520e+01
1.553030e+01	7.354959e-01	8.132240e-04	1.482278e+01
1.785984e+01	7.035637e-01	7.166694e-04	1.750190e+01
2.053882e+01	6.703210e-01	6.331203e-04	2.079732e+01
2.361964e+01	6.338728e-01	5.657891e-04	2.487030e+01
2.716258e+01	5.935710e-01	4.941011e-04	2.992945e+01
3.123697e+01	5.551124e-01	4.423307e-04	3.624475e+01
3.592252e+01	5.518270e-01	3.885255e-04	4.416113e+01
4.131089e+01	5.047081e-01	3.410478e-04	5.412959e+01
4.750753e+01	4.611486e-01	3.009371e-04	6.676013e+01
5.463366e+01	4.202746e-01	2.649371e-04	8.276223e+01
6.282871e+01	3.817953e-01	2.352792e-04	1.030746e+02
7.225301e+01	3.456592e-01	2.070010e-04	1.289200e+02
8.309096e+01	3.122405e-01	1.831756e-04	1.618678e+02
9.555461e+01	2.816215e-01	1.615470e-04	2.039044e+02
1.098878e+02	2.529925e-01	1.437988e-04	2.576506e+02
1.263710e+02	2.266636e-01	1.264979e-04	3.266351e+02
1.453266e+02	2.032310e-01	1.112613e-04	4.152389e+02
1.671256e+02	1.830892e-01	9.899253e-05	5.285855e+02
1.921945e+02	1.647245e-01	8.552668e-05	6.734136e+02
2.210236e+02	1.480194e-01	7.667218e-05	8.586988e+02
2.541772e+02	1.328576e-01	6.698027e-05	1.096006e+03
2.923037e+02	1.191442e-01	5.885939e-05	1.400237e+03
3.361493e+02	1.068075e-01	5.221122e-05	1.790452e+03
3.865717e+02	9.564168e-02	4.490376e-05	2.291259e+03
4.445574e+02	8.555330e-02	0.000000e+00	2.934817e+03
5.112411e+02	7.652832e-02	0.000000e+00	3.762099e+03
5.879272e+02	6.863532e-02	0.000000e+00	4.824169e+03
6.761163e+02	6.155754e-02	0.000000e+00	6.185865e+03
7.775337e+02	5.522079e-02	0.000000e+00	7.931618e+03
8.941638e+02	4.956285e-02	0.000000e+00	1.016883e+04
1.028288e+03	4.451579e-02	0.000000e+00	1.303426e+04
1.182532e+03	4.002326e-02	0.000000e+00	1.670131e+04
1.359911e+03	3.602938e-02	0.000000e+00	2.138908e+04
1.563898e+03	3.248228e-02	0.000000e+00	2.737384e+04
1.798483e+03	2.933457e-02	0.000000e+00	3.500230e+04
2.068255e+03	2.654428e-02	0.000000e+00	4.470743e+04
2.378493e+03	2.407712e-02	0.000000e+00	5.702733e+04
2.735268e+03	2.189886e-02	0.000000e+00	7.262684e+04
3.145558e+03	1.997702e-02	0.000000e+00	9.232209e+04
3.617391e+03	1.828546e-02	0.000000e+00	1.171078e+05
4.160000e+03	1.680115e-02	0.000000e+00	1.481870e+05
4.784000e+03	1.550232e-02	0.000000e+00	1.870019e+05
5.501600e+03	1.436961e-02	0.000000e+00	2.352660e+05
6.326840e+03	1.338602e-02	0.000000e+00	2.949957e+05
7.275866e+03	1.253558e-02	0.000000e+00	3.685394e+05
8.367246e+03	1.180392e-02	0.000000e+00	4.586045e+05
9.622333e+03	1.117915e-02	0.000000e+00	5.682799e+05
