# Energy_MeV	dEdx_Elec_MeV_um	dEdx_Nucl_MeV_um	Range_um
1.000000e-05	2.103747e-03	3.161529e-02	6.026601e-03
1.150000e-05	2.271113e-03	3.468967e-02	6.462810e-03
1.322500e-05	2.450497e-03	3.802060e-02	6.930591e-03
1.520875e-05	2.642777e-03	4.168197e-02	7.432231e-03
1.749006e-05	2.848893e-03	4.559593e-02	7.970180e-03
2.011357e-05	3.069853e-03	4.986334e-02	8.547066e-03
2.313061e-05	3.306739e-03	5.440011e-02	9.165707e-03
2.660020e-05	3.560708e-03	5.929862e-02	9.829126e-03
3.059023e-05	3.833001e-03	6.456248e-02	1.054056e-02
3.517876e-05	4.124950e-03	7.018838e-02	1.130349e-02
4.045558e-05	4.437981e-03	7.633456e-02	1.212165e-02
4.652391e-05	4.773624e-03	8.255665e-02	1.299902e-02
5.350250e-05	5.133519e-03	8.943353e-02	1.393989e-02
6.152788e-05	5.519424e-03	9.688173e-02	1.494887e-02
7.075706e-05	5.933226e-03	1.045261e-01	1.603088e-02
8.137062e-05	6.376945e-03	1.130894e-01	1.719120e-02
9.357621e-05	6.852751e-03	1.213194e-01	1.843551e-02
1.076126e-04	7.362967e-03	1.304906e-01	1.976988e-02
1.237545e-04	7.910086e-03	1.402841e-01	2.120084e-02
1.423177e-04	8.496782e-03	1.500900e-01	2.273537e-02
1.636654e-04	9.125920e-03	1.610405e-01	2.438096e-02
1.882152e-04	9.800574e-03	1.716133e-01	2.614567e-02
2.164475e-04	1.052404e-02	1.831010e-01	2.803811e-02
2.489146e-04	1.129985e-02	1.947193e-01	3.006752e-02
2.862518e-04	1.213180e-02	2.061645e-01	3.224382e-02
3.291895e-04	1.302395e-02	2.186341e-01	3.457765e-02
3.785680e-04	1.398067e-02	2.304806e-01	3.708040e-02
4.353531e-04	1.500661e-02	2.428667e-01	3.976430e-02
5.006561e-04	1.610680e-02	2.546159e-01	4.264246e-02
5.757545e-04	1.728661e-02	2.669345e-01	4.572894e-02
6.621177e-04	1.855181e-02	2.791559e-01	4.903883e-02
7.614354e-04	1.990857e-02	2.916644e-01	5.258828e-02
8.756507e-04	2.136352e-02	3.031486e-01	5.639465e-02
1.006998e-03	2.292378e-02	3.140887e-01	6.047652e-02
1.158048e-03	2.459696e-02	3.250657e-01	6.485385e-02
1.331755e-03	2.639124e-02	3.354917e-01	6.954800e-02
1.531519e-03	2.831538e-02	3.459843e-01	7.458192e-02
1.761246e-03	3.037878e-02	3.552054e-01	7.998020e-02
2.025433e-03	3.259153e-02	3.641760e-01	8.576921e-02
2.329248e-03	3.496444e-02	3.719044e-01	9.197723e-02
2.678635e-03	3.750909e-02	3.790964e-01	9.863459e-02
3.080431e-03	4.023792e-02	3.855847e-01	1.057738e-01
3.542495e-03	4.316425e-02	3.911699e-01	1.134298e-01
4.073870e-03	4.630240e-02	3.965252e-01	1.215862e-01
4.684950e-03	4.966768e-02	4.001569e-01	1.304397e-01
5.387693e-03	5.327654e-02	4.036351e-01	1.398887e-01
6.195847e-03	5.714660e-02	4.065778e-01	1.500146e-01
7.125224e-03	6.129678e-02	4.082874e-01	1.608721e-01
8.194007e-03	6.574735e-02	4.098756e-01	1.725159e-01
9.423108e-03	7.052005e-02	4.096079e-01	1.850024e-01
1.083657e-02	7.563819e-02	4.090123e-01	1.983928e-01
1.246206e-02	8.112679e-02	4.075459e-01	2.127523e-01
1.433137e-02	8.701266e-02	4.049243e-01	2.281512e-01
1.648108e-02	9.332454e-02	4.016596e-01	2.446646e-01
1.895324e-02	1.000933e-01	3.969905e-01	2.623733e-01
2.179622e-02	1.073519e-01	3.914977e-01	2.813638e-01
2.506566e-02	1.151360e-01	3.849000e-01	3.017289e-01
2.882550e-02	1.234835e-01	3.773397e-01	3.235680e-01
3.314933e-02	1.324351e-01	3.686579e-01	3.469876e-01
3.812173e-02	1.420347e-01	3.592082e-01	3.721025e-01
4.383999e-02	1.523291e-01	3.489083e-01	3.990353e-01
5.041599e-02	1.633686e-01	3.379724e-01	4.279176e-01
5.797838e-02	1.752071e-01	3.260008e-01	4.588901e-01
6.667514e-02	1.879026e-01	3.134518e-01	4.921045e-01
7.667641e-02	2.015169e-01	2.999468e-01	5.277231e-01
8.817787e-02	2.161167e-01	2.867693e-01	5.659198e-01
1.014046e-01	2.317731e-01	2.732590e-01	6.068812e-01
1.166152e-01	2.485628e-01	2.592074e-01	6.508072e-01
1.341075e-01	2.665678e-01	2.452007e-01	6.979126e-01
1.542237e-01	2.858760e-01	2.304394e-01	7.484278e-01
1.773572e-01	3.065816e-01	2.166988e-01	8.025993e-01
2.039608e-01	3.287860e-01	2.024666e-01	8.606916e-01
2.345549e-01	3.525976e-01	1.893900e-01	9.229883e-01
2.697381e-01	3.781326e-01	1.765138e-01	9.897944e-01
3.101989e-01	4.055159e-01	1.638216e-01	1.061438e+00
3.567287e-01	4.348812e-01	1.520632e-01	1.138251e+00
4.102380e-01	4.663729e-01	1.398426e-01	1.220743e+00
4.717737e-01	5.001448e-01	1.299778e-01	1.309950e+00
5.425397e-01	5.363611e-01	1.195830e-01	1.406558e+00
6.239207e-01	5.751987e-01	1.094750e-01	1.511260e+00
7.175088e-01	6.168474e-01	1.017118e-01	1.624834e+00
8.251351e-01	6.615108e-01	9.385494e-02	1.748184e+00
9.489054e-01	7.090352e-01	8.696750e-02	1.882352e+00
1.091241e+00	7.518258e-01	7.904695e-02	1.976273e+00
1.254927e+00	8.084240e-01	7.023891e-02	2.029002e+00
1.443166e+00	8.858662e-01	6.318798e-02	2.079518e+00
1.659641e+00	9.698702e-01	5.612114e-02	2.128121e+00
1.908588e+00	1.063722e+00	5.097495e-02	2.175334e+00
2.194876e+00	1.162738e+00	4.579065e-02	2.221925e+00
2.524107e+00	1.271520e+00	4.121958e-02	2.268972e+00
2.902723e+00	1.389926e+00	3.730322e-02	2.317919e+00
3.338132e+00	1.510091e+00	3.337285e-02	2.370625e+00
3.838852e+00	1.637765e+00	3.011031e-02	2.429414e+00
4.414679e+00	1.747743e+00	2.700970e-02	2.497129e+00
5.076881e+00	1.867857e+00	2.436445e-02	2.577153e+00
5.838413e+00	1.999363e+00	2.184412e-02	2.673498e+00
6.714175e+00	2.108974e+00	1.956289e-02	2.790819e+00
7.721302e+00	2.219362e+00	1.729327e-02	2.934437e+00
8.879497e+00	2.312949e+00	1.553932e-02	3.110377e+00
1.021142e+01	2.398820e+00	1.390675e-02	3.325389e+00
1.174313e+01	2.479654e+00	1.241188e-02	3.587029e+00
1.350460e+01	2.547666e+00	1.107967e-02	3.903747e+00
1.553030e+01	2.614608e+00	9.740854e-03	4.285101e+00
1.785984e+01	2.665920e+00	8.703366e-03	4.742106e+00
2.053882e+01	2.704795e+00	7.673002e-03	5.287746e+00
2.361964e+01	2.736472e+00	6.852389e-03	5.937666e+00
2.716258e+01	2.746381e+00	6.097291e-03	6.711078e+00
3.123697e+01	2.749019e+00	5.400519e-03	7.631879e+00
3.592252e+01	2.734393e+00	4.824442e-03	8.730041e+00
4.131089e+01	2.702805e+00	4.236298e-03	1.004332e+01
4.750753e+01	2.659006e+00	3.821924e-03	1.161939e+01
5.463366e+01	2.606534e+00	3.393154e-03	1.351859e+01
6.282871e+01	2.543497e+00	2.997673e-03	1.581722e+01
7.225301e+01	2.466417e+00	2.664216e-03	1.861274e+01
8.309096e+01	2.718988e+00	2.325448e-03	2.202505e+01
9.555461e+01	2.543921e+00	2.092867e-03	2.621747e+01
1.098878e+02	2.377304e+00	1.849856e-03	3.139972e+01
1.263710e+02	2.212753e+00	1.631599e-03	3.780864e+01
1.453266e+02	2.052158e+00	1.445720e-03	4.576871e+01
1.671256e+02	1.895855e+00	1.260506e-03	5.570065e+01
1.921945e+02	1.746692e+00	1.120489e-03	6.813901e+01
2.210236e+02	1.604797e+00	9.844471e-04	8.376488e+01
2.541772e+02	1.466540e+00	8.679167e-04	1.034967e+02
2.923037e+02	1.336526e+00	7.714625e-04	1.285605e+02
3.361493e+02	1.219797e+00	6.774792e-04	1.604255e+02
3.865717e+02	1.114764e+00	6.005716e-04	2.008310e+02
4.445574e+02	1.015971e+00	5.303162e-04	2.521537e+02
5.112411e+02	9.232959e-01	4.706906e-04	3.175286e+02
5.879272e+02	8.369687e-01	4.156603e-04	4.010093e+02
6.761163e+02	7.570476e-01	3.669494e-04	5.078208e+02
7.775337e+02	6.836126e-01	3.181877e-04	6.446633e+02
8.941638e+02	6.156378e-01	2.829436e-04	8.202503e+02
1.028288e+03	5.535077e-01	2.494437e-04	1.045941e+03
1.182532e+03	4.974976e-01	2.197542e-04	1.336103e+03
1.359911e+03	4.476439e-01	1.937244e-04	1.708640e+03
1.563898e+03	4.024452e-01	1.672982e-04	2.186533e+03
1.798483e+03	3.617069e-01	1.479341e-04	2.799571e+03
2.068255e+03	3.252046e-01	1.282833e-04	3.585551e+03
2.378493e+03	2.925132e-01	1.132582e-04	4.592557e+03
2.735268e+03	2.632472e-01	9.954994e-05	5.881468e+03
3.145558e+03	2.371758e-01	8.683613e-05	7.529131e+03
3.617391e+03	2.140277e-01	7.672866e-05	9.632322e+03
4.160000e+03	1.934532e-01	6.635263e-05	1.231230e+04
4.784000e+03	1.751968e-01	5.924135e-05	1.572031e+04
5.501600e+03	1.590705e-01	5.191248e-05	2.004403e+04
6.326840e+03	1.448343e-01	4.524737e-05	2.551498e+04
7.275866e+03	1.322714e-01	0.000000e+00	3.241689e+04
8.367246e+03	1.212333e-01	0.000000e+00	4.109485e+04
9.622333e+03	1.115620e-01	0.000000e+00	5.196530e+04
