# Energy_MeV	dEdx_Elec_MeV_um	dEdx_Nucl_MeV_um	Range_um
1.000000e-05	2.899984e-03	7.757149e-03	8.899697e-03
1.150000e-05	3.123143e-03	8.339069e-03	9.543862e-03
1.322500e-05	3.362401e-03	8.914369e-03	1.023465e-02
1.520875e-05	3.618927e-03	9.545846e-03	1.097544e-02
1.749006e-05	3.893974e-03	1.020331e-02	1.176985e-02
2.011357e-05	4.188886e-03	1.085860e-02	1.262176e-02
2.313061e-05	4.505105e-03	1.154160e-02	1.353533e-02
2.660020e-05	4.844176e-03	1.223731e-02	1.451502e-02
3.059023e-05	5.207756e-03	1.296125e-02	1.556563e-02
3.517876e-05	5.597621e-03	1.368944e-02	1.669227e-02
4.045558e-05	6.015675e-03	1.436572e-02	1.790047e-02
4.652391e-05	6.463962e-03	1.509727e-02	1.919612e-02
5.350250e-05	6.944671e-03	1.588389e-02	2.058554e-02
6.152788e-05	7.460151e-03	1.655369e-02	2.207553e-02
7.075706e-05	8.012921e-03	1.727747e-02	2.367337e-02
8.137062e-05	8.605681e-03	1.794887e-02	2.538686e-02
9.357621e-05	9.241327e-03	1.860305e-02	2.722438e-02
1.076126e-04	9.922964e-03	1.932721e-02	2.919489e-02
1.237545e-04	1.065392e-02	1.988688e-02	3.130803e-02
1.423177e-04	1.143777e-02	2.048824e-02	3.357413e-02
1.636654e-04	1.227835e-02	2.105732e-02	3.600424e-02
1.882152e-04	1.317975e-02	2.156664e-02	3.861025e-02
2.164475e-04	1.414638e-02	2.205564e-02	4.140488e-02
2.489146e-04	1.518297e-02	2.245170e-02	4.440178e-02
2.862518e-04	1.629458e-02	2.287483e-02	4.761561e-02
3.291895e-04	1.748663e-02	2.320153e-02	5.106205e-02
3.785680e-04	1.876496e-02	2.347981e-02	5.475795e-02
4.353531e-04	2.013581e-02	2.371997e-02	5.869966e-02
5.006561e-04	2.160587e-02	2.394012e-02	6.297192e-02
5.757545e-04	2.318233e-02	2.411786e-02	6.753077e-02
6.621177e-04	2.487288e-02	2.420571e-02	7.241919e-02
7.614354e-04	2.668580e-02	2.427719e-02	7.766059e-02
8.756507e-04	2.862992e-02	2.429043e-02	8.328163e-02
1.006998e-03	3.071476e-02	2.425564e-02	8.930945e-02
1.158048e-03	3.295050e-02	2.417391e-02	9.577362e-02
1.331755e-03	3.534806e-02	2.400795e-02	1.027057e-01
1.531519e-03	3.791914e-02	2.380636e-02	1.101394e-01
1.761246e-03	4.067632e-02	2.354619e-02	1.181112e-01
2.025433e-03	4.363306e-02	2.321474e-02	1.266601e-01
2.329248e-03	4.680381e-02	2.283078e-02	1.358277e-01
2.678635e-03	5.020406e-02	2.237964e-02	1.456589e-01
3.080431e-03	5.385041e-02	2.187327e-02	1.562016e-01
3.542495e-03	5.776069e-02	2.130869e-02	1.675074e-01
4.073870e-03	6.195399e-02	2.072212e-02	1.796316e-01
4.684950e-03	6.645081e-02	2.006309e-02	1.926333e-01
5.387693e-03	7.127310e-02	1.931979e-02	2.065761e-01
6.195847e-03	7.644443e-02	1.861684e-02	2.215281e-01
7.125224e-03	8.199006e-02	1.782421e-02	2.375622e-01
8.194007e-03	8.793709e-02	1.706001e-02	2.547570e-01
9.423108e-03	9.431457e-02	1.625992e-02	2.731964e-01
1.083657e-02	1.011536e-01	1.535755e-02	2.929704e-01
1.246206e-02	1.084877e-01	1.458997e-02	3.141755e-01
1.433137e-02	1.163527e-01	1.373260e-02	3.369156e-01
1.648108e-02	1.247869e-01	1.289641e-02	3.613017e-01
1.895324e-02	1.338315e-01	1.209330e-02	3.874528e-01
2.179622e-02	1.435309e-01	1.127700e-02	4.154967e-01
2.506566e-02	1.539322e-01	1.055165e-02	4.455703e-01
2.882550e-02	1.650865e-01	9.754248e-03	4.778207e-01
3.314933e-02	1.770481e-01	9.058580e-03	5.124073e-01
3.812173e-02	1.898754e-01	8.408233e-03	5.494866e-01
4.383999e-02	2.036322e-01	7.776661e-03	5.893228e-01
5.041599e-02	2.183853e-01	7.135526e-03	6.324156e-01
5.797838e-02	2.342062e-01	6.569042e-03	6.790828e-01
6.667514e-02	2.511722e-01	6.139057e-03	7.296634e-01
7.667641e-02	2.693663e-01	5.644575e-03	7.845338e-01
8.817787e-02	2.888773e-01	5.133177e-03	8.441320e-01
1.014046e-01	3.087469e-01	4.657792e-03	8.990885e-01
1.166152e-01	3.205451e-01	4.225847e-03	9.477845e-01
1.341075e-01	3.363549e-01	3.832693e-03	9.967323e-01
1.542237e-01	3.574527e-01	3.421276e-03	1.045843e+00
1.773572e-01	3.758408e-01	3.047760e-03	1.095171e+00
2.039608e-01	3.942597e-01	2.759745e-03	1.144951e+00
2.345549e-01	4.085706e-01	2.487508e-03	1.195640e+00
2.697381e-01	4.216591e-01	2.238625e-03	1.247981e+00
3.101989e-01	4.332572e-01	2.010169e-03	1.303041e+00
3.567287e-01	4.410662e-01	1.802728e-03	1.362275e+00
4.102380e-01	4.478332e-01	1.638283e-03	1.427591e+00
4.717737e-01	4.506580e-01	1.466834e-03	1.501415e+00
5.425397e-01	4.532688e-01	1.294922e-03	1.586782e+00
6.239207e-01	4.557565e-01	1.175816e-03	1.687436e+00
7.175088e-01	4.547537e-01	1.047282e-03	1.807941e+00
8.251351e-01	4.525303e-01	9.370233e-04	1.953823e+00
9.489054e-01	4.479318e-01	8.408922e-04	2.131722e+00
1.091241e+00	4.414066e-01	7.367313e-04	2.349582e+00
1.254927e+00	4.331223e-01	6.667324e-04	2.616871e+00
1.443166e+00	4.226901e-01	5.911975e-04	2.944875e+00
1.659641e+00	4.106242e-01	5.222320e-04	3.347095e+00
1.908588e+00	3.966387e-01	4.662068e-04	3.839814e+00
2.194876e+00	3.813265e-01	4.118742e-04	4.442916e+00
2.524107e+00	3.641717e-01	3.694223e-04	5.181039e+00
2.902723e+00	3.464513e-01	3.247479e-04	6.085208e+00
3.338132e+00	3.273797e-01	2.890717e-04	7.195084e+00
3.838852e+00	3.076105e-01	2.591932e-04	8.562011e+00
4.414679e+00	2.894111e-01	2.305909e-04	1.025306e+01
5.076881e+00	2.703048e-01	2.037220e-04	1.235630e+01
5.838413e+00	2.499657e-01	1.799902e-04	1.498749e+01
6.714175e+00	2.295081e-01	1.611738e-04	1.829836e+01
7.721302e+00	2.098118e-01	1.424682e-04	2.248801e+01
8.879497e+00	2.075111e-01	1.263485e-04	2.780984e+01
1.021142e+01	1.880676e-01	1.112627e-04	3.460662e+01
1.174313e+01	1.702504e-01	9.802748e-05	4.331748e+01
1.350460e+01	1.536823e-01	8.754607e-05	5.446500e+01
1.553030e+01	1.382873e-01	7.689134e-05	6.874174e+01
1.785984e+01	1.241402e-01	6.728674e-05	8.703571e+01
2.053882e+01	1.113175e-01	5.969973e-05	1.104675e+02
2.361964e+01	9.977767e-02	5.274383e-05	1.404592e+02
2.716258e+01	8.902386e-02	4.647527e-05	1.789050e+02
3.123697e+01	7.940769e-02	4.098889e-05	2.283065e+02
3.592252e+01	7.114312e-02	3.608968e-05	2.916711e+02
4.131089e+01	6.391782e-02	0.000000e+00	3.725953e+02
4.750753e+01	5.739159e-02	0.000000e+00	4.759468e+02
5.463366e+01	5.149579e-02	0.000000e+00	6.080982e+02
6.282871e+01	4.617547e-02	0.000000e+00	7.772769e+02
7.225301e+01	4.138727e-02	0.000000e+00	9.940631e+02
8.309096e+01	3.709095e-02	0.000000e+00	1.272009e+03
9.555461e+01	3.318901e-02	0.000000e+00	1.628734e+03
1.098878e+02	2.968569e-02	0.000000e+00	2.087147e+03
1.263710e+02	2.657553e-02	0.000000e+00	2.676176e+03
1.453266e+02	2.383477e-02	0.000000e+00	3.431867e+03
1.671256e+02	2.137718e-02	0.000000e+00	4.400607e+03
1.921945e+02	1.917970e-02	0.000000e+00	5.642434e+03
2.210236e+02	1.721787e-02	0.000000e+00	7.233570e+03
2.541772e+02	1.546893e-02	0.000000e+00	9.271000e+03
2.923037e+02	1.391303e-02	0.000000e+00	1.187754e+04
3.361493e+02	1.253019e-02	0.000000e+00	1.520827e+04
3.865717e+02	1.130226e-02	0.000000e+00	1.945847e+04
4.445574e+02	1.021292e-02	0.000000e+00	2.487280e+04
5.112411e+02	9.248101e-03	0.000000e+00	3.175634e+04
5.879272e+02	8.395455e-03	0.000000e+00	4.048755e+04
6.761163e+02	7.642756e-03	0.000000e+00	5.153310e+04
7.775337e+02	6.979145e-03	0.000000e+00	6.546455e+04
8.941638e+02	6.395579e-03	0.000000e+00	8.297682e+04
1.028288e+03	5.883927e-03	0.000000e+00	1.049079e+05
1.182532e+03	5.436784e-03	0.000000e+00	1.322598e+05
1.359911e+03	5.047413e-03	0.000000e+00	1.662192e+05
1.563898e+03	4.709728e-03	0.000000e+00	2.081779e+05
1.798483e+03	4.418192e-03	0.000000e+00	2.597514e+05
2.068255e+03	4.167969e-03	0.000000e+00	3.227960e+05
2.378493e+03	3.954899e-03	0.000000e+00	3.994222e+05
2.735268e+03	3.775224e-03	0.000000e+00	4.920094e+05
3.145558e+03	3.625535e-03	0.000000e+00	6.032022e+05
3.617391e+03	3.497868e-03	0.000000e+00	7.360237e+05
4.160000e+03	3.392101e-03	0.000000e+00	8.458521e+05
4.784000e+03	3.307713e-03	0.000000e+00	8.458521e+05
5.501600e+03	3.242376e-03	0.000000e+00	8.458521e+05
6.326840e+03	3.193932e-03	0.000000e+00	8.458521e+05
7.275866e+03	3.160434e-03	0.000000e+00	8.458521e+05
8.367246e+03	3.140115e-03	0.000000e+00	8.458521e+05
9.622333e+03	3.131325e-03	0.000000e+00	8.458521e+05
