# Energy_MeV	dEdx_Elec_MeV_um	dEdx_Nucl_MeV_um	Range_um
1.000000e-05	2.578881e-03	2.981981e-02	4.788093e-03
1.150000e-05	2.790071e-03	3.264972e-02	5.134658e-03
1.322500e-05	3.016340e-03	3.579126e-02	5.506308e-03
1.520875e-05	3.258799e-03	3.909197e-02	5.904857e-03
1.749006e-05	3.518635e-03	4.270496e-02	6.332254e-03
2.011357e-05	3.797122e-03	4.654235e-02	6.790586e-03
2.313061e-05	4.095622e-03	5.066970e-02	7.282092e-03
2.660020e-05	4.415597e-03	5.516718e-02	7.809173e-03
3.059023e-05	4.758611e-03	5.991917e-02	8.374405e-03
3.517876e-05	5.126341e-03	6.491824e-02	8.980549e-03
4.045558e-05	5.520587e-03	7.028787e-02	9.630566e-03
4.652391e-05	5.943274e-03	7.619175e-02	1.032763e-02
5.350250e-05	6.396469e-03	8.218996e-02	1.107515e-02
6.152788e-05	6.882387e-03	8.893901e-02	1.187678e-02
7.075706e-05	7.403402e-03	9.553689e-02	1.273642e-02
8.137062e-05	7.962060e-03	1.027392e-01	1.365829e-02
9.357621e-05	8.561092e-03	1.105272e-01	1.464689e-02
1.076126e-04	9.203423e-03	1.182357e-01	1.570704e-02
1.237545e-04	9.892193e-03	1.269263e-01	1.684392e-02
1.423177e-04	1.063077e-02	1.353805e-01	1.806309e-02
1.636654e-04	1.142275e-02	1.445195e-01	1.937051e-02
1.882152e-04	1.227202e-02	1.537135e-01	2.077256e-02
2.164475e-04	1.318272e-02	1.629424e-01	2.227608e-02
2.489146e-04	1.415930e-02	1.728376e-01	2.388844e-02
2.862518e-04	1.520653e-02	1.822762e-01	2.561750e-02
3.291895e-04	1.632952e-02	1.923070e-01	2.747171e-02
3.785680e-04	1.753377e-02	2.015634e-01	2.946012e-02
4.353531e-04	1.882516e-02	2.117088e-01	3.159246e-02
5.006561e-04	2.020999e-02	2.214350e-01	3.387914e-02
5.757545e-04	2.169503e-02	2.310464e-01	3.633133e-02
6.621177e-04	2.328754e-02	2.409608e-01	3.896101e-02
7.614354e-04	2.499530e-02	2.493560e-01	4.178103e-02
8.756507e-04	2.682665e-02	2.586215e-01	4.480516e-02
1.006998e-03	2.879053e-02	2.669635e-01	4.804819e-02
1.158048e-03	3.089654e-02	2.750068e-01	5.152594e-02
1.331755e-03	3.315497e-02	2.831332e-01	5.525541e-02
1.531519e-03	3.557685e-02	2.900251e-01	5.925483e-02
1.761246e-03	3.817402e-02	2.966856e-01	6.354372e-02
2.025433e-03	4.095916e-02	3.024890e-01	6.814305e-02
2.329248e-03	4.394587e-02	3.077613e-01	7.307528e-02
2.678635e-03	4.714876e-02	3.126549e-01	7.836451e-02
3.080431e-03	5.058346e-02	3.167551e-01	8.403953e-02
3.542495e-03	5.426676e-02	3.201388e-01	9.012058e-02
4.073870e-03	5.821665e-02	3.229717e-01	9.664437e-02
4.684950e-03	6.245243e-02	3.255226e-01	1.036392e-01
5.387693e-03	6.699479e-02	3.269617e-01	1.111405e-01
6.195847e-03	7.186592e-02	3.284302e-01	1.191848e-01
7.125224e-03	7.708961e-02	3.284884e-01	1.278113e-01
8.194007e-03	8.269140e-02	3.281555e-01	1.370622e-01
9.423108e-03	8.869864e-02	3.272178e-01	1.469826e-01
1.083657e-02	9.514068e-02	3.252206e-01	1.576211e-01
1.246206e-02	1.020490e-01	3.228496e-01	1.690297e-01
1.433137e-02	1.094573e-01	3.193381e-01	1.812640e-01
1.648108e-02	1.174019e-01	3.151382e-01	1.943838e-01
1.895324e-02	1.259215e-01	3.100598e-01	2.084532e-01
2.179622e-02	1.350577e-01	3.042195e-01	2.235411e-01
2.506566e-02	1.448552e-01	2.974611e-01	2.397210e-01
2.882550e-02	1.553619e-01	2.901023e-01	2.570720e-01
3.314933e-02	1.666290e-01	2.819419e-01	2.756788e-01
3.812173e-02	1.787116e-01	2.734468e-01	2.956324e-01
4.383999e-02	1.916688e-01	2.638823e-01	3.170303e-01
5.041599e-02	2.055639e-01	2.539891e-01	3.399770e-01
5.797838e-02	2.204646e-01	2.435750e-01	3.645845e-01
6.667514e-02	2.364439e-01	2.326387e-01	3.909731e-01
7.667641e-02	2.535798e-01	2.222385e-01	4.192718e-01
8.817787e-02	2.719560e-01	2.106879e-01	4.496189e-01
1.014046e-01	2.916622e-01	1.995733e-01	4.821624e-01
1.166152e-01	3.127948e-01	1.882202e-01	5.170613e-01
1.341075e-01	3.354570e-01	1.765590e-01	5.544862e-01
1.542237e-01	3.597595e-01	1.655971e-01	5.946203e-01
1.773572e-01	3.858210e-01	1.546757e-01	6.376583e-01
2.039608e-01	4.137689e-01	1.443394e-01	6.838166e-01
2.345549e-01	4.437396e-01	1.342621e-01	7.332951e-01
2.697381e-01	4.758820e-01	1.243609e-01	7.865350e-01
3.101989e-01	5.103512e-01	1.149596e-01	8.441756e-01
3.567287e-01	5.473153e-01	1.064726e-01	9.065984e-01
4.102380e-01	5.869549e-01	9.810729e-02	9.742698e-01
4.717737e-01	6.294637e-01	8.974623e-02	1.047700e+00
5.425397e-01	6.750494e-01	8.360527e-02	1.127482e+00
6.239207e-01	7.208362e-01	7.681853e-02	1.214307e+00
7.175088e-01	7.653994e-01	7.116035e-02	1.257329e+00
8.251351e-01	8.297922e-01	6.501773e-02	1.290202e+00
9.489054e-01	9.102275e-01	5.795372e-02	1.321703e+00
1.091241e+00	9.960243e-01	5.248979e-02	1.352087e+00
1.254927e+00	1.091065e+00	4.631576e-02	1.381716e+00
1.443166e+00	1.194191e+00	4.208091e-02	1.411129e+00
1.659641e+00	1.304235e+00	3.776248e-02	1.441071e+00
1.908588e+00	1.425806e+00	3.403937e-02	1.472526e+00
2.194876e+00	1.547124e+00	3.078425e-02	1.506752e+00
2.524107e+00	1.668180e+00	2.748424e-02	1.545305e+00
2.902723e+00	1.782734e+00	2.491360e-02	1.590082e+00
3.338132e+00	1.904252e+00	2.226999e-02	1.643320e+00
3.838852e+00	2.034273e+00	2.018729e-02	1.707681e+00
4.414679e+00	2.141873e+00	1.800594e-02	1.786218e+00
5.076881e+00	2.245289e+00	1.616936e-02	1.882416e+00
5.838413e+00	2.342773e+00	1.443467e-02	2.000215e+00
6.714175e+00	2.421226e+00	1.280874e-02	2.144012e+00
7.721302e+00	2.500007e+00	1.156142e-02	2.318738e+00
8.879497e+00	2.568697e+00	1.024372e-02	2.529913e+00
1.021142e+01	2.628841e+00	9.170495e-03	2.783809e+00
1.174313e+01	2.682290e+00	8.147638e-03	3.087707e+00
1.350460e+01	2.713585e+00	7.189620e-03	3.450239e+00
1.553030e+01	2.739657e+00	6.399326e-03	3.881874e+00
1.785984e+01	2.749351e+00	5.675686e-03	4.395524e+00
2.053882e+01	2.744959e+00	5.054384e-03	5.007296e+00
2.361964e+01	2.729724e+00	4.495999e-03	5.737418e+00
2.716258e+01	2.690665e+00	3.989268e-03	6.611397e+00
3.123697e+01	2.644438e+00	3.537666e-03	7.661464e+00
3.592252e+01	2.589780e+00	3.163426e-03	8.928434e+00
4.131089e+01	2.522095e+00	2.809798e-03	1.046387e+01
4.750753e+01	2.441929e+00	2.477153e-03	1.233373e+01
5.463366e+01	2.665811e+00	2.219682e-03	1.461899e+01
6.282871e+01	2.495482e+00	1.926847e-03	1.743375e+01
7.225301e+01	2.329043e+00	1.736367e-03	2.091336e+01
8.309096e+01	2.165992e+00	1.532142e-03	2.522125e+01
9.555461e+01	2.005907e+00	1.347781e-03	3.057863e+01
1.098878e+02	1.851471e+00	1.205862e-03	3.727165e+01
1.263710e+02	1.704563e+00	1.042654e-03	4.566081e+01
1.453266e+02	1.563559e+00	9.318487e-04	5.621263e+01
1.671256e+02	1.427704e+00	8.160528e-04	6.956233e+01
1.921945e+02	1.300133e+00	7.216361e-04	8.653570e+01
2.210236e+02	1.188359e+00	6.404102e-04	1.080970e+02
2.541772e+02	1.085281e+00	5.590812e-04	1.354382e+02
2.923037e+02	9.882923e-01	4.999511e-04	1.701973e+02
3.361493e+02	8.974378e-01	4.387246e-04	2.145061e+02
3.865717e+02	8.129495e-01	3.922896e-04	2.711238e+02
4.445574e+02	7.349404e-01	3.440677e-04	3.435956e+02
5.112411e+02	6.632851e-01	3.047553e-04	4.364782e+02
5.879272e+02	5.968734e-01	2.675337e-04	5.557266e+02
6.761163e+02	5.364755e-01	2.341045e-04	7.090433e+02
7.775337e+02	4.824345e-01	2.085345e-04	9.060993e+02
8.941638e+02	4.339780e-01	1.820530e-04	1.158996e+03
1.028288e+03	3.900938e-01	1.610472e-04	1.483418e+03
1.182532e+03	3.506248e-01	1.408765e-04	1.899531e+03
1.359911e+03	3.152811e-01	1.226764e-04	2.432938e+03
1.563898e+03	2.836245e-01	1.075739e-04	3.116166e+03
1.798483e+03	2.553130e-01	9.421916e-05	3.990361e+03
2.068255e+03	2.301293e-01	8.278983e-05	5.107426e+03
2.378493e+03	2.077681e-01	7.266010e-05	6.532644e+03
2.735268e+03	1.878900e-01	6.369933e-05	8.347691e+03
3.145558e+03	1.702765e-01	5.564151e-05	1.065431e+04
3.617391e+03	1.547286e-01	4.923311e-05	1.357854e+04
4.160000e+03	1.409996e-01	0.000000e+00	1.727558e+04
4.784000e+03	1.288964e-01	0.000000e+00	2.193519e+04
5.501600e+03	1.182757e-01	0.000000e+00	2.778770e+04
6.326840e+03	1.089697e-01	0.000000e+00	3.511036e+04
7.275866e+03	1.008172e-01	0.000000e+00	4.423396e+04
8.367246e+03	9.371680e-02	0.000000e+00	5.554942e+04
9.622333e+03	8.757126e-02	0.000000e+00	6.951411e+04
