# Energy_MeV	dEdx_Elec_MeV_um	dEdx_Nucl_MeV_um	Range_um
1.000000e-05	5.629050e-03	2.725007e-02	3.552998e-03
1.150000e-05	6.036483e-03	2.974858e-02	3.810165e-03
1.322500e-05	6.473407e-03	3.305291e-02	4.085947e-03
1.520875e-05	6.941956e-03	3.663359e-02	4.381690e-03
1.749006e-05	7.444418e-03	4.064293e-02	4.698839e-03
2.011357e-05	7.983249e-03	4.515665e-02	5.038944e-03
2.313061e-05	8.561081e-03	5.005022e-02	5.403665e-03
2.660020e-05	9.180736e-03	5.547464e-02	5.794785e-03
3.059023e-05	9.845243e-03	6.142272e-02	6.214215e-03
3.517876e-05	1.055785e-02	6.797204e-02	6.664003e-03
4.045558e-05	1.132203e-02	7.513367e-02	7.146347e-03
4.652391e-05	1.214152e-02	8.296844e-02	7.663604e-03
5.350250e-05	1.302033e-02	9.168194e-02	8.218299e-03
6.152788e-05	1.396275e-02	1.012064e-01	8.813144e-03
7.075706e-05	1.497338e-02	1.114363e-01	9.451044e-03
8.137062e-05	1.605717e-02	1.224821e-01	1.013512e-02
9.357621e-05	1.721939e-02	1.351164e-01	1.086870e-02
1.076126e-04	1.846574e-02	1.488015e-01	1.165538e-02
1.237545e-04	1.980230e-02	1.635023e-01	1.249901e-02
1.423177e-04	2.123560e-02	1.793964e-01	1.340369e-02
1.636654e-04	2.277265e-02	1.963363e-01	1.437386e-02
1.882152e-04	2.442094e-02	2.157381e-01	1.541424e-02
2.164475e-04	2.618854e-02	2.364931e-01	1.652994e-02
2.489146e-04	2.808408e-02	2.587067e-01	1.772638e-02
2.862518e-04	3.011682e-02	2.829542e-01	1.900943e-02
3.291895e-04	3.229669e-02	3.088726e-01	2.038534e-02
3.785680e-04	3.463435e-02	3.370367e-01	2.186084e-02
4.353531e-04	3.714120e-02	3.666547e-01	2.344314e-02
5.006561e-04	3.982950e-02	3.989636e-01	2.513997e-02
5.757545e-04	4.271238e-02	4.338385e-01	2.695961e-02
6.621177e-04	4.580392e-02	4.703499e-01	2.891096e-02
7.614354e-04	4.911924e-02	5.082752e-01	3.100355e-02
8.756507e-04	5.267451e-02	5.499096e-01	3.324760e-02
1.006998e-03	5.648712e-02	5.958580e-01	3.565408e-02
1.158048e-03	6.057569e-02	6.429363e-01	3.823475e-02
1.331755e-03	6.496019e-02	6.927609e-01	4.100220e-02
1.531519e-03	6.966204e-02	7.431173e-01	4.396996e-02
1.761246e-03	7.470422e-02	7.978617e-01	4.715253e-02
2.025433e-03	8.011135e-02	8.575752e-01	5.056545e-02
2.329248e-03	8.590985e-02	9.175593e-01	5.422541e-02
2.678635e-03	9.212805e-02	9.808535e-01	5.815027e-02
3.080431e-03	9.879633e-02	1.046098e+00	6.235922e-02
3.542495e-03	1.059473e-01	1.113257e+00	6.687281e-02
4.073870e-03	1.136158e-01	1.180554e+00	7.171310e-02
4.684950e-03	1.218393e-01	1.249044e+00	7.690373e-02
5.387693e-03	1.306581e-01	1.321174e+00	8.247006e-02
6.195847e-03	1.401152e-01	1.393599e+00	8.843929e-02
7.125224e-03	1.502569e-01	1.462775e+00	9.484057e-02
8.194007e-03	1.611325e-01	1.529214e+00	1.017052e-01
9.423108e-03	1.727954e-01	1.604955e+00	1.090667e-01
1.083657e-02	1.853024e-01	1.677300e+00	1.169610e-01
1.246206e-02	1.987147e-01	1.745390e+00	1.254267e-01
1.433137e-02	2.130978e-01	1.810393e+00	1.344517e-01
1.648108e-02	2.285219e-01	1.868622e+00	1.442394e-01
1.895324e-02	2.450624e-01	1.935358e+00	1.546837e-01
2.179622e-02	2.628002e-01	1.995380e+00	1.658809e-01
2.506566e-02	2.818218e-01	2.049856e+00	1.778867e-01
2.882550e-02	3.022202e-01	2.102127e+00	1.907620e-01
3.314933e-02	3.240951e-01	2.148432e+00	2.045691e-01
3.812173e-02	3.475533e-01	2.192198e+00	2.193757e-01
4.383999e-02	3.727093e-01	2.228567e+00	2.352540e-01
5.041599e-02	3.996862e-01	2.263459e+00	2.522816e-01
5.797838e-02	4.286158e-01	2.294459e+00	2.705415e-01
6.667514e-02	4.596392e-01	2.318746e+00	2.901232e-01
7.667641e-02	4.929081e-01	2.336898e+00	3.111222e-01
8.817787e-02	5.285851e-01	2.353386e+00	3.336412e-01
1.014046e-01	5.668443e-01	2.368538e+00	3.577900e-01
1.166152e-01	6.078728e-01	2.375998e+00	3.836867e-01
1.341075e-01	6.518710e-01	2.378522e+00	4.114579e-01
1.542237e-01	6.990537e-01	2.374210e+00	4.412392e-01
1.773572e-01	7.496516e-01	2.366242e+00	4.731761e-01
2.039608e-01	8.039118e-01	2.354652e+00	5.074245e-01
2.345549e-01	8.620994e-01	2.335557e+00	5.441518e-01
2.697381e-01	9.244986e-01	2.310787e+00	5.835376e-01
3.101989e-01	9.914143e-01	2.279940e+00	6.257742e-01
3.567287e-01	1.063173e+00	2.243157e+00	6.710678e-01
4.102380e-01	1.140126e+00	2.200560e+00	7.196396e-01
4.717737e-01	1.222649e+00	2.152030e+00	7.717271e-01
5.425397e-01	1.311145e+00	2.097576e+00	8.275851e-01
6.239207e-01	1.406047e+00	2.037949e+00	8.874860e-01
7.175088e-01	1.507817e+00	1.975437e+00	9.517224e-01
8.251351e-01	1.616954e+00	1.909687e+00	1.020608e+00
9.489054e-01	1.733990e+00	1.834108e+00	1.094480e+00
1.091241e+00	1.859497e+00	1.757925e+00	1.173702e+00
1.254927e+00	1.994088e+00	1.679302e+00	1.258636e+00
1.443166e+00	2.127049e+00	1.601475e+00	1.349873e+00
1.659641e+00	2.259450e+00	1.525304e+00	1.448557e+00
1.908588e+00	2.398492e+00	1.437709e+00	1.555428e+00
2.194876e+00	2.543939e+00	1.355275e+00	1.671257e+00
2.524107e+00	1.361392e+00	1.273448e+00	1.796908e+00
2.902723e+00	1.459962e+00	1.192592e+00	1.933381e+00
3.338132e+00	1.564059e+00	1.114994e+00	2.081835e+00
3.838852e+00	1.660379e+00	1.037753e+00	2.243632e+00
4.414679e+00	1.788222e+00	9.673246e-01	2.420397e+00
5.076881e+00	1.959152e+00	8.952035e-01	2.614098e+00
5.838413e+00	2.142552e+00	8.265385e-01	2.827149e+00
6.714175e+00	2.346783e+00	7.638948e-01	3.062563e+00
7.721302e+00	2.562778e+00	7.080048e-01	3.324134e+00
8.879497e+00	2.799703e+00	6.503468e-01	3.616703e+00
1.021142e+01	3.059483e+00	5.943621e-01	3.946493e+00
1.174313e+01	3.329880e+00	5.539875e-01	4.321557e+00
1.350460e+01	3.624083e+00	5.154876e-01	4.752351e+00
1.553030e+01	3.913772e+00	4.712127e-01	5.252453e+00
1.785984e+01	4.237800e+00	4.202966e-01	5.351831e+00
2.053882e+01	4.602455e+00	3.710688e-01	5.025186e+00
2.361964e+01	4.964458e+00	3.343302e-01	4.775080e+00
2.716258e+01	5.362701e+00	3.012769e-01	4.594240e+00
3.123697e+01	5.784842e+00	2.712376e-01	4.477188e+00
3.592252e+01	6.251694e+00	2.438818e-01	4.419858e+00
4.131089e+01	6.775721e+00	2.205003e-01	4.419314e+00
4.750753e+01	7.352326e+00	1.990154e-01	4.473477e+00
5.463366e+01	7.989218e+00	1.781092e-01	4.581353e+00
6.282871e+01	8.662712e+00	1.593279e-01	4.742788e+00
7.225301e+01	9.347747e+00	1.438193e-01	4.958698e+00
8.309096e+01	1.008468e+01	1.305224e-01	5.231261e+00
9.555461e+01	1.077684e+01	1.152481e-01	5.564140e+00
1.098878e+02	1.150284e+01	1.026393e-01	5.962730e+00
1.263710e+02	1.221052e+01	9.156118e-02	6.434425e+00
1.453266e+02	1.281679e+01	8.216719e-02	6.988906e+00
1.671256e+02	1.342329e+01	7.426350e-02	7.638496e+00
1.921945e+02	1.404631e+01	6.528588e-02	8.398681e+00
2.210236e+02	1.463908e+01	5.793964e-02	9.288519e+00
2.541772e+02	1.514395e+01	5.146182e-02	1.033192e+01
2.923037e+02	1.946574e+01	4.568676e-02	1.155596e+01
3.361493e+02	1.924092e+01	4.065199e-02	1.300013e+01
3.865717e+02	1.892878e+01	3.603217e-02	1.471166e+01
4.445574e+02	1.848267e+01	3.221888e-02	1.673505e+01
5.112411e+02	1.794788e+01	2.852594e-02	1.913592e+01
5.879272e+02	1.733762e+01	2.526645e-02	2.199698e+01
6.761163e+02	1.669449e+01	2.252270e-02	2.541772e+01
7.775337e+02	1.600704e+01	2.025188e-02	2.951988e+01
8.941638e+02	1.531301e+01	1.796764e-02	3.446972e+01
1.028288e+03	1.462143e+01	1.571895e-02	4.048436e+01
1.182532e+03	1.399109e+01	1.392342e-02	4.779568e+01
1.359911e+03	1.342400e+01	1.232467e-02	5.665608e+01
1.563898e+03	1.284749e+01	1.104883e-02	6.743072e+01
1.798483e+03	1.225428e+01	9.771388e-03	8.059824e+01
2.068255e+03	1.165571e+01	8.531184e-03	9.676595e+01
2.378493e+03	1.105125e+01	7.546438e-03	1.167022e+02
2.735268e+03	1.044687e+01	6.640475e-03	1.413766e+02
3.145558e+03	9.836336e+00	5.845061e-03	1.720450e+02
3.617391e+03	9.233473e+00	5.148598e-03	2.103358e+02
4.160000e+03	8.646317e+00	4.570858e-03	2.582771e+02
4.784000e+03	8.085634e+00	4.053942e-03	3.183666e+02
5.501600e+03	7.540234e+00	3.560230e-03	3.938316e+02
6.326840e+03	7.014982e+00	3.128402e-03	4.888760e+02
7.275866e+03	6.510339e+00	2.787625e-03	6.088381e+02
8.367246e+03	6.028550e+00	2.495038e-03	7.605295e+02
9.622333e+03	5.571635e+00	2.163765e-03	9.526046e+02
