# Energy_MeV	dEdx_Elec_MeV_um	dEdx_Nucl_MeV_um	Range_um
1.000000e-05	2.283997e-03	2.646623e-02	6.900693e-03
1.150000e-05	2.463282e-03	2.882370e-02	7.400168e-03
1.322500e-05	2.655468e-03	3.140045e-02	7.935797e-03
1.520875e-05	2.861495e-03	3.412801e-02	8.510194e-03
1.749006e-05	3.082370e-03	3.709852e-02	9.126166e-03
2.011357e-05	3.319172e-03	4.011711e-02	9.786723e-03
2.313061e-05	3.573061e-03	4.349529e-02	1.049509e-02
2.660020e-05	3.845275e-03	4.708727e-02	1.125473e-02
3.059023e-05	4.137146e-03	5.077867e-02	1.206935e-02
3.517876e-05	4.450101e-03	5.496710e-02	1.294294e-02
4.045558e-05	4.785667e-03	5.891152e-02	1.387976e-02
4.652391e-05	5.145486e-03	6.344089e-02	1.488438e-02
5.350250e-05	5.531314e-03	6.811580e-02	1.596172e-02
6.152788e-05	5.945038e-03	7.286773e-02	1.711704e-02
7.075706e-05	6.388679e-03	7.823485e-02	1.835598e-02
8.137062e-05	6.864403e-03	8.333357e-02	1.968460e-02
9.357621e-05	7.374536e-03	8.889811e-02	2.110938e-02
1.076126e-04	7.921570e-03	9.442151e-02	2.263728e-02
1.237545e-04	8.508176e-03	1.000687e-01	2.427578e-02
1.423177e-04	9.137222e-03	1.061072e-01	2.603288e-02
1.636654e-04	9.811780e-03	1.118337e-01	2.791715e-02
1.882152e-04	1.053515e-02	1.177642e-01	2.993781e-02
2.164475e-04	1.131085e-02	1.234457e-01	3.210472e-02
2.489146e-04	1.214269e-02	1.296489e-01	3.442848e-02
2.862518e-04	1.303472e-02	1.353056e-01	3.692043e-02
3.291895e-04	1.399131e-02	1.413418e-01	3.959275e-02
3.785680e-04	1.501712e-02	1.468802e-01	4.245850e-02
4.353531e-04	1.611718e-02	1.521503e-01	4.553166e-02
5.006561e-04	1.729684e-02	1.577500e-01	4.882727e-02
5.757545e-04	1.856188e-02	1.625117e-01	5.236141e-02
6.621177e-04	1.991847e-02	1.675590e-01	5.615136e-02
7.614354e-04	2.137325e-02	1.720903e-01	6.021563e-02
8.756507e-04	2.293331e-02	1.763644e-01	6.457407e-02
1.006998e-03	2.460629e-02	1.801800e-01	6.924797e-02
1.158048e-03	2.640035e-02	1.835666e-01	7.426018e-02
1.331755e-03	2.832426e-02	1.867529e-01	7.963517e-02
1.531519e-03	3.038742e-02	1.894297e-01	8.539920e-02
1.761246e-03	3.259990e-02	1.919144e-01	9.158044e-02
2.025433e-03	3.497252e-02	1.937223e-01	9.820908e-02
2.329248e-03	3.751687e-02	1.954956e-01	1.053119e-01
2.678635e-03	4.024537e-02	1.968054e-01	1.129443e-01
3.080431e-03	4.317136e-02	1.975996e-01	1.211170e-01
3.542495e-03	4.630914e-02	1.984064e-01	1.298847e-01
4.073870e-03	4.967402e-02	1.982166e-01	1.392852e-01
4.684950e-03	5.328245e-02	1.979983e-01	1.493666e-01
5.387693e-03	5.715206e-02	1.971959e-01	1.601776e-01
6.195847e-03	6.130175e-02	1.958910e-01	1.717712e-01
7.125224e-03	6.575179e-02	1.943293e-01	1.842039e-01
8.194007e-03	7.052392e-02	1.920359e-01	1.975364e-01
9.423108e-03	7.564147e-02	1.893703e-01	2.118340e-01
1.083657e-02	8.112942e-02	1.861526e-01	2.271665e-01
1.246206e-02	8.701459e-02	1.824681e-01	2.436087e-01
1.433137e-02	9.332574e-02	1.782703e-01	2.612410e-01
1.648108e-02	1.000937e-01	1.736657e-01	2.801495e-01
1.895324e-02	1.073515e-01	1.687138e-01	3.004267e-01
2.179622e-02	1.151346e-01	1.633986e-01	3.221716e-01
2.506566e-02	1.234811e-01	1.574612e-01	3.454903e-01
2.882550e-02	1.324317e-01	1.515399e-01	3.704968e-01
3.314933e-02	1.420301e-01	1.449916e-01	3.973133e-01
3.812173e-02	1.523233e-01	1.386648e-01	4.260709e-01
4.383999e-02	1.633615e-01	1.321290e-01	4.569100e-01
5.041599e-02	1.751987e-01	1.250561e-01	4.899812e-01
5.797838e-02	1.878926e-01	1.185487e-01	5.254459e-01
6.667514e-02	2.015054e-01	1.114162e-01	5.634778e-01
7.667641e-02	2.161034e-01	1.047110e-01	6.042625e-01
8.817787e-02	2.317581e-01	9.793311e-02	6.479992e-01
1.014046e-01	2.485458e-01	9.146166e-02	6.949014e-01
1.166152e-01	2.665486e-01	8.532047e-02	7.451984e-01
1.341075e-01	2.858545e-01	7.913899e-02	7.991362e-01
1.542237e-01	3.065578e-01	7.347438e-02	8.569772e-01
1.773572e-01	3.287596e-01	6.777623e-02	9.190109e-01
2.039608e-01	3.525683e-01	6.287024e-02	9.855075e-01
2.345549e-01	3.781016e-01	5.761918e-02	1.057034e+00
2.697381e-01	4.054834e-01	5.306915e-02	1.134463e+00
3.101989e-01	4.348471e-01	4.937644e-02	1.218314e+00
3.567287e-01	4.663361e-01	4.524551e-02	1.309211e+00
4.102380e-01	5.001043e-01	4.188041e-02	1.407838e+00
4.717737e-01	5.363137e-01	3.801053e-02	1.487658e+00
5.425397e-01	5.729705e-01	3.404590e-02	1.550575e+00
6.239207e-01	6.080881e-01	3.068470e-02	1.613007e+00
7.175088e-01	6.575760e-01	2.711905e-02	1.674794e+00
8.251351e-01	7.201211e-01	2.463786e-02	1.735902e+00
9.489054e-01	7.838187e-01	2.211060e-02	1.796469e+00
1.091241e+00	8.529865e-01	1.999503e-02	1.856855e+00
1.254927e+00	9.242555e-01	1.802718e-02	1.917692e+00
1.443166e+00	9.956405e-01	1.612784e-02	1.979929e+00
1.659641e+00	1.071744e+00	1.455590e-02	2.044930e+00
1.908588e+00	1.137632e+00	1.307096e-02	2.114520e+00
2.194876e+00	1.200824e+00	1.180117e-02	2.191039e+00
2.524107e+00	1.253097e+00	1.049761e-02	2.277426e+00
2.902723e+00	1.307804e+00	9.473428e-03	2.377282e+00
3.338132e+00	1.366159e+00	8.385967e-03	2.494954e+00
3.838852e+00	1.408840e+00	7.525714e-03	2.635589e+00
4.414679e+00	1.448925e+00	6.743884e-03	2.805213e+00
5.076881e+00	1.483538e+00	5.962677e-03	3.010803e+00
5.838413e+00	1.508293e+00	5.366746e-03	3.260395e+00
6.714175e+00	1.531029e+00	4.725617e-03	3.563197e+00
7.721302e+00	1.546443e+00	4.207303e-03	3.929821e+00
8.879497e+00	1.556580e+00	3.726241e-03	4.372605e+00
1.021142e+01	1.560565e+00	3.308762e-03	4.906133e+00
1.174313e+01	1.553759e+00	2.947306e-03	5.547963e+00
1.350460e+01	1.542137e+00	2.611078e-03	6.319618e+00
1.553030e+01	1.521431e+00	2.332354e-03	7.247887e+00
1.785984e+01	1.493881e+00	2.063948e-03	8.366477e+00
2.053882e+01	1.459207e+00	1.851137e-03	9.718119e+00
2.361964e+01	1.417816e+00	1.631119e-03	1.135724e+01
2.716258e+01	1.370457e+00	1.451410e-03	1.335335e+01
3.123697e+01	1.317031e+00	1.291828e-03	1.579544e+01
3.592252e+01	1.259081e+00	1.125918e-03	1.879719e+01
4.131089e+01	1.194634e+00	1.014629e-03	2.250530e+01
4.750753e+01	1.214879e+00	8.890746e-04	2.710242e+01
5.463366e+01	1.122546e+00	7.900846e-04	3.284257e+01
6.282871e+01	1.034942e+00	7.011493e-04	4.003668e+01
7.225301e+01	9.510105e-01	6.092506e-04	4.906152e+01
8.309096e+01	8.704222e-01	5.418770e-04	6.042519e+01
9.555461e+01	7.941140e-01	4.753648e-04	7.478669e+01
1.098878e+02	7.228132e-01	4.217339e-04	9.298147e+01
1.263710e+02	6.558931e-01	3.729539e-04	1.160889e+02
1.453266e+02	5.922795e-01	3.274729e-04	1.455706e+02
1.671256e+02	5.336815e-01	2.904742e-04	1.833379e+02
1.921945e+02	4.827857e-01	2.567646e-04	2.316504e+02
2.210236e+02	4.367320e-01	2.281862e-04	2.932797e+02
2.541772e+02	3.942580e-01	1.995163e-04	3.720052e+02
2.923037e+02	3.552114e-01	1.778362e-04	4.727402e+02
3.361493e+02	3.195139e-01	1.545126e-04	6.018289e+02
3.865717e+02	2.870691e-01	1.371059e-04	7.674103e+02
4.445574e+02	2.577191e-01	1.210838e-04	9.799189e+02
5.112411e+02	2.308449e-01	1.054572e-04	1.252954e+03
5.879272e+02	2.066842e-01	9.389677e-05	1.604110e+03
6.761163e+02	1.852635e-01	8.125781e-05	2.055483e+03
7.775337e+02	1.662555e-01	7.152340e-05	2.634679e+03
8.941638e+02	1.491680e-01	6.243112e-05	3.377422e+03
1.028288e+03	1.338728e-01	5.469465e-05	4.329702e+03
1.182532e+03	1.202200e-01	4.811437e-05	5.549930e+03
1.359911e+03	1.080460e-01	0.000000e+00	7.112352e+03
1.563898e+03	9.720556e-02	0.000000e+00	9.110947e+03
1.798483e+03	8.757263e-02	0.000000e+00	1.166432e+04
2.068255e+03	7.902332e-02	0.000000e+00	1.492172e+04
2.378493e+03	7.143718e-02	0.000000e+00	1.906995e+04
2.735268e+03	6.472028e-02	0.000000e+00	2.434179e+04
3.145558e+03	5.878889e-02	0.000000e+00	3.102570e+04
3.617391e+03	5.355352e-02	0.000000e+00	3.947696e+04
4.160000e+03	4.893925e-02	0.000000e+00	5.013016e+04
4.784000e+03	4.488617e-02	0.000000e+00	6.351291e+04
5.501600e+03	4.133460e-02	0.000000e+00	8.026060e+04
6.326840e+03	3.822854e-02	0.000000e+00	1.011316e+05
7.275866e+03	3.552408e-02	0.000000e+00	1.270226e+05
8.367246e+03	3.318128e-02	0.000000e+00	1.589832e+05
9.622333e+03	3.115971e-02	0.000000e+00	1.982296e+05
