# Energy_MeV	dEdx_Elec_MeV_um	dEdx_Nucl_MeV_um	Range_um
1.000000e-05	2.775368e-03	2.406020e-02	5.225351e-03
1.150000e-05	2.999928e-03	2.618659e-02	5.603565e-03
1.322500e-05	3.240562e-03	2.854143e-02	6.009154e-03
1.520875e-05	3.498450e-03	3.101424e-02	6.444099e-03
1.749006e-05	3.774854e-03	3.368423e-02	6.910527e-03
2.011357e-05	4.071128e-03	3.644414e-02	7.410714e-03
2.313061e-05	4.388721e-03	3.951557e-02	7.947106e-03
2.660020e-05	4.729186e-03	4.276806e-02	8.522321e-03
3.059023e-05	5.094188e-03	4.612286e-02	9.139172e-03
3.517876e-05	5.485513e-03	4.987277e-02	9.800670e-03
4.045558e-05	5.905072e-03	5.349389e-02	1.051005e-02
4.652391e-05	6.354916e-03	5.760876e-02	1.127077e-02
5.350250e-05	6.837243e-03	6.184231e-02	1.208655e-02
6.152788e-05	7.354412e-03	6.615846e-02	1.296139e-02
7.075706e-05	7.908948e-03	7.098155e-02	1.389954e-02
8.137062e-05	8.503562e-03	7.566336e-02	1.490559e-02
9.357621e-05	9.141159e-03	8.066042e-02	1.598447e-02
1.076126e-04	9.824853e-03	8.566131e-02	1.714143e-02
1.237545e-04	1.055799e-02	9.082915e-02	1.838214e-02
1.423177e-04	1.134414e-02	9.625701e-02	1.971265e-02
1.636654e-04	1.218715e-02	1.014865e-01	2.113946e-02
1.882152e-04	1.309115e-02	1.067510e-01	2.266954e-02
2.164475e-04	1.406054e-02	1.119709e-01	2.431038e-02
2.489146e-04	1.510006e-02	1.176981e-01	2.606998e-02
2.862518e-04	1.621480e-02	1.226978e-01	2.795693e-02
3.291895e-04	1.741019e-02	1.281672e-01	2.998047e-02
3.785680e-04	1.869208e-02	1.331539e-01	3.215048e-02
4.353531e-04	2.006672e-02	1.379249e-01	3.447754e-02
5.006561e-04	2.154084e-02	1.431225e-01	3.697305e-02
5.757545e-04	2.312164e-02	1.472975e-01	3.964918e-02
6.621177e-04	2.481684e-02	1.518635e-01	4.251900e-02
7.614354e-04	2.663472e-02	1.559801e-01	4.559655e-02
8.756507e-04	2.858416e-02	1.597757e-01	4.889685e-02
1.006998e-03	3.067469e-02	1.633054e-01	5.243603e-02
1.158048e-03	3.291651e-02	1.662859e-01	5.623138e-02
1.331755e-03	3.532059e-02	1.692317e-01	6.030144e-02
1.531519e-03	3.789866e-02	1.716316e-01	6.464087e-02
1.761246e-03	4.066332e-02	1.737973e-01	6.933442e-02
2.025433e-03	4.362808e-02	1.754838e-01	7.436827e-02
2.329248e-03	4.680742e-02	1.770801e-01	7.975032e-02
2.678635e-03	5.021688e-02	1.782532e-01	8.552271e-02
3.080431e-03	5.387310e-02	1.789588e-01	9.171282e-02
3.542495e-03	5.779395e-02	1.796307e-01	9.835090e-02
4.073870e-03	6.199859e-02	1.794939e-01	1.054694e-01
4.684950e-03	6.650755e-02	1.792797e-01	1.131032e-01
5.387693e-03	7.134287e-02	1.785462e-01	1.212896e-01
6.195847e-03	7.652817e-02	1.773458e-01	1.300685e-01
7.125224e-03	8.208877e-02	1.759123e-01	1.394828e-01
8.194007e-03	8.805185e-02	1.738339e-01	1.495784e-01
9.423108e-03	9.444654e-02	1.713958e-01	1.604048e-01
1.083657e-02	1.013041e-01	1.684792e-01	1.720149e-01
1.246206e-02	1.086579e-01	1.651238e-01	1.844654e-01
1.433137e-02	1.165441e-01	1.613203e-01	1.978169e-01
1.648108e-02	1.250011e-01	1.571276e-01	2.121348e-01
1.895324e-02	1.340701e-01	1.526690e-01	2.274891e-01
2.179622e-02	1.437956e-01	1.478244e-01	2.439548e-01
2.506566e-02	1.542250e-01	1.423769e-01	2.616123e-01
2.882550e-02	1.654093e-01	1.370836e-01	2.805478e-01
3.314933e-02	1.774032e-01	1.311361e-01	3.008537e-01
3.812173e-02	1.902651e-01	1.254411e-01	3.226296e-01
4.383999e-02	2.040580e-01	1.195119e-01	3.459816e-01
5.041599e-02	2.188492e-01	1.129824e-01	3.710239e-01
5.797838e-02	2.347111e-01	1.072175e-01	3.978785e-01
6.667514e-02	2.517210e-01	1.007508e-01	4.266770e-01
7.667641e-02	2.699621e-01	9.466934e-02	4.575600e-01
8.817787e-02	2.895235e-01	8.861354e-02	4.906784e-01
1.014046e-01	3.105007e-01	8.265451e-02	5.261941e-01
1.166152e-01	3.329963e-01	7.720188e-02	5.642789e-01
1.341075e-01	3.571202e-01	7.151776e-02	6.051235e-01
1.542237e-01	3.829906e-01	6.641345e-02	6.489238e-01
1.773572e-01	4.107358e-01	6.138088e-02	6.961803e-01
2.039608e-01	4.404891e-01	5.685631e-02	7.473633e-01
2.345549e-01	4.723959e-01	5.210307e-02	8.028104e-01
2.697381e-01	5.066122e-01	4.805370e-02	8.629371e-01
3.101989e-01	5.433052e-01	4.473212e-02	9.282092e-01
3.567287e-01	5.826478e-01	4.091230e-02	9.766747e-01
4.102380e-01	6.199394e-01	3.778618e-02	1.014649e+00
4.717737e-01	6.603645e-01	3.425813e-02	1.052086e+00
5.425397e-01	7.223103e-01	3.081484e-02	1.088930e+00
6.239207e-01	7.905387e-01	2.778807e-02	1.125217e+00
7.175088e-01	8.638972e-01	2.451692e-02	1.161100e+00
8.251351e-01	9.398477e-01	2.226304e-02	1.196884e+00
9.489054e-01	1.022714e+00	1.999983e-02	1.233058e+00
1.091241e+00	1.104281e+00	1.810257e-02	1.270327e+00
1.254927e+00	1.188100e+00	1.628854e-02	1.309637e+00
1.443166e+00	1.271212e+00	1.457576e-02	1.352252e+00
1.659641e+00	1.337556e+00	1.315257e-02	1.399761e+00
1.908588e+00	1.404742e+00	1.182797e-02	1.454121e+00
2.194876e+00	1.474557e+00	1.067384e-02	1.517707e+00
2.524107e+00	1.539126e+00	9.457100e-03	1.593336e+00
2.902723e+00	1.596883e+00	8.568514e-03	1.684327e+00
3.338132e+00	1.642304e+00	7.586716e-03	1.794519e+00
3.838852e+00	1.686243e+00	6.808164e-03	1.928317e+00
4.414679e+00	1.718425e+00	6.102481e-03	2.090755e+00
5.076881e+00	1.746933e+00	5.370293e-03	2.287572e+00
5.838413e+00	1.772677e+00	4.854417e-03	2.525360e+00
6.714175e+00	1.785043e+00	4.275743e-03	2.811795e+00
7.721302e+00	1.793274e+00	3.801958e-03	3.155973e+00
8.879497e+00	1.790199e+00	3.375774e-03	3.568893e+00
1.021142e+01	1.779117e+00	2.987743e-03	4.064091e+00
1.174313e+01	1.761465e+00	2.670386e-03	4.658452e+00
1.350460e+01	1.731409e+00	2.358767e-03	5.373248e+00
1.553030e+01	1.695051e+00	2.107620e-03	6.235436e+00
1.785984e+01	1.649880e+00	1.872267e-03	7.279312e+00
2.053882e+01	1.598509e+00	1.674365e-03	8.548579e+00
2.361964e+01	1.539839e+00	1.474105e-03	1.009907e+01
2.716258e+01	1.475981e+00	1.312748e-03	1.200211e+01
3.123697e+01	1.552917e+00	1.168758e-03	1.434829e+01
3.592252e+01	1.438282e+00	1.018497e-03	1.725416e+01
4.131089e+01	1.331957e+00	9.180889e-04	2.088020e+01
4.750753e+01	1.229733e+00	8.026200e-04	2.540959e+01
5.463366e+01	1.131452e+00	7.146222e-04	3.108359e+01
6.282871e+01	1.036874e+00	6.343861e-04	3.821945e+01
7.225301e+01	9.474244e-01	5.505647e-04	4.722636e+01
8.309096e+01	8.636286e-01	4.896069e-04	5.862204e+01
9.555461e+01	7.838728e-01	4.294922e-04	7.309012e+01
1.098878e+02	7.088402e-01	3.820320e-04	9.155829e+01
1.263710e+02	6.403096e-01	3.369469e-04	1.151888e+02
1.453266e+02	5.810815e-01	2.959293e-04	1.453359e+02
1.671256e+02	5.261503e-01	2.624573e-04	1.837691e+02
1.921945e+02	4.753504e-01	2.322293e-04	2.328676e+02
2.210236e+02	4.285741e-01	2.064234e-04	2.957023e+02
2.541772e+02	3.857324e-01	1.795846e-04	3.762380e+02
2.923037e+02	3.467933e-01	1.608763e-04	4.795490e+02
3.361493e+02	3.112982e-01	1.398372e-04	6.121786e+02
3.865717e+02	2.789605e-01	1.240459e-04	7.826819e+02
4.445574e+02	2.498821e-01	1.095938e-04	1.001987e+03
5.112411e+02	2.243047e-01	9.490590e-05	1.283720e+03
5.879272e+02	2.013350e-01	8.494320e-05	1.645115e+03
6.761163e+02	1.806898e-01	7.354276e-05	2.108608e+03
7.775337e+02	1.622257e-01	6.462464e-05	2.702777e+03
8.941638e+02	1.457422e-01	5.658440e-05	3.463990e+03
1.028288e+03	1.310436e-01	4.942069e-05	4.438372e+03
1.182532e+03	1.179603e-01	4.356556e-05	5.684224e+03
1.359911e+03	1.063414e-01	0.000000e+00	7.275062e+03
1.563898e+03	9.602998e-02	0.000000e+00	9.303203e+03
1.798483e+03	8.688429e-02	0.000000e+00	1.188398e+04
2.068255e+03	7.879701e-02	0.000000e+00	1.516081e+04
2.378493e+03	7.165861e-02	0.000000e+00	1.931099e+04
2.735268e+03	6.535967e-02	0.000000e+00	2.455230e+04
3.145558e+03	5.981589e-02	0.000000e+00	3.115037e+04
3.617391e+03	5.495314e-02	0.000000e+00	3.942667e+04
4.160000e+03	5.069374e-02	0.000000e+00	4.976696e+04
4.784000e+03	4.697237e-02	0.000000e+00	6.262991e+04
5.501600e+03	4.373903e-02	0.000000e+00	7.855573e+04
6.326840e+03	4.094256e-02	0.000000e+00	9.817427e+04
7.275866e+03	3.853394e-02	0.000000e+00	1.222123e+05
8.367246e+03	3.647551e-02	0.000000e+00	1.514999e+05
9.622333e+03	3.473385e-02	0.000000e+00	1.869753e+05
