# Energy_MeV	dEdx_Elec_MeV_um	dEdx_Nucl_MeV_um	Range_um
1.000000e-05	2.241792e-03	3.135043e-02	5.613997e-03
1.150000e-05	2.421574e-03	3.440199e-02	6.020341e-03
1.322500e-05	2.614247e-03	3.764233e-02	6.456097e-03
1.520875e-05	2.820754e-03	4.130319e-02	6.923392e-03
1.749006e-05	3.042107e-03	4.508072e-02	7.424511e-03
2.011357e-05	3.279389e-03	4.927823e-02	7.961901e-03
2.313061e-05	3.533759e-03	5.374952e-02	8.538188e-03
2.660020e-05	3.806462e-03	5.847744e-02	9.156186e-03
3.059023e-05	4.098830e-03	6.373000e-02	9.818916e-03
3.517876e-05	4.412294e-03	6.916995e-02	1.052961e-02
4.045558e-05	4.748385e-03	7.505219e-02	1.129175e-02
4.652391e-05	5.108746e-03	8.120373e-02	1.210906e-02
5.350250e-05	5.495137e-03	8.795811e-02	1.298552e-02
6.152788e-05	5.909448e-03	9.504051e-02	1.392541e-02
7.075706e-05	6.353701e-03	1.027757e-01	1.493334e-02
8.137062e-05	6.830068e-03	1.105990e-01	1.601423e-02
9.357621e-05	7.340877e-03	1.188568e-01	1.717335e-02
1.076126e-04	7.888623e-03	1.277693e-01	1.841636e-02
1.237545e-04	8.475982e-03	1.369250e-01	1.974935e-02
1.423177e-04	9.105824e-03	1.468913e-01	2.117882e-02
1.636654e-04	9.781225e-03	1.568657e-01	2.271175e-02
1.882152e-04	1.050549e-02	1.675470e-01	2.435564e-02
2.164475e-04	1.128215e-02	1.781372e-01	2.611851e-02
2.489146e-04	1.211500e-02	1.890505e-01	2.800898e-02
2.862518e-04	1.300811e-02	2.003918e-01	3.003629e-02
3.291895e-04	1.396585e-02	2.116102e-01	3.221033e-02
3.785680e-04	1.499289e-02	2.236205e-01	3.454173e-02
4.353531e-04	1.609425e-02	2.342785e-01	3.704188e-02
5.006561e-04	1.727532e-02	2.459312e-01	3.972299e-02
5.757545e-04	1.854185e-02	2.576936e-01	4.259816e-02
6.621177e-04	1.990004e-02	2.687437e-01	4.568144e-02
7.614354e-04	2.135653e-02	2.807931e-01	4.898789e-02
8.756507e-04	2.291843e-02	2.904538e-01	5.253366e-02
1.006998e-03	2.459337e-02	3.011151e-01	5.633607e-02
1.158048e-03	2.638953e-02	3.113297e-01	6.041370e-02
1.331755e-03	2.831569e-02	3.205922e-01	6.478648e-02
1.531519e-03	3.038125e-02	3.304220e-01	6.947576e-02
1.761246e-03	3.259631e-02	3.383464e-01	7.450445e-02
2.025433e-03	3.497170e-02	3.463813e-01	7.989712e-02
2.329248e-03	3.751901e-02	3.534111e-01	8.568012e-02
2.678635e-03	4.025068e-02	3.594961e-01	9.188169e-02
3.080431e-03	4.318007e-02	3.655084e-01	9.853214e-02
3.542495e-03	4.632149e-02	3.702341e-01	1.056188e-01
4.073870e-03	4.969028e-02	3.745282e-01	1.133090e-01
4.684950e-03	5.330290e-02	3.778070e-01	1.215159e-01
5.387693e-03	5.717699e-02	3.807430e-01	1.303120e-01
6.195847e-03	6.133150e-02	3.827890e-01	1.397434e-01
7.125224e-03	6.578670e-02	3.845110e-01	1.498580e-01
8.194007e-03	7.056437e-02	3.848833e-01	1.607046e-01
9.423108e-03	7.568784e-02	3.845346e-01	1.723362e-01
1.083657e-02	8.118215e-02	3.834784e-01	1.848099e-01
1.246206e-02	8.707414e-02	3.814312e-01	1.981863e-01
1.433137e-02	9.339260e-02	3.787487e-01	2.125309e-01
1.648108e-02	1.001684e-01	3.748416e-01	2.279137e-01
1.895324e-02	1.074346e-01	3.700745e-01	2.444101e-01
2.179622e-02	1.152267e-01	3.642798e-01	2.621004e-01
2.506566e-02	1.235829e-01	3.575909e-01	2.810712e-01
2.882550e-02	1.325438e-01	3.498683e-01	3.014149e-01
3.314933e-02	1.421534e-01	3.413399e-01	3.232313e-01
3.812173e-02	1.524585e-01	3.317618e-01	3.466268e-01
4.383999e-02	1.635095e-01	3.220261e-01	3.717157e-01
5.041599e-02	1.753604e-01	3.110718e-01	3.986204e-01
5.797838e-02	1.880690e-01	2.993377e-01	4.274724e-01
6.667514e-02	2.016975e-01	2.873942e-01	4.584130e-01
7.667641e-02	2.163124e-01	2.742912e-01	4.915930e-01
8.817787e-02	2.319852e-01	2.623492e-01	5.271746e-01
1.014046e-01	2.487924e-01	2.490915e-01	5.653314e-01
1.166152e-01	2.668160e-01	2.357061e-01	6.062501e-01
1.341075e-01	2.861443e-01	2.226620e-01	6.501307e-01
1.542237e-01	3.068715e-01	2.087219e-01	6.971875e-01
1.773572e-01	3.290990e-01	1.961398e-01	7.476500e-01
2.039608e-01	3.529353e-01	1.831448e-01	8.017648e-01
2.345549e-01	3.784969e-01	1.707880e-01	8.597967e-01
2.697381e-01	4.059086e-01	1.591964e-01	9.220314e-01
3.101989e-01	4.353045e-01	1.472858e-01	9.887546e-01
3.567287e-01	4.668291e-01	1.364861e-01	1.060418e+00
4.102380e-01	5.006364e-01	1.260895e-01	1.137920e+00
4.717737e-01	5.368906e-01	1.164621e-01	1.221852e+00
5.425397e-01	5.757689e-01	1.068781e-01	1.312818e+00
6.239207e-01	6.174613e-01	9.888529e-02	1.411493e+00
7.175088e-01	6.621715e-01	9.102429e-02	1.518664e+00
8.251351e-01	7.096071e-01	8.452299e-02	1.635237e+00
9.489054e-01	7.524848e-01	7.750593e-02	1.715625e+00
1.091241e+00	8.094626e-01	6.943631e-02	1.761352e+00
1.254927e+00	8.870623e-01	6.237904e-02	1.805160e+00
1.443166e+00	9.711443e-01	5.523578e-02	1.847314e+00
1.659641e+00	1.065056e+00	5.004714e-02	1.888270e+00
1.908588e+00	1.164273e+00	4.486596e-02	1.928698e+00
2.194876e+00	1.273119e+00	4.057391e-02	1.969538e+00
2.524107e+00	1.391768e+00	3.661031e-02	2.012049e+00
2.902723e+00	1.511905e+00	3.281572e-02	2.057847e+00
3.338132e+00	1.639257e+00	2.965760e-02	2.108958e+00
3.838852e+00	1.749462e+00	2.641773e-02	2.167854e+00
4.414679e+00	1.869648e+00	2.400964e-02	2.237480e+00
5.076881e+00	2.001426e+00	2.149616e-02	2.321323e+00
5.838413e+00	2.110597e+00	1.921311e-02	2.423434e+00
6.714175e+00	2.220643e+00	1.721137e-02	2.548437e+00
7.721302e+00	2.314424e+00	1.519909e-02	2.701571e+00
8.879497e+00	2.399930e+00	1.375938e-02	2.888701e+00
1.021142e+01	2.480932e+00	1.223973e-02	3.116397e+00
1.174313e+01	2.548710e+00	1.090175e-02	3.392003e+00
1.350460e+01	2.615315e+00	9.721102e-03	3.723829e+00
1.553030e+01	2.666733e+00	8.552469e-03	4.121456e+00
1.785984e+01	2.705233e+00	7.642736e-03	4.596181e+00
2.053882e+01	2.736975e+00	6.765896e-03	5.161617e+00
2.361964e+01	2.746529e+00	6.011190e-03	5.834492e+00
2.716258e+01	2.748817e+00	5.366774e-03	6.635610e+00
3.123697e+01	2.734160e+00	4.747392e-03	7.591067e+00
3.592252e+01	2.702200e+00	4.227477e-03	8.733740e+00
4.131089e+01	2.658280e+00	3.760767e-03	1.010515e+01
4.750753e+01	2.605699e+00	3.352857e-03	1.175783e+01
5.463366e+01	2.542430e+00	2.971269e-03	1.375822e+01
6.282871e+01	2.465189e+00	2.644652e-03	1.619122e+01
7.225301e+01	2.716286e+00	2.306529e-03	1.916118e+01
8.309096e+01	2.541466e+00	2.065001e-03	2.281059e+01
9.555461e+01	2.374846e+00	1.829174e-03	2.732171e+01
1.098878e+02	2.210417e+00	1.616813e-03	3.290089e+01
1.263710e+02	2.049790e+00	1.437251e-03	3.983085e+01
1.453266e+02	1.893579e+00	1.248781e-03	4.847808e+01
1.671256e+02	1.744537e+00	1.111602e-03	5.930800e+01
1.921945e+02	1.602752e+00	9.719994e-04	7.291402e+01
2.210236e+02	1.464545e+00	8.619389e-04	9.009687e+01
2.541772e+02	1.334655e+00	7.634989e-04	1.119242e+02
2.923037e+02	1.218184e+00	6.699081e-04	1.396737e+02
3.361493e+02	1.113250e+00	5.966093e-04	1.748600e+02
3.865717e+02	1.014548e+00	5.212561e-04	2.195555e+02
4.445574e+02	9.219642e-01	4.675252e-04	2.764908e+02
5.112411e+02	8.357320e-01	4.119417e-04	3.491972e+02
5.879272e+02	7.559084e-01	3.627207e-04	4.422253e+02
6.761163e+02	6.825689e-01	3.197310e-04	5.614111e+02
7.775337e+02	6.146702e-01	2.781672e-04	7.143467e+02
8.941638e+02	5.526284e-01	2.486333e-04	9.109255e+02
1.028288e+03	4.967203e-01	2.180878e-04	1.163657e+03
1.182532e+03	4.469387e-01	1.917482e-04	1.488130e+03
1.359911e+03	4.018070e-01	1.684505e-04	1.904366e+03
1.563898e+03	3.611338e-01	1.461784e-04	2.438307e+03
1.798483e+03	3.246915e-01	1.287868e-04	3.122872e+03
2.068255e+03	2.920536e-01	1.125350e-04	3.999931e+03
2.378493e+03	2.628366e-01	9.862303e-05	5.122499e+03
2.735268e+03	2.368109e-01	8.693042e-05	6.557491e+03
3.145558e+03	2.137036e-01	7.593025e-05	8.389169e+03
3.617391e+03	1.931652e-01	6.664884e-05	1.072311e+04
4.160000e+03	1.749419e-01	5.861943e-05	1.369098e+04
4.784000e+03	1.588455e-01	5.152945e-05	1.745616e+04
5.501600e+03	1.446356e-01	4.505689e-05	2.222018e+04
6.326840e+03	1.320964e-01	0.000000e+00	2.822995e+04
7.275866e+03	1.210799e-01	0.000000e+00	3.578582e+04
8.367246e+03	1.114275e-01	0.000000e+00	4.525014e+04
9.622333e+03	1.029677e-01	0.000000e+00	5.705630e+04
