# Energy_MeV	dEdx_Elec_MeV_um	dEdx_Nucl_MeV_um	Range_um
1.000000e-05	2.950378e-03	2.260274e-02	4.873179e-03
1.150000e-05	3.191377e-03	2.461296e-02	5.225903e-03
1.322500e-05	3.449592e-03	2.681820e-02	5.604156e-03
1.520875e-05	3.726292e-03	2.911296e-02	6.009788e-03
1.749006e-05	4.022831e-03	3.156576e-02	6.444780e-03
2.011357e-05	4.340663e-03	3.416831e-02	6.911256e-03
2.313061e-05	4.681341e-03	3.710092e-02	7.411497e-03
2.660020e-05	5.046534e-03	4.002127e-02	7.947945e-03
3.059023e-05	5.438028e-03	4.323151e-02	8.523221e-03
3.517876e-05	5.857736e-03	4.660585e-02	9.140136e-03
4.045558e-05	6.307712e-03	5.002934e-02	9.801704e-03
4.652391e-05	6.790153e-03	5.394133e-02	1.051116e-02
5.350250e-05	7.307419e-03	5.770469e-02	1.127196e-02
6.152788e-05	7.862037e-03	6.183393e-02	1.208783e-02
7.075706e-05	8.456718e-03	6.618233e-02	1.296275e-02
8.137062e-05	9.094368e-03	7.060115e-02	1.390100e-02
9.357621e-05	9.778101e-03	7.518319e-02	1.490717e-02
1.076126e-04	1.051126e-02	7.969336e-02	1.598616e-02
1.237545e-04	1.129743e-02	8.454452e-02	1.714324e-02
1.423177e-04	1.214044e-02	8.938139e-02	1.838408e-02
1.636654e-04	1.304442e-02	9.428773e-02	1.971473e-02
1.882152e-04	1.401379e-02	9.896109e-02	2.114169e-02
2.164475e-04	1.505327e-02	1.038884e-01	2.267194e-02
2.489146e-04	1.616795e-02	1.089845e-01	2.431294e-02
2.862518e-04	1.736328e-02	1.135301e-01	2.607273e-02
3.291895e-04	1.864509e-02	1.186230e-01	2.795989e-02
3.785680e-04	2.001964e-02	1.228500e-01	2.998364e-02
4.353531e-04	2.149365e-02	1.274084e-01	3.215387e-02
5.006561e-04	2.307433e-02	1.318887e-01	3.448118e-02
5.757545e-04	2.476939e-02	1.356812e-01	3.697695e-02
6.621177e-04	2.658712e-02	1.399110e-01	3.965336e-02
7.614354e-04	2.853639e-02	1.434133e-01	4.252349e-02
8.756507e-04	3.062673e-02	1.467994e-01	4.560136e-02
1.006998e-03	3.286835e-02	1.498398e-01	4.890201e-02
1.158048e-03	3.527220e-02	1.525847e-01	5.244157e-02
1.331755e-03	3.785003e-02	1.551582e-01	5.621550e-02
1.531519e-03	4.061443e-02	1.571987e-01	6.029715e-02
1.761246e-03	4.357890e-02	1.590163e-01	6.467489e-02
2.025433e-03	4.675792e-02	1.604850e-01	6.935543e-02
2.329248e-03	5.016704e-02	1.619673e-01	7.437542e-02
2.678635e-03	5.382289e-02	1.627414e-01	7.975870e-02
3.080431e-03	5.774335e-02	1.634105e-01	8.553155e-02
3.542495e-03	6.194756e-02	1.637737e-01	9.172224e-02
4.073870e-03	6.645606e-02	1.635903e-01	9.836100e-02
4.684950e-03	7.129089e-02	1.633364e-01	1.054803e-01
5.387693e-03	7.647565e-02	1.624296e-01	1.131150e-01
6.195847e-03	8.203568e-02	1.612755e-01	1.213022e-01
7.125224e-03	8.799814e-02	1.597746e-01	1.300819e-01
8.194007e-03	9.439216e-02	1.577625e-01	1.394972e-01
9.423108e-03	1.012490e-01	1.553951e-01	1.495940e-01
1.083657e-02	1.086021e-01	1.525995e-01	1.604216e-01
1.246206e-02	1.164874e-01	1.493776e-01	1.720329e-01
1.433137e-02	1.249435e-01	1.458175e-01	1.844845e-01
1.648108e-02	1.340116e-01	1.418571e-01	1.978375e-01
1.895324e-02	1.437361e-01	1.377297e-01	2.121570e-01
2.179622e-02	1.541644e-01	1.331038e-01	2.275130e-01
2.506566e-02	1.653475e-01	1.281446e-01	2.439803e-01
2.882550e-02	1.773401e-01	1.231969e-01	2.616396e-01
3.314933e-02	1.902007e-01	1.176728e-01	2.805771e-01
3.812173e-02	2.039921e-01	1.125938e-01	3.008853e-01
4.383999e-02	2.187818e-01	1.069240e-01	3.226635e-01
5.041599e-02	2.346420e-01	1.011948e-01	3.460179e-01
5.797838e-02	2.516501e-01	9.581895e-02	3.710626e-01
6.667514e-02	2.698893e-01	8.983707e-02	3.979203e-01
7.667641e-02	2.894486e-01	8.443360e-02	4.267219e-01
8.817787e-02	3.104237e-01	7.893904e-02	4.576084e-01
1.014046e-01	3.329169e-01	7.370427e-02	4.907291e-01
1.166152e-01	3.570382e-01	6.861213e-02	5.262500e-01
1.341075e-01	3.829060e-01	6.352064e-02	5.643410e-01
1.542237e-01	4.106486e-01	5.894448e-02	6.054373e-01
1.773572e-01	4.403992e-01	5.454833e-02	6.499483e-01
2.039608e-01	4.723031e-01	5.042418e-02	6.981676e-01
2.345549e-01	5.065163e-01	4.598653e-02	7.504562e-01
2.697381e-01	5.432060e-01	4.284486e-02	8.072195e-01
3.101989e-01	5.825441e-01	3.967932e-02	8.494114e-01
3.567287e-01	6.198466e-01	3.630842e-02	8.824404e-01
4.102380e-01	6.602232e-01	3.336912e-02	9.150020e-01
4.717737e-01	7.221508e-01	2.998893e-02	9.470479e-01
5.425397e-01	7.903775e-01	2.720821e-02	9.786088e-01
6.239207e-01	8.637153e-01	2.432236e-02	1.009819e+00
7.175088e-01	9.396695e-01	2.167409e-02	1.040942e+00
8.251351e-01	1.022544e+00	1.957745e-02	1.072402e+00
9.489054e-01	1.104090e+00	1.759267e-02	1.104816e+00
1.091241e+00	1.187935e+00	1.594610e-02	1.139001e+00
1.254927e+00	1.271026e+00	1.428995e-02	1.176061e+00
1.443166e+00	1.337426e+00	1.286366e-02	1.217374e+00
1.659641e+00	1.404612e+00	1.156456e-02	1.264643e+00
1.908588e+00	1.474412e+00	1.043796e-02	1.319933e+00
2.194876e+00	1.539023e+00	9.342370e-03	1.385694e+00
2.524107e+00	1.596768e+00	8.337231e-03	1.464810e+00
2.902723e+00	1.642222e+00	7.522404e-03	1.560621e+00
3.338132e+00	1.686189e+00	6.637351e-03	1.676958e+00
3.838852e+00	1.718365e+00	5.999169e-03	1.818197e+00
4.414679e+00	1.746892e+00	5.325718e-03	1.989329e+00
5.076881e+00	1.772631e+00	4.735544e-03	2.196087e+00
5.838413e+00	1.785024e+00	4.255336e-03	2.445144e+00
6.714175e+00	1.793279e+00	3.731851e-03	2.744410e+00
7.721302e+00	1.790204e+00	3.332552e-03	3.103448e+00
8.879497e+00	1.779143e+00	2.953595e-03	3.534026e+00
1.021142e+01	1.761495e+00	2.630509e-03	4.050829e+00
1.174313e+01	1.731460e+00	2.336985e-03	4.672347e+00
1.350460e+01	1.695117e+00	2.065739e-03	5.422020e+00
1.553030e+01	1.649955e+00	1.845172e-03	6.329664e+00
1.785984e+01	1.598594e+00	1.643243e-03	7.433279e+00
2.053882e+01	1.539931e+00	1.467503e-03	8.781402e+00
2.361964e+01	1.476086e+00	1.284147e-03	1.043605e+01
2.716258e+01	1.553104e+00	1.154354e-03	1.247599e+01
3.123697e+01	1.438447e+00	1.016959e-03	1.500253e+01
3.592252e+01	1.332115e+00	8.989567e-04	1.815522e+01
4.131089e+01	1.229886e+00	8.031510e-04	2.209332e+01
4.750753e+01	1.131599e+00	6.990554e-04	2.702658e+01
5.463366e+01	1.037013e+00	6.278651e-04	3.323082e+01
6.282871e+01	9.475553e-01	5.513078e-04	4.106180e+01
7.225301e+01	8.637512e-01	4.837768e-04	5.096963e+01
8.309096e+01	7.839905e-01	4.275706e-04	6.354865e+01
9.555461e+01	7.089492e-01	3.755477e-04	7.960534e+01
1.098878e+02	6.404019e-01	3.342658e-04	1.001503e+02
1.263710e+02	5.811676e-01	2.934390e-04	1.263612e+02
1.453266e+02	5.262301e-01	2.598247e-04	1.597761e+02
1.671256e+02	4.754242e-01	2.297500e-04	2.024635e+02
1.921945e+02	4.286419e-01	2.041076e-04	2.570936e+02
2.210236e+02	3.857942e-01	1.794762e-04	3.271130e+02
2.541772e+02	3.468493e-01	1.579422e-04	4.169339e+02
2.923037e+02	3.113496e-01	1.404872e-04	5.322447e+02
3.361493e+02	2.790068e-01	1.218047e-04	6.804833e+02
3.865717e+02	2.499237e-01	1.088465e-04	8.711514e+02
4.445574e+02	2.243413e-01	9.505809e-05	1.116096e+03
5.112411e+02	2.013679e-01	8.355129e-05	1.430301e+03
5.879272e+02	1.807193e-01	7.409312e-05	1.833272e+03
6.761163e+02	1.622521e-01	6.390219e-05	2.349856e+03
7.775337e+02	1.457657e-01	5.636788e-05	3.011672e+03
8.941638e+02	1.310645e-01	4.924992e-05	3.858825e+03
1.028288e+03	1.179789e-01	4.335584e-05	4.942002e+03
1.182532e+03	1.063579e-01	0.000000e+00	6.325123e+03
1.359911e+03	9.604465e-02	0.000000e+00	8.088451e+03
1.563898e+03	8.689728e-02	0.000000e+00	1.033227e+04
1.798483e+03	7.880848e-02	0.000000e+00	1.318126e+04
2.068255e+03	7.166874e-02	0.000000e+00	1.678960e+04
2.378493e+03	6.536860e-02	0.000000e+00	2.134662e+04
2.735268e+03	5.982373e-02	0.000000e+00	2.708331e+04
3.145558e+03	5.496001e-02	0.000000e+00	3.427917e+04
3.617391e+03	5.069975e-02	0.000000e+00	4.326962e+04
4.160000e+03	4.697761e-02	0.000000e+00	5.445351e+04
4.784000e+03	4.374357e-02	0.000000e+00	6.830056e+04
5.501600e+03	4.094648e-02	0.000000e+00	8.535846e+04
6.326840e+03	3.853731e-02	0.000000e+00	1.062592e+05
7.275866e+03	3.647838e-02	0.000000e+00	1.317245e+05
8.367246e+03	3.473626e-02	0.000000e+00	1.625705e+05
9.622333e+03	3.327649e-02	0.000000e+00	1.997101e+05
