# Energy_MeV	dEdx_Elec_MeV_um	dEdx_Nucl_MeV_um	Range_um
1.000000e-05	2.305267e-03	3.114459e-02	5.440519e-03
1.150000e-05	2.490841e-03	3.414129e-02	5.834307e-03
1.322500e-05	2.689711e-03	3.739697e-02	6.256597e-03
1.520875e-05	2.902853e-03	4.096595e-02	6.709453e-03
1.749006e-05	3.131309e-03	4.476172e-02	7.195087e-03
2.011357e-05	3.376198e-03	4.887736e-02	7.715871e-03
2.313061e-05	3.638717e-03	5.328919e-02	8.274350e-03
2.660020e-05	3.920150e-03	5.800106e-02	8.873252e-03
3.059023e-05	4.221873e-03	6.312105e-02	9.515502e-03
3.517876e-05	4.545362e-03	6.858699e-02	1.020424e-02
4.045558e-05	4.892197e-03	7.427426e-02	1.094283e-02
4.652391e-05	5.264074e-03	8.045428e-02	1.173488e-02
5.350250e-05	5.662809e-03	8.714521e-02	1.258425e-02
6.152788e-05	6.090351e-03	9.404074e-02	1.349511e-02
7.075706e-05	6.548790e-03	1.018111e-01	1.447189e-02
8.137062e-05	7.040366e-03	1.092668e-01	1.551937e-02
9.357621e-05	7.567479e-03	1.175615e-01	1.664267e-02
1.076126e-04	8.132706e-03	1.263517e-01	1.784728e-02
1.237545e-04	8.738809e-03	1.352163e-01	1.913907e-02
1.423177e-04	9.388747e-03	1.452178e-01	2.052437e-02
1.636654e-04	1.008570e-02	1.547486e-01	2.200993e-02
1.882152e-04	1.083306e-02	1.652655e-01	2.360303e-02
2.164475e-04	1.163450e-02	1.756772e-01	2.531143e-02
2.489146e-04	1.249392e-02	1.861533e-01	2.714348e-02
2.862518e-04	1.341552e-02	1.974992e-01	2.910814e-02
3.291895e-04	1.440380e-02	2.082093e-01	3.121500e-02
3.785680e-04	1.546360e-02	2.197588e-01	3.347436e-02
4.353531e-04	1.660009e-02	2.301962e-01	3.589725e-02
5.006561e-04	1.781882e-02	2.415707e-01	3.849551e-02
5.757545e-04	1.912575e-02	2.527365e-01	4.128184e-02
6.621177e-04	2.052725e-02	2.638300e-01	4.426984e-02
7.614354e-04	2.203019e-02	2.748566e-01	4.747412e-02
8.756507e-04	2.364189e-02	2.845536e-01	5.091032e-02
1.006998e-03	2.537024e-02	2.948424e-01	5.459523e-02
1.158048e-03	2.722368e-02	3.044208e-01	5.854686e-02
1.331755e-03	2.921126e-02	3.137166e-01	6.278452e-02
1.531519e-03	3.134269e-02	3.226742e-01	6.732889e-02
1.761246e-03	3.362839e-02	3.306295e-01	7.220220e-02
2.025433e-03	3.607952e-02	3.380316e-01	7.742823e-02
2.329248e-03	3.870806e-02	3.447294e-01	8.303252e-02
2.678635e-03	4.152684e-02	3.506080e-01	8.904246e-02
3.080431e-03	4.454964e-02	3.560310e-01	9.548435e-02
3.542495e-03	4.779123e-02	3.607730e-01	1.023844e-01
4.073870e-03	5.126744e-02	3.644611e-01	1.098144e-01
4.684950e-03	5.499525e-02	3.677485e-01	1.177607e-01
5.387693e-03	5.899288e-02	3.704619e-01	1.262849e-01
6.195847e-03	6.327985e-02	3.721297e-01	1.354252e-01
7.125224e-03	6.787712e-02	3.738310e-01	1.452272e-01
8.194007e-03	7.280713e-02	3.737029e-01	1.557386e-01
9.423108e-03	7.809397e-02	3.733461e-01	1.670108e-01
1.083657e-02	8.376348e-02	3.721087e-01	1.790989e-01
1.246206e-02	8.984335e-02	3.698248e-01	1.920620e-01
1.433137e-02	9.636327e-02	3.670847e-01	2.059634e-01
1.648108e-02	1.033551e-01	3.629627e-01	2.208710e-01
1.895324e-02	1.108530e-01	3.581479e-01	2.368575e-01
2.179622e-02	1.188936e-01	3.522652e-01	2.540011e-01
2.506566e-02	1.275162e-01	3.455471e-01	2.723857e-01
2.882550e-02	1.367629e-01	3.377902e-01	2.921010e-01
3.314933e-02	1.466789e-01	3.293408e-01	3.132432e-01
3.812173e-02	1.573126e-01	3.199755e-01	3.359156e-01
4.383999e-02	1.687159e-01	3.102536e-01	3.602291e-01
5.041599e-02	1.809447e-01	2.994014e-01	3.863026e-01
5.797838e-02	1.940586e-01	2.880411e-01	4.142632e-01
6.667514e-02	2.081216e-01	2.760449e-01	4.442476e-01
7.667641e-02	2.232026e-01	2.637242e-01	4.764021e-01
8.817787e-02	2.393751e-01	2.517324e-01	5.108842e-01
1.014046e-01	2.567182e-01	2.387741e-01	5.478622e-01
1.166152e-01	2.753165e-01	2.260091e-01	5.875166e-01
1.341075e-01	2.952611e-01	2.129121e-01	6.300410e-01
1.542237e-01	3.166492e-01	1.998970e-01	6.756434e-01
1.773572e-01	3.395854e-01	1.872615e-01	7.245467e-01
2.039608e-01	3.641818e-01	1.750047e-01	7.769900e-01
2.345549e-01	3.905585e-01	1.630916e-01	8.332271e-01
2.697381e-01	4.188443e-01	1.517328e-01	8.935421e-01
3.101989e-01	4.491774e-01	1.406342e-01	9.582005e-01
3.567287e-01	4.817083e-01	1.297902e-01	1.027865e+00
4.102380e-01	5.165937e-01	1.203232e-01	1.103311e+00
4.717737e-01	5.540040e-01	1.106600e-01	1.185026e+00
5.425397e-01	5.941222e-01	1.014197e-01	1.273624e+00
6.239207e-01	6.371442e-01	9.432719e-02	1.369782e+00
7.175088e-01	6.832803e-01	8.663296e-02	1.474284e+00
8.251351e-01	7.281181e-01	8.049945e-02	1.586793e+00
9.489054e-01	7.737695e-01	7.344591e-02	1.630750e+00
1.091241e+00	8.429617e-01	6.533434e-02	1.672885e+00
1.254927e+00	9.242330e-01	5.902342e-02	1.713274e+00
1.443166e+00	1.012127e+00	5.210770e-02	1.752295e+00
1.659641e+00	1.107890e+00	4.744495e-02	1.790444e+00
1.908588e+00	1.213535e+00	4.250447e-02	1.828459e+00
2.194876e+00	1.324344e+00	3.835354e-02	1.867353e+00
2.524107e+00	1.445582e+00	3.471270e-02	1.908455e+00
2.902723e+00	1.569859e+00	3.099592e-02	1.953449e+00
3.338132e+00	1.686841e+00	2.806845e-02	2.004419e+00
3.838852e+00	1.804187e+00	2.506888e-02	2.063893e+00
4.414679e+00	1.926550e+00	2.272697e-02	2.134836e+00
5.076881e+00	2.051782e+00	2.032811e-02	2.220784e+00
5.838413e+00	2.162003e+00	1.821846e-02	2.325768e+00
6.714175e+00	2.261141e+00	1.621033e-02	2.454386e+00
7.721302e+00	2.359911e+00	1.444411e-02	2.611825e+00
8.879497e+00	2.434911e+00	1.299986e-02	2.803876e+00
1.021142e+01	2.511168e+00	1.156091e-02	3.037026e+00
1.174313e+01	2.581529e+00	1.032774e-02	3.318551e+00
1.350460e+01	2.637522e+00	9.143380e-03	3.656745e+00
1.553030e+01	2.689551e+00	8.104257e-03	4.061273e+00
1.785984e+01	2.718942e+00	7.191179e-03	4.543639e+00
2.053882e+01	2.741231e+00	6.393426e-03	5.117843e+00
2.361964e+01	2.751161e+00	5.675679e-03	5.801189e+00
2.716258e+01	2.742487e+00	5.055453e-03	6.615293e+00
3.123697e+01	2.723847e+00	4.495332e-03	7.587329e+00
3.592252e+01	2.683273e+00	3.973517e-03	8.751578e+00
4.131089e+01	2.635569e+00	3.562599e-03	1.015137e+01
4.750753e+01	2.579581e+00	3.155293e-03	1.184158e+01
5.463366e+01	2.509068e+00	2.791385e-03	1.389162e+01
6.282871e+01	2.822723e+00	2.494246e-03	1.638976e+01
7.225301e+01	2.635905e+00	2.165754e-03	1.944600e+01
8.309096e+01	2.466774e+00	1.953750e-03	2.321524e+01
9.555461e+01	2.300665e+00	1.721018e-03	2.787436e+01
1.098878e+02	2.138323e+00	1.518886e-03	3.364700e+01
1.263710e+02	1.978951e+00	1.354499e-03	4.083157e+01
1.453266e+02	1.825633e+00	1.173504e-03	4.981336e+01
1.671256e+02	1.679875e+00	1.048116e-03	6.107697e+01
1.921945e+02	1.539636e+00	9.170855e-04	7.525597e+01
2.210236e+02	1.405174e+00	8.111576e-04	9.321449e+01
2.541772e+02	1.279032e+00	7.207623e-04	1.160543e+02
2.923037e+02	1.170161e+00	6.302865e-04	1.450516e+02
3.361493e+02	1.068159e+00	5.621486e-04	1.818315e+02
3.865717e+02	9.722448e-01	4.935356e-04	2.286137e+02
4.445574e+02	8.824805e-01	4.407736e-04	2.882742e+02
5.112411e+02	7.990656e-01	3.879977e-04	3.645357e+02
5.879272e+02	7.221729e-01	3.428214e-04	4.621743e+02
6.761163e+02	6.514214e-01	2.997018e-04	5.873422e+02
7.775337e+02	5.860625e-01	2.636610e-04	7.480930e+02
8.941638e+02	5.266723e-01	2.340382e-04	9.547870e+02
1.028288e+03	4.737594e-01	2.052516e-04	1.220385e+03
1.182532e+03	4.261079e-01	1.811046e-04	1.561184e+03
1.359911e+03	3.829960e-01	1.577368e-04	1.998380e+03
1.563898e+03	3.442650e-01	1.381132e-04	2.559085e+03
1.798483e+03	3.095841e-01	1.206589e-04	3.277762e+03
2.068255e+03	2.785224e-01	1.059876e-04	4.198148e+03
2.378493e+03	2.507655e-01	9.284487e-05	5.375537e+03
2.735268e+03	2.260924e-01	8.156726e-05	6.879659e+03
3.145558e+03	2.041801e-01	7.168765e-05	8.798144e+03
3.617391e+03	1.847042e-01	6.237325e-05	1.124054e+04
4.160000e+03	1.674619e-01	5.537158e-05	1.434318e+04
4.784000e+03	1.522442e-01	4.838370e-05	1.827482e+04
5.501600e+03	1.388061e-01	0.000000e+00	2.324297e+04
6.326840e+03	1.269680e-01	0.000000e+00	2.950109e+04
7.275866e+03	1.165865e-01	0.000000e+00	3.735637e+04
8.367246e+03	1.074887e-01	0.000000e+00	4.717803e+04
9.622333e+03	9.952338e-02	0.000000e+00	5.940593e+04
