# Energy_MeV	dEdx_Elec_MeV_um	dEdx_Nucl_MeV_um	Range_um
1.000000e-05	2.683494e-03	3.122181e-02	4.211106e-03
1.150000e-05	2.907814e-03	3.429469e-02	4.515908e-03
1.322500e-05	3.148072e-03	3.758330e-02	4.842772e-03
1.520875e-05	3.405449e-03	4.116211e-02	5.193294e-03
1.749006e-05	3.681211e-03	4.510095e-02	5.569188e-03
2.011357e-05	3.976709e-03	4.927454e-02	5.972288e-03
2.313061e-05	4.293392e-03	5.381242e-02	6.404566e-03
2.660020e-05	4.632810e-03	5.865300e-02	6.868132e-03
3.059023e-05	4.996626e-03	6.385197e-02	7.365251e-03
3.517876e-05	5.386618e-03	6.949516e-02	7.898351e-03
4.045558e-05	5.804695e-03	7.550431e-02	8.470038e-03
4.652391e-05	6.252901e-03	8.176877e-02	9.083104e-03
5.350250e-05	6.733427e-03	8.856040e-02	9.740544e-03
6.152788e-05	7.248622e-03	9.597086e-02	1.044557e-02
7.075706e-05	7.801004e-03	1.035239e-01	1.120163e-02
8.137062e-05	8.393273e-03	1.120614e-01	1.201241e-02
9.357621e-05	9.028324e-03	1.202928e-01	1.288187e-02
1.076126e-04	9.709259e-03	1.294046e-01	1.381427e-02
1.237545e-04	1.043940e-02	1.391595e-01	1.481415e-02
1.423177e-04	1.122233e-02	1.488604e-01	1.588641e-02
1.636654e-04	1.206186e-02	1.598557e-01	1.703627e-02
1.882152e-04	1.296210e-02	1.703925e-01	1.826937e-02
2.164475e-04	1.392744e-02	1.819156e-01	1.959171e-02
2.489146e-04	1.496260e-02	1.934477e-01	2.100977e-02
2.862518e-04	1.607264e-02	2.049923e-01	2.253047e-02
3.291895e-04	1.726298e-02	2.175096e-01	2.416124e-02
3.785680e-04	1.853944e-02	2.292800e-01	2.591004e-02
4.353531e-04	1.990825e-02	2.418971e-01	2.778542e-02
5.006561e-04	2.137610e-02	2.534781e-01	2.979655e-02
5.757545e-04	2.295016e-02	2.661374e-01	3.195324e-02
6.621177e-04	2.463813e-02	2.783378e-01	3.426603e-02
7.614354e-04	2.644824e-02	2.905068e-01	3.674622e-02
8.756507e-04	2.838934e-02	3.027368e-01	3.940593e-02
1.006998e-03	3.047091e-02	3.133690e-01	4.225816e-02
1.158048e-03	3.270313e-02	3.248724e-01	4.531682e-02
1.331755e-03	3.509690e-02	3.353199e-01	4.859688e-02
1.531519e-03	3.766391e-02	3.455085e-01	5.211435e-02
1.761246e-03	4.041670e-02	3.554944e-01	5.588641e-02
2.025433e-03	4.336872e-02	3.642206e-01	5.993150e-02
2.329248e-03	4.653440e-02	3.724420e-01	6.426937e-02
2.678635e-03	4.992919e-02	3.797400e-01	6.888949e-02
3.080431e-03	5.356969e-02	3.862968e-01	7.389746e-02
3.542495e-03	5.747368e-02	3.923135e-01	7.926165e-02
4.073870e-03	6.166022e-02	3.975086e-01	8.499813e-02
4.684950e-03	6.614979e-02	4.016156e-01	9.115022e-02
5.387693e-03	7.096429e-02	4.052093e-01	9.774768e-02
6.195847e-03	7.612727e-02	4.083096e-01	1.048225e-01
7.125224e-03	8.166393e-02	4.100814e-01	1.124095e-01
8.194007e-03	8.760133e-02	4.119515e-01	1.205456e-01
9.423108e-03	9.396848e-02	4.118624e-01	1.292706e-01
1.083657e-02	1.007965e-01	4.114516e-01	1.386272e-01
1.246206e-02	1.081187e-01	4.101748e-01	1.486609e-01
1.433137e-02	1.159709e-01	4.076238e-01	1.594209e-01
1.648108e-02	1.243914e-01	4.046357e-01	1.709597e-01
1.895324e-02	1.334214e-01	4.001119e-01	1.833338e-01
2.179622e-02	1.431050e-01	3.948044e-01	1.966035e-01
2.506566e-02	1.534895e-01	3.883568e-01	2.108336e-01
2.882550e-02	1.646256e-01	3.809717e-01	2.260936e-01
3.314933e-02	1.765677e-01	3.724300e-01	2.424583e-01
3.812173e-02	1.893743e-01	3.631502e-01	2.600074e-01
4.383999e-02	2.031077e-01	3.528677e-01	2.788268e-01
5.041599e-02	2.178352e-01	3.421621e-01	2.990082e-01
5.797838e-02	2.336287e-01	3.301514e-01	3.206504e-01
6.667514e-02	2.505654e-01	3.177082e-01	3.438592e-01
7.667641e-02	2.687278e-01	3.045321e-01	3.687478e-01
8.817787e-02	2.882050e-01	2.909277e-01	3.954378e-01
1.014046e-01	3.090918e-01	2.777646e-01	4.240595e-01
1.166152e-01	3.314905e-01	2.633460e-01	4.547530e-01
1.341075e-01	3.555104e-01	2.493935e-01	4.876683e-01
1.542237e-01	3.812689e-01	2.350218e-01	5.229658e-01
1.773572e-01	4.088917e-01	2.205794e-01	5.608185e-01
2.039608e-01	4.385140e-01	2.067070e-01	6.014095e-01
2.345549e-01	4.702803e-01	1.931348e-01	6.449404e-01
2.697381e-01	5.043467e-01	1.801228e-01	6.916301e-01
3.101989e-01	5.408813e-01	1.675169e-01	7.420276e-01
3.567287e-01	5.800603e-01	1.552379e-01	7.966125e-01
4.102380e-01	6.220750e-01	1.433375e-01	8.557499e-01
4.717737e-01	6.671308e-01	1.328639e-01	9.198816e-01
5.425397e-01	7.154479e-01	1.222693e-01	9.895071e-01
6.239207e-01	7.672623e-01	1.119086e-01	1.065203e+00
7.175088e-01	8.147881e-01	1.042596e-01	1.147646e+00
8.251351e-01	8.679409e-01	9.564827e-02	1.224765e+00
9.489054e-01	9.479155e-01	8.880982e-02	1.247667e+00
1.091241e+00	1.037039e+00	8.104687e-02	1.269038e+00
1.254927e+00	1.135847e+00	7.211946e-02	1.289203e+00
1.443166e+00	1.242226e+00	6.530611e-02	1.308572e+00
1.659641e+00	1.361095e+00	5.750075e-02	1.327837e+00
1.908588e+00	1.488701e+00	5.242073e-02	1.347794e+00
2.194876e+00	1.627269e+00	4.698202e-02	1.369458e+00
2.524107e+00	1.778252e+00	4.240446e-02	1.394074e+00
2.902723e+00	1.918333e+00	3.835099e-02	1.423142e+00
3.338132e+00	2.070838e+00	3.420690e-02	1.458435e+00
3.838852e+00	2.234799e+00	3.101974e-02	1.502020e+00
4.414679e+00	2.393084e+00	2.769876e-02	1.556267e+00
5.076881e+00	2.550672e+00	2.512868e-02	1.623858e+00
5.838413e+00	2.682864e+00	2.243401e-02	1.707818e+00
6.714175e+00	2.816845e+00	2.013813e-02	1.811488e+00
7.721302e+00	2.932486e+00	1.793946e-02	1.938555e+00
8.879497e+00	3.043346e+00	1.596228e-02	2.093090e+00
1.021142e+01	3.156852e+00	1.438122e-02	2.279622e+00
1.174313e+01	3.242582e+00	1.275927e-02	2.503295e+00
1.350460e+01	3.325919e+00	1.141797e-02	2.770079e+00
1.553030e+01	3.391119e+00	1.012142e-02	3.087085e+00
1.785984e+01	3.439865e+00	8.954960e-03	3.462974e+00
2.053882e+01	3.481640e+00	7.953993e-03	3.908449e+00
2.361964e+01	3.491277e+00	7.064908e-03	4.436862e+00
2.716258e+01	3.487463e+00	6.283487e-03	5.064958e+00
3.123697e+01	3.458373e+00	5.590392e-03	5.813791e+00
3.592252e+01	3.420793e+00	4.967727e-03	6.709855e+00
4.131089e+01	3.374229e+00	4.395720e-03	7.786551e+00
4.750753e+01	3.302538e+00	3.938663e-03	9.086076e+00
5.463366e+01	3.758669e+00	3.490501e-03	1.066100e+01
6.282871e+01	3.535842e+00	3.082565e-03	1.257917e+01
7.225301e+01	3.327083e+00	2.759760e-03	1.493366e+01
8.309096e+01	3.118710e+00	2.390486e-03	1.782585e+01
9.555461e+01	2.912830e+00	2.160823e-03	2.139139e+01
1.098878e+02	2.709243e+00	1.901922e-03	2.580773e+01
1.263710e+02	2.512345e+00	1.678817e-03	3.130197e+01
1.453266e+02	2.323379e+00	1.498900e-03	3.815934e+01
1.671256e+02	2.139155e+00	1.295318e-03	4.675841e+01
1.921945e+02	1.962612e+00	1.158953e-03	5.761352e+01
2.210236e+02	1.798797e+00	1.013190e-03	7.135806e+01
2.541772e+02	1.654591e+00	8.976738e-04	8.872123e+01
2.923037e+02	1.517701e+00	7.967974e-04	1.106718e+02
3.361493e+02	1.387748e+00	6.963477e-04	1.385162e+02
3.865717e+02	1.265177e+00	6.216645e-04	1.739434e+02
4.445574e+02	1.150317e+00	5.454701e-04	2.191379e+02
5.112411e+02	1.043590e+00	4.876969e-04	2.769016e+02
5.879272e+02	9.442966e-01	4.282721e-04	3.508618e+02
6.761163e+02	8.522536e-01	3.791661e-04	4.457739e+02
7.775337e+02	7.679877e-01	3.319767e-04	5.677097e+02
8.941638e+02	6.927784e-01	2.915044e-04	7.242451e+02
1.028288e+03	6.241877e-01	2.590865e-04	9.250004e+02
1.182532e+03	5.619620e-01	2.265651e-04	1.182513e+03
1.359911e+03	5.059602e-01	2.003272e-04	1.512736e+03
1.563898e+03	4.556239e-01	1.747545e-04	1.935975e+03
1.798483e+03	4.103221e-01	1.526697e-04	2.477966e+03
2.068255e+03	3.697679e-01	1.335391e-04	3.171219e+03
2.378493e+03	3.337191e-01	1.171693e-04	4.056701e+03
2.735268e+03	3.016354e-01	1.027929e-04	5.185815e+03
3.145558e+03	2.730721e-01	9.024455e-05	6.622739e+03
3.617391e+03	2.477984e-01	7.925431e-05	8.447230e+03
4.160000e+03	2.254865e-01	6.904664e-05	1.075784e+04
4.784000e+03	2.057668e-01	6.124471e-05	1.367555e+04
5.501600e+03	1.884108e-01	5.345747e-05	1.734786e+04
6.326840e+03	1.732072e-01	4.666310e-05	2.195320e+04
7.275866e+03	1.598748e-01	0.000000e+00	2.770553e+04
8.367246e+03	1.482068e-01	0.000000e+00	3.485913e+04
9.622333e+03	1.380807e-01	0.000000e+00	4.371335e+04
