# Energy_MeV	dEdx_Elec_MeV_um	dEdx_Nucl_MeV_um	Range_um
1.000000e-05	2.394138e-03	3.240616e-02	4.810809e-03
1.150000e-05	2.590063e-03	3.549531e-02	5.159017e-03
1.322500e-05	2.799980e-03	3.896370e-02	5.532430e-03
1.520875e-05	3.024919e-03	4.272526e-02	5.932870e-03
1.749006e-05	3.265981e-03	4.679721e-02	6.362294e-03
2.011357e-05	3.524348e-03	5.126592e-02	6.822801e-03
2.313061e-05	3.801284e-03	5.601262e-02	7.316638e-03
2.660020e-05	4.098144e-03	6.116524e-02	7.846221e-03
3.059023e-05	4.416380e-03	6.670078e-02	8.414134e-03
3.517876e-05	4.757548e-03	7.258636e-02	9.023154e-03
4.045558e-05	5.123317e-03	7.900217e-02	9.676254e-03
4.652391e-05	5.515475e-03	8.583805e-02	1.037663e-02
5.350250e-05	5.935937e-03	9.297414e-02	1.112769e-02
6.152788e-05	6.386760e-03	1.007049e-01	1.193312e-02
7.075706e-05	6.870145e-03	1.090496e-01	1.279685e-02
8.137062e-05	7.388456e-03	1.177232e-01	1.372309e-02
9.357621e-05	7.944225e-03	1.274438e-01	1.471637e-02
1.076126e-04	8.540167e-03	1.368028e-01	1.578155e-02
1.237545e-04	9.179194e-03	1.471816e-01	1.692383e-02
1.423177e-04	9.864429e-03	1.581368e-01	1.814879e-02
1.636654e-04	1.059922e-02	1.693006e-01	1.946240e-02
1.882152e-04	1.138715e-02	1.817758e-01	2.087110e-02
2.164475e-04	1.223208e-02	1.937599e-01	2.238176e-02
2.489146e-04	1.313813e-02	2.069756e-01	2.400177e-02
2.862518e-04	1.410974e-02	2.199652e-01	2.573903e-02
3.291895e-04	1.515163e-02	2.331174e-01	2.760203e-02
3.785680e-04	1.626892e-02	2.472732e-01	2.959988e-02
4.353531e-04	1.746704e-02	2.607609e-01	3.174234e-02
5.006561e-04	1.875187e-02	2.752979e-01	3.403987e-02
5.757545e-04	2.012967e-02	2.883522e-01	3.650369e-02
6.621177e-04	2.160717e-02	3.025205e-01	3.914585e-02
7.614354e-04	2.319160e-02	3.166278e-01	4.197924e-02
8.756507e-04	2.489070e-02	3.305209e-01	4.501772e-02
1.006998e-03	2.671275e-02	3.443912e-01	4.827613e-02
1.158048e-03	2.866668e-02	3.565390e-01	5.177038e-02
1.331755e-03	3.076202e-02	3.693367e-01	5.551755e-02
1.531519e-03	3.300900e-02	3.814684e-01	5.953594e-02
1.761246e-03	3.541861e-02	3.931164e-01	6.384518e-02
2.025433e-03	3.800262e-02	4.043556e-01	6.846633e-02
2.329248e-03	4.077365e-02	4.143190e-01	7.342196e-02
2.678635e-03	4.374524e-02	4.236146e-01	7.873628e-02
3.080431e-03	4.693190e-02	4.320867e-01	8.443525e-02
3.542495e-03	5.034921e-02	4.394086e-01	9.050034e-02
4.073870e-03	5.401386e-02	4.462411e-01	9.708732e-02
4.684950e-03	5.794375e-02	4.521846e-01	1.041314e-01
5.387693e-03	6.215808e-02	4.568501e-01	1.116683e-01
6.195847e-03	6.667744e-02	4.609760e-01	1.197505e-01
7.125224e-03	7.152391e-02	4.643240e-01	1.284181e-01
8.194007e-03	7.672116e-02	4.665061e-01	1.377128e-01
9.423108e-03	8.229458e-02	4.686041e-01	1.476803e-01
1.083657e-02	8.827141e-02	4.685137e-01	1.583693e-01
1.246206e-02	9.468084e-02	4.680808e-01	1.698320e-01
1.433137e-02	1.015542e-01	4.665017e-01	1.821244e-01
1.648108e-02	1.089250e-01	4.637046e-01	1.953064e-01
1.895324e-02	1.168294e-01	4.602634e-01	2.094426e-01
2.179622e-02	1.253058e-01	4.551348e-01	2.246020e-01
2.506566e-02	1.343958e-01	4.491155e-01	2.408587e-01
2.882550e-02	1.441437e-01	4.417644e-01	2.582920e-01
3.314933e-02	1.545972e-01	4.333616e-01	2.769870e-01
3.812173e-02	1.658073e-01	4.236687e-01	2.970353e-01
4.383999e-02	1.778288e-01	4.130794e-01	3.185347e-01
5.041599e-02	1.907204e-01	4.013268e-01	3.415903e-01
5.797838e-02	2.045451e-01	3.891660e-01	3.663146e-01
6.667514e-02	2.193704e-01	3.756260e-01	3.928283e-01
7.667641e-02	2.352688e-01	3.613266e-01	4.212613e-01
8.817787e-02	2.523180e-01	3.463149e-01	4.517523e-01
1.014046e-01	2.706011e-01	3.308269e-01	4.844502e-01
1.166152e-01	2.902076e-01	3.158148e-01	5.195147e-01
1.341075e-01	3.112333e-01	2.996737e-01	5.571171e-01
1.542237e-01	3.337808e-01	2.835583e-01	5.974415e-01
1.773572e-01	3.579602e-01	2.671594e-01	6.406846e-01
2.039608e-01	3.838898e-01	2.508325e-01	6.870574e-01
2.345549e-01	4.116962e-01	2.350165e-01	7.367870e-01
2.697381e-01	4.415153e-01	2.196405e-01	7.901151e-01
3.101989e-01	4.734926e-01	2.046132e-01	8.473013e-01
3.567287e-01	5.077854e-01	1.904467e-01	9.086583e-01
4.102380e-01	5.445620e-01	1.764959e-01	9.749312e-01
4.717737e-01	5.840004e-01	1.629189e-01	1.046709e+00
5.425397e-01	6.262934e-01	1.509853e-01	1.124482e+00
6.239207e-01	6.716476e-01	1.388844e-01	1.208830e+00
7.175088e-01	7.202846e-01	1.274044e-01	1.300415e+00
8.251351e-01	7.724421e-01	1.183018e-01	1.400000e+00
9.489054e-01	8.194034e-01	1.087559e-01	1.508482e+00
1.091241e+00	8.751437e-01	1.010904e-01	1.601367e+00
1.254927e+00	9.561952e-01	9.227512e-02	1.631054e+00
1.443166e+00	1.045930e+00	8.213750e-02	1.658775e+00
1.659641e+00	1.146068e+00	7.405076e-02	1.684971e+00
1.908588e+00	1.253057e+00	6.546736e-02	1.710192e+00
2.194876e+00	1.372561e+00	5.956114e-02	1.735371e+00
2.524107e+00	1.501881e+00	5.336016e-02	1.761567e+00
2.902723e+00	1.640821e+00	4.815126e-02	1.790131e+00
3.338132e+00	1.793828e+00	4.357800e-02	1.822718e+00
3.838852e+00	1.932269e+00	3.894953e-02	1.861319e+00
4.414679e+00	2.085526e+00	3.523829e-02	1.908284e+00
5.076881e+00	2.251679e+00	3.145924e-02	1.966347e+00
5.838413e+00	2.407182e+00	2.852369e-02	2.038638e+00
6.714175e+00	2.565942e+00	2.554443e-02	2.128699e+00
7.721302e+00	2.696056e+00	2.286423e-02	2.240519e+00
8.879497e+00	2.827171e+00	2.034629e-02	2.378499e+00
1.021142e+01	2.944354e+00	1.812520e-02	2.547496e+00
1.174313e+01	3.053470e+00	1.631416e-02	2.752871e+00
1.350460e+01	3.165193e+00	1.452910e-02	3.000606e+00
1.553030e+01	3.251290e+00	1.296143e-02	3.297499e+00
1.785984e+01	3.331728e+00	1.147627e-02	3.651464e+00
2.053882e+01	3.397797e+00	1.017387e-02	4.071950e+00
2.361964e+01	3.443718e+00	9.029890e-03	4.570483e+00
2.716258e+01	3.482497e+00	8.028570e-03	5.161319e+00
3.123697e+01	3.492263e+00	7.121837e-03	5.862264e+00
3.592252e+01	3.484875e+00	6.348108e-03	6.695647e+00
4.131089e+01	3.455397e+00	5.643457e-03	7.689550e+00
4.750753e+01	3.416814e+00	4.989660e-03	8.879316e+00
5.463366e+01	3.367853e+00	4.471140e-03	1.030948e+01
6.282871e+01	3.295206e+00	3.964601e-03	1.203646e+01
7.225301e+01	3.735319e+00	3.509798e-03	1.412999e+01
8.309096e+01	3.515747e+00	3.130487e-03	1.668178e+01
9.555461e+01	3.307288e+00	2.722336e-03	1.981522e+01
1.098878e+02	3.098979e+00	2.451799e-03	2.366460e+01
1.263710e+02	2.893300e+00	2.162573e-03	2.841230e+01
1.453266e+02	2.690225e+00	1.908228e-03	3.429566e+01
1.671256e+02	2.494147e+00	1.700017e-03	4.161736e+01
1.921945e+02	2.305921e+00	1.475185e-03	5.075866e+01
2.210236e+02	2.122021e+00	1.316009e-03	6.222862e+01
2.541772e+02	1.946375e+00	1.151534e-03	7.671569e+01
2.923037e+02	1.784874e+00	1.017601e-03	9.505785e+01
3.361493e+02	1.641339e+00	9.049797e-04	1.182246e+02
3.865717e+02	1.505083e+00	7.922897e-04	1.475212e+02
4.445574e+02	1.375787e+00	7.058423e-04	1.846951e+02
5.112411e+02	1.253944e+00	6.193839e-04	2.320056e+02
5.879272e+02	1.139856e+00	5.532309e-04	2.923722e+02
6.761163e+02	1.033901e+00	4.877404e-04	3.695396e+02
7.775337e+02	9.352365e-01	4.302598e-04	4.683645e+02
8.941638e+02	8.439395e-01	3.761781e-04	5.952080e+02
1.028288e+03	7.604917e-01	3.308696e-04	7.581677e+02
1.182532e+03	6.860038e-01	2.937153e-04	9.673409e+02
1.359911e+03	6.180182e-01	2.580342e-04	1.235598e+03
1.563898e+03	5.563924e-01	2.272997e-04	1.579699e+03
1.798483e+03	5.009586e-01	1.979907e-04	2.020941e+03
2.068255e+03	4.511245e-01	1.734044e-04	2.586432e+03
2.378493e+03	4.062773e-01	1.515336e-04	3.310517e+03
2.735268e+03	3.661650e-01	1.331133e-04	4.236569e+03
3.145558e+03	3.305176e-01	1.165689e-04	5.419229e+03
3.617391e+03	2.987816e-01	1.024406e-04	6.927022e+03
4.160000e+03	2.705397e-01	9.000605e-05	8.845469e+03
4.784000e+03	2.455635e-01	7.833387e-05	1.128079e+04
5.501600e+03	2.235114e-01	6.949734e-05	1.436417e+04
6.326840e+03	2.040235e-01	6.081051e-05	1.825656e+04
7.275866e+03	1.868820e-01	5.300908e-05	2.315402e+04
8.367246e+03	1.718679e-01	4.671764e-05	2.929355e+04
9.622333e+03	1.586998e-01	0.000000e+00	3.695911e+04
