# Energy_MeV	dEdx_Elec_MeV_um	dEdx_Nucl_MeV_um	Range_um
1.000000e-05	2.334296e-03	2.951204e-02	5.745064e-03
1.150000e-05	2.520994e-03	3.233765e-02	6.160894e-03
1.322500e-05	2.721086e-03	3.532921e-02	6.606823e-03
1.520875e-05	2.935551e-03	3.858396e-02	7.085028e-03
1.749006e-05	3.165438e-03	4.205331e-02	7.597847e-03
2.011357e-05	3.411873e-03	4.578190e-02	8.147783e-03
2.313061e-05	3.676061e-03	4.982949e-02	8.737524e-03
2.660020e-05	3.959293e-03	5.413666e-02	9.369950e-03
3.059023e-05	4.262953e-03	5.862989e-02	1.004815e-02
3.517876e-05	4.588527e-03	6.349768e-02	1.077544e-02
4.045558e-05	4.937605e-03	6.881530e-02	1.155537e-02
4.652391e-05	5.311894e-03	7.422835e-02	1.239176e-02
5.350250e-05	5.713222e-03	8.034724e-02	1.328868e-02
6.152788e-05	6.143550e-03	8.625411e-02	1.425052e-02
7.075706e-05	6.604982e-03	9.278446e-02	1.528198e-02
8.137062e-05	7.099771e-03	9.978655e-02	1.638810e-02
9.357621e-05	7.630336e-03	1.067385e-01	1.757428e-02
1.076126e-04	8.199267e-03	1.146187e-01	1.884632e-02
1.237545e-04	8.809346e-03	1.221820e-01	2.021042e-02
1.423177e-04	9.463553e-03	1.304398e-01	2.167326e-02
1.636654e-04	1.016508e-02	1.387155e-01	2.324199e-02
1.882152e-04	1.091736e-02	1.469970e-01	2.492425e-02
2.164475e-04	1.172407e-02	1.559683e-01	2.672828e-02
2.489146e-04	1.258915e-02	1.644148e-01	2.866289e-02
2.862518e-04	1.351682e-02	1.734552e-01	3.073753e-02
3.291895e-04	1.451161e-02	1.817684e-01	3.296233e-02
3.785680e-04	1.557839e-02	1.908598e-01	3.534816e-02
4.353531e-04	1.672237e-02	1.996031e-01	3.790667e-02
5.006561e-04	1.794913e-02	2.083230e-01	4.065038e-02
5.757545e-04	1.926468e-02	2.171085e-01	4.359268e-02
6.621177e-04	2.067543e-02	2.247267e-01	4.674794e-02
7.614354e-04	2.218828e-02	2.329939e-01	5.013158e-02
8.756507e-04	2.381061e-02	2.404803e-01	5.376013e-02
1.006998e-03	2.555036e-02	2.477803e-01	5.765131e-02
1.158048e-03	2.741603e-02	2.549589e-01	6.182415e-02
1.331755e-03	2.941673e-02	2.612118e-01	6.629901e-02
1.531519e-03	3.156222e-02	2.671183e-01	7.109777e-02
1.761246e-03	3.386300e-02	2.723462e-01	7.624386e-02
2.025433e-03	3.633031e-02	2.770568e-01	8.176243e-02
2.329248e-03	3.897619e-02	2.813798e-01	8.768044e-02
2.678635e-03	4.181358e-02	2.851018e-01	9.398278e-02
3.080431e-03	4.485633e-02	2.880559e-01	1.008159e-01
3.542495e-03	4.811932e-02	2.906300e-01	1.081339e-01
4.073870e-03	5.161847e-02	2.928653e-01	1.159600e-01
4.684950e-03	5.537089e-02	2.941328e-01	1.243530e-01
5.387693e-03	5.939491e-02	2.954710e-01	1.333537e-01
6.195847e-03	6.371018e-02	2.954187e-01	1.430057e-01
7.125224e-03	6.833780e-02	2.951226e-01	1.533563e-01
8.194007e-03	7.330035e-02	2.942169e-01	1.644561e-01
9.423108e-03	7.862210e-02	2.923864e-01	1.763594e-01
1.083657e-02	8.432903e-02	2.902430e-01	1.891242e-01
1.246206e-02	9.044904e-02	2.870072e-01	2.028129e-01
1.433137e-02	9.701200e-02	2.832018e-01	2.174923e-01
1.648108e-02	1.040500e-01	2.785828e-01	2.332343e-01
1.895324e-02	1.115974e-01	2.732894e-01	2.501158e-01
2.179622e-02	1.196911e-01	2.671662e-01	2.682192e-01
2.506566e-02	1.283706e-01	2.605140e-01	2.876328e-01
2.882550e-02	1.376784e-01	2.531444e-01	3.084515e-01
3.314933e-02	1.476598e-01	2.454672e-01	3.307773e-01
3.812173e-02	1.583637e-01	2.368494e-01	3.547190e-01
4.383999e-02	1.698423e-01	2.279312e-01	3.803936e-01
5.041599e-02	1.821518e-01	2.184881e-01	4.079264e-01
5.797838e-02	1.953523e-01	2.087240e-01	4.374520e-01
6.667514e-02	2.095082e-01	1.992910e-01	4.691149e-01
7.667641e-02	2.246887e-01	1.889367e-01	5.030696e-01
8.817787e-02	2.409679e-01	1.789378e-01	5.394819e-01
1.014046e-01	2.584255e-01	1.686391e-01	5.785295e-01
1.166152e-01	2.771467e-01	1.582660e-01	6.204035e-01
1.341075e-01	2.972229e-01	1.483244e-01	6.653087e-01
1.542237e-01	3.187523e-01	1.385802e-01	7.134639e-01
1.773572e-01	3.418399e-01	1.292574e-01	7.651049e-01
2.039608e-01	3.665987e-01	1.202082e-01	8.204819e-01
2.345549e-01	3.931494e-01	1.113922e-01	8.798692e-01
2.697381e-01	4.216225e-01	1.028643e-01	9.435679e-01
3.101989e-01	4.521580e-01	9.534251e-02	1.012330e+00
3.567287e-01	4.849036e-01	8.775131e-02	1.086805e+00
4.102380e-01	5.200194e-01	8.030252e-02	1.167492e+00
4.717737e-01	5.576769e-01	7.482610e-02	1.254994e+00
5.425397e-01	5.980600e-01	6.865859e-02	1.349993e+00
6.239207e-01	6.413661e-01	6.372344e-02	1.452229e+00
7.175088e-01	6.821326e-01	5.815840e-02	1.501376e+00
8.251351e-01	7.285269e-01	5.175861e-02	1.549175e+00
9.489054e-01	7.981351e-01	4.688022e-02	1.595674e+00
1.091241e+00	8.748286e-01	4.127093e-02	1.640979e+00
1.254927e+00	9.588620e-01	3.762259e-02	1.685376e+00
1.443166e+00	1.047009e+00	3.372650e-02	1.729359e+00
1.659641e+00	1.144197e+00	3.043586e-02	1.773671e+00
1.908588e+00	1.244707e+00	2.752442e-02	1.819351e+00
2.194876e+00	1.348957e+00	2.454739e-02	1.867782e+00
2.524107e+00	1.457714e+00	2.226415e-02	1.920734e+00
2.902723e+00	1.546297e+00	1.988554e-02	1.980386e+00
3.338132e+00	1.640169e+00	1.803700e-02	2.049449e+00
3.838852e+00	1.739361e+00	1.609900e-02	2.131129e+00
4.414679e+00	1.829930e+00	1.445403e-02	2.229203e+00
5.076881e+00	1.915878e+00	1.287893e-02	2.348059e+00
5.838413e+00	1.983655e+00	1.145619e-02	2.492712e+00
6.714175e+00	2.050693e+00	1.032356e-02	2.668881e+00
7.721302e+00	2.104968e+00	9.156443e-03	2.883001e+00
8.879497e+00	2.153970e+00	8.195457e-03	3.142337e+00
1.021142e+01	2.202198e+00	7.266647e-03	3.455161e+00
1.174313e+01	2.231023e+00	6.427118e-03	3.831019e+00
1.350460e+01	2.255787e+00	5.709921e-03	4.281160e+00
1.553030e+01	2.267629e+00	5.070794e-03	4.819127e+00
1.785984e+01	2.268019e+00	4.511079e-03	5.461532e+00
2.053882e+01	2.261501e+00	4.012989e-03	6.229032e+00
2.361964e+01	2.237507e+00	3.565496e-03	7.147564e+00
2.716258e+01	2.204953e+00	3.155653e-03	8.249878e+00
3.123697e+01	2.159607e+00	2.827050e-03	9.577457e+00
3.592252e+01	2.107082e+00	2.505983e-03	1.118294e+01
4.131089e+01	2.046422e+00	2.212423e-03	1.313326e+01
4.750753e+01	1.975546e+00	1.981178e-03	1.551368e+01
5.463366e+01	2.138771e+00	1.715550e-03	1.843147e+01
6.282871e+01	1.991210e+00	1.551072e-03	2.202592e+01
7.225301e+01	1.853347e+00	1.365607e-03	2.648720e+01
8.309096e+01	1.719278e+00	1.204944e-03	3.202881e+01
9.555461e+01	1.589261e+00	1.076061e-03	3.893581e+01
1.098878e+02	1.463164e+00	9.296067e-04	4.758160e+01
1.263710e+02	1.343107e+00	8.319231e-04	5.844622e+01
1.453266e+02	1.229744e+00	7.274697e-04	7.213675e+01
1.671256e+02	1.120816e+00	6.444169e-04	8.945903e+01
1.921945e+02	1.017895e+00	5.719344e-04	1.115057e+02
2.210236e+02	9.237986e-01	4.997648e-04	1.396313e+02
2.541772e+02	8.415287e-01	4.462553e-04	1.754127e+02
2.923037e+02	7.646819e-01	3.914986e-04	2.209363e+02
3.361493e+02	6.930575e-01	3.501101e-04	2.790016e+02
3.865717e+02	6.266561e-01	3.073563e-04	3.532242e+02
4.445574e+02	5.654576e-01	2.721753e-04	4.482737e+02
5.112411e+02	5.095053e-01	2.383715e-04	5.701310e+02
5.879272e+02	4.581691e-01	2.092324e-04	7.265251e+02
6.761163e+02	4.112376e-01	1.860101e-04	9.275651e+02
7.775337e+02	3.688625e-01	1.626003e-04	1.186138e+03
8.941638e+02	3.315211e-01	1.438033e-04	1.518305e+03
1.028288e+03	2.978057e-01	1.254845e-04	1.944439e+03
1.182532e+03	2.674325e-01	1.095827e-04	2.491060e+03
1.359911e+03	2.402352e-01	9.587589e-05	3.191900e+03
1.563898e+03	2.159240e-01	8.410546e-05	4.089880e+03
1.798483e+03	1.942076e-01	7.380869e-05	5.239411e+03
2.068255e+03	1.748600e-01	6.478813e-05	6.709241e+03
2.378493e+03	1.576788e-01	5.688838e-05	8.586027e+03
2.735268e+03	1.424254e-01	4.957484e-05	1.097854e+04
3.145558e+03	1.288910e-01	0.000000e+00	1.402262e+04
3.617391e+03	1.169252e-01	0.000000e+00	1.788710e+04
4.160000e+03	1.063646e-01	0.000000e+00	2.278063e+04
4.784000e+03	9.704510e-02	0.000000e+00	2.895936e+04
5.501600e+03	8.884620e-02	0.000000e+00	3.673556e+04
6.326840e+03	8.165822e-02	0.000000e+00	4.648691e+04
7.275866e+03	7.535982e-02	0.000000e+00	5.866632e+04
8.367246e+03	6.985495e-02	0.000000e+00	7.381195e+04
9.622333e+03	6.507430e-02	0.000000e+00	9.255718e+04
