# Energy_MeV	dEdx_Elec_MeV_um	dEdx_Nucl_MeV_um	Range_um
1.000000e-05	2.167484e-03	2.851165e-02	6.878487e-03
1.150000e-05	2.337673e-03	3.118285e-02	7.376356e-03
1.322500e-05	2.520108e-03	3.401881e-02	7.910260e-03
1.520875e-05	2.715681e-03	3.701359e-02	8.482809e-03
1.749006e-05	2.925348e-03	4.036904e-02	9.096799e-03
2.011357e-05	3.150135e-03	4.378808e-02	9.755231e-03
2.313061e-05	3.391139e-03	4.756342e-02	1.046132e-02
2.660020e-05	3.649540e-03	5.142474e-02	1.121852e-02
3.059023e-05	3.926600e-03	5.574772e-02	1.203052e-02
3.517876e-05	4.223672e-03	6.024654e-02	1.290129e-02
4.045558e-05	4.542210e-03	6.508482e-02	1.383509e-02
4.652391e-05	4.883768e-03	7.018617e-02	1.483649e-02
5.350250e-05	5.250016e-03	7.534974e-02	1.591036e-02
6.152788e-05	5.642743e-03	8.108901e-02	1.706196e-02
7.075706e-05	6.063868e-03	8.691662e-02	1.829691e-02
8.137062e-05	6.515449e-03	9.314744e-02	1.962125e-02
9.357621e-05	6.999692e-03	9.966873e-02	2.104145e-02
1.076126e-04	7.518963e-03	1.063507e-01	2.256444e-02
1.237545e-04	8.075798e-03	1.132175e-01	2.419767e-02
1.423177e-04	8.672919e-03	1.201971e-01	2.594911e-02
1.636654e-04	9.313241e-03	1.273744e-01	2.782732e-02
1.882152e-04	9.999894e-03	1.346988e-01	2.984147e-02
2.164475e-04	1.073623e-02	1.422074e-01	3.200141e-02
2.489146e-04	1.152585e-02	1.492446e-01	3.431769e-02
2.862518e-04	1.237261e-02	1.567017e-01	3.680163e-02
3.291895e-04	1.328065e-02	1.643600e-01	3.946535e-02
3.785680e-04	1.425440e-02	1.712886e-01	4.232187e-02
4.353531e-04	1.529862e-02	1.792170e-01	4.538515e-02
5.006561e-04	1.641841e-02	1.854117e-01	4.867015e-02
5.757545e-04	1.761925e-02	1.923382e-01	5.219292e-02
6.621177e-04	1.890699e-02	1.990516e-01	5.597067e-02
7.614354e-04	2.028793e-02	2.048229e-01	6.002186e-02
8.756507e-04	2.176882e-02	2.114501e-01	6.436628e-02
1.006998e-03	2.335689e-02	2.164402e-01	6.902514e-02
1.158048e-03	2.505989e-02	2.217862e-01	7.402122e-02
1.331755e-03	2.688616e-02	2.263206e-01	7.937891e-02
1.531519e-03	2.884460e-02	2.303204e-01	8.512440e-02
1.761246e-03	3.094480e-02	2.343960e-01	9.128575e-02
2.025433e-03	3.319700e-02	2.373385e-01	9.789306e-02
2.329248e-03	3.561221e-02	2.403314e-01	1.049786e-01
2.678635e-03	3.820224e-02	2.423737e-01	1.125250e-01
3.080431e-03	4.097973e-02	2.444263e-01	1.207053e-01
3.542495e-03	4.395824e-02	2.458075e-01	1.294672e-01
4.073870e-03	4.715235e-02	2.468650e-01	1.388373e-01
4.684950e-03	5.057764e-02	2.473895e-01	1.488862e-01
5.387693e-03	5.425085e-02	2.471547e-01	1.596626e-01
6.195847e-03	5.818993e-02	2.466495e-01	1.712188e-01
7.125224e-03	6.241412e-02	2.454220e-01	1.836114e-01
8.194007e-03	6.694405e-02	2.437265e-01	1.969011e-01
9.423108e-03	7.180187e-02	2.414274e-01	2.111527e-01
1.083657e-02	7.701129e-02	2.384327e-01	2.264358e-01
1.246206e-02	8.259777e-02	2.348549e-01	2.428251e-01
1.433137e-02	8.858860e-02	2.306616e-01	2.604006e-01
1.648108e-02	9.501305e-02	2.258242e-01	2.792483e-01
1.895324e-02	1.019025e-01	2.204354e-01	2.994603e-01
2.179622e-02	1.092906e-01	2.144080e-01	3.211352e-01
2.506566e-02	1.172135e-01	2.082064e-01	3.443789e-01
2.882550e-02	1.257098e-01	2.012426e-01	3.693049e-01
3.314933e-02	1.348211e-01	1.937238e-01	3.960352e-01
3.812173e-02	1.445919e-01	1.862572e-01	4.247003e-01
4.383999e-02	1.550699e-01	1.776846e-01	4.554401e-01
5.041599e-02	1.663062e-01	1.701844e-01	4.884048e-01
5.797838e-02	1.783559e-01	1.616073e-01	5.237554e-01
6.667514e-02	1.912778e-01	1.529764e-01	5.616650e-01
7.667641e-02	2.051349e-01	1.448337e-01	6.023185e-01
8.817787e-02	2.199950e-01	1.355606e-01	6.459144e-01
1.014046e-01	2.359307e-01	1.277000e-01	6.926656e-01
1.166152e-01	2.530199e-01	1.191359e-01	7.428008e-01
1.341075e-01	2.713459e-01	1.112742e-01	7.965651e-01
1.542237e-01	2.909984e-01	1.037807e-01	8.542207e-01
1.773572e-01	3.120734e-01	9.588513e-02	9.160498e-01
2.039608e-01	3.346738e-01	8.914251e-02	9.823519e-01
2.345549e-01	3.589100e-01	8.216128e-02	1.053456e+00
2.697381e-01	3.849008e-01	7.615958e-02	1.129720e+00
3.101989e-01	4.127740e-01	6.979658e-02	1.212041e+00
3.567287e-01	4.426647e-01	6.454912e-02	1.301202e+00
4.102380e-01	4.747188e-01	5.967396e-02	1.397799e+00
4.717737e-01	5.090931e-01	5.506269e-02	1.502555e+00
5.425397e-01	5.459554e-01	5.066191e-02	1.616285e+00
6.239207e-01	5.854819e-01	4.560103e-02	1.696808e+00
7.175088e-01	6.225279e-01	4.098179e-02	1.762555e+00
8.251351e-01	6.643744e-01	3.654772e-02	1.827360e+00
9.489054e-01	7.269132e-01	3.277000e-02	1.891137e+00
1.091241e+00	7.952699e-01	2.950998e-02	1.953958e+00
1.254927e+00	8.693286e-01	2.662073e-02	2.016106e+00
1.443166e+00	9.452577e-01	2.399679e-02	2.078128e+00
1.659641e+00	1.027946e+00	2.160008e-02	2.140894e+00
1.908588e+00	1.110287e+00	1.944605e-02	2.205656e+00
2.194876e+00	1.193412e+00	1.738020e-02	2.274078e+00
2.524107e+00	1.277309e+00	1.575334e-02	2.348395e+00
2.902723e+00	1.341912e+00	1.408237e-02	2.431396e+00
3.338132e+00	1.409177e+00	1.258722e-02	2.526520e+00
3.838852e+00	1.479648e+00	1.134203e-02	2.637932e+00
4.414679e+00	1.542780e+00	9.940740e-03	2.770565e+00
5.076881e+00	1.601078e+00	9.045347e-03	2.930232e+00
5.838413e+00	1.645363e+00	8.017853e-03	3.123647e+00
6.714175e+00	1.688268e+00	7.148053e-03	3.358514e+00
7.721302e+00	1.720751e+00	6.413789e-03	3.643628e+00
8.879497e+00	1.748549e+00	5.602111e-03	3.989026e+00
1.021142e+01	1.774534e+00	5.035090e-03	4.406241e+00
1.174313e+01	1.785829e+00	4.439592e-03	4.908716e+00
1.350460e+01	1.793082e+00	3.957859e-03	5.512405e+00
1.553030e+01	1.789978e+00	3.532021e-03	6.236620e+00
1.785984e+01	1.778014e+00	3.111525e-03	7.105157e+00
2.053882e+01	1.759805e+00	2.787501e-03	8.147720e+00
2.361964e+01	1.729235e+00	2.465952e-03	9.401748e+00
2.716258e+01	1.692232e+00	2.212131e-03	1.091470e+01
3.123697e+01	1.646639e+00	1.953332e-03	1.274698e+01
3.592252e+01	1.594844e+00	1.740815e-03	1.497554e+01
4.131089e+01	1.535858e+00	1.530588e-03	1.769870e+01
4.750753e+01	1.471404e+00	1.355852e-03	2.104221e+01
5.463366e+01	1.544794e+00	1.209236e-03	2.516514e+01
6.282871e+01	1.431006e+00	1.063559e-03	3.027415e+01
7.225301e+01	1.325012e+00	9.466815e-04	3.665130e+01
8.309096e+01	1.223058e+00	8.295122e-04	4.461734e+01
9.555461e+01	1.125010e+00	7.310857e-04	5.459917e+01
1.098878e+02	1.030748e+00	6.425015e-04	6.715616e+01
1.263710e+02	9.416786e-01	5.681370e-04	8.300852e+01
1.453266e+02	8.582489e-01	5.018779e-04	1.030685e+02
1.671256e+02	7.787022e-01	4.432604e-04	1.285452e+02
1.921945e+02	7.040556e-01	3.926087e-04	1.610760e+02
2.210236e+02	6.362520e-01	3.443204e-04	2.026973e+02
2.541772e+02	5.773001e-01	3.078196e-04	2.557852e+02
2.923037e+02	5.226444e-01	2.703550e-04	3.234724e+02
3.361493e+02	4.721102e-01	2.383074e-04	4.099540e+02
3.865717e+02	4.256005e-01	2.115845e-04	5.206432e+02
4.445574e+02	3.830238e-01	1.823409e-04	6.625251e+02
5.112411e+02	3.443373e-01	1.639830e-04	8.445387e+02
5.879272e+02	3.090421e-01	1.432034e-04	1.078224e+03
6.761163e+02	2.769281e-01	1.260514e-04	1.378664e+03
7.775337e+02	2.480569e-01	1.115699e-04	1.765087e+03
8.941638e+02	2.227017e-01	9.597405e-05	2.261449e+03
1.028288e+03	1.998913e-01	8.513750e-05	2.898130e+03
1.182532e+03	1.793960e-01	7.403570e-05	3.714674e+03
1.359911e+03	1.610709e-01	6.515735e-05	4.761392e+03
1.563898e+03	1.447117e-01	5.738788e-05	6.102315e+03
1.798483e+03	1.301250e-01	4.988501e-05	7.818637e+03
2.068255e+03	1.171437e-01	4.410298e-05	1.001296e+04
2.378493e+03	1.056168e-01	0.000000e+00	1.281463e+04
2.735268e+03	9.538689e-02	0.000000e+00	1.638604e+04
3.145558e+03	8.631476e-02	0.000000e+00	2.092998e+04
3.617391e+03	7.829415e-02	0.000000e+00	2.669855e+04
4.160000e+03	7.121476e-02	0.000000e+00	3.400326e+04
4.784000e+03	6.496839e-02	0.000000e+00	4.322660e+04
5.501600e+03	5.947224e-02	0.000000e+00	5.483486e+04
6.326840e+03	5.465199e-02	0.000000e+00	6.939204e+04
7.275866e+03	5.043016e-02	0.000000e+00	8.757450e+04
8.367246e+03	4.674273e-02	0.000000e+00	1.101860e+05
9.622333e+03	4.354009e-02	0.000000e+00	1.381725e+05
