# Energy_MeV	dEdx_Elec_MeV_um	dEdx_Nucl_MeV_um	Range_um
1.000000e-05	2.307271e-03	3.258952e-02	5.019030e-03
1.150000e-05	2.494962e-03	3.568878e-02	5.382310e-03
1.322500e-05	2.696074e-03	3.918043e-02	5.771885e-03
1.520875e-05	2.911593e-03	4.300055e-02	6.189657e-03
1.749006e-05	3.142574e-03	4.705291e-02	6.637668e-03
2.011357e-05	3.390148e-03	5.162794e-02	7.118106e-03
2.313061e-05	3.655528e-03	5.636380e-02	7.633318e-03
2.660020e-05	3.940010e-03	6.164188e-02	8.185821e-03
3.059023e-05	4.244987e-03	6.724947e-02	8.778315e-03
3.517876e-05	4.571949e-03	7.315287e-02	9.413695e-03
4.045558e-05	4.922496e-03	7.973435e-02	1.009506e-02
4.652391e-05	5.298340e-03	8.654247e-02	1.082575e-02
5.350250e-05	5.701318e-03	9.399567e-02	1.160932e-02
6.152788e-05	6.133399e-03	1.016465e-01	1.244961e-02
7.075706e-05	6.596696e-03	1.100749e-01	1.335072e-02
8.137062e-05	7.093472e-03	1.190423e-01	1.431705e-02
9.357621e-05	7.626154e-03	1.286644e-01	1.535333e-02
1.076126e-04	8.197345e-03	1.386368e-01	1.646461e-02
1.237545e-04	8.809836e-03	1.489105e-01	1.765633e-02
1.423177e-04	9.466619e-03	1.600459e-01	1.893430e-02
1.636654e-04	1.017090e-02	1.716763e-01	2.030478e-02
1.882152e-04	1.092613e-02	1.840767e-01	2.177445e-02
2.164475e-04	1.173599e-02	1.967660e-01	2.335049e-02
2.489146e-04	1.260443e-02	2.100519e-01	2.504061e-02
2.862518e-04	1.353571e-02	2.234789e-01	2.685307e-02
3.291895e-04	1.453437e-02	2.373536e-01	2.879671e-02
3.785680e-04	1.560528e-02	2.514615e-01	3.088103e-02
4.353531e-04	1.675369e-02	2.657817e-01	3.311621e-02
5.006561e-04	1.798520e-02	2.807253e-01	3.551318e-02
5.757545e-04	1.930583e-02	2.944710e-01	3.808365e-02
6.621177e-04	2.072203e-02	3.090873e-01	4.084016e-02
7.614354e-04	2.224071e-02	3.240004e-01	4.379619e-02
8.756507e-04	2.386931e-02	3.379477e-01	4.696618e-02
1.006998e-03	2.561577e-02	3.532048e-01	5.036562e-02
1.158048e-03	2.748862e-02	3.656118e-01	5.401111e-02
1.331755e-03	2.949703e-02	3.790320e-01	5.792046e-02
1.531519e-03	3.165078e-02	3.921720e-01	6.211278e-02
1.761246e-03	3.396042e-02	4.037748e-01	6.660853e-02
2.025433e-03	3.643722e-02	4.163429e-01	7.142969e-02
2.329248e-03	3.909329e-02	4.263887e-01	7.659981e-02
2.678635e-03	4.194159e-02	4.367708e-01	8.214415e-02
3.080431e-03	4.499605e-02	4.457911e-01	8.808979e-02
3.542495e-03	4.827158e-02	4.534565e-01	9.446577e-02
4.073870e-03	5.178419e-02	4.612385e-01	1.012885e-01
4.684950e-03	5.555104e-02	4.671969e-01	1.086391e-01
5.387693e-03	5.959053e-02	4.729169e-01	1.165006e-01
6.195847e-03	6.392239e-02	4.770112e-01	1.249340e-01
7.125224e-03	6.856779e-02	4.807474e-01	1.339763e-01
8.194007e-03	7.354942e-02	4.835832e-01	1.436734e-01
9.423108e-03	7.889162e-02	4.857442e-01	1.540724e-01
1.083657e-02	8.462049e-02	4.865066e-01	1.652240e-01
1.246206e-02	9.076401e-02	4.860890e-01	1.771828e-01
1.433137e-02	9.735220e-02	4.848419e-01	1.900072e-01
1.648108e-02	1.044172e-01	4.824698e-01	2.037598e-01
1.895324e-02	1.119937e-01	4.791499e-01	2.185079e-01
2.179622e-02	1.201185e-01	4.744164e-01	2.343234e-01
2.506566e-02	1.288313e-01	4.684998e-01	2.512836e-01
2.882550e-02	1.381748e-01	4.613377e-01	2.694714e-01
3.314933e-02	1.481946e-01	4.530191e-01	2.889757e-01
3.812173e-02	1.589396e-01	4.434240e-01	3.098918e-01
4.383999e-02	1.704624e-01	4.327360e-01	3.323217e-01
5.041599e-02	1.828192e-01	4.207762e-01	3.563751e-01
5.797838e-02	1.960703e-01	4.085149e-01	3.821694e-01
6.667514e-02	2.102806e-01	3.948409e-01	4.098309e-01
7.667641e-02	2.255195e-01	3.799595e-01	4.394946e-01
8.817787e-02	2.418613e-01	3.650811e-01	4.713052e-01
1.014046e-01	2.593860e-01	3.484531e-01	5.054182e-01
1.166152e-01	2.781791e-01	3.334037e-01	5.420004e-01
1.341075e-01	2.983324e-01	3.167834e-01	5.812306e-01
1.542237e-01	3.199445e-01	2.996434e-01	6.233003e-01
1.773572e-01	3.431209e-01	2.834016e-01	6.684148e-01
2.039608e-01	3.679747e-01	2.655672e-01	7.167947e-01
2.345549e-01	3.946275e-01	2.498365e-01	7.686765e-01
2.697381e-01	4.232095e-01	2.332105e-01	8.243130e-01
3.101989e-01	4.538602e-01	2.174652e-01	8.839818e-01
3.567287e-01	4.867295e-01	2.029328e-01	9.479446e-01
4.102380e-01	5.219795e-01	1.875990e-01	1.016724e+00
4.717737e-01	5.597816e-01	1.741527e-01	1.091169e+00
5.425397e-01	6.003198e-01	1.606209e-01	1.171788e+00
6.239207e-01	6.437921e-01	1.486257e-01	1.259178e+00
7.175088e-01	6.904111e-01	1.365739e-01	1.353994e+00
8.251351e-01	7.404044e-01	1.259304e-01	1.457000e+00
9.489054e-01	7.913184e-01	1.161114e-01	1.569079e+00
1.091241e+00	8.389834e-01	1.078224e-01	1.691274e+00
1.254927e+00	9.057319e-01	9.910488e-02	1.755987e+00
1.443166e+00	9.913712e-01	8.907973e-02	1.787410e+00
1.659641e+00	1.083719e+00	7.971773e-02	1.816862e+00
1.908588e+00	1.186957e+00	7.079915e-02	1.844852e+00
2.194876e+00	1.299126e+00	6.394242e-02	1.872175e+00
2.524107e+00	1.421357e+00	5.743114e-02	1.899860e+00
2.902723e+00	1.557977e+00	5.191582e-02	1.929194e+00
3.338132e+00	1.698551e+00	4.677224e-02	1.961774e+00
3.838852e+00	1.846963e+00	4.204596e-02	1.999541e+00
4.414679e+00	1.991707e+00	3.791851e-02	2.044812e+00
5.076881e+00	2.148208e+00	3.379062e-02	2.100305e+00
5.838413e+00	2.320705e+00	3.068749e-02	2.169170e+00
6.714175e+00	2.467421e+00	2.751312e-02	2.254979e+00
7.721302e+00	2.615021e+00	2.453952e-02	2.361788e+00
8.879497e+00	2.752496e+00	2.204284e-02	2.494106e+00
1.021142e+01	2.871369e+00	1.940509e-02	2.656918e+00
1.174313e+01	2.991176e+00	1.759799e-02	2.855720e+00
1.350460e+01	3.096850e+00	1.567440e-02	3.096586e+00
1.553030e+01	3.197664e+00	1.392923e-02	3.386352e+00
1.785984e+01	3.288630e+00	1.245649e-02	3.732846e+00
2.053882e+01	3.356644e+00	1.092896e-02	4.145279e+00
2.361964e+01	3.419969e+00	9.795372e-03	4.634748e+00
2.716258e+01	3.460252e+00	8.657526e-03	5.214874e+00
3.123697e+01	3.486180e+00	7.687873e-03	5.902581e+00
3.592252e+01	3.496498e+00	6.875325e-03	6.719049e+00
4.131089e+01	3.473759e+00	6.068410e-03	7.690869e+00
4.750753e+01	3.441365e+00	5.420531e-03	8.851494e+00
5.463366e+01	3.399723e+00	4.805224e-03	1.024309e+01
6.282871e+01	3.340459e+00	4.296534e-03	1.191865e+01
7.225301e+01	3.263703e+00	3.814586e-03	1.394577e+01
8.309096e+01	3.645359e+00	3.385136e-03	1.640654e+01
9.555461e+01	3.433536e+00	2.963311e-03	1.941640e+01
1.098878e+02	3.225295e+00	2.639622e-03	2.311431e+01
1.263710e+02	3.018195e+00	2.345406e-03	2.766225e+01
1.453266e+02	2.812691e+00	2.076602e-03	3.328163e+01
1.671256e+02	2.612033e+00	1.840215e-03	4.025829e+01
1.921945e+02	2.419527e+00	1.605078e-03	4.895146e+01
2.210236e+02	2.233087e+00	1.423456e-03	5.982260e+01
2.541772e+02	2.051738e+00	1.246306e-03	7.349941e+01
2.923037e+02	1.879858e+00	1.105630e-03	9.080411e+01
3.361493e+02	1.727358e+00	9.772263e-04	1.126965e+02
3.865717e+02	1.586900e+00	8.606200e-04	1.403420e+02
4.445574e+02	1.453358e+00	7.641993e-04	1.753503e+02
5.112411e+02	1.326878e+00	6.668968e-04	2.198250e+02
5.879272e+02	1.208059e+00	5.985302e-04	2.764897e+02
6.761163e+02	1.097191e+00	5.282322e-04	3.488490e+02
7.775337e+02	9.944169e-01	4.638894e-04	4.414073e+02
8.941638e+02	8.983621e-01	4.102519e-04	5.600509e+02
1.028288e+03	8.101463e-01	3.553171e-04	7.124223e+02
1.182532e+03	7.303755e-01	3.184675e-04	9.081453e+02
1.359911e+03	6.584879e-01	2.797546e-04	1.159248e+03
1.563898e+03	5.930029e-01	2.452986e-04	1.481296e+03
1.798483e+03	5.338508e-01	2.162300e-04	1.894366e+03
2.068255e+03	4.807076e-01	1.870304e-04	2.423949e+03
2.378493e+03	4.328987e-01	1.653561e-04	3.102445e+03
2.735268e+03	3.899305e-01	1.442014e-04	3.970850e+03
3.145558e+03	3.516278e-01	1.263102e-04	5.080881e+03
3.617391e+03	3.175885e-01	1.115505e-04	6.497602e+03
4.160000e+03	2.872592e-01	9.717890e-05	8.302431e+03
4.784000e+03	2.603320e-01	8.561082e-05	1.059681e+04
5.501600e+03	2.365560e-01	7.498810e-05	1.350647e+04
6.326840e+03	2.155482e-01	6.614494e-05	1.718629e+04
7.275866e+03	1.970058e-01	5.796355e-05	2.182577e+04
8.367246e+03	1.807335e-01	5.078219e-05	2.765507e+04
9.622333e+03	1.664781e-01	0.000000e+00	3.495147e+04
