# Energy_MeV	dEdx_Elec_MeV_um	dEdx_Nucl_MeV_um	Range_um
1.000000e-05	2.113883e-03	2.606819e-02	8.045737e-03
1.150000e-05	2.277719e-03	2.839304e-02	8.628092e-03
1.322500e-05	2.453364e-03	3.087629e-02	9.252598e-03
1.520875e-05	2.641676e-03	3.356744e-02	9.922306e-03
1.749006e-05	2.843577e-03	3.630681e-02	1.064049e-02
2.011357e-05	3.060053e-03	3.934693e-02	1.141065e-02
2.313061e-05	3.292161e-03	4.263676e-02	1.223656e-02
2.660020e-05	3.541037e-03	4.595893e-02	1.312225e-02
3.059023e-05	3.807896e-03	4.977942e-02	1.407204e-02
3.517876e-05	4.094043e-03	5.335196e-02	1.509059e-02
4.045558e-05	4.400874e-03	5.742847e-02	1.618285e-02
4.652391e-05	4.729890e-03	6.172567e-02	1.735418e-02
5.350250e-05	5.082698e-03	6.600260e-02	1.861028e-02
6.152788e-05	5.461022e-03	7.089943e-02	1.995730e-02
7.075706e-05	5.866709e-03	7.551143e-02	2.140182e-02
8.137062e-05	6.301743e-03	8.056975e-02	2.295090e-02
9.357621e-05	6.768248e-03	8.563195e-02	2.461209e-02
1.076126e-04	7.268504e-03	9.074149e-02	2.639353e-02
1.237545e-04	7.804954e-03	9.628204e-02	2.830391e-02
1.423177e-04	8.380220e-03	1.014407e-01	3.035256e-02
1.636654e-04	8.997111e-03	1.068837e-01	3.254950e-02
1.882152e-04	9.658642e-03	1.120363e-01	3.490544e-02
2.164475e-04	1.036804e-02	1.176718e-01	3.743192e-02
2.489146e-04	1.112878e-02	1.228894e-01	4.014126e-02
2.862518e-04	1.194458e-02	1.283239e-01	4.304671e-02
3.291895e-04	1.281941e-02	1.335044e-01	4.616245e-02
3.785680e-04	1.375755e-02	1.382498e-01	4.950371e-02
4.353531e-04	1.476359e-02	1.433568e-01	5.308682e-02
5.006561e-04	1.584244e-02	1.477755e-01	5.692927e-02
5.757545e-04	1.699937e-02	1.523206e-01	6.104984e-02
6.621177e-04	1.824004e-02	1.565627e-01	6.546866e-02
7.614354e-04	1.957050e-02	1.604595e-01	7.020732e-02
8.756507e-04	2.099726e-02	1.639653e-01	7.528896e-02
1.006998e-03	2.252727e-02	1.670851e-01	8.073841e-02
1.158048e-03	2.416803e-02	1.699907e-01	8.658230e-02
1.331755e-03	2.592755e-02	1.725124e-01	9.284918e-02
1.531519e-03	2.781441e-02	1.748223e-01	9.956965e-02
1.761246e-03	2.983784e-02	1.764915e-01	1.067766e-01
2.025433e-03	3.200773e-02	1.780894e-01	1.145051e-01
2.329248e-03	3.433467e-02	1.793799e-01	1.227309e-01
2.678635e-03	3.683003e-02	1.800967e-01	1.316690e-01
3.080431e-03	3.950600e-02	1.808955e-01	1.412154e-01
3.542495e-03	4.237567e-02	1.807483e-01	1.514367e-01
4.073870e-03	4.545303e-02	1.805538e-01	1.623971e-01
4.684950e-03	4.875314e-02	1.799032e-01	1.741514e-01
5.387693e-03	5.229210e-02	1.787306e-01	1.867563e-01
6.195847e-03	5.608722e-02	1.773670e-01	2.002735e-01
7.125224e-03	6.015703e-02	1.753047e-01	2.147692e-01
8.194007e-03	6.452141e-02	1.729132e-01	2.303141e-01
9.423108e-03	6.920169e-02	1.700224e-01	2.469841e-01
1.083657e-02	7.422072e-02	1.667099e-01	2.648606e-01
1.246206e-02	7.960304e-02	1.629091e-01	2.840311e-01
1.433137e-02	8.537493e-02	1.587661e-01	3.045893e-01
1.648108e-02	9.156459e-02	1.542537e-01	3.266354e-01
1.895324e-02	9.820225e-02	1.494675e-01	3.502772e-01
2.179622e-02	1.053204e-01	1.441003e-01	3.756301e-01
2.506566e-02	1.129537e-01	1.386884e-01	4.028182e-01
2.882550e-02	1.211395e-01	1.327946e-01	4.319742e-01
3.314933e-02	1.299178e-01	1.269459e-01	4.632405e-01
3.812173e-02	1.393315e-01	1.210625e-01	4.967697e-01
4.383999e-02	1.494266e-01	1.146399e-01	5.327258e-01
5.041599e-02	1.602523e-01	1.086506e-01	5.712847e-01
5.797838e-02	1.718616e-01	1.022296e-01	6.126345e-01
6.667514e-02	1.843112e-01	9.601731e-02	6.569770e-01
7.667641e-02	1.976619e-01	8.983066e-02	7.045289e-01
8.817787e-02	2.119790e-01	8.394832e-02	7.555228e-01
1.014046e-01	2.273323e-01	7.832301e-02	8.102079e-01
1.166152e-01	2.437969e-01	7.271366e-02	8.688510e-01
1.341075e-01	2.614532e-01	6.745753e-02	9.317383e-01
1.542237e-01	2.803875e-01	6.220815e-02	9.991780e-01
1.773572e-01	3.006923e-01	5.773321e-02	1.071499e+00
2.039608e-01	3.224667e-01	5.300495e-02	1.149046e+00
2.345549e-01	3.458177e-01	4.866908e-02	1.232284e+00
2.697381e-01	3.708596e-01	4.534135e-02	1.322246e+00
3.101989e-01	3.977141e-01	4.152508e-02	1.419676e+00
3.567287e-01	4.265122e-01	3.849779e-02	1.525258e+00
4.102380e-01	4.573948e-01	3.501641e-02	1.639775e+00
4.717737e-01	4.905109e-01	3.130024e-02	1.738782e+00
5.425397e-01	5.260221e-01	2.827168e-02	1.818235e+00
6.239207e-01	5.568683e-01	2.492150e-02	1.897560e+00
7.175088e-01	5.954932e-01	2.268750e-02	1.976492e+00
8.251351e-01	6.495498e-01	2.034275e-02	2.054901e+00
9.489054e-01	7.062939e-01	1.839326e-02	2.132848e+00
1.091241e+00	7.683671e-01	1.659908e-02	2.210647e+00
1.254927e+00	8.269739e-01	1.482835e-02	2.288909e+00
1.443166e+00	8.891424e-01	1.341295e-02	2.368662e+00
1.659641e+00	9.503239e-01	1.201642e-02	2.451403e+00
1.908588e+00	1.006293e+00	1.087281e-02	2.539173e+00
2.194876e+00	1.062689e+00	9.679399e-03	2.634662e+00
2.524107e+00	1.101067e+00	8.721737e-03	2.741287e+00
2.902723e+00	1.142852e+00	7.742221e-03	2.863299e+00
3.338132e+00	1.187280e+00	6.922165e-03	3.005869e+00
3.838852e+00	1.221861e+00	6.217918e-03	3.175192e+00
4.414679e+00	1.254343e+00	5.500788e-03	3.378586e+00
5.076881e+00	1.277045e+00	4.942778e-03	3.624613e+00
5.838413e+00	1.296457e+00	4.365269e-03	3.923195e+00
6.714175e+00	1.310628e+00	3.874894e-03	4.285803e+00
7.721302e+00	1.318913e+00	3.433592e-03	4.725701e+00
8.879497e+00	1.324659e+00	3.051115e-03	5.258352e+00
1.021142e+01	1.321514e+00	2.717823e-03	5.902015e+00
1.174313e+01	1.312998e+00	2.410827e-03	6.678631e+00
1.350460e+01	1.298475e+00	2.148727e-03	7.615030e+00
1.553030e+01	1.276378e+00	1.900432e-03	8.744537e+00
1.785984e+01	1.249376e+00	1.704949e-03	1.010906e+01
2.053882e+01	1.215496e+00	1.505240e-03	1.176175e+01
2.361964e+01	1.177399e+00	1.335714e-03	1.377043e+01
2.716258e+01	1.134250e+00	1.191961e-03	1.622192e+01
3.123697e+01	1.086395e+00	1.035199e-03	1.922756e+01
3.592252e+01	1.033532e+00	9.349476e-04	2.293027e+01
4.131089e+01	9.781276e-01	8.196588e-04	2.751433e+01
4.750753e+01	9.915785e-01	7.272594e-04	3.321167e+01
5.463366e+01	9.132746e-01	6.471448e-04	4.033229e+01
6.282871e+01	8.403122e-01	5.607753e-04	4.928559e+01
7.225301e+01	7.706880e-01	5.001060e-04	6.054445e+01
8.309096e+01	7.043632e-01	4.380183e-04	7.474712e+01
9.555461e+01	6.414323e-01	3.886088e-04	9.272378e+01
1.098878e+02	5.826693e-01	3.440356e-04	1.155373e+02
1.263710e+02	5.281864e-01	3.014770e-04	1.445411e+02
1.453266e+02	4.763946e-01	2.681596e-04	1.815424e+02
1.671256e+02	4.285931e-01	2.363240e-04	2.289635e+02
1.921945e+02	3.861654e-01	2.105829e-04	2.897600e+02
2.210236e+02	3.489141e-01	1.842899e-04	3.674177e+02
2.541772e+02	3.146848e-01	1.639432e-04	4.666156e+02
2.923037e+02	2.833130e-01	1.429324e-04	5.935322e+02
3.361493e+02	2.546808e-01	1.262439e-04	7.561321e+02
3.865717e+02	2.286728e-01	1.118105e-04	9.646663e+02
4.445574e+02	2.051889e-01	9.744257e-05	1.232246e+03
5.112411e+02	1.838141e-01	8.658584e-05	1.575851e+03
5.879272e+02	1.645115e-01	7.520012e-05	2.017621e+03
6.761163e+02	1.472777e-01	6.595296e-05	2.585619e+03
7.775337e+02	1.321357e-01	5.760333e-05	3.314784e+03
8.941638e+02	1.185344e-01	5.050630e-05	4.249770e+03
1.028288e+03	1.063513e-01	4.438479e-05	5.448588e+03
1.182532e+03	9.547368e-02	0.000000e+00	6.984908e+03
1.359911e+03	8.577226e-02	0.000000e+00	8.952509e+03
1.563898e+03	7.713349e-02	0.000000e+00	1.147023e+04
1.798483e+03	6.945347e-02	0.000000e+00	1.468818e+04
2.068255e+03	6.263518e-02	0.000000e+00	1.879551e+04
2.378493e+03	5.658463e-02	0.000000e+00	2.402940e+04
2.735268e+03	5.122233e-02	0.000000e+00	3.068585e+04
3.145558e+03	4.648351e-02	0.000000e+00	3.913236e+04
3.617391e+03	4.230037e-02	0.000000e+00	4.982259e+04
4.160000e+03	3.861045e-02	0.000000e+00	6.331276e+04
4.784000e+03	3.536498e-02	0.000000e+00	8.028002e+04
5.501600e+03	3.251901e-02	0.000000e+00	1.015421e+05
6.326840e+03	3.002871e-02	0.000000e+00	1.280779e+05
7.275866e+03	2.785726e-02	0.000000e+00	1.610489e+05
8.367246e+03	2.597320e-02	0.000000e+00	2.018194e+05
9.622333e+03	2.434529e-02	0.000000e+00	2.519757e+05
