# Energy_MeV	dEdx_Elec_MeV_um	dEdx_Nucl_MeV_um	Range_um
1.000000e-05	2.193753e-03	3.191472e-02	5.591594e-03
1.150000e-05	2.369766e-03	3.503556e-02	5.996317e-03
1.322500e-05	2.558398e-03	3.846237e-02	6.430333e-03
1.520875e-05	2.760574e-03	4.207702e-02	6.895764e-03
1.749006e-05	2.977283e-03	4.616605e-02	7.394883e-03
2.011357e-05	3.209585e-03	5.039540e-02	7.930129e-03
2.313061e-05	3.458617e-03	5.509866e-02	8.504115e-03
2.660020e-05	3.725596e-03	6.011498e-02	9.119648e-03
3.059023e-05	4.011828e-03	6.538794e-02	9.779733e-03
3.517876e-05	4.318711e-03	7.127460e-02	1.048760e-02
4.045558e-05	4.647746e-03	7.735064e-02	1.124669e-02
4.652391e-05	5.000541e-03	8.396911e-02	1.206073e-02
5.350250e-05	5.378820e-03	9.083181e-02	1.293370e-02
6.152788e-05	5.784430e-03	9.835977e-02	1.386984e-02
7.075706e-05	6.219355e-03	1.063401e-01	1.487375e-02
8.137062e-05	6.685719e-03	1.149709e-01	1.595032e-02
9.357621e-05	7.185801e-03	1.237935e-01	1.710481e-02
1.076126e-04	7.722044e-03	1.330088e-01	1.834287e-02
1.237545e-04	8.297068e-03	1.429418e-01	1.967054e-02
1.423177e-04	8.913682e-03	1.532781e-01	2.109430e-02
1.636654e-04	9.574899e-03	1.644009e-01	2.262112e-02
1.882152e-04	1.028395e-02	1.756299e-01	2.425844e-02
2.164475e-04	1.104430e-02	1.875471e-01	2.601428e-02
2.489146e-04	1.185966e-02	1.994561e-01	2.789721e-02
2.862518e-04	1.273401e-02	2.117544e-01	2.991643e-02
3.291895e-04	1.367164e-02	2.244089e-01	3.208179e-02
3.785680e-04	1.467711e-02	2.370701e-01	3.440389e-02
4.353531e-04	1.575534e-02	2.504741e-01	3.689406e-02
5.006561e-04	1.691159e-02	2.625680e-01	3.956447e-02
5.757545e-04	1.815153e-02	2.755686e-01	4.242817e-02
6.621177e-04	1.948119e-02	2.889233e-01	4.549914e-02
7.614354e-04	2.090709e-02	3.012672e-01	4.879240e-02
8.756507e-04	2.243618e-02	3.148142e-01	5.232402e-02
1.006998e-03	2.407594e-02	3.257523e-01	5.611126e-02
1.158048e-03	2.583438e-02	3.376507e-01	6.017262e-02
1.331755e-03	2.772008e-02	3.492933e-01	6.452794e-02
1.531519e-03	2.974226e-02	3.596465e-01	6.919851e-02
1.761246e-03	3.191080e-02	3.707750e-01	7.420714e-02
2.025433e-03	3.423629e-02	3.796476e-01	7.957829e-02
2.329248e-03	3.673010e-02	3.887550e-01	8.533821e-02
2.678635e-03	3.940440e-02	3.967423e-01	9.151503e-02
3.080431e-03	4.227226e-02	4.035414e-01	9.813894e-02
3.542495e-03	4.534770e-02	4.103946e-01	1.052423e-01
4.073870e-03	4.864573e-02	4.156784e-01	1.128424e-01
4.684950e-03	5.218247e-02	4.206195e-01	1.210325e-01
5.387693e-03	5.597520e-02	4.242913e-01	1.297908e-01
6.195847e-03	6.004244e-02	4.275640e-01	1.391863e-01
7.125224e-03	6.440406e-02	4.299970e-01	1.492601e-01
8.194007e-03	6.908138e-02	4.319345e-01	1.600634e-01
9.423108e-03	7.409725e-02	4.324577e-01	1.716487e-01
1.083657e-02	7.947616e-02	4.320823e-01	1.840725e-01
1.246206e-02	8.524439e-02	4.309053e-01	1.973956e-01
1.433137e-02	9.143013e-02	4.287130e-01	2.116829e-01
1.648108e-02	9.806360e-02	4.257344e-01	2.270044e-01
1.895324e-02	1.051772e-01	4.214151e-01	2.434349e-01
2.179622e-02	1.128057e-01	4.161074e-01	2.610547e-01
2.506566e-02	1.209863e-01	4.096576e-01	2.799497e-01
2.882550e-02	1.297591e-01	4.021965e-01	3.002123e-01
3.314933e-02	1.391668e-01	3.935894e-01	3.219416e-01
3.812173e-02	1.492554e-01	3.840390e-01	3.452438e-01
4.383999e-02	1.600743e-01	3.733109e-01	3.702325e-01
5.041599e-02	1.716763e-01	3.624076e-01	3.970298e-01
5.797838e-02	1.841180e-01	3.501936e-01	4.257667e-01
6.667514e-02	1.974602e-01	3.369532e-01	4.565838e-01
7.667641e-02	2.117682e-01	3.236236e-01	4.896315e-01
8.817787e-02	2.271118e-01	3.087995e-01	5.250710e-01
1.014046e-01	2.435659e-01	2.954647e-01	5.630756e-01
1.166152e-01	2.612110e-01	2.806765e-01	6.038310e-01
1.341075e-01	2.801333e-01	2.654989e-01	6.475365e-01
1.542237e-01	3.004252e-01	2.509311e-01	6.944055e-01
1.773572e-01	3.221858e-01	2.351745e-01	7.446666e-01
2.039608e-01	3.455214e-01	2.211279e-01	7.985656e-01
2.345549e-01	3.705462e-01	2.064590e-01	8.563659e-01
2.697381e-01	3.973822e-01	1.924786e-01	9.183494e-01
3.101989e-01	4.261606e-01	1.795373e-01	9.848251e-01
3.567287e-01	4.570220e-01	1.660462e-01	1.056085e+00
4.102380e-01	4.901186e-01	1.539857e-01	1.132709e+00
4.717737e-01	5.256113e-01	1.421432e-01	1.215642e+00
5.425397e-01	5.636729e-01	1.313847e-01	1.305453e+00
6.239207e-01	6.044894e-01	1.207042e-01	1.402808e+00
7.175088e-01	6.482603e-01	1.114250e-01	1.508435e+00
8.251351e-01	6.951994e-01	1.026195e-01	1.623185e+00
9.489054e-01	7.431274e-01	9.537933e-02	1.748041e+00
1.091241e+00	7.882553e-01	8.755936e-02	1.848363e+00
1.254927e+00	8.516820e-01	7.856639e-02	1.892821e+00
1.443166e+00	9.333521e-01	7.039130e-02	1.935104e+00
1.659641e+00	1.021045e+00	6.239307e-02	1.975469e+00
1.908588e+00	1.118795e+00	5.649352e-02	2.014533e+00
2.194876e+00	1.224269e+00	5.065347e-02	2.053072e+00
2.524107e+00	1.338503e+00	4.583305e-02	2.092158e+00
2.902723e+00	1.465695e+00	4.132546e-02	2.133192e+00
3.338132e+00	1.593238e+00	3.708637e-02	2.177950e+00
3.838852e+00	1.725671e+00	3.348706e-02	2.228624e+00
4.414679e+00	1.849702e+00	2.979240e-02	2.287863e+00
5.076881e+00	1.982944e+00	2.710128e-02	2.358819e+00
5.838413e+00	2.129235e+00	2.429562e-02	2.445133e+00
6.714175e+00	2.248569e+00	2.168129e-02	2.551073e+00
7.721302e+00	2.367880e+00	1.944213e-02	2.681442e+00
8.879497e+00	2.477226e+00	1.714444e-02	2.841650e+00
1.021142e+01	2.570222e+00	1.553381e-02	3.037735e+00
1.174313e+01	2.662913e+00	1.383736e-02	3.276399e+00
1.350460e+01	2.742517e+00	1.230389e-02	3.565141e+00
1.553030e+01	2.816884e+00	1.098307e-02	3.912423e+00
1.785984e+01	2.881337e+00	9.654710e-03	4.328002e+00
2.053882e+01	2.925439e+00	8.637995e-03	4.823416e+00
2.361964e+01	2.964017e+00	7.642944e-03	5.412591e+00
2.716258e+01	2.982331e+00	6.784668e-03	6.112662e+00
3.123697e+01	2.988076e+00	6.064730e-03	6.944957e+00
3.592252e+01	2.979784e+00	5.359889e-03	7.936217e+00
4.131089e+01	2.946436e+00	4.778809e-03	9.120103e+00
4.750753e+01	2.903822e+00	4.244490e-03	1.053907e+01
5.463366e+01	2.852356e+00	3.788265e-03	1.224680e+01
6.282871e+01	2.787055e+00	3.363114e-03	1.431097e+01
7.225301e+01	2.707251e+00	2.986758e-03	1.681811e+01
8.309096e+01	3.001117e+00	2.608447e-03	1.987389e+01
9.555461e+01	2.815043e+00	2.330828e-03	2.362635e+01
1.098878e+02	2.633892e+00	2.066963e-03	2.825507e+01
1.263710e+02	2.455298e+00	1.830413e-03	3.397068e+01
1.453266e+02	2.279428e+00	1.623342e-03	4.106055e+01
1.671256e+02	2.108799e+00	1.412462e-03	4.989629e+01
1.921945e+02	1.945965e+00	1.255920e-03	6.094641e+01
2.210236e+02	1.789408e+00	1.097531e-03	7.481349e+01
2.541772e+02	1.637669e+00	9.746658e-04	9.231648e+01
2.923037e+02	1.494710e+00	8.624750e-04	1.145298e+02
3.361493e+02	1.368213e+00	7.578903e-04	1.427146e+02
3.865717e+02	1.252228e+00	6.741392e-04	1.784033e+02
4.445574e+02	1.142712e+00	5.880930e-04	2.237073e+02
5.112411e+02	1.039702e+00	5.280467e-04	2.813848e+02
5.879272e+02	9.435492e-01	4.660034e-04	3.550060e+02
6.761163e+02	8.543974e-01	4.095171e-04	4.491637e+02
7.775337e+02	7.722730e-01	3.614129e-04	5.697576e+02
8.941638e+02	6.959247e-01	3.138961e-04	7.244905e+02
1.028288e+03	6.262063e-01	2.808480e-04	9.233577e+02
1.182532e+03	5.635068e-01	2.467513e-04	1.178941e+03
1.359911e+03	5.072922e-01	2.165098e-04	1.506957e+03
1.563898e+03	4.562675e-01	1.904400e-04	1.927727e+03
1.798483e+03	4.102924e-01	1.651026e-04	2.467453e+03
2.068255e+03	3.690770e-01	1.456631e-04	3.159396e+03
2.378493e+03	3.321123e-01	1.271971e-04	4.045828e+03
2.735268e+03	2.989950e-01	1.113653e-04	5.180237e+03
3.145558e+03	2.695082e-01	9.830310e-05	6.630106e+03
3.617391e+03	2.433215e-01	8.576926e-05	8.480341e+03
4.160000e+03	2.200269e-01	7.539400e-05	1.083721e+04
4.784000e+03	1.993670e-01	6.618953e-05	1.383316e+04
5.501600e+03	1.811267e-01	5.825852e-05	1.763231e+04
6.326840e+03	1.650183e-01	5.104873e-05	2.243692e+04
7.275866e+03	1.508085e-01	0.000000e+00	2.849444e+04
8.367246e+03	1.383357e-01	0.000000e+00	3.610543e+04
9.622333e+03	1.274078e-01	0.000000e+00	4.563201e+04
